0 0.47772916666666665 0.5986074074074074 0.9554583333333333 0.8027703703703704
1 0.033550260416666665 0.9575597222222223 0.057725520833333335 0.08548981481481481
0 0.62846015625 0.8112416666666666 0.03296197916666667 0.016927777777777778
0 0.5016736979166666 0.4431773148148148 0.03147239583333333 0.023391666666666668
0 0.56148046875 0.9292060185185186 0.006294270833333334 0.012115740740740741
0 0.34448697916666665 0.7819236111111111 0.026473958333333332 0.06014351851851852
0 0.2999890625 0.8165106481481481 0.022894791666666667 0.03302129629629629
0 0.39054765625 0.9222203703703704 0.043595312500000004 0.053700000000000005
0 0.48537005208333334 0.584224537037037 0.0165734375 0.033263888888888885
0 0.39561328125 0.8856634259259258 0.005809895833333333 0.012067592592592592
0 0.44583697916666665 0.538312037037037 0.011465625 0.009957407407407406
0 0.44396901041666664 0.5385305555555556 0.006688020833333333 0.008542592592592593
0 0.46408463541666667 0.6758523148148148 0.009419270833333333 0.01281574074074074
0 0.4495192708333333 0.6531990740740741 0.009455208333333333 0.013805555555555555
0 0.44458515625 0.7013796296296296 0.010003645833333333 0.017574074074074075
0 0.43197135416666665 0.8080226851851852 0.010817708333333334 0.01604537037037037
0 0.43877890625 0.7550680555555555 0.006724479166666667 0.0064324074074074075
0 0.4825744791666667 0.6519078703703705 0.004732291666666667 0.009371296296296296
0 0.321965625 0.6573412037037036 0.0043479166666666675 0.01838611111111111
0 0.2778552083333333 0.5861175925925926 0.002585416666666667 0.018531481481481482
0 0.4364578125 0.9352638888888889 0.007290624999999999 0.027935185185185188
0 0.3665205729166667 0.9729652777777777 0.017416145833333334 0.05333796296296296
0 0.51048828125 0.2606453703703704 0.0147265625 0.037957407407407405
0 0.4232481770833333 0.22391018518518518 0.020454687500000002 0.027450000000000002
0 0.42348854166666666 0.2894171296296296 0.044893749999999996 0.025130555555555555
0 0.4409393229166667 0.26612175925925924 0.010003645833333333 0.017428703703703703
0 0.4323046875 0.2806254629629629 0.009401041666666667 0.039028703703703704
0 0.44599765625000004 0.2334125 0.009703645833333333 0.024232407407407407
0 0.6013559895833333 0.2748615740740741 0.008961979166666667 0.01083425925925926
0 0.3720291666666667 0.3287009259259259 0.003433333333333333 0.03517962962962963
0 0.4059802083333333 0.47361805555555553 0.0036270833333333337 0.013902777777777778
0 0.23330989583333334 0.36348888888888886 0.009328125 0.025125925925925927
0 0.18403671875 0.35104537037037037 0.007656770833333334 0.02246111111111111
0 0.12679973958333332 0.4236912037037037 0.006724479166666667 0.012197222222222222
0 0.3247390625 0.46490324074074074 0.005728125 0.00758425925925926
0 0.05108671875 0.2977162037037037 0.004256770833333334 0.01765462962962963
0 0.07866822916666667 0.33104212962962964 0.0042114583333333335 0.010232407407407407
0 0.22349166666666667 0.7194759259259259 0.004275 0.013025925925925925
0 0.15885364583333333 0.7685824074074074 0.0052072916666666665 0.009387037037037037
0 0.1216859375 0.8884722222222222 0.018371875 0.03064814814814815
0 0.08125859375000001 0.8624347222222222 0.005225520833333333 0.01005462962962963
0 0.322696875 0.7485782407407408 0.00476875 0.010119444444444445
0 0.2958283854166667 0.6880421296296296 0.006240104166666666 0.01867685185185185
0 0.3140393229166667 0.7570245370370371 0.0072453125 0.008493518518518518
0 0.36881302083333334 0.8657314814814815 0.0074177083333333334 0.014796296296296297
0 0.3620104166666666 0.8898300925925925 0.0063124999999999995 0.009289814814814815
0 0.34923203124999996 0.8657319444444445 0.005755729166666667 0.009241666666666667
0 0.34378984375 0.8194430555555556 0.014663020833333333 0.020367592592592593
0 0.5229166666666667 0.5990740740740741 0.953125 0.8
1 0.9692708333333333 0.9490740740740741 0.06041666666666667 0.1
0 0.37473958333333335 0.8152777777777778 0.0328125 0.017592592592592594
0 0.4979166666666667 0.44351851851851853 0.03125 0.024074074074074074
0 0.4427083333333333 0.9310185185185185 0.00625 0.012037037037037037
0 0.6583333333333333 0.7773148148148148 0.026041666666666668 0.06018518518518518
0 0.703125 0.8101851851851852 0.022916666666666665 0.03333333333333333
0 0.6138020833333333 0.9189814814814815 0.043229166666666666 0.05462962962962963
0 0.515625 0.5833333333333334 0.016666666666666666 0.03333333333333333
0 0.6080729166666666 0.8819444444444444 0.005729166666666666 0.012037037037037037
0 0.5546875 0.5365740740740741 0.011458333333333333 0.010185185185185186
0 0.5565104166666667 0.5365740740740741 0.0067708333333333336 0.008333333333333333
0 0.5375 0.675 0.009375 0.012962962962962963
0 0.5520833333333334 0.6513888888888889 0.009375 0.013888888888888888
0 0.5575520833333333 0.6995370370370371 0.009895833333333333 0.017592592592592594
0 0.57109375 0.8060185185185185 0.0109375 0.01574074074074074
0 0.5638020833333334 0.7532407407407408 0.0067708333333333336 0.006481481481481481
0 0.5190104166666667 0.6509259259259259 0.0046875 0.009259259259259259
0 0.6796875 0.6518518518518519 0.004166666666666667 0.018518518518518517
0 0.7231770833333333 0.5796296296296296 0.0026041666666666665 0.018518518518518517
0 0.5677083333333334 0.9333333333333333 0.007291666666666667 0.027777777777777776
0 0.6385416666666667 0.9708333333333333 0.01875 0.05648148148148148
0 0.4869791666666667 0.26064814814814813 0.014583333333333334 0.03796296296296296
0 0.57421875 0.2212962962962963 0.0203125 0.027777777777777776
0 0.5744791666666667 0.28703703703703703 0.04479166666666667 0.025925925925925925
0 0.5565104166666667 0.26435185185185184 0.009895833333333333 0.017592592592592594
0 0.565625 0.27870370370370373 0.009375 0.03888888888888889
0 0.5513020833333333 0.23148148148148148 0.009895833333333333 0.024074074074074074
0 0.3966145833333333 0.2777777777777778 0.008854166666666666 0.011111111111111112
0 0.6260416666666667 0.325 0.003125 0.03518518518518519
0 0.5934895833333333 0.4708333333333333 0.0036458333333333334 0.013888888888888888
0 0.765625 0.35509259259259257 0.009375 0.025
0 0.8143229166666667 0.3416666666666667 0.0078125 0.022222222222222223
0 0.8721354166666667 0.4125 0.0067708333333333336 0.012037037037037037
0 0.6747395833333333 0.45925925925925926 0.005729166666666666 0.007407407407407408
0 0.946875 0.28379629629629627 0.004166666666666667 0.017592592592592594
0 0.9197916666666667 0.31805555555555554 0.004166666666666667 0.010185185185185186
0 0.7786458333333334 0.7111111111111111 0.004166666666666667 0.012962962962962963
0 0.84375 0.7583333333333333 0.005208333333333333 0.009259259259259259
0 0.88203125 0.8763888888888889 0.018229166666666668 0.030555555555555555
0 0.9223958333333333 0.8495370370370371 0.005208333333333333 0.010185185185185186
0 0.6799479166666667 0.7430555555555556 0.0046875 0.010185185185185186
0 0.7057291666666666 0.6814814814814815 0.00625 0.018518518518518517
0 0.6885416666666667 0.7513888888888889 0.007291666666666667 0.008333333333333333
0 0.6348958333333333 0.862037037037037 0.007291666666666667 0.014814814814814815
0 0.6416666666666667 0.8851851851851852 0.00625 0.009259259259259259
0 0.6544270833333333 0.8611111111111112 0.005729166666666666 0.009259259259259259
0 0.659375 0.8148148148148148 0.014583333333333334 0.020370370370370372
0 0.5157692708333333 0.4276083333333333 0.9679968750000001 0.8552166666666666
0 0.3486677083333333 0.22262222222222222 0.03379375 0.013762962962962963
0 0.502909375 0.5560694444444444 0.03290208333333333 0.017694444444444443
0 0.40589427083333335 0.09056574074074075 0.006580208333333334 0.012612962962962963
0 0.6314825520833334 0.18235509259259258 0.029631770833333335 0.05915462962962963
0 0.673528125 0.13706064814814814 0.023097916666666666 0.031528703703703705
0 0.5756229166666667 0.054820370370370373 0.046037499999999995 0.046677777777777776
0 0.5076028645833334 0.4133939814814815 0.016247395833333334 0.032343518518518515
0 0.5729875 0.09312638888888888 0.006391666666666667 0.012178703703703704
0 0.5504911458333334 0.44784398148148147 0.011398958333333332 0.010502777777777778
0 0.55245625 0.44857546296296297 0.005954166666666667 0.01011388888888889
0 0.5215002604166666 0.31778703703703703 0.0096671875 0.0115
0 0.5378088541666667 0.33520046296296296 0.009992708333333333 0.012993518518518519
0 0.5392299479166667 0.2867328703703704 0.0107515625 0.017910185185185185
0 0.5429614583333334 0.17766805555555554 0.009881250000000001 0.018299074074074075
0 0.5406401041666666 0.23209907407407407 0.006280208333333333 0.00679074074074074
0 0.5056434895833334 0.34582037037037033 0.005036979166666666 0.010159259259259259
0 0.6643307291666667 0.30023240740740736 0.005744791666666666 0.01713148148148148
0 0.7132205729166666 0.35921759259259256 0.0035244791666666666 0.018435185185185186
0 0.5280802083333334 0.053331018518518514 0.007202083333333333 0.02888425925925926
0 0.5955549479166666 0.012887962962962964 0.016109895833333335 0.025775925925925928
0 0.5084432291666666 0.7391180555555555 0.015844791666666667 0.037495370370370366
0 0.5981830729166667 0.754862037037037 0.021366145833333336 0.024538888888888888
0 0.5924005208333334 0.6907148148148148 0.045217708333333335 0.024022222222222223
0 0.5767299479166667 0.716636574074074 0.0107515625 0.01660648148148148
0 0.5831109375000001 0.7004125 0.009971875 0.03971388888888889
0 0.5743440104166667 0.7515018518518518 0.008063020833333333 0.025225925925925926
0 0.4173614583333333 0.748700462962963 0.009722916666666666 0.008512037037037037
0 0.6399075520833333 0.6377462962962963 0.005856770833333333 0.034751851851851846
0 0.5953020833333333 0.5032277777777777 0.004145833333333333 0.013862962962962962
0 0.77489765625 0.5694069444444445 0.010211979166666666 0.025850925925925927
0 0.8245630208333333 0.5685421296296296 0.0064177083333333326 0.024121296296296293
0 0.8756859375 0.4835203703703704 0.006580208333333334 0.013337037037037036
0 0.6757460937499999 0.4914916666666667 0.005658854166666667 0.008909259259259259
0 0.9602776041666666 0.5895333333333334 0.004930208333333333 0.017955555555555554
0 0.9303864583333333 0.5626546296296296 0.004522916666666666 0.010494444444444443
0 0.75671328125 0.2140986111111111 0.005093229166666667 0.013382407407407407
0 0.8166346354166667 0.14959629629629628 0.005144270833333334 0.010303703703703704
0 0.8440291666666667 0.022005555555555553 0.019308333333333334 0.031048148148148144
0 0.8859869791666667 0.037783796296296294 0.005307291666666667 0.008900925925925925
0 0.65632734375 0.21049027777777776 0.005363020833333333 0.009869444444444445
0 0.6873760416666667 0.26357314814814814 0.00704375 0.01973888888888889
0 0.6639234374999999 0.19928425925925927 0.007013541666666666 0.00967962962962963
0 0.6015671875 0.10539212962962963 0.008342708333333334 0.014487962962962963
0 0.6059757812500001 0.07971759259259259 0.0067432291666666665 0.009435185185185185
0 0.6211807291666667 0.1007962962962963 0.0059031249999999995 0.009000000000000001
0 0.6299643229166667 0.14431898148148148 0.015136979166666667 0.020119444444444443
0 0.47772916666666665 0.5986074074074074 0.9554583333333333 0.8027703703703704
1 0.033550260416666665 0.9575597222222223 0.057725520833333335 0.08548981481481481
0 0.62846015625 0.8112416666666666 0.03296197916666667 0.016927777777777778
0 0.5016736979166666 0.4431773148148148 0.03147239583333333 0.023391666666666668
0 0.56148046875 0.9292060185185186 0.006294270833333334 0.012115740740740741
0 0.34448697916666665 0.7819236111111111 0.026473958333333332 0.06014351851851852
0 0.2999890625 0.8165106481481481 0.022894791666666667 0.03302129629629629
0 0.39054765625 0.9222203703703704 0.043595312500000004 0.053700000000000005
0 0.48537005208333334 0.584224537037037 0.0165734375 0.033263888888888885
0 0.39561328125 0.8856634259259258 0.005809895833333333 0.012067592592592592
0 0.44583697916666665 0.538312037037037 0.011465625 0.009957407407407406
0 0.44396901041666664 0.5385305555555556 0.006688020833333333 0.008542592592592593
0 0.46408463541666667 0.6758523148148148 0.009419270833333333 0.01281574074074074
0 0.4495192708333333 0.6531990740740741 0.009455208333333333 0.013805555555555555
0 0.44458515625 0.7013796296296296 0.010003645833333333 0.017574074074074075
0 0.43197135416666665 0.8080226851851852 0.010817708333333334 0.01604537037037037
0 0.43877890625 0.7550680555555555 0.006724479166666667 0.0064324074074074075
0 0.4825744791666667 0.6519078703703705 0.004732291666666667 0.009371296296296296
0 0.321965625 0.6573412037037036 0.0043479166666666675 0.01838611111111111
0 0.2778552083333333 0.5861175925925926 0.002585416666666667 0.018531481481481482
0 0.4364578125 0.9352638888888889 0.007290624999999999 0.027935185185185188
0 0.3665205729166667 0.9729652777777777 0.017416145833333334 0.05333796296296296
0 0.51048828125 0.2606453703703704 0.0147265625 0.037957407407407405
0 0.4232481770833333 0.22391018518518518 0.020454687500000002 0.027450000000000002
0 0.42348854166666666 0.2894171296296296 0.044893749999999996 0.025130555555555555
0 0.4409393229166667 0.26612175925925924 0.010003645833333333 0.017428703703703703
0 0.4323046875 0.2806254629629629 0.009401041666666667 0.039028703703703704
0 0.44599765625000004 0.2334125 0.009703645833333333 0.024232407407407407
0 0.6013559895833333 0.2748615740740741 0.008961979166666667 0.01083425925925926
0 0.3720291666666667 0.3287009259259259 0.003433333333333333 0.03517962962962963
0 0.4059802083333333 0.47361805555555553 0.0036270833333333337 0.013902777777777778
0 0.23330989583333334 0.36348888888888886 0.009328125 0.025125925925925927
0 0.18403671875 0.35104537037037037 0.007656770833333334 0.02246111111111111
0 0.12679973958333332 0.4236912037037037 0.006724479166666667 0.012197222222222222
0 0.3247390625 0.46490324074074074 0.005728125 0.00758425925925926
0 0.05108671875 0.2977162037037037 0.004256770833333334 0.01765462962962963
0 0.07866822916666667 0.33104212962962964 0.0042114583333333335 0.010232407407407407
0 0.22349166666666667 0.7194759259259259 0.004275 0.013025925925925925
0 0.15885364583333333 0.7685824074074074 0.0052072916666666665 0.009387037037037037
0 0.1216859375 0.8884722222222222 0.018371875 0.03064814814814815
0 0.08125859375000001 0.8624347222222222 0.005225520833333333 0.01005462962962963
0 0.322696875 0.7485782407407408 0.00476875 0.010119444444444445
0 0.2958283854166667 0.6880421296296296 0.006240104166666666 0.01867685185185185
0 0.3140393229166667 0.7570245370370371 0.0072453125 0.008493518518518518
0 0.36881302083333334 0.8657314814814815 0.0074177083333333334 0.014796296296296297
0 0.3620104166666666 0.8898300925925925 0.0063124999999999995 0.009289814814814815
0 0.34923203124999996 0.8657319444444445 0.005755729166666667 0.009241666666666667
0 0.34378984375 0.8194430555555556 0.014663020833333333 0.020367592592592593
0 0.5229166666666667 0.5990740740740741 0.953125 0.8
1 0.9692708333333333 0.9490740740740741 0.06041666666666667 0.1
0 0.37473958333333335 0.8152777777777778 0.0328125 0.017592592592592594
0 0.4979166666666667 0.44351851851851853 0.03125 0.024074074074074074
0 0.4427083333333333 0.9310185185185185 0.00625 0.012037037037037037
0 0.6583333333333333 0.7773148148148148 0.026041666666666668 0.06018518518518518
0 0.703125 0.8101851851851852 0.022916666666666665 0.03333333333333333
0 0.6138020833333333 0.9189814814814815 0.043229166666666666 0.05462962962962963
0 0.515625 0.5833333333333334 0.016666666666666666 0.03333333333333333
0 0.6080729166666666 0.8819444444444444 0.005729166666666666 0.012037037037037037
0 0.5546875 0.5365740740740741 0.011458333333333333 0.010185185185185186
0 0.5565104166666667 0.5365740740740741 0.0067708333333333336 0.008333333333333333
0 0.5375 0.675 0.009375 0.012962962962962963
0 0.5520833333333334 0.6513888888888889 0.009375 0.013888888888888888
0 0.5575520833333333 0.6995370370370371 0.009895833333333333 0.017592592592592594
0 0.57109375 0.8060185185185185 0.0109375 0.01574074074074074
0 0.5638020833333334 0.7532407407407408 0.0067708333333333336 0.006481481481481481
0 0.5190104166666667 0.6509259259259259 0.0046875 0.009259259259259259
0 0.6796875 0.6518518518518519 0.004166666666666667 0.018518518518518517
0 0.7231770833333333 0.5796296296296296 0.0026041666666666665 0.018518518518518517
0 0.5677083333333334 0.9333333333333333 0.007291666666666667 0.027777777777777776
0 0.6385416666666667 0.9708333333333333 0.01875 0.05648148148148148
0 0.4869791666666667 0.26064814814814813 0.014583333333333334 0.03796296296296296
0 0.57421875 0.2212962962962963 0.0203125 0.027777777777777776
0 0.5744791666666667 0.28703703703703703 0.04479166666666667 0.025925925925925925
0 0.5565104166666667 0.26435185185185184 0.009895833333333333 0.017592592592592594
0 0.565625 0.27870370370370373 0.009375 0.03888888888888889
0 0.5513020833333333 0.23148148148148148 0.009895833333333333 0.024074074074074074
0 0.3966145833333333 0.2777777777777778 0.008854166666666666 0.011111111111111112
0 0.6260416666666667 0.325 0.003125 0.03518518518518519
0 0.5934895833333333 0.4708333333333333 0.0036458333333333334 0.013888888888888888
0 0.765625 0.35509259259259257 0.009375 0.025
0 0.8143229166666667 0.3416666666666667 0.0078125 0.022222222222222223
0 0.8721354166666667 0.4125 0.0067708333333333336 0.012037037037037037
0 0.6747395833333333 0.45925925925925926 0.005729166666666666 0.007407407407407408
0 0.946875 0.28379629629629627 0.004166666666666667 0.017592592592592594
0 0.9197916666666667 0.31805555555555554 0.004166666666666667 0.010185185185185186
0 0.7786458333333334 0.7111111111111111 0.004166666666666667 0.012962962962962963
0 0.84375 0.7583333333333333 0.005208333333333333 0.009259259259259259
0 0.88203125 0.8763888888888889 0.018229166666666668 0.030555555555555555
0 0.9223958333333333 0.8495370370370371 0.005208333333333333 0.010185185185185186
0 0.6799479166666667 0.7430555555555556 0.0046875 0.010185185185185186
0 0.7057291666666666 0.6814814814814815 0.00625 0.018518518518518517
0 0.6885416666666667 0.7513888888888889 0.007291666666666667 0.008333333333333333
0 0.6348958333333333 0.862037037037037 0.007291666666666667 0.014814814814814815
0 0.6416666666666667 0.8851851851851852 0.00625 0.009259259259259259
0 0.6544270833333333 0.8611111111111112 0.005729166666666666 0.009259259259259259
0 0.659375 0.8148148148148148 0.014583333333333334 0.020370370370370372
0 0.5157692708333333 0.4276083333333333 0.9679968750000001 0.8552166666666666
0 0.3486677083333333 0.22262222222222222 0.03379375 0.013762962962962963
0 0.502909375 0.5560694444444444 0.03290208333333333 0.017694444444444443
0 0.40589427083333335 0.09056574074074075 0.006580208333333334 0.012612962962962963
0 0.6314825520833334 0.18235509259259258 0.029631770833333335 0.05915462962962963
0 0.673528125 0.13706064814814814 0.023097916666666666 0.031528703703703705
0 0.5756229166666667 0.054820370370370373 0.046037499999999995 0.046677777777777776
0 0.5076028645833334 0.4133939814814815 0.016247395833333334 0.032343518518518515
0 0.5729875 0.09312638888888888 0.006391666666666667 0.012178703703703704
0 0.5504911458333334 0.44784398148148147 0.011398958333333332 0.010502777777777778
0 0.55245625 0.44857546296296297 0.005954166666666667 0.01011388888888889
0 0.5215002604166666 0.31778703703703703 0.0096671875 0.0115
0 0.5378088541666667 0.33520046296296296 0.009992708333333333 0.012993518518518519
0 0.5392299479166667 0.2867328703703704 0.0107515625 0.017910185185185185
0 0.5429614583333334 0.17766805555555554 0.009881250000000001 0.018299074074074075
0 0.5406401041666666 0.23209907407407407 0.006280208333333333 0.00679074074074074
0 0.5056434895833334 0.34582037037037033 0.005036979166666666 0.010159259259259259
0 0.6643307291666667 0.30023240740740736 0.005744791666666666 0.01713148148148148
0 0.7132205729166666 0.35921759259259256 0.0035244791666666666 0.018435185185185186
0 0.5280802083333334 0.053331018518518514 0.007202083333333333 0.02888425925925926
0 0.5955549479166666 0.012887962962962964 0.016109895833333335 0.025775925925925928
0 0.5084432291666666 0.7391180555555555 0.015844791666666667 0.037495370370370366
0 0.5981830729166667 0.754862037037037 0.021366145833333336 0.024538888888888888
0 0.5924005208333334 0.6907148148148148 0.045217708333333335 0.024022222222222223
0 0.5767299479166667 0.716636574074074 0.0107515625 0.01660648148148148
0 0.5831109375000001 0.7004125 0.009971875 0.03971388888888889
0 0.5743440104166667 0.7515018518518518 0.008063020833333333 0.025225925925925926
0 0.4173614583333333 0.748700462962963 0.009722916666666666 0.008512037037037037
0 0.6399075520833333 0.6377462962962963 0.005856770833333333 0.034751851851851846
0 0.5953020833333333 0.5032277777777777 0.004145833333333333 0.013862962962962962
0 0.77489765625 0.5694069444444445 0.010211979166666666 0.025850925925925927
0 0.8245630208333333 0.5685421296296296 0.0064177083333333326 0.024121296296296293
0 0.8756859375 0.4835203703703704 0.006580208333333334 0.013337037037037036
0 0.6757460937499999 0.4914916666666667 0.005658854166666667 0.008909259259259259
0 0.9602776041666666 0.5895333333333334 0.004930208333333333 0.017955555555555554
0 0.9303864583333333 0.5626546296296296 0.004522916666666666 0.010494444444444443
0 0.75671328125 0.2140986111111111 0.005093229166666667 0.013382407407407407
0 0.8166346354166667 0.14959629629629628 0.005144270833333334 0.010303703703703704
0 0.8440291666666667 0.022005555555555553 0.019308333333333334 0.031048148148148144
0 0.8859869791666667 0.037783796296296294 0.005307291666666667 0.008900925925925925
0 0.65632734375 0.21049027777777776 0.005363020833333333 0.009869444444444445
0 0.6873760416666667 0.26357314814814814 0.00704375 0.01973888888888889
0 0.6639234374999999 0.19928425925925927 0.007013541666666666 0.00967962962962963
0 0.6015671875 0.10539212962962963 0.008342708333333334 0.014487962962962963
0 0.6059757812500001 0.07971759259259259 0.0067432291666666665 0.009435185185185185
0 0.6211807291666667 0.1007962962962963 0.0059031249999999995 0.009000000000000001
0 0.6299643229166667 0.14431898148148148 0.015136979166666667 0.020119444444444443
