1 0.4998046875 0.5284722222222222 0.999609375 0.942361111111111
0 0.38154296875 0.9576388888888889 0.021875 0.04027777777777777
0 0.57373046875 0.5647569444444445 0.01953125 0.07916666666666666
0 0.83984375 0.7534722222222222 0.01953125 0.052083333333333336
0 0.68037109375 0.6381944444444445 0.016015625 0.02638888888888889
0 0.73486328125 0.7467013888888889 0.01171875 0.019444444444444445
0 0.92802734375 0.6524305555555556 0.0171875 0.030555555555555558
0 0.98828125 0.7753472222222223 0.01171875 0.03333333333333333
0 0.906640625 0.8065972222222223 0.010546875 0.022916666666666665
0 0.89765625 0.9298611111111111 0.019921875 0.03680555555555556
0 0.80546875 0.9496527777777778 0.011328125 0.020833333333333332
0 0.82412109375 0.9262152777777778 0.014453125 0.024305555555555556
0 0.82666015625 0.8465277777777778 0.005859375 0.02638888888888889
0 0.96103515625 0.23906249999999998 0.00703125 0.04583333333333333
0 0.9173828125 0.2657986111111111 0.0046875 0.0125
0 0.8328125 0.23368055555555556 0.011328125 0.02638888888888889
0 0.38466796875 0.8979166666666667 0.014453125 0.021527777777777778
0 0.1712890625 0.5369791666666667 0.018359375 0.04097222222222222
0 0.42392578125 0.8112847222222223 0.024609375 0.020138888888888887
1 0.5 0.4878315972222222 1.0 0.9756631944444444
0 0.39986669921875 0.029012586805555556 0.0214130859375 0.0406640625
0 0.576261474609375 0.4448446180555556 0.02166357421875 0.07892534722222222
0 0.849047119140625 0.2897421875 0.02133642578125 0.049970486111111115
0 0.685220703125 0.3843993055555555 0.01594921875 0.025743055555555554
0 0.7437197265625 0.28342664930555556 0.011853515625 0.01997829861111111
0 0.932807373046875 0.4013072916666667 0.01698193359375 0.030045138888888892
0 0.9961826171875 0.2857178819444444 0.007990234375 0.033241319444444445
0 0.917626708984375 0.24440842013888886 0.01005810546875 0.0235390625
0 0.91362255859375 0.12086111111111111 0.0196279296875 0.03686111111111111
0 0.82215185546875 0.0896267361111111 0.0114912109375 0.021267361111111112
0 0.8399033203125 0.11528038194444444 0.013791015625 0.02569965277777778
0 0.839850341796875 0.19456163194444442 0.00587255859375 0.026276041666666666
0 0.949636962890625 0.8178546006944445 0.00864892578125 0.04543142361111111
0 0.906771240234375 0.7849049479166667 0.00494873046875 0.012518229166666665
0 0.821089599609375 0.8066861979166666 0.01131982421875 0.026566840277777778
0 0.4005205078125 0.08941579861111111 0.014908203125 0.02084548611111111
0 0.173399169921875 0.42215234375 0.01964990234375 0.04048524305555556
0 0.436416259765625 0.17859288194444445 0.02517626953125 0.020380208333333334
1 0.5 0.5 1.0 1.0
0 0.423430419921875 0.9823294270833333 0.02068896484375 0.03583940972222222
0 0.578669677734375 0.5425138888888889 0.02452685546875 0.07808333333333334
0 0.85791455078125 0.6554383680555556 0.0234462890625 0.046987847222222226
0 0.690049560546875 0.5861649305555555 0.01584130859375 0.024760416666666667
0 0.753529052734375 0.6786571180555555 0.01194091796875 0.020508680555555558
0 0.93635595703125 0.53109375 0.0172431640625 0.029201388888888888
0 0.928517333984375 0.6901206597222223 0.00937841796875 0.024338541666666668
0 0.930564697265625 0.8126098090277778 0.01933251953125 0.03667795138888889
0 0.84125732421875 0.858921875 0.0116162109375 0.021663194444444443
0 0.857560546875 0.8304730902777778 0.01297265625 0.027265625
0 0.854011474609375 0.7516931423611112 0.00587451171875 0.025955729166666667
0 0.9320634765625 0.11345442708333334 0.010611328125 0.0446171875
0 0.891292236328125 0.15292881944444445 0.00524072265625 0.012454861111111111
0 0.804687744140625 0.14437977430555557 0.01171923828125 0.026606770833333335
0 0.42126171875 0.9244053819444444 0.015375 0.02068576388888889
0 0.178532470703125 0.6291744791666667 0.02112744140625 0.03959895833333334
0 0.45230908203125 0.8314518229166666 0.0257119140625 0.02054253472222222
1 0.4998046875 0.5284722222222222 0.999609375 0.942361111111111
0 0.38154296875 0.9576388888888889 0.021875 0.04027777777777777
0 0.57373046875 0.5647569444444445 0.01953125 0.07916666666666666
0 0.83984375 0.7534722222222222 0.01953125 0.052083333333333336
0 0.68037109375 0.6381944444444445 0.016015625 0.02638888888888889
0 0.73486328125 0.7467013888888889 0.01171875 0.019444444444444445
0 0.92802734375 0.6524305555555556 0.0171875 0.030555555555555558
0 0.98828125 0.7753472222222223 0.01171875 0.03333333333333333
0 0.906640625 0.8065972222222223 0.010546875 0.022916666666666665
0 0.89765625 0.9298611111111111 0.019921875 0.03680555555555556
0 0.80546875 0.9496527777777778 0.011328125 0.020833333333333332
0 0.82412109375 0.9262152777777778 0.014453125 0.024305555555555556
0 0.82666015625 0.8465277777777778 0.005859375 0.02638888888888889
0 0.96103515625 0.23906249999999998 0.00703125 0.04583333333333333
0 0.9173828125 0.2657986111111111 0.0046875 0.0125
0 0.8328125 0.23368055555555556 0.011328125 0.02638888888888889
0 0.38466796875 0.8979166666666667 0.014453125 0.021527777777777778
0 0.1712890625 0.5369791666666667 0.018359375 0.04097222222222222
0 0.42392578125 0.8112847222222223 0.024609375 0.020138888888888887
1 0.5 0.4878315972222222 1.0 0.9756631944444444
0 0.39986669921875 0.029012586805555556 0.0214130859375 0.0406640625
0 0.576261474609375 0.4448446180555556 0.02166357421875 0.07892534722222222
0 0.849047119140625 0.2897421875 0.02133642578125 0.049970486111111115
0 0.685220703125 0.3843993055555555 0.01594921875 0.025743055555555554
0 0.7437197265625 0.28342664930555556 0.011853515625 0.01997829861111111
0 0.932807373046875 0.4013072916666667 0.01698193359375 0.030045138888888892
0 0.9961826171875 0.2857178819444444 0.007990234375 0.033241319444444445
0 0.917626708984375 0.24440842013888886 0.01005810546875 0.0235390625
0 0.91362255859375 0.12086111111111111 0.0196279296875 0.03686111111111111
0 0.82215185546875 0.0896267361111111 0.0114912109375 0.021267361111111112
0 0.8399033203125 0.11528038194444444 0.013791015625 0.02569965277777778
0 0.839850341796875 0.19456163194444442 0.00587255859375 0.026276041666666666
0 0.949636962890625 0.8178546006944445 0.00864892578125 0.04543142361111111
0 0.906771240234375 0.7849049479166667 0.00494873046875 0.012518229166666665
0 0.821089599609375 0.8066861979166666 0.01131982421875 0.026566840277777778
0 0.4005205078125 0.08941579861111111 0.014908203125 0.02084548611111111
0 0.173399169921875 0.42215234375 0.01964990234375 0.04048524305555556
0 0.436416259765625 0.17859288194444445 0.02517626953125 0.020380208333333334
1 0.5 0.5 1.0 1.0
0 0.423430419921875 0.9823294270833333 0.02068896484375 0.03583940972222222
0 0.578669677734375 0.5425138888888889 0.02452685546875 0.07808333333333334
0 0.85791455078125 0.6554383680555556 0.0234462890625 0.046987847222222226
0 0.690049560546875 0.5861649305555555 0.01584130859375 0.024760416666666667
0 0.753529052734375 0.6786571180555555 0.01194091796875 0.020508680555555558
0 0.93635595703125 0.53109375 0.0172431640625 0.029201388888888888
0 0.928517333984375 0.6901206597222223 0.00937841796875 0.024338541666666668
0 0.930564697265625 0.8126098090277778 0.01933251953125 0.03667795138888889
0 0.84125732421875 0.858921875 0.0116162109375 0.021663194444444443
0 0.857560546875 0.8304730902777778 0.01297265625 0.027265625
0 0.854011474609375 0.7516931423611112 0.00587451171875 0.025955729166666667
0 0.9320634765625 0.11345442708333334 0.010611328125 0.0446171875
0 0.891292236328125 0.15292881944444445 0.00524072265625 0.012454861111111111
0 0.804687744140625 0.14437977430555557 0.01171923828125 0.026606770833333335
0 0.42126171875 0.9244053819444444 0.015375 0.02068576388888889
0 0.178532470703125 0.6291744791666667 0.02112744140625 0.03959895833333334
0 0.45230908203125 0.8314518229166666 0.0257119140625 0.02054253472222222
1 0.4998046875 0.5284722222222222 0.999609375 0.942361111111111
0 0.38154296875 0.9576388888888889 0.021875 0.04027777777777777
0 0.57373046875 0.5647569444444445 0.01953125 0.07916666666666666
0 0.83984375 0.7534722222222222 0.01953125 0.052083333333333336
0 0.68037109375 0.6381944444444445 0.016015625 0.02638888888888889
0 0.73486328125 0.7467013888888889 0.01171875 0.019444444444444445
0 0.92802734375 0.6524305555555556 0.0171875 0.030555555555555558
0 0.98828125 0.7753472222222223 0.01171875 0.03333333333333333
0 0.906640625 0.8065972222222223 0.010546875 0.022916666666666665
0 0.89765625 0.9298611111111111 0.019921875 0.03680555555555556
0 0.80546875 0.9496527777777778 0.011328125 0.020833333333333332
0 0.82412109375 0.9262152777777778 0.014453125 0.024305555555555556
0 0.82666015625 0.8465277777777778 0.005859375 0.02638888888888889
0 0.96103515625 0.23906249999999998 0.00703125 0.04583333333333333
0 0.9173828125 0.2657986111111111 0.0046875 0.0125
0 0.8328125 0.23368055555555556 0.011328125 0.02638888888888889
0 0.38466796875 0.8979166666666667 0.014453125 0.021527777777777778
0 0.1712890625 0.5369791666666667 0.018359375 0.04097222222222222
0 0.42392578125 0.8112847222222223 0.024609375 0.020138888888888887
1 0.5 0.4878315972222222 1.0 0.9756631944444444
0 0.39986669921875 0.029012586805555556 0.0214130859375 0.0406640625
0 0.576261474609375 0.4448446180555556 0.02166357421875 0.07892534722222222
0 0.849047119140625 0.2897421875 0.02133642578125 0.049970486111111115
0 0.685220703125 0.3843993055555555 0.01594921875 0.025743055555555554
0 0.7437197265625 0.28342664930555556 0.011853515625 0.01997829861111111
0 0.932807373046875 0.4013072916666667 0.01698193359375 0.030045138888888892
0 0.9961826171875 0.2857178819444444 0.007990234375 0.033241319444444445
0 0.917626708984375 0.24440842013888886 0.01005810546875 0.0235390625
0 0.91362255859375 0.12086111111111111 0.0196279296875 0.03686111111111111
0 0.82215185546875 0.0896267361111111 0.0114912109375 0.021267361111111112
0 0.8399033203125 0.11528038194444444 0.013791015625 0.02569965277777778
0 0.839850341796875 0.19456163194444442 0.00587255859375 0.026276041666666666
0 0.949636962890625 0.8178546006944445 0.00864892578125 0.04543142361111111
0 0.906771240234375 0.7849049479166667 0.00494873046875 0.012518229166666665
0 0.821089599609375 0.8066861979166666 0.01131982421875 0.026566840277777778
0 0.4005205078125 0.08941579861111111 0.014908203125 0.02084548611111111
0 0.173399169921875 0.42215234375 0.01964990234375 0.04048524305555556
0 0.436416259765625 0.17859288194444445 0.02517626953125 0.020380208333333334
1 0.5 0.5 1.0 1.0
0 0.423430419921875 0.9823294270833333 0.02068896484375 0.03583940972222222
0 0.578669677734375 0.5425138888888889 0.02452685546875 0.07808333333333334
0 0.85791455078125 0.6554383680555556 0.0234462890625 0.046987847222222226
0 0.690049560546875 0.5861649305555555 0.01584130859375 0.024760416666666667
0 0.753529052734375 0.6786571180555555 0.01194091796875 0.020508680555555558
0 0.93635595703125 0.53109375 0.0172431640625 0.029201388888888888
0 0.928517333984375 0.6901206597222223 0.00937841796875 0.024338541666666668
0 0.930564697265625 0.8126098090277778 0.01933251953125 0.03667795138888889
0 0.84125732421875 0.858921875 0.0116162109375 0.021663194444444443
0 0.857560546875 0.8304730902777778 0.01297265625 0.027265625
0 0.854011474609375 0.7516931423611112 0.00587451171875 0.025955729166666667
0 0.9320634765625 0.11345442708333334 0.010611328125 0.0446171875
0 0.891292236328125 0.15292881944444445 0.00524072265625 0.012454861111111111
0 0.804687744140625 0.14437977430555557 0.01171923828125 0.026606770833333335
0 0.42126171875 0.9244053819444444 0.015375 0.02068576388888889
0 0.178532470703125 0.6291744791666667 0.02112744140625 0.03959895833333334
0 0.45230908203125 0.8314518229166666 0.0257119140625 0.02054253472222222
