1 0.49973958333333335 0.5152777777777777 0.9994791666666667 0.9675925925925926
0 0.3528645833333333 0.7837962962962963 0.0171875 0.030555555555555555
0 0.4114583333333333 0.5569444444444445 0.014583333333333334 0.041666666666666664
0 0.46796875 0.5018518518518519 0.024479166666666666 0.03148148148148148
0 0.18098958333333334 0.8495370370370371 0.0234375 0.041666666666666664
0 0.06197916666666667 0.48518518518518516 0.016666666666666666 0.03518518518518519
0 0.6278645833333333 0.11944444444444445 0.0234375 0.05
0 0.5822916666666667 0.4888888888888889 0.0125 0.02962962962962963
0 0.334375 0.9550925925925926 0.017708333333333333 0.04722222222222222
0 0.3528645833333333 0.7199074074074074 0.008854166666666666 0.06574074074074074
0 0.87109375 0.5745370370370371 0.0203125 0.026851851851851852
0 0.7130208333333333 0.09722222222222222 0.008333333333333333 0.020370370370370372
0 0.08802083333333334 0.9106481481481481 0.010416666666666666 0.023148148148148147
0 0.07916666666666666 0.9736111111111111 0.009375 0.021296296296296296
0 0.03307291666666667 0.775 0.0078125 0.022222222222222223
0 0.12317708333333334 0.5365740740740741 0.015104166666666667 0.023148148148148147
0 0.07109375 0.37916666666666665 0.009895833333333333 0.017592592592592594
0 0.009114583333333334 0.662962962962963 0.0078125 0.024074074074074074
0 0.22421875 0.19444444444444445 0.009895833333333333 0.025925925925925925
0 0.23177083333333334 0.300462962962963 0.007291666666666667 0.021296296296296296
1 0.5 0.48516898148148146 1.0 0.9703379629629629
0 0.6441044270833333 0.21154768518518519 0.01737552083333333 0.030502777777777774
0 0.58817421875 0.44022592592592596 0.014890104166666666 0.04156296296296296
0 0.532165625 0.49693703703703707 0.024747916666666665 0.03091111111111111
0 0.81588828125 0.14023425925925925 0.02344322916666667 0.041579629629629626
0 0.9379651041666667 0.5010444444444445 0.016555208333333335 0.03542222222222222
0 0.3759385416666667 0.8841828703703704 0.023752083333333333 0.04984722222222222
0 0.4176572916666667 0.5139513888888889 0.012397916666666666 0.029754629629629627
0 0.6609315104166666 0.040217592592592596 0.017696354166666664 0.047101851851851846
0 0.6447622395833333 0.2753365740740741 0.009316145833333334 0.06548796296296297
0 0.12842473958333334 0.4373282407407407 0.020391145833333336 0.026508333333333335
0 0.29120885416666664 0.9092092592592593 0.008459375 0.02027037037037037
0 0.9078890625 0.07633055555555555 0.010569791666666667 0.02303148148148148
0 0.9162359375 0.013424074074074073 0.009555208333333334 0.021292592592592592
0 0.9643359375 0.21019953703703703 0.007838541666666667 0.022250925925925924
0 0.876378125 0.4522564814814815 0.01525625 0.02303148148148148
0 0.9300018229166667 0.6078851851851852 0.010003645833333333 0.017622222222222223
0 0.9893815104166667 0.3222125 0.0079296875 0.024054629629629627
0 0.7789690104166667 0.797236574074074 0.010021354166666666 0.02595462962962963
0 0.77036640625 0.6912425925925926 0.007399479166666667 0.021374074074074073
1 0.5 0.4877694444444445 1.0 0.975538888888889
0 0.34703932291666667 0.22558287037037036 0.016995312500000002 0.030795370370370372
0 0.41022135416666666 0.4487439814814815 0.014192708333333333 0.041932407407407404
0 0.46775234375 0.5006041666666667 0.024046354166666666 0.03268981481481482
0 0.1747234375 0.17029861111111114 0.023405208333333333 0.04244907407407407
0 0.06260390625 0.5423717592592592 0.016874479166666668 0.03474351851851852
0 0.6354153645833333 0.8724814814814814 0.0229140625 0.05051851851851852
0 0.5824877604166667 0.5064078703703703 0.012892187500000001 0.02948240740740741
0 0.32552447916666666 0.05523981481481481 0.017715625000000002 0.047516666666666665
0 0.3483078125 0.2895740740740741 0.008073958333333334 0.0661851851851852
0 0.8695341145833333 0.4026782407407407 0.020318229166666667 0.027578703703703702
0 0.7207036458333334 0.8890444444444444 0.008073958333333334 0.02068148148148148
0 0.08005078125 0.11548055555555554 0.0101015625 0.0235537037037037
0 0.07025520833333333 0.052550462962962965 0.009260416666666667 0.021767592592592592
0 0.027962239583333333 0.25392314814814815 0.0080078125 0.02266111111111111
0 0.12254270833333333 0.486874074074074 0.014877083333333334 0.023748148148148147
0 0.07362213541666666 0.6468347222222223 0.009744270833333334 0.01774351851851852
0 0.0060416666666666665 0.3676175925925926 0.007916666666666666 0.024124074074074072
0 0.23033854166666667 0.8221819444444445 0.009635416666666667 0.02584537037037037
0 0.23582630208333333 0.7161648148148148 0.007069270833333334 0.02121851851851852
1 0.49973958333333335 0.5152777777777777 0.9994791666666667 0.9675925925925926
0 0.3528645833333333 0.7837962962962963 0.0171875 0.030555555555555555
0 0.4114583333333333 0.5569444444444445 0.014583333333333334 0.041666666666666664
0 0.46796875 0.5018518518518519 0.024479166666666666 0.03148148148148148
0 0.18098958333333334 0.8495370370370371 0.0234375 0.041666666666666664
0 0.06197916666666667 0.48518518518518516 0.016666666666666666 0.03518518518518519
0 0.6278645833333333 0.11944444444444445 0.0234375 0.05
0 0.5822916666666667 0.4888888888888889 0.0125 0.02962962962962963
0 0.334375 0.9550925925925926 0.017708333333333333 0.04722222222222222
0 0.3528645833333333 0.7199074074074074 0.008854166666666666 0.06574074074074074
0 0.87109375 0.5745370370370371 0.0203125 0.026851851851851852
0 0.7130208333333333 0.09722222222222222 0.008333333333333333 0.020370370370370372
0 0.08802083333333334 0.9106481481481481 0.010416666666666666 0.023148148148148147
0 0.07916666666666666 0.9736111111111111 0.009375 0.021296296296296296
0 0.03307291666666667 0.775 0.0078125 0.022222222222222223
0 0.12317708333333334 0.5365740740740741 0.015104166666666667 0.023148148148148147
0 0.07109375 0.37916666666666665 0.009895833333333333 0.017592592592592594
0 0.009114583333333334 0.662962962962963 0.0078125 0.024074074074074074
0 0.22421875 0.19444444444444445 0.009895833333333333 0.025925925925925925
0 0.23177083333333334 0.300462962962963 0.007291666666666667 0.021296296296296296
1 0.5 0.48516898148148146 1.0 0.9703379629629629
0 0.6441044270833333 0.21154768518518519 0.01737552083333333 0.030502777777777774
0 0.58817421875 0.44022592592592596 0.014890104166666666 0.04156296296296296
0 0.532165625 0.49693703703703707 0.024747916666666665 0.03091111111111111
0 0.81588828125 0.14023425925925925 0.02344322916666667 0.041579629629629626
0 0.9379651041666667 0.5010444444444445 0.016555208333333335 0.03542222222222222
0 0.3759385416666667 0.8841828703703704 0.023752083333333333 0.04984722222222222
0 0.4176572916666667 0.5139513888888889 0.012397916666666666 0.029754629629629627
0 0.6609315104166666 0.040217592592592596 0.017696354166666664 0.047101851851851846
0 0.6447622395833333 0.2753365740740741 0.009316145833333334 0.06548796296296297
0 0.12842473958333334 0.4373282407407407 0.020391145833333336 0.026508333333333335
0 0.29120885416666664 0.9092092592592593 0.008459375 0.02027037037037037
0 0.9078890625 0.07633055555555555 0.010569791666666667 0.02303148148148148
0 0.9162359375 0.013424074074074073 0.009555208333333334 0.021292592592592592
0 0.9643359375 0.21019953703703703 0.007838541666666667 0.022250925925925924
0 0.876378125 0.4522564814814815 0.01525625 0.02303148148148148
0 0.9300018229166667 0.6078851851851852 0.010003645833333333 0.017622222222222223
0 0.9893815104166667 0.3222125 0.0079296875 0.024054629629629627
0 0.7789690104166667 0.797236574074074 0.010021354166666666 0.02595462962962963
0 0.77036640625 0.6912425925925926 0.007399479166666667 0.021374074074074073
1 0.5 0.4877694444444445 1.0 0.975538888888889
0 0.34703932291666667 0.22558287037037036 0.016995312500000002 0.030795370370370372
0 0.41022135416666666 0.4487439814814815 0.014192708333333333 0.041932407407407404
0 0.46775234375 0.5006041666666667 0.024046354166666666 0.03268981481481482
0 0.1747234375 0.17029861111111114 0.023405208333333333 0.04244907407407407
0 0.06260390625 0.5423717592592592 0.016874479166666668 0.03474351851851852
0 0.6354153645833333 0.8724814814814814 0.0229140625 0.05051851851851852
0 0.5824877604166667 0.5064078703703703 0.012892187500000001 0.02948240740740741
0 0.32552447916666666 0.05523981481481481 0.017715625000000002 0.047516666666666665
0 0.3483078125 0.2895740740740741 0.008073958333333334 0.0661851851851852
0 0.8695341145833333 0.4026782407407407 0.020318229166666667 0.027578703703703702
0 0.7207036458333334 0.8890444444444444 0.008073958333333334 0.02068148148148148
0 0.08005078125 0.11548055555555554 0.0101015625 0.0235537037037037
0 0.07025520833333333 0.052550462962962965 0.009260416666666667 0.021767592592592592
0 0.027962239583333333 0.25392314814814815 0.0080078125 0.02266111111111111
0 0.12254270833333333 0.486874074074074 0.014877083333333334 0.023748148148148147
0 0.07362213541666666 0.6468347222222223 0.009744270833333334 0.01774351851851852
0 0.0060416666666666665 0.3676175925925926 0.007916666666666666 0.024124074074074072
0 0.23033854166666667 0.8221819444444445 0.009635416666666667 0.02584537037037037
0 0.23582630208333333 0.7161648148148148 0.007069270833333334 0.02121851851851852
1 0.49973958333333335 0.5152777777777777 0.9994791666666667 0.9675925925925926
0 0.3528645833333333 0.7837962962962963 0.0171875 0.030555555555555555
0 0.4114583333333333 0.5569444444444445 0.014583333333333334 0.041666666666666664
0 0.46796875 0.5018518518518519 0.024479166666666666 0.03148148148148148
0 0.18098958333333334 0.8495370370370371 0.0234375 0.041666666666666664
0 0.06197916666666667 0.48518518518518516 0.016666666666666666 0.03518518518518519
0 0.6278645833333333 0.11944444444444445 0.0234375 0.05
0 0.5822916666666667 0.4888888888888889 0.0125 0.02962962962962963
0 0.334375 0.9550925925925926 0.017708333333333333 0.04722222222222222
0 0.3528645833333333 0.7199074074074074 0.008854166666666666 0.06574074074074074
0 0.87109375 0.5745370370370371 0.0203125 0.026851851851851852
0 0.7130208333333333 0.09722222222222222 0.008333333333333333 0.020370370370370372
0 0.08802083333333334 0.9106481481481481 0.010416666666666666 0.023148148148148147
0 0.07916666666666666 0.9736111111111111 0.009375 0.021296296296296296
0 0.03307291666666667 0.775 0.0078125 0.022222222222222223
0 0.12317708333333334 0.5365740740740741 0.015104166666666667 0.023148148148148147
0 0.07109375 0.37916666666666665 0.009895833333333333 0.017592592592592594
0 0.009114583333333334 0.662962962962963 0.0078125 0.024074074074074074
0 0.22421875 0.19444444444444445 0.009895833333333333 0.025925925925925925
0 0.23177083333333334 0.300462962962963 0.007291666666666667 0.021296296296296296
1 0.5 0.48516898148148146 1.0 0.9703379629629629
0 0.6441044270833333 0.21154768518518519 0.01737552083333333 0.030502777777777774
0 0.58817421875 0.44022592592592596 0.014890104166666666 0.04156296296296296
0 0.532165625 0.49693703703703707 0.024747916666666665 0.03091111111111111
0 0.81588828125 0.14023425925925925 0.02344322916666667 0.041579629629629626
0 0.9379651041666667 0.5010444444444445 0.016555208333333335 0.03542222222222222
0 0.3759385416666667 0.8841828703703704 0.023752083333333333 0.04984722222222222
0 0.4176572916666667 0.5139513888888889 0.012397916666666666 0.029754629629629627
0 0.6609315104166666 0.040217592592592596 0.017696354166666664 0.047101851851851846
0 0.6447622395833333 0.2753365740740741 0.009316145833333334 0.06548796296296297
0 0.12842473958333334 0.4373282407407407 0.020391145833333336 0.026508333333333335
0 0.29120885416666664 0.9092092592592593 0.008459375 0.02027037037037037
0 0.9078890625 0.07633055555555555 0.010569791666666667 0.02303148148148148
0 0.9162359375 0.013424074074074073 0.009555208333333334 0.021292592592592592
0 0.9643359375 0.21019953703703703 0.007838541666666667 0.022250925925925924
0 0.876378125 0.4522564814814815 0.01525625 0.02303148148148148
0 0.9300018229166667 0.6078851851851852 0.010003645833333333 0.017622222222222223
0 0.9893815104166667 0.3222125 0.0079296875 0.024054629629629627
0 0.7789690104166667 0.797236574074074 0.010021354166666666 0.02595462962962963
0 0.77036640625 0.6912425925925926 0.007399479166666667 0.021374074074074073
1 0.5 0.4877694444444445 1.0 0.975538888888889
0 0.34703932291666667 0.22558287037037036 0.016995312500000002 0.030795370370370372
0 0.41022135416666666 0.4487439814814815 0.014192708333333333 0.041932407407407404
0 0.46775234375 0.5006041666666667 0.024046354166666666 0.03268981481481482
0 0.1747234375 0.17029861111111114 0.023405208333333333 0.04244907407407407
0 0.06260390625 0.5423717592592592 0.016874479166666668 0.03474351851851852
0 0.6354153645833333 0.8724814814814814 0.0229140625 0.05051851851851852
0 0.5824877604166667 0.5064078703703703 0.012892187500000001 0.02948240740740741
0 0.32552447916666666 0.05523981481481481 0.017715625000000002 0.047516666666666665
0 0.3483078125 0.2895740740740741 0.008073958333333334 0.0661851851851852
0 0.8695341145833333 0.4026782407407407 0.020318229166666667 0.027578703703703702
0 0.7207036458333334 0.8890444444444444 0.008073958333333334 0.02068148148148148
0 0.08005078125 0.11548055555555554 0.0101015625 0.0235537037037037
0 0.07025520833333333 0.052550462962962965 0.009260416666666667 0.021767592592592592
0 0.027962239583333333 0.25392314814814815 0.0080078125 0.02266111111111111
0 0.12254270833333333 0.486874074074074 0.014877083333333334 0.023748148148148147
0 0.07362213541666666 0.6468347222222223 0.009744270833333334 0.01774351851851852
0 0.0060416666666666665 0.3676175925925926 0.007916666666666666 0.024124074074074072
0 0.23033854166666667 0.8221819444444445 0.009635416666666667 0.02584537037037037
0 0.23582630208333333 0.7161648148148148 0.007069270833333334 0.02121851851851852
