1 0.5 0.5222888888888889 1.0 0.9556888888888889
0 0.8484333333333333 0.22218888888888888 0.009366666666666667 0.03697037037037037
0 0.9842789062499999 0.28271666666666667 0.007099479166666667 0.024692592592592592
0 0.9905138020833333 0.3520203703703704 0.007069270833333334 0.028114814814814815
0 0.7898645833333333 0.3058810185185185 0.0318125 0.06546574074074074
0 0.7907229166666667 0.22554305555555557 0.011654166666666667 0.0973824074074074
0 0.7976664062500001 0.4770810185185185 0.016166145833333333 0.037495370370370366
0 0.9130770833333333 0.5886277777777777 0.026154166666666666 0.05873703703703704
0 0.8425947916666666 0.5766087962962962 0.007064583333333333 0.01988425925925926
0 0.88577265625 0.7433546296296296 0.009045312500000001 0.01819074074074074
0 0.7219265625 0.5816611111111111 0.017811458333333332 0.03369259259259259
0 0.7023515625000001 0.6869652777777778 0.005744791666666666 0.03133796296296296
0 0.34519947916666666 0.8098662037037037 0.014357291666666666 0.05121388888888889
0 0.31173802083333335 0.8552023148148149 0.032851041666666664 0.04929351851851852
0 0.20898723958333332 0.7315203703703704 0.013807812499999999 0.033411111111111114
0 0.26796145833333335 0.7737356481481481 0.009881250000000001 0.023397222222222222
0 0.18386041666666667 0.7854333333333333 0.0052208333333333325 0.02271851851851852
0 0.18070807291666666 0.6685263888888889 0.010374479166666667 0.025941666666666665
0 0.1786953125 0.7296106481481481 0.005307291666666667 0.014776851851851852
0 0.15874947916666665 0.6522407407407407 0.006040625 0.011888888888888888
0 0.10534557291666666 0.6439115740740741 0.008607812500000001 0.023008333333333332
0 0.18126979166666668 0.5230879629629629 0.012539583333333333 0.03321296296296296
0 0.20055572916666667 0.4662824074074074 0.014653125 0.038120370370370374
0 0.2624302083333333 0.42553009259259256 0.018610416666666667 0.047356481481481486
0 0.35280598958333337 0.18160416666666665 0.0139453125 0.035430555555555555
0 0.20320885416666667 0.3709537037037037 0.0064177083333333326 0.012277777777777778
0 0.16813072916666666 0.4411222222222222 0.011261458333333333 0.01742962962962963
0 0.16886796874999999 0.48788333333333334 0.007527604166666666 0.012803703703703703
0 0.11575572916666667 0.9331583333333333 0.007553125 0.02002037037037037
1 0.49973958333333335 0.5375 0.9994791666666667 0.9231481481481482
0 0.13151041666666666 0.3226851851851852 0.009895833333333333 0.03611111111111111
0 0.0026041666666666665 0.42083333333333334 0.005208333333333333 0.025
0 0.003125 0.49027777777777776 0.00625 0.026851851851851852
0 0.19635416666666666 0.38981481481481484 0.03229166666666667 0.06481481481481481
0 0.18776041666666668 0.30972222222222223 0.0171875 0.09537037037037037
0 0.203125 0.5606481481481481 0.015625 0.03796296296296296
0 0.09895833333333333 0.7032407407407407 0.027083333333333334 0.05462962962962963
0 0.16848958333333333 0.6712962962962963 0.0078125 0.018518518518518517
0 0.140625 0.8476851851851852 0.008333333333333333 0.019444444444444445
0 0.28828125 0.6402777777777777 0.019270833333333334 0.03425925925925926
0 0.31614583333333335 0.7412037037037037 0.004166666666666667 0.030555555555555555
0 0.6799479166666667 0.762962962962963 0.011979166666666667 0.05185185185185185
0 0.7177083333333333 0.7972222222222223 0.03125 0.05185185185185185
0 0.80859375 0.6476851851851851 0.0140625 0.032407407407407406
0 0.753125 0.7055555555555556 0.010416666666666666 0.022222222222222223
0 0.8372395833333334 0.6939814814814815 0.0067708333333333336 0.023148148148148147
0 0.83046875 0.5773148148148148 0.008854166666666666 0.026851851851851852
0 0.8380208333333333 0.637962962962963 0.005208333333333333 0.014814814814814815
0 0.8505208333333333 0.5560185185185185 0.005208333333333333 0.012037037037037037
0 0.9026041666666667 0.5319444444444444 0.009375 0.023148148148148147
0 0.8169270833333333 0.43425925925925923 0.011979166666666667 0.03333333333333333
0 0.7932291666666667 0.38425925925925924 0.013541666666666667 0.03888888888888889
0 0.728125 0.36018518518518516 0.015625 0.05
0 0.61796875 0.1449074074074074 0.0140625 0.03425925925925926
0 0.7817708333333333 0.2898148148148148 0.00625 0.011111111111111112
0 0.82265625 0.34953703703703703 0.011979166666666667 0.01574074074074074
0 0.8260416666666667 0.3962962962962963 0.007291666666666667 0.012962962962962963
0 0.8372395833333334 0.9717592592592592 0.019270833333333334 0.05462962962962963
0 0.91796875 0.8208333333333333 0.0078125 0.021296296296296296
1 0.5 0.5179541666666666 1.0 0.963686111111111
0 0.15464661458333331 0.21202314814814816 0.009293229166666667 0.037009259259259256
0 0.017712500000000003 0.26786574074074077 0.0073 0.02462037037037037
0 0.010866666666666667 0.33725462962962965 0.00715 0.02821296296296296
0 0.212209375 0.2975337962962963 0.031710416666666665 0.06543796296296296
0 0.21178880208333334 0.21632175925925926 0.011077604166666666 0.09745833333333333
0 0.20289244791666666 0.4686930555555555 0.0162015625 0.03738611111111111
0 0.08595104166666667 0.5758490740740742 0.026068749999999998 0.05910555555555556
0 0.15661015625000002 0.5664842592592593 0.0069703125 0.020005555555555558
0 0.11184713541666666 0.7312337962962963 0.0091109375 0.01802314814814815
0 0.2776802083333333 0.5751222222222222 0.017860416666666667 0.03357777777777778
0 0.2956643229166667 0.6805037037037037 0.005911979166666667 0.031377777777777775
0 0.6520921875 0.8144208333333333 0.014601041666666667 0.05106388888888889
0 0.6847770833333333 0.8607842592592593 0.03309583333333333 0.04934629629629629
0 0.7886500000000001 0.740862037037037 0.013758333333333334 0.033575925925925926
0 0.7293822916666667 0.7811907407407408 0.009806249999999999 0.023492592592592593
0 0.8134575520833334 0.7956037037037037 0.005040104166666667 0.02268888888888889
0 0.8172434895833334 0.6786412037037037 0.010528645833333333 0.025800925925925925
0 0.8193216145833334 0.7397828703703704 0.005309895833333333 0.014750925925925926
0 0.8400411458333333 0.6633347222222222 0.006123958333333333 0.01185462962962963
0 0.8933169270833333 0.6559495370370371 0.008508854166666666 0.023010185185185186
0 0.8182994791666667 0.5332407407407407 0.012640624999999999 0.03314814814814815
0 0.79959375 0.47546990740740747 0.014812500000000001 0.03797685185185185
0 0.73862421875 0.43275416666666666 0.018915104166666665 0.04698981481481482
0 0.6502138020833333 0.18627222222222223 0.013969270833333334 0.035507407407407404
0 0.7980049479166667 0.37934305555555553 0.0064265625 0.012389814814814815
0 0.8326653645833333 0.45231435185185187 0.011164062499999999 0.017591666666666665
0 0.8313755208333333 0.498049537037037 0.007542708333333333 0.01276574074074074
0 0.8797981770833334 0.9451087962962963 0.007513020833333333 0.01984722222222222
1 0.5 0.5222888888888889 1.0 0.9556888888888889
0 0.8484333333333333 0.22218888888888888 0.009366666666666667 0.03697037037037037
0 0.9842789062499999 0.28271666666666667 0.007099479166666667 0.024692592592592592
0 0.9905138020833333 0.3520203703703704 0.007069270833333334 0.028114814814814815
0 0.7898645833333333 0.3058810185185185 0.0318125 0.06546574074074074
0 0.7907229166666667 0.22554305555555557 0.011654166666666667 0.0973824074074074
0 0.7976664062500001 0.4770810185185185 0.016166145833333333 0.037495370370370366
0 0.9130770833333333 0.5886277777777777 0.026154166666666666 0.05873703703703704
0 0.8425947916666666 0.5766087962962962 0.007064583333333333 0.01988425925925926
0 0.88577265625 0.7433546296296296 0.009045312500000001 0.01819074074074074
0 0.7219265625 0.5816611111111111 0.017811458333333332 0.03369259259259259
0 0.7023515625000001 0.6869652777777778 0.005744791666666666 0.03133796296296296
0 0.34519947916666666 0.8098662037037037 0.014357291666666666 0.05121388888888889
0 0.31173802083333335 0.8552023148148149 0.032851041666666664 0.04929351851851852
0 0.20898723958333332 0.7315203703703704 0.013807812499999999 0.033411111111111114
0 0.26796145833333335 0.7737356481481481 0.009881250000000001 0.023397222222222222
0 0.18386041666666667 0.7854333333333333 0.0052208333333333325 0.02271851851851852
0 0.18070807291666666 0.6685263888888889 0.010374479166666667 0.025941666666666665
0 0.1786953125 0.7296106481481481 0.005307291666666667 0.014776851851851852
0 0.15874947916666665 0.6522407407407407 0.006040625 0.011888888888888888
0 0.10534557291666666 0.6439115740740741 0.008607812500000001 0.023008333333333332
0 0.18126979166666668 0.5230879629629629 0.012539583333333333 0.03321296296296296
0 0.20055572916666667 0.4662824074074074 0.014653125 0.038120370370370374
0 0.2624302083333333 0.42553009259259256 0.018610416666666667 0.047356481481481486
0 0.35280598958333337 0.18160416666666665 0.0139453125 0.035430555555555555
0 0.20320885416666667 0.3709537037037037 0.0064177083333333326 0.012277777777777778
0 0.16813072916666666 0.4411222222222222 0.011261458333333333 0.01742962962962963
0 0.16886796874999999 0.48788333333333334 0.007527604166666666 0.012803703703703703
0 0.11575572916666667 0.9331583333333333 0.007553125 0.02002037037037037
1 0.49973958333333335 0.5375 0.9994791666666667 0.9231481481481482
0 0.13151041666666666 0.3226851851851852 0.009895833333333333 0.03611111111111111
0 0.0026041666666666665 0.42083333333333334 0.005208333333333333 0.025
0 0.003125 0.49027777777777776 0.00625 0.026851851851851852
0 0.19635416666666666 0.38981481481481484 0.03229166666666667 0.06481481481481481
0 0.18776041666666668 0.30972222222222223 0.0171875 0.09537037037037037
0 0.203125 0.5606481481481481 0.015625 0.03796296296296296
0 0.09895833333333333 0.7032407407407407 0.027083333333333334 0.05462962962962963
0 0.16848958333333333 0.6712962962962963 0.0078125 0.018518518518518517
0 0.140625 0.8476851851851852 0.008333333333333333 0.019444444444444445
0 0.28828125 0.6402777777777777 0.019270833333333334 0.03425925925925926
0 0.31614583333333335 0.7412037037037037 0.004166666666666667 0.030555555555555555
0 0.6799479166666667 0.762962962962963 0.011979166666666667 0.05185185185185185
0 0.7177083333333333 0.7972222222222223 0.03125 0.05185185185185185
0 0.80859375 0.6476851851851851 0.0140625 0.032407407407407406
0 0.753125 0.7055555555555556 0.010416666666666666 0.022222222222222223
0 0.8372395833333334 0.6939814814814815 0.0067708333333333336 0.023148148148148147
0 0.83046875 0.5773148148148148 0.008854166666666666 0.026851851851851852
0 0.8380208333333333 0.637962962962963 0.005208333333333333 0.014814814814814815
0 0.8505208333333333 0.5560185185185185 0.005208333333333333 0.012037037037037037
0 0.9026041666666667 0.5319444444444444 0.009375 0.023148148148148147
0 0.8169270833333333 0.43425925925925923 0.011979166666666667 0.03333333333333333
0 0.7932291666666667 0.38425925925925924 0.013541666666666667 0.03888888888888889
0 0.728125 0.36018518518518516 0.015625 0.05
0 0.61796875 0.1449074074074074 0.0140625 0.03425925925925926
0 0.7817708333333333 0.2898148148148148 0.00625 0.011111111111111112
0 0.82265625 0.34953703703703703 0.011979166666666667 0.01574074074074074
0 0.8260416666666667 0.3962962962962963 0.007291666666666667 0.012962962962962963
0 0.8372395833333334 0.9717592592592592 0.019270833333333334 0.05462962962962963
0 0.91796875 0.8208333333333333 0.0078125 0.021296296296296296
1 0.5 0.5179541666666666 1.0 0.963686111111111
0 0.15464661458333331 0.21202314814814816 0.009293229166666667 0.037009259259259256
0 0.017712500000000003 0.26786574074074077 0.0073 0.02462037037037037
0 0.010866666666666667 0.33725462962962965 0.00715 0.02821296296296296
0 0.212209375 0.2975337962962963 0.031710416666666665 0.06543796296296296
0 0.21178880208333334 0.21632175925925926 0.011077604166666666 0.09745833333333333
0 0.20289244791666666 0.4686930555555555 0.0162015625 0.03738611111111111
0 0.08595104166666667 0.5758490740740742 0.026068749999999998 0.05910555555555556
0 0.15661015625000002 0.5664842592592593 0.0069703125 0.020005555555555558
0 0.11184713541666666 0.7312337962962963 0.0091109375 0.01802314814814815
0 0.2776802083333333 0.5751222222222222 0.017860416666666667 0.03357777777777778
0 0.2956643229166667 0.6805037037037037 0.005911979166666667 0.031377777777777775
0 0.6520921875 0.8144208333333333 0.014601041666666667 0.05106388888888889
0 0.6847770833333333 0.8607842592592593 0.03309583333333333 0.04934629629629629
0 0.7886500000000001 0.740862037037037 0.013758333333333334 0.033575925925925926
0 0.7293822916666667 0.7811907407407408 0.009806249999999999 0.023492592592592593
0 0.8134575520833334 0.7956037037037037 0.005040104166666667 0.02268888888888889
0 0.8172434895833334 0.6786412037037037 0.010528645833333333 0.025800925925925925
0 0.8193216145833334 0.7397828703703704 0.005309895833333333 0.014750925925925926
0 0.8400411458333333 0.6633347222222222 0.006123958333333333 0.01185462962962963
0 0.8933169270833333 0.6559495370370371 0.008508854166666666 0.023010185185185186
0 0.8182994791666667 0.5332407407407407 0.012640624999999999 0.03314814814814815
0 0.79959375 0.47546990740740747 0.014812500000000001 0.03797685185185185
0 0.73862421875 0.43275416666666666 0.018915104166666665 0.04698981481481482
0 0.6502138020833333 0.18627222222222223 0.013969270833333334 0.035507407407407404
0 0.7980049479166667 0.37934305555555553 0.0064265625 0.012389814814814815
0 0.8326653645833333 0.45231435185185187 0.011164062499999999 0.017591666666666665
0 0.8313755208333333 0.498049537037037 0.007542708333333333 0.01276574074074074
0 0.8797981770833334 0.9451087962962963 0.007513020833333333 0.01984722222222222
1 0.5 0.5222888888888889 1.0 0.9556888888888889
0 0.8484333333333333 0.22218888888888888 0.009366666666666667 0.03697037037037037
0 0.9842789062499999 0.28271666666666667 0.007099479166666667 0.024692592592592592
0 0.9905138020833333 0.3520203703703704 0.007069270833333334 0.028114814814814815
0 0.7898645833333333 0.3058810185185185 0.0318125 0.06546574074074074
0 0.7907229166666667 0.22554305555555557 0.011654166666666667 0.0973824074074074
0 0.7976664062500001 0.4770810185185185 0.016166145833333333 0.037495370370370366
0 0.9130770833333333 0.5886277777777777 0.026154166666666666 0.05873703703703704
0 0.8425947916666666 0.5766087962962962 0.007064583333333333 0.01988425925925926
0 0.88577265625 0.7433546296296296 0.009045312500000001 0.01819074074074074
0 0.7219265625 0.5816611111111111 0.017811458333333332 0.03369259259259259
0 0.7023515625000001 0.6869652777777778 0.005744791666666666 0.03133796296296296
0 0.34519947916666666 0.8098662037037037 0.014357291666666666 0.05121388888888889
0 0.31173802083333335 0.8552023148148149 0.032851041666666664 0.04929351851851852
0 0.20898723958333332 0.7315203703703704 0.013807812499999999 0.033411111111111114
0 0.26796145833333335 0.7737356481481481 0.009881250000000001 0.023397222222222222
0 0.18386041666666667 0.7854333333333333 0.0052208333333333325 0.02271851851851852
0 0.18070807291666666 0.6685263888888889 0.010374479166666667 0.025941666666666665
0 0.1786953125 0.7296106481481481 0.005307291666666667 0.014776851851851852
0 0.15874947916666665 0.6522407407407407 0.006040625 0.011888888888888888
0 0.10534557291666666 0.6439115740740741 0.008607812500000001 0.023008333333333332
0 0.18126979166666668 0.5230879629629629 0.012539583333333333 0.03321296296296296
0 0.20055572916666667 0.4662824074074074 0.014653125 0.038120370370370374
0 0.2624302083333333 0.42553009259259256 0.018610416666666667 0.047356481481481486
0 0.35280598958333337 0.18160416666666665 0.0139453125 0.035430555555555555
0 0.20320885416666667 0.3709537037037037 0.0064177083333333326 0.012277777777777778
0 0.16813072916666666 0.4411222222222222 0.011261458333333333 0.01742962962962963
0 0.16886796874999999 0.48788333333333334 0.007527604166666666 0.012803703703703703
0 0.11575572916666667 0.9331583333333333 0.007553125 0.02002037037037037
1 0.49973958333333335 0.5375 0.9994791666666667 0.9231481481481482
0 0.13151041666666666 0.3226851851851852 0.009895833333333333 0.03611111111111111
0 0.0026041666666666665 0.42083333333333334 0.005208333333333333 0.025
0 0.003125 0.49027777777777776 0.00625 0.026851851851851852
0 0.19635416666666666 0.38981481481481484 0.03229166666666667 0.06481481481481481
0 0.18776041666666668 0.30972222222222223 0.0171875 0.09537037037037037
0 0.203125 0.5606481481481481 0.015625 0.03796296296296296
0 0.09895833333333333 0.7032407407407407 0.027083333333333334 0.05462962962962963
0 0.16848958333333333 0.6712962962962963 0.0078125 0.018518518518518517
0 0.140625 0.8476851851851852 0.008333333333333333 0.019444444444444445
0 0.28828125 0.6402777777777777 0.019270833333333334 0.03425925925925926
0 0.31614583333333335 0.7412037037037037 0.004166666666666667 0.030555555555555555
0 0.6799479166666667 0.762962962962963 0.011979166666666667 0.05185185185185185
0 0.7177083333333333 0.7972222222222223 0.03125 0.05185185185185185
0 0.80859375 0.6476851851851851 0.0140625 0.032407407407407406
0 0.753125 0.7055555555555556 0.010416666666666666 0.022222222222222223
0 0.8372395833333334 0.6939814814814815 0.0067708333333333336 0.023148148148148147
0 0.83046875 0.5773148148148148 0.008854166666666666 0.026851851851851852
0 0.8380208333333333 0.637962962962963 0.005208333333333333 0.014814814814814815
0 0.8505208333333333 0.5560185185185185 0.005208333333333333 0.012037037037037037
0 0.9026041666666667 0.5319444444444444 0.009375 0.023148148148148147
0 0.8169270833333333 0.43425925925925923 0.011979166666666667 0.03333333333333333
0 0.7932291666666667 0.38425925925925924 0.013541666666666667 0.03888888888888889
0 0.728125 0.36018518518518516 0.015625 0.05
0 0.61796875 0.1449074074074074 0.0140625 0.03425925925925926
0 0.7817708333333333 0.2898148148148148 0.00625 0.011111111111111112
0 0.82265625 0.34953703703703703 0.011979166666666667 0.01574074074074074
0 0.8260416666666667 0.3962962962962963 0.007291666666666667 0.012962962962962963
0 0.8372395833333334 0.9717592592592592 0.019270833333333334 0.05462962962962963
0 0.91796875 0.8208333333333333 0.0078125 0.021296296296296296
1 0.5 0.5179541666666666 1.0 0.963686111111111
0 0.15464661458333331 0.21202314814814816 0.009293229166666667 0.037009259259259256
0 0.017712500000000003 0.26786574074074077 0.0073 0.02462037037037037
0 0.010866666666666667 0.33725462962962965 0.00715 0.02821296296296296
0 0.212209375 0.2975337962962963 0.031710416666666665 0.06543796296296296
0 0.21178880208333334 0.21632175925925926 0.011077604166666666 0.09745833333333333
0 0.20289244791666666 0.4686930555555555 0.0162015625 0.03738611111111111
0 0.08595104166666667 0.5758490740740742 0.026068749999999998 0.05910555555555556
0 0.15661015625000002 0.5664842592592593 0.0069703125 0.020005555555555558
0 0.11184713541666666 0.7312337962962963 0.0091109375 0.01802314814814815
0 0.2776802083333333 0.5751222222222222 0.017860416666666667 0.03357777777777778
0 0.2956643229166667 0.6805037037037037 0.005911979166666667 0.031377777777777775
0 0.6520921875 0.8144208333333333 0.014601041666666667 0.05106388888888889
0 0.6847770833333333 0.8607842592592593 0.03309583333333333 0.04934629629629629
0 0.7886500000000001 0.740862037037037 0.013758333333333334 0.033575925925925926
0 0.7293822916666667 0.7811907407407408 0.009806249999999999 0.023492592592592593
0 0.8134575520833334 0.7956037037037037 0.005040104166666667 0.02268888888888889
0 0.8172434895833334 0.6786412037037037 0.010528645833333333 0.025800925925925925
0 0.8193216145833334 0.7397828703703704 0.005309895833333333 0.014750925925925926
0 0.8400411458333333 0.6633347222222222 0.006123958333333333 0.01185462962962963
0 0.8933169270833333 0.6559495370370371 0.008508854166666666 0.023010185185185186
0 0.8182994791666667 0.5332407407407407 0.012640624999999999 0.03314814814814815
0 0.79959375 0.47546990740740747 0.014812500000000001 0.03797685185185185
0 0.73862421875 0.43275416666666666 0.018915104166666665 0.04698981481481482
0 0.6502138020833333 0.18627222222222223 0.013969270833333334 0.035507407407407404
0 0.7980049479166667 0.37934305555555553 0.0064265625 0.012389814814814815
0 0.8326653645833333 0.45231435185185187 0.011164062499999999 0.017591666666666665
0 0.8313755208333333 0.498049537037037 0.007542708333333333 0.01276574074074074
0 0.8797981770833334 0.9451087962962963 0.007513020833333333 0.01984722222222222
