1 0.5244791666666667 0.5976851851851852 0.95 0.8027777777777778
0 0.5677083333333334 0.49722222222222223 0.03229166666666667 0.018518518518518517
0 0.8268229166666666 0.7935185185185185 0.0140625 0.03518518518518519
0 0.9643229166666667 0.7412037037037037 0.009895833333333333 0.025
0 0.8052083333333333 0.9782407407407407 0.008333333333333333 0.026851851851851852
0 0.7466145833333333 0.9152777777777777 0.009895833333333333 0.03611111111111111
0 0.8119791666666667 0.35 0.004166666666666667 0.007407407407407408
0 0.5286458333333334 0.3143518518518518 0.00625 0.013888888888888888
0 0.5260416666666666 0.6546296296296297 0.009375 0.024074074074074074
0 0.51171875 0.3990740740740741 0.005729166666666666 0.014814814814814815
0 0.34348958333333335 0.8532407407407407 0.0046875 0.008333333333333333
0 0.590625 0.9898148148148148 0.017708333333333333 0.014814814814814815
0 0.28802083333333334 0.9083333333333333 0.010416666666666666 0.018518518518518517
1 0.4788479166666667 0.5922449074074074 0.9576958333333334 0.8159712962962963
0 0.43257942708333336 0.5058347222222223 0.0328671875 0.01537314814814815
0 0.18564765625 0.8333550925925926 0.0150453125 0.0352287037037037
0 0.046221093750000004 0.7987097222222223 0.009108854166666668 0.02519722222222222
0 0.27000963541666667 0.9449925925925926 0.010852604166666667 0.03628148148148148
0 0.18288020833333332 0.38910601851851856 0.004302083333333333 0.007841666666666667
0 0.46418203125 0.3180384259259259 0.0064890625 0.013854629629629628
0 0.48014244791666666 0.657636574074074 0.009243229166666667 0.02453240740740741
0 0.48398046874999995 0.4011018518518519 0.0054609375 0.015166666666666665
0 0.6701190104166667 0.8326018518518519 0.0048213541666666665 0.007796296296296296
0 0.42873333333333336 0.9964541666666666 0.01788333333333333 0.007723148148148147
0 0.7271614583333333 0.8808236111111111 0.010572916666666666 0.01905462962962963
1 0.4737036458333333 0.5833671296296296 0.9474072916666666 0.833400925925926
0 0.4331625 0.4822689814814815 0.030908333333333333 0.023797222222222223
0 0.15562369791666666 0.7210523148148148 0.0122890625 0.03469722222222222
0 0.022244270833333336 0.6386069444444444 0.011155208333333333 0.025362037037037037
0 0.16387265625 0.9090912037037037 0.007953645833333333 0.027441666666666666
0 0.22653776041666665 0.8584361111111111 0.011408854166666668 0.03539074074074074
0 0.20050520833333335 0.284287962962963 0.004135416666666667 0.007464814814814814
0 0.48383098958333337 0.3096703703703704 0.006203645833333333 0.013785185185185185
0 0.4630809895833333 0.6476069444444444 0.0094953125 0.022991666666666667
0 0.49525286458333334 0.3968287037037037 0.006130729166666667 0.014027777777777778
0 0.6310989583333334 0.8842166666666667 0.00490625 0.009174074074074074
0 0.3768268229166667 0.9663856481481482 0.0171953125 0.01425277777777778
0 0.6819859375 0.9513796296296296 0.010846875 0.017574074074074075
1 0.5244791666666667 0.5976851851851852 0.95 0.8027777777777778
0 0.5677083333333334 0.49722222222222223 0.03229166666666667 0.018518518518518517
0 0.8268229166666666 0.7935185185185185 0.0140625 0.03518518518518519
0 0.9643229166666667 0.7412037037037037 0.009895833333333333 0.025
0 0.8052083333333333 0.9782407407407407 0.008333333333333333 0.026851851851851852
0 0.7466145833333333 0.9152777777777777 0.009895833333333333 0.03611111111111111
0 0.8119791666666667 0.35 0.004166666666666667 0.007407407407407408
0 0.5286458333333334 0.3143518518518518 0.00625 0.013888888888888888
0 0.5260416666666666 0.6546296296296297 0.009375 0.024074074074074074
0 0.51171875 0.3990740740740741 0.005729166666666666 0.014814814814814815
0 0.34348958333333335 0.8532407407407407 0.0046875 0.008333333333333333
0 0.590625 0.9898148148148148 0.017708333333333333 0.014814814814814815
0 0.28802083333333334 0.9083333333333333 0.010416666666666666 0.018518518518518517
1 0.4788479166666667 0.5922449074074074 0.9576958333333334 0.8159712962962963
0 0.43257942708333336 0.5058347222222223 0.0328671875 0.01537314814814815
0 0.18564765625 0.8333550925925926 0.0150453125 0.0352287037037037
0 0.046221093750000004 0.7987097222222223 0.009108854166666668 0.02519722222222222
0 0.27000963541666667 0.9449925925925926 0.010852604166666667 0.03628148148148148
0 0.18288020833333332 0.38910601851851856 0.004302083333333333 0.007841666666666667
0 0.46418203125 0.3180384259259259 0.0064890625 0.013854629629629628
0 0.48014244791666666 0.657636574074074 0.009243229166666667 0.02453240740740741
0 0.48398046874999995 0.4011018518518519 0.0054609375 0.015166666666666665
0 0.6701190104166667 0.8326018518518519 0.0048213541666666665 0.007796296296296296
0 0.42873333333333336 0.9964541666666666 0.01788333333333333 0.007723148148148147
0 0.7271614583333333 0.8808236111111111 0.010572916666666666 0.01905462962962963
1 0.4737036458333333 0.5833671296296296 0.9474072916666666 0.833400925925926
0 0.4331625 0.4822689814814815 0.030908333333333333 0.023797222222222223
0 0.15562369791666666 0.7210523148148148 0.0122890625 0.03469722222222222
0 0.022244270833333336 0.6386069444444444 0.011155208333333333 0.025362037037037037
0 0.16387265625 0.9090912037037037 0.007953645833333333 0.027441666666666666
0 0.22653776041666665 0.8584361111111111 0.011408854166666668 0.03539074074074074
0 0.20050520833333335 0.284287962962963 0.004135416666666667 0.007464814814814814
0 0.48383098958333337 0.3096703703703704 0.006203645833333333 0.013785185185185185
0 0.4630809895833333 0.6476069444444444 0.0094953125 0.022991666666666667
0 0.49525286458333334 0.3968287037037037 0.006130729166666667 0.014027777777777778
0 0.6310989583333334 0.8842166666666667 0.00490625 0.009174074074074074
0 0.3768268229166667 0.9663856481481482 0.0171953125 0.01425277777777778
0 0.6819859375 0.9513796296296296 0.010846875 0.017574074074074075
