1 0.5 0.5498421296296296 1.0 0.8996842592592592
0 0.6804895833333333 0.4242587962962963 0.017229166666666667 0.02629537037037037
0 0.40875859375 0.4555189814814815 0.01855885416666667 0.022149074074074074
0 0.3519265625 0.2689212962962963 0.053853124999999995 0.03599074074074074
0 0.057409375 0.8246981481481481 0.01690208333333333 0.04569259259259259
1 0.49973958333333335 0.549074074074074 0.9994791666666667 0.9
0 0.3229166666666667 0.4023148148148148 0.017708333333333333 0.025
0 0.5927083333333333 0.4671296296296296 0.01875 0.021296296296296296
0 0.6567708333333333 0.28888888888888886 0.05416666666666667 0.03148148148148148
0 0.9286458333333333 0.8787037037037037 0.017708333333333333 0.044444444444444446
1 0.5 0.5148194444444444 1.0 0.9703796296296296
0 0.6647872395833333 0.3484629629629629 0.0191578125 0.022851851851851852
0 0.40582760416666663 0.4973240740740741 0.018946875 0.01872222222222222
0 0.32533541666666665 0.3431537037037037 0.053795833333333334 0.0289
0 0.11136197916666667 0.9924439814814815 0.012307291666666666 0.014517592592592592
1 0.5 0.5498421296296296 1.0 0.8996842592592592
0 0.6804895833333333 0.4242587962962963 0.017229166666666667 0.02629537037037037
0 0.40875859375 0.4555189814814815 0.01855885416666667 0.022149074074074074
0 0.3519265625 0.2689212962962963 0.053853124999999995 0.03599074074074074
0 0.057409375 0.8246981481481481 0.01690208333333333 0.04569259259259259
1 0.49973958333333335 0.549074074074074 0.9994791666666667 0.9
0 0.3229166666666667 0.4023148148148148 0.017708333333333333 0.025
0 0.5927083333333333 0.4671296296296296 0.01875 0.021296296296296296
0 0.6567708333333333 0.28888888888888886 0.05416666666666667 0.03148148148148148
0 0.9286458333333333 0.8787037037037037 0.017708333333333333 0.044444444444444446
1 0.5 0.5148194444444444 1.0 0.9703796296296296
0 0.6647872395833333 0.3484629629629629 0.0191578125 0.022851851851851852
0 0.40582760416666663 0.4973240740740741 0.018946875 0.01872222222222222
0 0.32533541666666665 0.3431537037037037 0.053795833333333334 0.0289
0 0.11136197916666667 0.9924439814814815 0.012307291666666666 0.014517592592592592
1 0.5 0.5498421296296296 1.0 0.8996842592592592
0 0.6804895833333333 0.4242587962962963 0.017229166666666667 0.02629537037037037
0 0.40875859375 0.4555189814814815 0.01855885416666667 0.022149074074074074
0 0.3519265625 0.2689212962962963 0.053853124999999995 0.03599074074074074
0 0.057409375 0.8246981481481481 0.01690208333333333 0.04569259259259259
1 0.49973958333333335 0.549074074074074 0.9994791666666667 0.9
0 0.3229166666666667 0.4023148148148148 0.017708333333333333 0.025
0 0.5927083333333333 0.4671296296296296 0.01875 0.021296296296296296
0 0.6567708333333333 0.28888888888888886 0.05416666666666667 0.03148148148148148
0 0.9286458333333333 0.8787037037037037 0.017708333333333333 0.044444444444444446
1 0.5 0.5148194444444444 1.0 0.9703796296296296
0 0.6647872395833333 0.3484629629629629 0.0191578125 0.022851851851851852
0 0.40582760416666663 0.4973240740740741 0.018946875 0.01872222222222222
0 0.32533541666666665 0.3431537037037037 0.053795833333333334 0.0289
0 0.11136197916666667 0.9924439814814815 0.012307291666666666 0.014517592592592592
