0 0.5 0.5 1.0 1.0
0 0.5 0.4836333333333333 1.0 0.9672666666666666
0 0.5 0.48240324074074076 1.0 0.9648064814814815
0 0.5 0.48091018518518525 1.0 0.9618203703703705
0 0.8585197916666666 0.8740787037037037 0.015997916666666667 0.04260185185185185
0 0.9847028645833333 0.5851592592592593 0.0089890625 0.024022222222222223
0 0.8799239583333333 0.6462287037037038 0.01505625 0.040605555555555554
0 0.9327205729166667 0.3690425925925926 0.012316145833333332 0.04364074074074074
0 0.9257164062500001 0.49827407407407404 0.014974479166666667 0.04284444444444444
0 0.7180856770833334 0.9194662037037037 0.015338020833333334 0.031525
0 0.7021778645833333 0.8629763888888888 0.010605729166666666 0.03706388888888889
0 0.6757940104166666 0.919426388888889 0.010963020833333333 0.024037962962962962
0 0.4474080729166667 0.6495263888888889 0.019816145833333333 0.03423796296296296
0 0.19526302083333333 0.08798703703703703 0.028026041666666668 0.17597407407407406
0 0.14076015625 0.11418750000000001 0.015895312499999998 0.03393055555555556
0 0.09239869791666666 0.12011990740740741 0.0327140625 0.10505462962962964
0 0.85000390625 0.09163333333333333 0.007299479166666667 0.011044444444444445
0 0.7893263020833333 0.08891064814814814 0.015110937500000001 0.03337685185185185
0 0.9671320312499999 0.10144305555555555 0.013430729166666665 0.02881203703703704
0 0.10289114583333332 0.7954249999999999 0.009948958333333334 0.02418333333333333
0 0.16408463541666668 0.5768675925925927 0.009419270833333333 0.005587037037037037
0 0.1575609375 0.5833166666666666 0.0015802083333333332 0.005522222222222223
0 0.0892765625 0.5351833333333333 0.012928125 0.02592222222222222
0 0.08333203125000001 0.6559587962962964 0.017705729166666666 0.039695370370370374
0 0.2780875 0.558875 0.016591666666666668 0.02886111111111111
0 0.4372138020833333 0.37677777777777777 0.015052604166666667 0.01651851851851852
0 0.4177484375 0.3014601851851852 0.009455208333333333 0.015883333333333333
0 0.3571859375 0.3971462962962963 0.016455208333333336 0.04058888888888889
0 0.25624401041666667 0.44623703703703704 0.017696354166666664 0.03506666666666667
0 0.6512372395833333 0.413487037037037 0.014974479166666667 0.047344444444444446
0 0.6106028645833333 0.4670865740740741 0.020164062500000003 0.036024999999999995
0 0.16044088541666665 0.28790787037037036 0.04171510416666667 0.0887787037037037
0 0.43333203124999997 0.0813912037037037 0.018747395833333333 0.018337962962962962
0 0.38565364583333334 0.07546203703703704 0.007765625 0.013887037037037036
0 0.46266223958333336 0.13789490740740742 0.016991145833333332 0.046160185185185186
0 0.38203020833333334 0.10885972222222222 0.013018749999999999 0.017719444444444444
0 0.43620651041666664 0.8342259259259259 0.0078296875 0.011044444444444445
0 0.43033020833333335 0.8637819444444444 0.011702083333333333 0.025712037037037037
0 0.6189416666666666 0.552825 0.007675 0.01490925925925926
0 0.5861604166666667 0.5782546296296296 0.016070833333333333 0.032435185185185185
0 0.66328984375 0.7823824074074074 0.005746354166666666 0.01106111111111111
0 0.16203333333333333 0.44399675925925924 0.006358333333333333 0.013919444444444444
0 0.11430390625 0.3995356481481481 0.0098578125 0.015737962962962964
0 0.129709375 0.4744634259259259 0.011502083333333333 0.013741666666666666
0 0.17869036458333334 0.5027921296296296 0.010505729166666667 0.02595462962962963
0 0.1018171875 0.5078115740740741 0.015092708333333335 0.02673425925925926
0 0.20006223958333333 0.33142962962962963 0.019916145833333333 0.044340740740740736
0 0.15549869791666668 0.1870273148148148 0.023497395833333334 0.022202777777777776
0 0.4348765625 0.15051018518518516 0.013503125 0.01953888888888889
0 0.355153125 0.18108148148148148 0.008222916666666667 0.01957037037037037
0 0.3218697916666667 0.16899629629629628 0.008322916666666668 0.017622222222222223
0 0.08735703125000001 0.267525462962963 0.010130729166666666 0.03134722222222222
0 0.5218971354166667 0.39120185185185186 0.006294270833333334 0.024996296296296294
0 0.34038645833333336 0.21151666666666666 0.01098125 0.008218518518518517
0 0.022746354166666666 0.0475787037037037 0.009034375 0.01923148148148148
0 0.5820940104166666 0.43463101851851854 0.013146354166666667 0.032225
0 0.9503234375 0.8522444444444445 0.09439687499999999 0.13411851851851853
0 0.6931244791666666 0.6481555555555556 0.007082291666666667 0.007422222222222222
0 0.6896010416666667 0.6404800925925925 0.00524375 0.008737962962962963
0 0.9654361979166667 0.7299777777777777 0.013164062499999999 0.02291851851851852
0 0.5 0.5 1.0 1.0
0 0.5 0.48070462962962957 1.0 0.9614092592592591
0 0.5 0.48059166666666664 1.0 0.9611833333333333
0 0.5 0.47883518518518525 1.0 0.9576703703703705
0 0.8845622395833334 0.7821921296296297 0.017041145833333333 0.04216203703703703
0 0.9871114583333332 0.46396851851851856 0.008597916666666667 0.024233333333333332
0 0.8878627604166667 0.550299537037037 0.015308854166666667 0.041339814814814815
0 0.9176674479166667 0.2637384259259259 0.0145015625 0.042291666666666665
0 0.921540625 0.39290833333333336 0.015997916666666667 0.04137222222222223
0 0.748578125 0.8617273148148148 0.014864583333333332 0.03271388888888889
0 0.7290046875 0.8090083333333333 0.009051041666666667 0.036535185185185184
0 0.7068953125 0.8722453703703703 0.010665625000000001 0.024120370370370372
0 0.4597268229166667 0.6605768518518519 0.01945364583333333 0.03411666666666666
0 0.16575182291666665 0.16214166666666666 0.03775364583333333 0.17983888888888888
0 0.11409375000000001 0.20701944444444442 0.013604166666666667 0.03626111111111111
0 0.0650546875 0.2239162037037037 0.029067708333333334 0.10894351851851852
0 0.8141622395833333 0.008517592592592592 0.007491145833333333 0.01147962962962963
0 0.7538182291666666 0.020561574074074072 0.014928124999999999 0.03556759259259259
0 0.1300015625 0.8897814814814815 0.010003125 0.024007407407407408
0 0.17376458333333333 0.6590462962962963 0.0089875 0.006981481481481482
0 0.16737864583333334 0.6667587962962963 0.0014239583333333333 0.005739814814814815
0 0.09584166666666666 0.6369402777777777 0.013558333333333334 0.02573240740740741
0 0.09969869791666668 0.7571912037037036 0.018147395833333337 0.040308333333333335
0 0.28508750000000005 0.6124333333333334 0.01705 0.02857037037037037
0 0.4287421875 0.3934898148148148 0.014776041666666666 0.01846111111111111
0 0.4032486979166666 0.3238912037037037 0.009622395833333333 0.016300925925925927
0 0.35066770833333333 0.4327634259259259 0.018002083333333332 0.041452777777777776
0 0.25465312500000004 0.5071967592592593 0.017639583333333334 0.03661574074074074
0 0.6430768229166667 0.3776134259259259 0.01740364583333333 0.045967592592592595
0 0.6069424479166667 0.43949953703703704 0.0211765625 0.036406481481481484
0 0.14757083333333335 0.37542731481481484 0.040975 0.09159537037037037
0 0.400971875 0.10147731481481481 0.018610416666666667 0.019621296296296296
0 0.3535151041666667 0.10781851851851852 0.008071875 0.013785185185185185
0 0.43421197916666665 0.1496912037037037 0.014257291666666666 0.047530555555555555
0 0.35281614583333337 0.1413074074074074 0.012923958333333334 0.0178
0 0.4628583333333333 0.8464805555555556 0.008008333333333333 0.01147962962962963
0 0.4593640625 0.8766111111111111 0.011436458333333333 0.027296296296296298
0 0.6220614583333333 0.5232055555555556 0.00870625 0.014929629629629628
0 0.5921208333333333 0.5548587962962962 0.016533333333333334 0.03193981481481481
0 0.6835088541666666 0.7390166666666667 0.005559375 0.011366666666666667
0 0.16084166666666666 0.5277708333333333 0.006058333333333333 0.014800925925925926
0 0.11024635416666667 0.49577453703703706 0.010076041666666667 0.01562314814814815
0 0.13146119791666666 0.5648078703703703 0.011880729166666666 0.014800925925925926
0 0.18185885416666667 0.5821981481481482 0.010592708333333334 0.025507407407407406
0 0.1064859375 0.6063134259259259 0.015055208333333332 0.027441666666666666
0 0.1890653645833333 0.40733148148148146 0.01875572916666667 0.046144444444444446
0 0.13432578125 0.275425 0.022818229166666665 0.023072222222222223
0 0.4078890625 0.16913472222222223 0.013694791666666668 0.019750925925925925
0 0.33159973958333333 0.22030972222222223 0.0090328125 0.01839722222222222
0 0.29791744791666663 0.2156634259259259 0.008334895833333333 0.018363888888888888
0 0.07314010416666666 0.3716305555555555 0.009821875 0.03215
0 0.5131114583333333 0.3869324074074074 0.007472916666666667 0.02571666666666667
0 0.3193317708333333 0.253299537037037 0.010538541666666668 0.010302777777777779
0 0.5769966145833333 0.41485185185185186 0.013368229166666667 0.033407407407407406
0 0.9649776041666667 0.7383189814814815 0.06953854166666668 0.1414527777777778
0 0.7026575520833334 0.5986282407407407 0.0073984375 0.008367592592592593
0 0.6988119791666667 0.5931324074074074 0.004915625000000001 0.008487037037037038
0 0.9789614583333334 0.6122777777777778 0.012089583333333332 0.024555555555555556
0 0.49973958333333335 0.49953703703703706 0.9994791666666667 0.9990740740740741
0 0.49973958333333335 0.5185185185185185 0.9994791666666667 0.9611111111111111
0 0.49973958333333335 0.5189814814814815 0.9994791666666667 0.9601851851851851
0 0.49973958333333335 0.5208333333333334 0.9994791666666667 0.9564814814814815
0 0.13776041666666666 0.13703703703703704 0.016145833333333335 0.04259259259259259
0 0.014322916666666666 0.42962962962962964 0.008854166666666666 0.024074074074074074
0 0.11848958333333333 0.36574074074074076 0.015104166666666667 0.040740740740740744
0 0.06875 0.6439814814814815 0.0125 0.04351851851851852
0 0.07421875 0.5148148148148148 0.015104166666666667 0.04259259259259259
0 0.27786458333333336 0.08703703703703704 0.015104166666666667 0.03148148148148148
0 0.2942708333333333 0.14351851851851852 0.010416666666666666 0.037037037037037035
0 0.32005208333333335 0.08611111111111111 0.0109375 0.024074074074074074
0 0.5510416666666667 0.3486111111111111 0.019791666666666666 0.03425925925925926
0 0.8088541666666667 0.9069444444444444 0.029166666666666667 0.18425925925925926
0 0.8630208333333333 0.874537037037037 0.015625 0.03425925925925926
0 0.9114583333333334 0.8675925925925926 0.03229166666666667 0.10555555555555556
0 0.15416666666666667 0.9194444444444444 0.007291666666666667 0.011111111111111112
0 0.21484375 0.9203703703703704 0.015104166666666667 0.03333333333333333
0 0.03697916666666667 0.9125 0.013541666666666667 0.028703703703703703
0 0.8940104166666667 0.1925925925925926 0.009895833333333333 0.024074074074074074
0 0.8348958333333333 0.412962962962963 0.009375 0.005555555555555556
0 0.84140625 0.4064814814814815 0.0015625 0.005555555555555556
0 0.91015625 0.45185185185185184 0.013020833333333334 0.025925925925925925
0 0.9151041666666667 0.33101851851851855 0.017708333333333333 0.03981481481481482
0 0.7213541666666666 0.43472222222222223 0.016666666666666666 0.028703703703703703
0 0.5637669270833333 0.6212962962962963 0.015033854166666666 0.016666666666666666
0 0.584375 0.6958333333333333 0.009375 0.01574074074074074
0 0.64375 0.5981481481481481 0.016666666666666666 0.040740740740740744
0 0.7442708333333333 0.5462962962962963 0.017708333333333333 0.03518518518518519
0 0.3497395833333333 0.5912037037037037 0.015104166666666667 0.04722222222222222
0 0.38984375 0.5365740740740741 0.0203125 0.03611111111111111
0 0.8416666666666667 0.700925925925926 0.041666666666666664 0.08888888888888889
0 0.5708333333333333 0.9166666666666666 0.01875 0.018518518518518517
0 0.6184895833333334 0.9208333333333333 0.0078125 0.013888888888888888
0 0.5411458333333333 0.8611111111111112 0.016666666666666666 0.046296296296296294
0 0.6216145833333333 0.8875 0.013020833333333334 0.017592592592592594
0 0.5606770833333333 0.1638888888888889 0.0078125 0.011111111111111112
0 0.5661458333333333 0.13425925925925927 0.011458333333333333 0.025925925925925925
0 0.38046875 0.45092592592592595 0.0078125 0.014814814814814815
0 0.4127604166666667 0.42453703703703705 0.016145833333333335 0.032407407407407406
0 0.3341145833333333 0.22314814814814815 0.005729166666666666 0.011111111111111112
0 0.8385416666666666 0.5458333333333333 0.00625 0.013888888888888888
0 0.88671875 0.5884259259259259 0.009895833333333333 0.01574074074074074
0 0.8703125 0.5143518518518518 0.011458333333333333 0.013888888888888888
0 0.8213541666666667 0.48703703703703705 0.010416666666666666 0.025925925925925925
0 0.8981770833333333 0.48009259259259257 0.015104166666666667 0.026851851851851852
0 0.8015625 0.6592592592592592 0.019791666666666666 0.044444444444444446
0 0.84765625 0.8018518518518518 0.0234375 0.022222222222222223
0 0.56875 0.8476851851851852 0.013541666666666667 0.019444444444444445
0 0.6479166666666667 0.8143518518518519 0.008333333333333333 0.019444444444444445
0 0.68125 0.825462962962963 0.008333333333333333 0.017592592592592594
0 0.91484375 0.7194444444444444 0.009895833333333333 0.03148148148148148
0 0.4791666666666667 0.6097222222222223 0.00625 0.025
0 0.6622395833333333 0.7837962962962963 0.0109375 0.008333333333333333
0 0.9815104166666667 0.9375 0.008854166666666666 0.019444444444444445
0 0.41848958333333336 0.5680555555555555 0.013020833333333334 0.032407407407407406
0 0.046614583333333334 0.1625 0.09322916666666667 0.1361111111111111
0 0.30564817708333336 0.35833333333333334 0.0071296875 0.007407407407407408
0 0.30885416666666665 0.36546296296296293 0.005208333333333333 0.008703703703703705
0 0.032552083333333336 0.2847222222222222 0.013020833333333334 0.023148148148148147
0 0.5 0.5 1.0 1.0
0 0.5 0.4836333333333333 1.0 0.9672666666666666
0 0.5 0.48240324074074076 1.0 0.9648064814814815
0 0.5 0.48091018518518525 1.0 0.9618203703703705
0 0.8585197916666666 0.8740787037037037 0.015997916666666667 0.04260185185185185
0 0.9847028645833333 0.5851592592592593 0.0089890625 0.024022222222222223
0 0.8799239583333333 0.6462287037037038 0.01505625 0.040605555555555554
0 0.9327205729166667 0.3690425925925926 0.012316145833333332 0.04364074074074074
0 0.9257164062500001 0.49827407407407404 0.014974479166666667 0.04284444444444444
0 0.7180856770833334 0.9194662037037037 0.015338020833333334 0.031525
0 0.7021778645833333 0.8629763888888888 0.010605729166666666 0.03706388888888889
0 0.6757940104166666 0.919426388888889 0.010963020833333333 0.024037962962962962
0 0.4474080729166667 0.6495263888888889 0.019816145833333333 0.03423796296296296
0 0.19526302083333333 0.08798703703703703 0.028026041666666668 0.17597407407407406
0 0.14076015625 0.11418750000000001 0.015895312499999998 0.03393055555555556
0 0.09239869791666666 0.12011990740740741 0.0327140625 0.10505462962962964
0 0.85000390625 0.09163333333333333 0.007299479166666667 0.011044444444444445
0 0.7893263020833333 0.08891064814814814 0.015110937500000001 0.03337685185185185
0 0.9671320312499999 0.10144305555555555 0.013430729166666665 0.02881203703703704
0 0.10289114583333332 0.7954249999999999 0.009948958333333334 0.02418333333333333
0 0.16408463541666668 0.5768675925925927 0.009419270833333333 0.005587037037037037
0 0.1575609375 0.5833166666666666 0.0015802083333333332 0.005522222222222223
0 0.0892765625 0.5351833333333333 0.012928125 0.02592222222222222
0 0.08333203125000001 0.6559587962962964 0.017705729166666666 0.039695370370370374
0 0.2780875 0.558875 0.016591666666666668 0.02886111111111111
0 0.4372138020833333 0.37677777777777777 0.015052604166666667 0.01651851851851852
0 0.4177484375 0.3014601851851852 0.009455208333333333 0.015883333333333333
0 0.3571859375 0.3971462962962963 0.016455208333333336 0.04058888888888889
0 0.25624401041666667 0.44623703703703704 0.017696354166666664 0.03506666666666667
0 0.6512372395833333 0.413487037037037 0.014974479166666667 0.047344444444444446
0 0.6106028645833333 0.4670865740740741 0.020164062500000003 0.036024999999999995
0 0.16044088541666665 0.28790787037037036 0.04171510416666667 0.0887787037037037
0 0.43333203124999997 0.0813912037037037 0.018747395833333333 0.018337962962962962
0 0.38565364583333334 0.07546203703703704 0.007765625 0.013887037037037036
0 0.46266223958333336 0.13789490740740742 0.016991145833333332 0.046160185185185186
0 0.38203020833333334 0.10885972222222222 0.013018749999999999 0.017719444444444444
0 0.43620651041666664 0.8342259259259259 0.0078296875 0.011044444444444445
0 0.43033020833333335 0.8637819444444444 0.011702083333333333 0.025712037037037037
0 0.6189416666666666 0.552825 0.007675 0.01490925925925926
0 0.5861604166666667 0.5782546296296296 0.016070833333333333 0.032435185185185185
0 0.66328984375 0.7823824074074074 0.005746354166666666 0.01106111111111111
0 0.16203333333333333 0.44399675925925924 0.006358333333333333 0.013919444444444444
0 0.11430390625 0.3995356481481481 0.0098578125 0.015737962962962964
0 0.129709375 0.4744634259259259 0.011502083333333333 0.013741666666666666
0 0.17869036458333334 0.5027921296296296 0.010505729166666667 0.02595462962962963
0 0.1018171875 0.5078115740740741 0.015092708333333335 0.02673425925925926
0 0.20006223958333333 0.33142962962962963 0.019916145833333333 0.044340740740740736
0 0.15549869791666668 0.1870273148148148 0.023497395833333334 0.022202777777777776
0 0.4348765625 0.15051018518518516 0.013503125 0.01953888888888889
0 0.355153125 0.18108148148148148 0.008222916666666667 0.01957037037037037
0 0.3218697916666667 0.16899629629629628 0.008322916666666668 0.017622222222222223
0 0.08735703125000001 0.267525462962963 0.010130729166666666 0.03134722222222222
0 0.5218971354166667 0.39120185185185186 0.006294270833333334 0.024996296296296294
0 0.34038645833333336 0.21151666666666666 0.01098125 0.008218518518518517
0 0.022746354166666666 0.0475787037037037 0.009034375 0.01923148148148148
0 0.5820940104166666 0.43463101851851854 0.013146354166666667 0.032225
0 0.9503234375 0.8522444444444445 0.09439687499999999 0.13411851851851853
0 0.6931244791666666 0.6481555555555556 0.007082291666666667 0.007422222222222222
0 0.6896010416666667 0.6404800925925925 0.00524375 0.008737962962962963
0 0.9654361979166667 0.7299777777777777 0.013164062499999999 0.02291851851851852
0 0.5 0.5 1.0 1.0
0 0.5 0.48070462962962957 1.0 0.9614092592592591
0 0.5 0.48059166666666664 1.0 0.9611833333333333
0 0.5 0.47883518518518525 1.0 0.9576703703703705
0 0.8845622395833334 0.7821921296296297 0.017041145833333333 0.04216203703703703
0 0.9871114583333332 0.46396851851851856 0.008597916666666667 0.024233333333333332
0 0.8878627604166667 0.550299537037037 0.015308854166666667 0.041339814814814815
0 0.9176674479166667 0.2637384259259259 0.0145015625 0.042291666666666665
0 0.921540625 0.39290833333333336 0.015997916666666667 0.04137222222222223
0 0.748578125 0.8617273148148148 0.014864583333333332 0.03271388888888889
0 0.7290046875 0.8090083333333333 0.009051041666666667 0.036535185185185184
0 0.7068953125 0.8722453703703703 0.010665625000000001 0.024120370370370372
0 0.4597268229166667 0.6605768518518519 0.01945364583333333 0.03411666666666666
0 0.16575182291666665 0.16214166666666666 0.03775364583333333 0.17983888888888888
0 0.11409375000000001 0.20701944444444442 0.013604166666666667 0.03626111111111111
0 0.0650546875 0.2239162037037037 0.029067708333333334 0.10894351851851852
0 0.8141622395833333 0.008517592592592592 0.007491145833333333 0.01147962962962963
0 0.7538182291666666 0.020561574074074072 0.014928124999999999 0.03556759259259259
0 0.1300015625 0.8897814814814815 0.010003125 0.024007407407407408
0 0.17376458333333333 0.6590462962962963 0.0089875 0.006981481481481482
0 0.16737864583333334 0.6667587962962963 0.0014239583333333333 0.005739814814814815
0 0.09584166666666666 0.6369402777777777 0.013558333333333334 0.02573240740740741
0 0.09969869791666668 0.7571912037037036 0.018147395833333337 0.040308333333333335
0 0.28508750000000005 0.6124333333333334 0.01705 0.02857037037037037
0 0.4287421875 0.3934898148148148 0.014776041666666666 0.01846111111111111
0 0.4032486979166666 0.3238912037037037 0.009622395833333333 0.016300925925925927
0 0.35066770833333333 0.4327634259259259 0.018002083333333332 0.041452777777777776
0 0.25465312500000004 0.5071967592592593 0.017639583333333334 0.03661574074074074
0 0.6430768229166667 0.3776134259259259 0.01740364583333333 0.045967592592592595
0 0.6069424479166667 0.43949953703703704 0.0211765625 0.036406481481481484
0 0.14757083333333335 0.37542731481481484 0.040975 0.09159537037037037
0 0.400971875 0.10147731481481481 0.018610416666666667 0.019621296296296296
0 0.3535151041666667 0.10781851851851852 0.008071875 0.013785185185185185
0 0.43421197916666665 0.1496912037037037 0.014257291666666666 0.047530555555555555
0 0.35281614583333337 0.1413074074074074 0.012923958333333334 0.0178
0 0.4628583333333333 0.8464805555555556 0.008008333333333333 0.01147962962962963
0 0.4593640625 0.8766111111111111 0.011436458333333333 0.027296296296296298
0 0.6220614583333333 0.5232055555555556 0.00870625 0.014929629629629628
0 0.5921208333333333 0.5548587962962962 0.016533333333333334 0.03193981481481481
0 0.6835088541666666 0.7390166666666667 0.005559375 0.011366666666666667
0 0.16084166666666666 0.5277708333333333 0.006058333333333333 0.014800925925925926
0 0.11024635416666667 0.49577453703703706 0.010076041666666667 0.01562314814814815
0 0.13146119791666666 0.5648078703703703 0.011880729166666666 0.014800925925925926
0 0.18185885416666667 0.5821981481481482 0.010592708333333334 0.025507407407407406
0 0.1064859375 0.6063134259259259 0.015055208333333332 0.027441666666666666
0 0.1890653645833333 0.40733148148148146 0.01875572916666667 0.046144444444444446
0 0.13432578125 0.275425 0.022818229166666665 0.023072222222222223
0 0.4078890625 0.16913472222222223 0.013694791666666668 0.019750925925925925
0 0.33159973958333333 0.22030972222222223 0.0090328125 0.01839722222222222
0 0.29791744791666663 0.2156634259259259 0.008334895833333333 0.018363888888888888
0 0.07314010416666666 0.3716305555555555 0.009821875 0.03215
0 0.5131114583333333 0.3869324074074074 0.007472916666666667 0.02571666666666667
0 0.3193317708333333 0.253299537037037 0.010538541666666668 0.010302777777777779
0 0.5769966145833333 0.41485185185185186 0.013368229166666667 0.033407407407407406
0 0.9649776041666667 0.7383189814814815 0.06953854166666668 0.1414527777777778
0 0.7026575520833334 0.5986282407407407 0.0073984375 0.008367592592592593
0 0.6988119791666667 0.5931324074074074 0.004915625000000001 0.008487037037037038
0 0.9789614583333334 0.6122777777777778 0.012089583333333332 0.024555555555555556
0 0.49973958333333335 0.49953703703703706 0.9994791666666667 0.9990740740740741
0 0.49973958333333335 0.5185185185185185 0.9994791666666667 0.9611111111111111
0 0.49973958333333335 0.5189814814814815 0.9994791666666667 0.9601851851851851
0 0.49973958333333335 0.5208333333333334 0.9994791666666667 0.9564814814814815
0 0.13776041666666666 0.13703703703703704 0.016145833333333335 0.04259259259259259
0 0.014322916666666666 0.42962962962962964 0.008854166666666666 0.024074074074074074
0 0.11848958333333333 0.36574074074074076 0.015104166666666667 0.040740740740740744
0 0.06875 0.6439814814814815 0.0125 0.04351851851851852
0 0.07421875 0.5148148148148148 0.015104166666666667 0.04259259259259259
0 0.27786458333333336 0.08703703703703704 0.015104166666666667 0.03148148148148148
0 0.2942708333333333 0.14351851851851852 0.010416666666666666 0.037037037037037035
0 0.32005208333333335 0.08611111111111111 0.0109375 0.024074074074074074
0 0.5510416666666667 0.3486111111111111 0.019791666666666666 0.03425925925925926
0 0.8088541666666667 0.9069444444444444 0.029166666666666667 0.18425925925925926
0 0.8630208333333333 0.874537037037037 0.015625 0.03425925925925926
0 0.9114583333333334 0.8675925925925926 0.03229166666666667 0.10555555555555556
0 0.15416666666666667 0.9194444444444444 0.007291666666666667 0.011111111111111112
0 0.21484375 0.9203703703703704 0.015104166666666667 0.03333333333333333
0 0.03697916666666667 0.9125 0.013541666666666667 0.028703703703703703
0 0.8940104166666667 0.1925925925925926 0.009895833333333333 0.024074074074074074
0 0.8348958333333333 0.412962962962963 0.009375 0.005555555555555556
0 0.84140625 0.4064814814814815 0.0015625 0.005555555555555556
0 0.91015625 0.45185185185185184 0.013020833333333334 0.025925925925925925
0 0.9151041666666667 0.33101851851851855 0.017708333333333333 0.03981481481481482
0 0.7213541666666666 0.43472222222222223 0.016666666666666666 0.028703703703703703
0 0.5637669270833333 0.6212962962962963 0.015033854166666666 0.016666666666666666
0 0.584375 0.6958333333333333 0.009375 0.01574074074074074
0 0.64375 0.5981481481481481 0.016666666666666666 0.040740740740740744
0 0.7442708333333333 0.5462962962962963 0.017708333333333333 0.03518518518518519
0 0.3497395833333333 0.5912037037037037 0.015104166666666667 0.04722222222222222
0 0.38984375 0.5365740740740741 0.0203125 0.03611111111111111
0 0.8416666666666667 0.700925925925926 0.041666666666666664 0.08888888888888889
0 0.5708333333333333 0.9166666666666666 0.01875 0.018518518518518517
0 0.6184895833333334 0.9208333333333333 0.0078125 0.013888888888888888
0 0.5411458333333333 0.8611111111111112 0.016666666666666666 0.046296296296296294
0 0.6216145833333333 0.8875 0.013020833333333334 0.017592592592592594
0 0.5606770833333333 0.1638888888888889 0.0078125 0.011111111111111112
0 0.5661458333333333 0.13425925925925927 0.011458333333333333 0.025925925925925925
0 0.38046875 0.45092592592592595 0.0078125 0.014814814814814815
0 0.4127604166666667 0.42453703703703705 0.016145833333333335 0.032407407407407406
0 0.3341145833333333 0.22314814814814815 0.005729166666666666 0.011111111111111112
0 0.8385416666666666 0.5458333333333333 0.00625 0.013888888888888888
0 0.88671875 0.5884259259259259 0.009895833333333333 0.01574074074074074
0 0.8703125 0.5143518518518518 0.011458333333333333 0.013888888888888888
0 0.8213541666666667 0.48703703703703705 0.010416666666666666 0.025925925925925925
0 0.8981770833333333 0.48009259259259257 0.015104166666666667 0.026851851851851852
0 0.8015625 0.6592592592592592 0.019791666666666666 0.044444444444444446
0 0.84765625 0.8018518518518518 0.0234375 0.022222222222222223
0 0.56875 0.8476851851851852 0.013541666666666667 0.019444444444444445
0 0.6479166666666667 0.8143518518518519 0.008333333333333333 0.019444444444444445
0 0.68125 0.825462962962963 0.008333333333333333 0.017592592592592594
0 0.91484375 0.7194444444444444 0.009895833333333333 0.03148148148148148
0 0.4791666666666667 0.6097222222222223 0.00625 0.025
0 0.6622395833333333 0.7837962962962963 0.0109375 0.008333333333333333
0 0.9815104166666667 0.9375 0.008854166666666666 0.019444444444444445
0 0.41848958333333336 0.5680555555555555 0.013020833333333334 0.032407407407407406
0 0.046614583333333334 0.1625 0.09322916666666667 0.1361111111111111
0 0.30564817708333336 0.35833333333333334 0.0071296875 0.007407407407407408
0 0.30885416666666665 0.36546296296296293 0.005208333333333333 0.008703703703703705
0 0.032552083333333336 0.2847222222222222 0.013020833333333334 0.023148148148148147
