1 0.5 0.5469939814814815 1.0 0.905099074074074
0 0.16696692708333333 0.39396250000000005 0.015183854166666667 0.0342212962962963
0 0.16544088541666666 0.28837546296296296 0.0131734375 0.02304722222222222
0 0.65482578125 0.9035606481481482 0.028401562499999998 0.044158333333333334
0 0.47309244791666666 0.695538425925926 0.026393229166666664 0.03181759259259259
0 0.5655169270833333 0.6582935185185185 0.016450520833333333 0.0332537037037037
1 0.5 0.5498078703703704 1.0 0.8996157407407408
0 0.16423645833333333 0.4245587962962963 0.01493125 0.03430277777777777
0 0.159540625 0.3199972222222222 0.012831249999999999 0.023327777777777777
0 0.6662901041666667 0.8886921296296296 0.029455208333333333 0.042199074074074076
0 0.47888984375 0.6976435185185186 0.0265296875 0.03047222222222222
0 0.5700002604166666 0.652500462962963 0.01708385416666667 0.032778703703703706
1 0.49973958333333335 0.549074074074074 0.9994791666666667 0.9
0 0.16588541666666667 0.4041666666666667 0.015104166666666667 0.03425925925925926
0 0.16328125 0.2986111111111111 0.013020833333333334 0.023148148148148147
0 0.6586515625 0.8986111111111111 0.028761458333333333 0.04351851851851852
0 0.47520260416666665 0.6962449074074074 0.026446874999999998 0.03137870370370371
0 0.5671875 0.6563273148148148 0.016666666666666666 0.033025
1 0.5 0.5469939814814815 1.0 0.905099074074074
0 0.16696692708333333 0.39396250000000005 0.015183854166666667 0.0342212962962963
0 0.16544088541666666 0.28837546296296296 0.0131734375 0.02304722222222222
0 0.65482578125 0.9035606481481482 0.028401562499999998 0.044158333333333334
0 0.47309244791666666 0.695538425925926 0.026393229166666664 0.03181759259259259
0 0.5655169270833333 0.6582935185185185 0.016450520833333333 0.0332537037037037
1 0.5 0.5498078703703704 1.0 0.8996157407407408
0 0.16423645833333333 0.4245587962962963 0.01493125 0.03430277777777777
0 0.159540625 0.3199972222222222 0.012831249999999999 0.023327777777777777
0 0.6662901041666667 0.8886921296296296 0.029455208333333333 0.042199074074074076
0 0.47888984375 0.6976435185185186 0.0265296875 0.03047222222222222
0 0.5700002604166666 0.652500462962963 0.01708385416666667 0.032778703703703706
1 0.49973958333333335 0.549074074074074 0.9994791666666667 0.9
0 0.16588541666666667 0.4041666666666667 0.015104166666666667 0.03425925925925926
0 0.16328125 0.2986111111111111 0.013020833333333334 0.023148148148148147
0 0.6586515625 0.8986111111111111 0.028761458333333333 0.04351851851851852
0 0.47520260416666665 0.6962449074074074 0.026446874999999998 0.03137870370370371
0 0.5671875 0.6563273148148148 0.016666666666666666 0.033025
1 0.5 0.5469939814814815 1.0 0.905099074074074
0 0.16696692708333333 0.39396250000000005 0.015183854166666667 0.0342212962962963
0 0.16544088541666666 0.28837546296296296 0.0131734375 0.02304722222222222
0 0.65482578125 0.9035606481481482 0.028401562499999998 0.044158333333333334
0 0.47309244791666666 0.695538425925926 0.026393229166666664 0.03181759259259259
0 0.5655169270833333 0.6582935185185185 0.016450520833333333 0.0332537037037037
1 0.5 0.5498078703703704 1.0 0.8996157407407408
0 0.16423645833333333 0.4245587962962963 0.01493125 0.03430277777777777
0 0.159540625 0.3199972222222222 0.012831249999999999 0.023327777777777777
0 0.6662901041666667 0.8886921296296296 0.029455208333333333 0.042199074074074076
0 0.47888984375 0.6976435185185186 0.0265296875 0.03047222222222222
0 0.5700002604166666 0.652500462962963 0.01708385416666667 0.032778703703703706
1 0.49973958333333335 0.549074074074074 0.9994791666666667 0.9
0 0.16588541666666667 0.4041666666666667 0.015104166666666667 0.03425925925925926
0 0.16328125 0.2986111111111111 0.013020833333333334 0.023148148148148147
0 0.6586515625 0.8986111111111111 0.028761458333333333 0.04351851851851852
0 0.47520260416666665 0.6962449074074074 0.026446874999999998 0.03137870370370371
0 0.5671875 0.6563273148148148 0.016666666666666666 0.033025
