1 0.49873932291666667 0.5486435185185186 0.9974786458333333 0.9028425925925926
0 0.66084453125 0.3712814814814815 0.03523072916666667 0.06663703703703704
0 0.7093705729166667 0.31480879629629627 0.008324479166666668 0.012950925925925926
0 0.66733828125 0.6771467592592593 0.0065515625 0.020960185185185186
0 0.508546875 0.8665615740740741 0.021260416666666667 0.03867870370370371
0 0.4033828125 0.833925925925926 0.020307291666666668 0.03266666666666667
0 0.27552916666666666 0.5751569444444444 0.011475 0.02253611111111111
0 0.07709843749999999 0.2771060185185185 0.016696875 0.033841666666666666
0 0.5367278645833333 0.8382893518518518 0.021372395833333332 0.03954166666666666
0 0.06359557291666666 0.8829601851851852 0.010524479166666666 0.021475925925925926
0 0.12682526041666667 0.4252513888888889 0.0078171875 0.028280555555555555
0 0.393975 0.24722222222222223 0.01295 0.014814814814814815
0 0.6132044270833333 0.7779699074074073 0.0222421875 0.0077916666666666655
1 0.5 0.46024398148148143 1.0 0.9204879629629629
0 0.6453632812500001 0.6792810185185185 0.030309895833333333 0.0752287037037037
0 0.6859182291666667 0.7527930555555555 0.008294791666666667 0.012993518518518519
0 0.76482109375 0.058194907407407404 0.012975520833333334 0.021945370370370372
0 0.7420265625 0.051116203703703705 0.017386458333333334 0.041121296296296295
0 0.6829989583333334 0.38195416666666665 0.006622916666666667 0.021315740740740743
0 0.547321875 0.14242962962962963 0.024852083333333334 0.031155555555555558
0 0.44088776041666666 0.13898287037037035 0.018233854166666667 0.037225
0 0.2872747395833333 0.3495939814814815 0.009966145833333334 0.02326203703703704
0 0.061381250000000005 0.5755078703703703 0.014429166666666667 0.038052777777777776
0 0.5730380208333333 0.18126111111111112 0.022117708333333333 0.03844814814814815
0 0.1259796875 0.44705787037037037 0.009251041666666666 0.027449074074074074
0 0.3690567708333334 0.7128527777777778 0.012071875000000001 0.016446296296296296
0 0.641021875 0.2662157407407407 0.021627083333333335 0.012061111111111111
1 0.5 0.549537037037037 1.0 0.9009259259259259
0 0.3497395833333333 0.3337962962962963 0.03177083333333333 0.07314814814814814
0 0.3067708333333333 0.26481481481481484 0.008333333333333333 0.012962962962962963
0 0.24869791666666666 0.9652777777777778 0.013020833333333334 0.021296296296296296
0 0.2716145833333333 0.9703703703703703 0.018229166666666668 0.040740740740740744
0 0.32083333333333336 0.6347222222222222 0.00625 0.021296296296296296
0 0.4630208333333333 0.8611111111111112 0.023958333333333335 0.03333333333333333
0 0.5697916666666667 0.8550925925925926 0.01875 0.03611111111111111
0 0.7166666666666667 0.6300925925925925 0.010416666666666666 0.023148148148148147
0 0.9361979166666666 0.38333333333333336 0.015104166666666667 0.037037037037037035
0 0.43645833333333334 0.825 0.021875 0.03888888888888889
0 0.90234375 0.986574074074074 0.009895833333333333 0.021296296296296296
0 0.8752604166666667 0.5185185185185185 0.008854166666666666 0.027777777777777776
0 0.6247395833333333 0.27546296296296297 0.011979166666666667 0.01574074074074074
0 0.36614583333333334 0.7467592592592592 0.021875 0.010185185185185186
1 0.49873932291666667 0.5486435185185186 0.9974786458333333 0.9028425925925926
0 0.66084453125 0.3712814814814815 0.03523072916666667 0.06663703703703704
0 0.7093705729166667 0.31480879629629627 0.008324479166666668 0.012950925925925926
0 0.66733828125 0.6771467592592593 0.0065515625 0.020960185185185186
0 0.508546875 0.8665615740740741 0.021260416666666667 0.03867870370370371
0 0.4033828125 0.833925925925926 0.020307291666666668 0.03266666666666667
0 0.27552916666666666 0.5751569444444444 0.011475 0.02253611111111111
0 0.07709843749999999 0.2771060185185185 0.016696875 0.033841666666666666
0 0.5367278645833333 0.8382893518518518 0.021372395833333332 0.03954166666666666
0 0.06359557291666666 0.8829601851851852 0.010524479166666666 0.021475925925925926
0 0.12682526041666667 0.4252513888888889 0.0078171875 0.028280555555555555
0 0.393975 0.24722222222222223 0.01295 0.014814814814814815
0 0.6132044270833333 0.7779699074074073 0.0222421875 0.0077916666666666655
1 0.5 0.46024398148148143 1.0 0.9204879629629629
0 0.6453632812500001 0.6792810185185185 0.030309895833333333 0.0752287037037037
0 0.6859182291666667 0.7527930555555555 0.008294791666666667 0.012993518518518519
0 0.76482109375 0.058194907407407404 0.012975520833333334 0.021945370370370372
0 0.7420265625 0.051116203703703705 0.017386458333333334 0.041121296296296295
0 0.6829989583333334 0.38195416666666665 0.006622916666666667 0.021315740740740743
0 0.547321875 0.14242962962962963 0.024852083333333334 0.031155555555555558
0 0.44088776041666666 0.13898287037037035 0.018233854166666667 0.037225
0 0.2872747395833333 0.3495939814814815 0.009966145833333334 0.02326203703703704
0 0.061381250000000005 0.5755078703703703 0.014429166666666667 0.038052777777777776
0 0.5730380208333333 0.18126111111111112 0.022117708333333333 0.03844814814814815
0 0.1259796875 0.44705787037037037 0.009251041666666666 0.027449074074074074
0 0.3690567708333334 0.7128527777777778 0.012071875000000001 0.016446296296296296
0 0.641021875 0.2662157407407407 0.021627083333333335 0.012061111111111111
1 0.5 0.549537037037037 1.0 0.9009259259259259
0 0.3497395833333333 0.3337962962962963 0.03177083333333333 0.07314814814814814
0 0.3067708333333333 0.26481481481481484 0.008333333333333333 0.012962962962962963
0 0.24869791666666666 0.9652777777777778 0.013020833333333334 0.021296296296296296
0 0.2716145833333333 0.9703703703703703 0.018229166666666668 0.040740740740740744
0 0.32083333333333336 0.6347222222222222 0.00625 0.021296296296296296
0 0.4630208333333333 0.8611111111111112 0.023958333333333335 0.03333333333333333
0 0.5697916666666667 0.8550925925925926 0.01875 0.03611111111111111
0 0.7166666666666667 0.6300925925925925 0.010416666666666666 0.023148148148148147
0 0.9361979166666666 0.38333333333333336 0.015104166666666667 0.037037037037037035
0 0.43645833333333334 0.825 0.021875 0.03888888888888889
0 0.90234375 0.986574074074074 0.009895833333333333 0.021296296296296296
0 0.8752604166666667 0.5185185185185185 0.008854166666666666 0.027777777777777776
0 0.6247395833333333 0.27546296296296297 0.011979166666666667 0.01574074074074074
0 0.36614583333333334 0.7467592592592592 0.021875 0.010185185185185186
1 0.49873932291666667 0.5486435185185186 0.9974786458333333 0.9028425925925926
0 0.66084453125 0.3712814814814815 0.03523072916666667 0.06663703703703704
0 0.7093705729166667 0.31480879629629627 0.008324479166666668 0.012950925925925926
0 0.66733828125 0.6771467592592593 0.0065515625 0.020960185185185186
0 0.508546875 0.8665615740740741 0.021260416666666667 0.03867870370370371
0 0.4033828125 0.833925925925926 0.020307291666666668 0.03266666666666667
0 0.27552916666666666 0.5751569444444444 0.011475 0.02253611111111111
0 0.07709843749999999 0.2771060185185185 0.016696875 0.033841666666666666
0 0.5367278645833333 0.8382893518518518 0.021372395833333332 0.03954166666666666
0 0.06359557291666666 0.8829601851851852 0.010524479166666666 0.021475925925925926
0 0.12682526041666667 0.4252513888888889 0.0078171875 0.028280555555555555
0 0.393975 0.24722222222222223 0.01295 0.014814814814814815
0 0.6132044270833333 0.7779699074074073 0.0222421875 0.0077916666666666655
1 0.5 0.46024398148148143 1.0 0.9204879629629629
0 0.6453632812500001 0.6792810185185185 0.030309895833333333 0.0752287037037037
0 0.6859182291666667 0.7527930555555555 0.008294791666666667 0.012993518518518519
0 0.76482109375 0.058194907407407404 0.012975520833333334 0.021945370370370372
0 0.7420265625 0.051116203703703705 0.017386458333333334 0.041121296296296295
0 0.6829989583333334 0.38195416666666665 0.006622916666666667 0.021315740740740743
0 0.547321875 0.14242962962962963 0.024852083333333334 0.031155555555555558
0 0.44088776041666666 0.13898287037037035 0.018233854166666667 0.037225
0 0.2872747395833333 0.3495939814814815 0.009966145833333334 0.02326203703703704
0 0.061381250000000005 0.5755078703703703 0.014429166666666667 0.038052777777777776
0 0.5730380208333333 0.18126111111111112 0.022117708333333333 0.03844814814814815
0 0.1259796875 0.44705787037037037 0.009251041666666666 0.027449074074074074
0 0.3690567708333334 0.7128527777777778 0.012071875000000001 0.016446296296296296
0 0.641021875 0.2662157407407407 0.021627083333333335 0.012061111111111111
1 0.5 0.549537037037037 1.0 0.9009259259259259
0 0.3497395833333333 0.3337962962962963 0.03177083333333333 0.07314814814814814
0 0.3067708333333333 0.26481481481481484 0.008333333333333333 0.012962962962962963
0 0.24869791666666666 0.9652777777777778 0.013020833333333334 0.021296296296296296
0 0.2716145833333333 0.9703703703703703 0.018229166666666668 0.040740740740740744
0 0.32083333333333336 0.6347222222222222 0.00625 0.021296296296296296
0 0.4630208333333333 0.8611111111111112 0.023958333333333335 0.03333333333333333
0 0.5697916666666667 0.8550925925925926 0.01875 0.03611111111111111
0 0.7166666666666667 0.6300925925925925 0.010416666666666666 0.023148148148148147
0 0.9361979166666666 0.38333333333333336 0.015104166666666667 0.037037037037037035
0 0.43645833333333334 0.825 0.021875 0.03888888888888889
0 0.90234375 0.986574074074074 0.009895833333333333 0.021296296296296296
0 0.8752604166666667 0.5185185185185185 0.008854166666666666 0.027777777777777776
0 0.6247395833333333 0.27546296296296297 0.011979166666666667 0.01574074074074074
0 0.36614583333333334 0.7467592592592592 0.021875 0.010185185185185186
