1 0.5 0.46574907407407407 1.0 0.9314981481481481
0 0.6566255208333334 0.8203023148148149 0.022626041666666666 0.042456481481481484
0 0.824509375 0.7692398148148148 0.018810416666666666 0.03847962962962963
0 0.37435078125000004 0.1024787037037037 0.012243229166666668 0.06421666666666667
0 0.12885338541666666 0.280000462962963 0.019165104166666665 0.02481574074074074
0 0.15394166666666667 0.07293425925925927 0.017258333333333334 0.023646296296296297
0 0.4309041666666667 0.02523287037037037 0.0066 0.03009537037037037
0 0.8182861979166667 0.2437388888888889 0.013655729166666667 0.03562592592592592
0 0.6324598958333334 0.691874537037037 0.013878125 0.030045370370370368
0 0.6193700520833333 0.3753513888888889 0.008531770833333334 0.022925
0 0.7320083333333333 0.3763277777777778 0.023391666666666665 0.021174074074074074
0 0.6683510416666666 0.4406851851851852 0.005452083333333333 0.011000000000000001
0 0.7161942708333334 0.4726773148148148 0.0073885416666666665 0.012021296296296297
0 0.8787020833333333 0.47672500000000007 0.004279166666666666 0.04604259259259259
0 0.9059328125 0.4759407407407407 0.016032291666666667 0.06484444444444444
0 0.86741875 0.5091027777777778 0.010879166666666667 0.03857592592592592
0 0.7673682291666667 0.2872486111111111 0.013903124999999999 0.01153425925925926
0 0.86239765625 0.28791203703703705 0.007086979166666666 0.018416666666666668
0 0.9322424479166667 0.6571462962962963 0.008234895833333334 0.02355185185185185
0 0.9984872395833333 0.6617972222222223 0.0032244791666666667 0.025446296296296297
0 0.93161875 0.712475 0.0101125 0.026801851851851854
0 0.80388203125 0.6906972222222222 0.018180729166666666 0.04250555555555555
0 0.7330401041666667 0.7748625 0.011913541666666666 0.014539814814814814
0 0.39176380208333333 0.9182162037037037 0.009569270833333334 0.012358333333333332
0 0.2906838541666667 0.9132662037037037 0.008451041666666666 0.013569444444444443
0 0.8306403645833333 0.7197018518518519 0.012322395833333333 0.030144444444444442
0 0.7607065104166666 0.4396597222222222 0.008913020833333334 0.038578703703703705
0 0.9254041666666667 0.24358425925925928 0.012266666666666667 0.02050185185185185
0 0.9443794270833333 0.10982129629629629 0.005425520833333333 0.008531481481481482
0 0.9522184895833333 0.10924861111111112 0.005478645833333334 0.012941666666666667
0 0.91785078125 0.18120185185185186 0.0075765625 0.030922222222222222
0 0.9251791666666667 0.16276759259259257 0.004525 0.008868518518518519
0 0.6974059895833334 0.0767662037037037 0.0062703125 0.02205092592592593
0 0.19424375 0.18849398148148147 0.0103625 0.04550648148148148
0 0.04402473958333333 0.10308101851851852 0.0047161458333333335 0.013569444444444443
1 0.5 0.5372268518518518 1.0 0.9263055555555555
0 0.6034513020833334 0.11843935185185185 0.022527604166666666 0.04428611111111111
0 0.7735752604166667 0.09158333333333334 0.020067187500000003 0.03687037037037037
0 0.4362494791666667 0.9421550925925927 0.019373958333333333 0.06208796296296297
0 0.1741 0.8829722222222223 0.019033333333333333 0.027055555555555555
0 0.5024302083333334 0.9880597222222222 0.01006875 0.02426759259259259
0 0.8457580729166666 0.6008967592592592 0.009224479166666666 0.0406824074074074
0 0.6005020833333333 0.2525685185185185 0.016629166666666667 0.025507407407407406
0 0.6331557291666667 0.5652078703703703 0.009019791666666667 0.023008333333333332
0 0.7423658854166667 0.5123875 0.024315104166666667 0.013663888888888889
0 0.6715257812500001 0.47957268518518514 0.0055515625 0.009145370370370371
0 0.7124765624999999 0.42742407407407407 0.008286458333333333 0.014107407407407409
0 0.8696101562499999 0.34878888888888887 0.0079703125 0.04572592592592593
0 0.8949341145833334 0.33590972222222226 0.022159895833333332 0.05885648148148148
0 0.85356484375 0.3223902777777778 0.0133796875 0.035521296296296294
0 0.78928359375 0.5824879629629629 0.0129421875 0.014975925925925926
0 0.88061796875 0.537849074074074 0.007069270833333334 0.018290740740740743
0 0.8939861979166667 0.14970277777777777 0.0108890625 0.019775925925925926
0 0.9607815104166666 0.11395787037037038 0.010104687499999999 0.02791574074074074
0 0.8850419270833334 0.0983736111111111 0.0096671875 0.02637685185185185
0 0.766628125 0.17670046296296296 0.01450625 0.04414166666666667
0 0.68548984375 0.1287574074074074 0.012646354166666667 0.014922222222222222
0 0.334778125 0.14648333333333333 0.01018125 0.013337037037037036
0 0.23772109375 0.19821342592592595 0.008775520833333333 0.013093518518518518
0 0.78751328125 0.13542175925925928 0.013568229166666666 0.028250925925925926
0 0.7608908854166666 0.43779583333333333 0.010323437500000001 0.03855462962962963
0 0.9482359375 0.5526907407407406 0.010013541666666665 0.02204814814814815
0 0.9858455729166666 0.6726722222222222 0.006066145833333333 0.010159259259259259
0 0.9933945312500001 0.6686217592592593 0.004497395833333333 0.015021296296296295
0 0.9501348958333333 0.6161263888888889 0.004436458333333334 0.032252777777777776
0 0.9593494791666667 0.6292601851851852 0.004115625 0.00852037037037037
0 0.7522981770833332 0.8172726851851851 0.007721354166666666 0.019730555555555557
0 0.25053880208333335 0.9411217592592593 0.0156609375 0.03965092592592593
1 0.5002604166666667 0.5504629629629629 0.9994791666666667 0.899074074074074
0 0.63671875 0.15231481481481482 0.022395833333333334 0.04351851851851852
0 0.8067708333333333 0.17314814814814813 0.01875 0.037037037037037035
0 0.3984375 0.9189814814814815 0.014583333333333334 0.06388888888888888
0 0.14401041666666667 0.787962962962963 0.019270833333333334 0.025925925925925925
0 0.18098958333333334 0.9884259259259259 0.018229166666666668 0.021296296296296296
0 0.459375 0.9847222222222223 0.008333333333333333 0.028703703703703703
0 0.83203125 0.6958333333333333 0.011979166666666667 0.03796296296296296
0 0.6205729166666667 0.28425925925925927 0.015104166666666667 0.027777777777777776
0 0.62578125 0.6013888888888889 0.0078125 0.023148148148148147
0 0.7380208333333333 0.5800925925925926 0.023958333333333335 0.017592592592592594
0 0.6708333333333333 0.5273148148148148 0.005208333333333333 0.010185185185185186
0 0.71640625 0.48703703703703705 0.0078125 0.012962962962962963
0 0.8783854166666667 0.4527777777777778 0.0046875 0.046296296296296294
0 0.9049479166666666 0.44814814814814813 0.018229166666666668 0.06296296296296296
0 0.86484375 0.42314814814814816 0.011979166666666667 0.037037037037037035
0 0.7786458333333334 0.6620370370370371 0.013541666666666667 0.012962962962962963
0 0.87265625 0.6435185185185185 0.0067708333333333336 0.018518518518518517
0 0.9203125 0.2638888888888889 0.009375 0.022222222222222223
0 0.9893229166666667 0.24675925925925926 0.008854166666666666 0.028703703703703703
0 0.9166666666666666 0.20972222222222223 0.009375 0.026851851851851852
0 0.7911458333333333 0.25416666666666665 0.016666666666666666 0.04351851851851852
0 0.7158854166666667 0.18425925925925926 0.011979166666666667 0.014814814814814815
0 0.36796875 0.1050925925925926 0.009895833333333333 0.012037037037037037
0 0.2677083333333333 0.1287037037037037 0.008333333333333333 0.012962962962962963
0 0.8161458333333333 0.22037037037037038 0.0125 0.02962962962962963
0 0.7630208333333334 0.5111111111111111 0.008333333333333333 0.03888888888888889
0 0.9380208333333333 0.6763888888888889 0.011458333333333333 0.021296296296296296
0 0.96484375 0.8055555555555556 0.005729166666666666 0.009259259259259259
0 0.97265625 0.8041666666666667 0.0046875 0.013888888888888888
0 0.934375 0.7398148148148148 0.00625 0.03148148148148148
0 0.9427083333333334 0.7560185185185185 0.004166666666666667 0.008333333333333333
0 0.7208333333333333 0.8837962962962963 0.00625 0.021296296296296296
0 0.21458333333333332 0.8662037037037037 0.0125 0.04351851851851852
0 0.07005208333333333 0.9796296296296296 0.0046875 0.012962962962962963
1 0.5 0.46574907407407407 1.0 0.9314981481481481
0 0.6566255208333334 0.8203023148148149 0.022626041666666666 0.042456481481481484
0 0.824509375 0.7692398148148148 0.018810416666666666 0.03847962962962963
0 0.37435078125000004 0.1024787037037037 0.012243229166666668 0.06421666666666667
0 0.12885338541666666 0.280000462962963 0.019165104166666665 0.02481574074074074
0 0.15394166666666667 0.07293425925925927 0.017258333333333334 0.023646296296296297
0 0.4309041666666667 0.02523287037037037 0.0066 0.03009537037037037
0 0.8182861979166667 0.2437388888888889 0.013655729166666667 0.03562592592592592
0 0.6324598958333334 0.691874537037037 0.013878125 0.030045370370370368
0 0.6193700520833333 0.3753513888888889 0.008531770833333334 0.022925
0 0.7320083333333333 0.3763277777777778 0.023391666666666665 0.021174074074074074
0 0.6683510416666666 0.4406851851851852 0.005452083333333333 0.011000000000000001
0 0.7161942708333334 0.4726773148148148 0.0073885416666666665 0.012021296296296297
0 0.8787020833333333 0.47672500000000007 0.004279166666666666 0.04604259259259259
0 0.9059328125 0.4759407407407407 0.016032291666666667 0.06484444444444444
0 0.86741875 0.5091027777777778 0.010879166666666667 0.03857592592592592
0 0.7673682291666667 0.2872486111111111 0.013903124999999999 0.01153425925925926
0 0.86239765625 0.28791203703703705 0.007086979166666666 0.018416666666666668
0 0.9322424479166667 0.6571462962962963 0.008234895833333334 0.02355185185185185
0 0.9984872395833333 0.6617972222222223 0.0032244791666666667 0.025446296296296297
0 0.93161875 0.712475 0.0101125 0.026801851851851854
0 0.80388203125 0.6906972222222222 0.018180729166666666 0.04250555555555555
0 0.7330401041666667 0.7748625 0.011913541666666666 0.014539814814814814
0 0.39176380208333333 0.9182162037037037 0.009569270833333334 0.012358333333333332
0 0.2906838541666667 0.9132662037037037 0.008451041666666666 0.013569444444444443
0 0.8306403645833333 0.7197018518518519 0.012322395833333333 0.030144444444444442
0 0.7607065104166666 0.4396597222222222 0.008913020833333334 0.038578703703703705
0 0.9254041666666667 0.24358425925925928 0.012266666666666667 0.02050185185185185
0 0.9443794270833333 0.10982129629629629 0.005425520833333333 0.008531481481481482
0 0.9522184895833333 0.10924861111111112 0.005478645833333334 0.012941666666666667
0 0.91785078125 0.18120185185185186 0.0075765625 0.030922222222222222
0 0.9251791666666667 0.16276759259259257 0.004525 0.008868518518518519
0 0.6974059895833334 0.0767662037037037 0.0062703125 0.02205092592592593
0 0.19424375 0.18849398148148147 0.0103625 0.04550648148148148
0 0.04402473958333333 0.10308101851851852 0.0047161458333333335 0.013569444444444443
1 0.5 0.5372268518518518 1.0 0.9263055555555555
0 0.6034513020833334 0.11843935185185185 0.022527604166666666 0.04428611111111111
0 0.7735752604166667 0.09158333333333334 0.020067187500000003 0.03687037037037037
0 0.4362494791666667 0.9421550925925927 0.019373958333333333 0.06208796296296297
0 0.1741 0.8829722222222223 0.019033333333333333 0.027055555555555555
0 0.5024302083333334 0.9880597222222222 0.01006875 0.02426759259259259
0 0.8457580729166666 0.6008967592592592 0.009224479166666666 0.0406824074074074
0 0.6005020833333333 0.2525685185185185 0.016629166666666667 0.025507407407407406
0 0.6331557291666667 0.5652078703703703 0.009019791666666667 0.023008333333333332
0 0.7423658854166667 0.5123875 0.024315104166666667 0.013663888888888889
0 0.6715257812500001 0.47957268518518514 0.0055515625 0.009145370370370371
0 0.7124765624999999 0.42742407407407407 0.008286458333333333 0.014107407407407409
0 0.8696101562499999 0.34878888888888887 0.0079703125 0.04572592592592593
0 0.8949341145833334 0.33590972222222226 0.022159895833333332 0.05885648148148148
0 0.85356484375 0.3223902777777778 0.0133796875 0.035521296296296294
0 0.78928359375 0.5824879629629629 0.0129421875 0.014975925925925926
0 0.88061796875 0.537849074074074 0.007069270833333334 0.018290740740740743
0 0.8939861979166667 0.14970277777777777 0.0108890625 0.019775925925925926
0 0.9607815104166666 0.11395787037037038 0.010104687499999999 0.02791574074074074
0 0.8850419270833334 0.0983736111111111 0.0096671875 0.02637685185185185
0 0.766628125 0.17670046296296296 0.01450625 0.04414166666666667
0 0.68548984375 0.1287574074074074 0.012646354166666667 0.014922222222222222
0 0.334778125 0.14648333333333333 0.01018125 0.013337037037037036
0 0.23772109375 0.19821342592592595 0.008775520833333333 0.013093518518518518
0 0.78751328125 0.13542175925925928 0.013568229166666666 0.028250925925925926
0 0.7608908854166666 0.43779583333333333 0.010323437500000001 0.03855462962962963
0 0.9482359375 0.5526907407407406 0.010013541666666665 0.02204814814814815
0 0.9858455729166666 0.6726722222222222 0.006066145833333333 0.010159259259259259
0 0.9933945312500001 0.6686217592592593 0.004497395833333333 0.015021296296296295
0 0.9501348958333333 0.6161263888888889 0.004436458333333334 0.032252777777777776
0 0.9593494791666667 0.6292601851851852 0.004115625 0.00852037037037037
0 0.7522981770833332 0.8172726851851851 0.007721354166666666 0.019730555555555557
0 0.25053880208333335 0.9411217592592593 0.0156609375 0.03965092592592593
1 0.5002604166666667 0.5504629629629629 0.9994791666666667 0.899074074074074
0 0.63671875 0.15231481481481482 0.022395833333333334 0.04351851851851852
0 0.8067708333333333 0.17314814814814813 0.01875 0.037037037037037035
0 0.3984375 0.9189814814814815 0.014583333333333334 0.06388888888888888
0 0.14401041666666667 0.787962962962963 0.019270833333333334 0.025925925925925925
0 0.18098958333333334 0.9884259259259259 0.018229166666666668 0.021296296296296296
0 0.459375 0.9847222222222223 0.008333333333333333 0.028703703703703703
0 0.83203125 0.6958333333333333 0.011979166666666667 0.03796296296296296
0 0.6205729166666667 0.28425925925925927 0.015104166666666667 0.027777777777777776
0 0.62578125 0.6013888888888889 0.0078125 0.023148148148148147
0 0.7380208333333333 0.5800925925925926 0.023958333333333335 0.017592592592592594
0 0.6708333333333333 0.5273148148148148 0.005208333333333333 0.010185185185185186
0 0.71640625 0.48703703703703705 0.0078125 0.012962962962962963
0 0.8783854166666667 0.4527777777777778 0.0046875 0.046296296296296294
0 0.9049479166666666 0.44814814814814813 0.018229166666666668 0.06296296296296296
0 0.86484375 0.42314814814814816 0.011979166666666667 0.037037037037037035
0 0.7786458333333334 0.6620370370370371 0.013541666666666667 0.012962962962962963
0 0.87265625 0.6435185185185185 0.0067708333333333336 0.018518518518518517
0 0.9203125 0.2638888888888889 0.009375 0.022222222222222223
0 0.9893229166666667 0.24675925925925926 0.008854166666666666 0.028703703703703703
0 0.9166666666666666 0.20972222222222223 0.009375 0.026851851851851852
0 0.7911458333333333 0.25416666666666665 0.016666666666666666 0.04351851851851852
0 0.7158854166666667 0.18425925925925926 0.011979166666666667 0.014814814814814815
0 0.36796875 0.1050925925925926 0.009895833333333333 0.012037037037037037
0 0.2677083333333333 0.1287037037037037 0.008333333333333333 0.012962962962962963
0 0.8161458333333333 0.22037037037037038 0.0125 0.02962962962962963
0 0.7630208333333334 0.5111111111111111 0.008333333333333333 0.03888888888888889
0 0.9380208333333333 0.6763888888888889 0.011458333333333333 0.021296296296296296
0 0.96484375 0.8055555555555556 0.005729166666666666 0.009259259259259259
0 0.97265625 0.8041666666666667 0.0046875 0.013888888888888888
0 0.934375 0.7398148148148148 0.00625 0.03148148148148148
0 0.9427083333333334 0.7560185185185185 0.004166666666666667 0.008333333333333333
0 0.7208333333333333 0.8837962962962963 0.00625 0.021296296296296296
0 0.21458333333333332 0.8662037037037037 0.0125 0.04351851851851852
0 0.07005208333333333 0.9796296296296296 0.0046875 0.012962962962962963
