1 0.49973958333333335 0.5393518518518519 0.9994791666666667 0.9194444444444444
0 0.4778645833333333 0.2726851851851852 0.03802083333333333 0.07314814814814814
0 0.5354166666666667 0.6856481481481481 0.021875 0.07685185185185185
0 0.4859375 0.8 0.017708333333333333 0.027777777777777776
0 0.8375 0.7384259259259259 0.014583333333333334 0.04722222222222222
0 0.77734375 0.6282407407407408 0.0265625 0.06759259259259259
0 0.5783854166666667 0.8837962962962963 0.015104166666666667 0.021296296296296296
0 0.34088541666666666 0.9421296296296297 0.016145833333333335 0.030555555555555555
0 0.5147859375 0.5449074074074074 0.032696875 0.06944444444444445
0 0.8140625 0.8888888888888888 0.016666666666666666 0.03148148148148148
0 0.7638020833333333 0.8319444444444445 0.008854166666666666 0.025
0 0.15078125 0.725 0.018229166666666668 0.053703703703703705
0 0.009375 0.8023148148148148 0.013541666666666667 0.03981481481481482
0 0.10182291666666667 0.899537037037037 0.0109375 0.03425925925925926
0 0.12604166666666666 0.5578703703703703 0.014583333333333334 0.019444444444444445
0 0.065625 0.8902777777777777 0.00625 0.023148148148148147
0 0.09021276041666668 0.9013115740740741 0.010633854166666668 0.022993518518518517
0 0.5028645833333333 0.1597222222222222 0.011979166666666667 0.03981481481481482
0 0.7578125 0.2564814814814815 0.014583333333333334 0.04259259259259259
0 0.7497395833333333 0.4601851851851852 0.008854166666666666 0.014814814814814815
0 0.5802083333333333 0.5504629629629629 0.010416666666666666 0.025
0 0.7611979166666667 0.6861111111111111 0.011979166666666667 0.03333333333333333
0 0.8104166666666667 0.8273148148148148 0.011458333333333333 0.021296296296296296
1 0.5 0.46673796296296294 1.0 0.9334759259259259
0 0.49044375 0.7314666666666667 0.0402625 0.06848888888888889
0 0.5259544270833333 0.3096805555555555 0.021700520833333334 0.07676851851851851
0 0.46831666666666666 0.2047050925925926 0.01788333333333333 0.02607685185185185
0 0.8220895833333334 0.19994629629629632 0.016054166666666668 0.04618888888888889
0 0.7684875000000001 0.32087824074074073 0.029683333333333332 0.0639787037037037
0 0.55578125 0.10408333333333333 0.015729166666666666 0.02112962962962963
0 0.31572187500000004 0.09009074074074075 0.014777083333333333 0.03203333333333333
0 0.5119088541666666 0.4540958333333333 0.03527604166666667 0.06745092592592591
0 0.7898643229166668 0.05442175925925926 0.017228645833333334 0.03106574074074074
0 0.7434924479166667 0.12078842592592594 0.008859895833333332 0.024910185185185185
0 0.13896328125000001 0.34097453703703706 0.016468229166666667 0.05602314814814815
0 0.08025182291666667 0.17624027777777776 0.009461979166666667 0.03581388888888889
0 0.12460260416666666 0.5111337962962963 0.014830208333333334 0.018563888888888887
0 0.04521015625 0.19245324074074074 0.007086979166666666 0.023795370370370373
0 0.06881041666666667 0.17699490740740742 0.009495833333333334 0.024360185185185186
0 0.5229557291666667 0.8381652777777777 0.010494791666666666 0.04114537037037037
0 0.7712361979166666 0.694376388888889 0.013305729166666667 0.042456481481481484
0 0.7511416666666667 0.49323611111111115 0.008533333333333334 0.01425
0 0.5771364583333334 0.434750462962963 0.010522916666666667 0.02505648148148148
0 0.7492440104166668 0.26720462962962965 0.010988020833333334 0.03440925925925926
0 0.7895518229166666 0.11702268518518519 0.011395312500000001 0.021082407407407407
1 0.5 0.4739949074074074 1.0 0.9479898148148148
0 0.49665130208333336 0.732937037037037 0.041219270833333335 0.06587407407407408
0 0.5208367187499999 0.3078814814814815 0.022923437499999998 0.07687407407407408
0 0.4594697916666667 0.20792962962962963 0.017897916666666666 0.02511851851851852
0 0.8126593750000001 0.16996342592592592 0.016985416666666666 0.04548240740740741
0 0.7629578124999999 0.2959995370370371 0.031123958333333333 0.06236944444444444
0 0.5439263020833334 0.09960046296296296 0.015977604166666666 0.02142314814814815
0 0.30454192708333333 0.10725601851851851 0.0142921875 0.033030555555555556
0 0.5098778645833334 0.4543837962962963 0.03642239583333333 0.066175
0 0.7764838541666667 0.028559722222222222 0.017551041666666666 0.03119351851851852
0 0.731715625 0.09779814814814815 0.009264583333333333 0.025225925925925926
0 0.13445208333333333 0.37477314814814816 0.015779166666666667 0.0569537037037037
0 0.07133723958333334 0.21544444444444444 0.009341145833333333 0.036444444444444446
0 0.12567552083333333 0.5460601851851852 0.014892708333333334 0.018046296296296296
0 0.03655078125 0.23515925925925926 0.007476562500000001 0.024022222222222223
0 0.059651822916666666 0.21710138888888889 0.008886979166666666 0.024943518518518518
0 0.5324591145833334 0.8356361111111111 0.0107515625 0.04164259259259259
0 0.7759734374999999 0.6692546296296296 0.013405208333333333 0.042212962962962966
0 0.7505231770833334 0.4699171296296296 0.008338020833333333 0.013908333333333333
0 0.5751955729166667 0.4282314814814815 0.010807812500000001 0.024981481481481483
0 0.7419156250000001 0.24425462962962965 0.010914583333333333 0.03480555555555556
0 0.77753359375 0.09007407407407407 0.011317187499999999 0.020888888888888887
1 0.49973958333333335 0.5393518518518519 0.9994791666666667 0.9194444444444444
0 0.4778645833333333 0.2726851851851852 0.03802083333333333 0.07314814814814814
0 0.5354166666666667 0.6856481481481481 0.021875 0.07685185185185185
0 0.4859375 0.8 0.017708333333333333 0.027777777777777776
0 0.8375 0.7384259259259259 0.014583333333333334 0.04722222222222222
0 0.77734375 0.6282407407407408 0.0265625 0.06759259259259259
0 0.5783854166666667 0.8837962962962963 0.015104166666666667 0.021296296296296296
0 0.34088541666666666 0.9421296296296297 0.016145833333333335 0.030555555555555555
0 0.5147859375 0.5449074074074074 0.032696875 0.06944444444444445
0 0.8140625 0.8888888888888888 0.016666666666666666 0.03148148148148148
0 0.7638020833333333 0.8319444444444445 0.008854166666666666 0.025
0 0.15078125 0.725 0.018229166666666668 0.053703703703703705
0 0.009375 0.8023148148148148 0.013541666666666667 0.03981481481481482
0 0.10182291666666667 0.899537037037037 0.0109375 0.03425925925925926
0 0.12604166666666666 0.5578703703703703 0.014583333333333334 0.019444444444444445
0 0.065625 0.8902777777777777 0.00625 0.023148148148148147
0 0.09021276041666668 0.9013115740740741 0.010633854166666668 0.022993518518518517
0 0.5028645833333333 0.1597222222222222 0.011979166666666667 0.03981481481481482
0 0.7578125 0.2564814814814815 0.014583333333333334 0.04259259259259259
0 0.7497395833333333 0.4601851851851852 0.008854166666666666 0.014814814814814815
0 0.5802083333333333 0.5504629629629629 0.010416666666666666 0.025
0 0.7611979166666667 0.6861111111111111 0.011979166666666667 0.03333333333333333
0 0.8104166666666667 0.8273148148148148 0.011458333333333333 0.021296296296296296
1 0.5 0.46673796296296294 1.0 0.9334759259259259
0 0.49044375 0.7314666666666667 0.0402625 0.06848888888888889
0 0.5259544270833333 0.3096805555555555 0.021700520833333334 0.07676851851851851
0 0.46831666666666666 0.2047050925925926 0.01788333333333333 0.02607685185185185
0 0.8220895833333334 0.19994629629629632 0.016054166666666668 0.04618888888888889
0 0.7684875000000001 0.32087824074074073 0.029683333333333332 0.0639787037037037
0 0.55578125 0.10408333333333333 0.015729166666666666 0.02112962962962963
0 0.31572187500000004 0.09009074074074075 0.014777083333333333 0.03203333333333333
0 0.5119088541666666 0.4540958333333333 0.03527604166666667 0.06745092592592591
0 0.7898643229166668 0.05442175925925926 0.017228645833333334 0.03106574074074074
0 0.7434924479166667 0.12078842592592594 0.008859895833333332 0.024910185185185185
0 0.13896328125000001 0.34097453703703706 0.016468229166666667 0.05602314814814815
0 0.08025182291666667 0.17624027777777776 0.009461979166666667 0.03581388888888889
0 0.12460260416666666 0.5111337962962963 0.014830208333333334 0.018563888888888887
0 0.04521015625 0.19245324074074074 0.007086979166666666 0.023795370370370373
0 0.06881041666666667 0.17699490740740742 0.009495833333333334 0.024360185185185186
0 0.5229557291666667 0.8381652777777777 0.010494791666666666 0.04114537037037037
0 0.7712361979166666 0.694376388888889 0.013305729166666667 0.042456481481481484
0 0.7511416666666667 0.49323611111111115 0.008533333333333334 0.01425
0 0.5771364583333334 0.434750462962963 0.010522916666666667 0.02505648148148148
0 0.7492440104166668 0.26720462962962965 0.010988020833333334 0.03440925925925926
0 0.7895518229166666 0.11702268518518519 0.011395312500000001 0.021082407407407407
1 0.5 0.4739949074074074 1.0 0.9479898148148148
0 0.49665130208333336 0.732937037037037 0.041219270833333335 0.06587407407407408
0 0.5208367187499999 0.3078814814814815 0.022923437499999998 0.07687407407407408
0 0.4594697916666667 0.20792962962962963 0.017897916666666666 0.02511851851851852
0 0.8126593750000001 0.16996342592592592 0.016985416666666666 0.04548240740740741
0 0.7629578124999999 0.2959995370370371 0.031123958333333333 0.06236944444444444
0 0.5439263020833334 0.09960046296296296 0.015977604166666666 0.02142314814814815
0 0.30454192708333333 0.10725601851851851 0.0142921875 0.033030555555555556
0 0.5098778645833334 0.4543837962962963 0.03642239583333333 0.066175
0 0.7764838541666667 0.028559722222222222 0.017551041666666666 0.03119351851851852
0 0.731715625 0.09779814814814815 0.009264583333333333 0.025225925925925926
0 0.13445208333333333 0.37477314814814816 0.015779166666666667 0.0569537037037037
0 0.07133723958333334 0.21544444444444444 0.009341145833333333 0.036444444444444446
0 0.12567552083333333 0.5460601851851852 0.014892708333333334 0.018046296296296296
0 0.03655078125 0.23515925925925926 0.007476562500000001 0.024022222222222223
0 0.059651822916666666 0.21710138888888889 0.008886979166666666 0.024943518518518518
0 0.5324591145833334 0.8356361111111111 0.0107515625 0.04164259259259259
0 0.7759734374999999 0.6692546296296296 0.013405208333333333 0.042212962962962966
0 0.7505231770833334 0.4699171296296296 0.008338020833333333 0.013908333333333333
0 0.5751955729166667 0.4282314814814815 0.010807812500000001 0.024981481481481483
0 0.7419156250000001 0.24425462962962965 0.010914583333333333 0.03480555555555556
0 0.77753359375 0.09007407407407407 0.011317187499999999 0.020888888888888887
1 0.49973958333333335 0.5393518518518519 0.9994791666666667 0.9194444444444444
0 0.4778645833333333 0.2726851851851852 0.03802083333333333 0.07314814814814814
0 0.5354166666666667 0.6856481481481481 0.021875 0.07685185185185185
0 0.4859375 0.8 0.017708333333333333 0.027777777777777776
0 0.8375 0.7384259259259259 0.014583333333333334 0.04722222222222222
0 0.77734375 0.6282407407407408 0.0265625 0.06759259259259259
0 0.5783854166666667 0.8837962962962963 0.015104166666666667 0.021296296296296296
0 0.34088541666666666 0.9421296296296297 0.016145833333333335 0.030555555555555555
0 0.5147859375 0.5449074074074074 0.032696875 0.06944444444444445
0 0.8140625 0.8888888888888888 0.016666666666666666 0.03148148148148148
0 0.7638020833333333 0.8319444444444445 0.008854166666666666 0.025
0 0.15078125 0.725 0.018229166666666668 0.053703703703703705
0 0.009375 0.8023148148148148 0.013541666666666667 0.03981481481481482
0 0.10182291666666667 0.899537037037037 0.0109375 0.03425925925925926
0 0.12604166666666666 0.5578703703703703 0.014583333333333334 0.019444444444444445
0 0.065625 0.8902777777777777 0.00625 0.023148148148148147
0 0.09021276041666668 0.9013115740740741 0.010633854166666668 0.022993518518518517
0 0.5028645833333333 0.1597222222222222 0.011979166666666667 0.03981481481481482
0 0.7578125 0.2564814814814815 0.014583333333333334 0.04259259259259259
0 0.7497395833333333 0.4601851851851852 0.008854166666666666 0.014814814814814815
0 0.5802083333333333 0.5504629629629629 0.010416666666666666 0.025
0 0.7611979166666667 0.6861111111111111 0.011979166666666667 0.03333333333333333
0 0.8104166666666667 0.8273148148148148 0.011458333333333333 0.021296296296296296
1 0.5 0.46673796296296294 1.0 0.9334759259259259
0 0.49044375 0.7314666666666667 0.0402625 0.06848888888888889
0 0.5259544270833333 0.3096805555555555 0.021700520833333334 0.07676851851851851
0 0.46831666666666666 0.2047050925925926 0.01788333333333333 0.02607685185185185
0 0.8220895833333334 0.19994629629629632 0.016054166666666668 0.04618888888888889
0 0.7684875000000001 0.32087824074074073 0.029683333333333332 0.0639787037037037
0 0.55578125 0.10408333333333333 0.015729166666666666 0.02112962962962963
0 0.31572187500000004 0.09009074074074075 0.014777083333333333 0.03203333333333333
0 0.5119088541666666 0.4540958333333333 0.03527604166666667 0.06745092592592591
0 0.7898643229166668 0.05442175925925926 0.017228645833333334 0.03106574074074074
0 0.7434924479166667 0.12078842592592594 0.008859895833333332 0.024910185185185185
0 0.13896328125000001 0.34097453703703706 0.016468229166666667 0.05602314814814815
0 0.08025182291666667 0.17624027777777776 0.009461979166666667 0.03581388888888889
0 0.12460260416666666 0.5111337962962963 0.014830208333333334 0.018563888888888887
0 0.04521015625 0.19245324074074074 0.007086979166666666 0.023795370370370373
0 0.06881041666666667 0.17699490740740742 0.009495833333333334 0.024360185185185186
0 0.5229557291666667 0.8381652777777777 0.010494791666666666 0.04114537037037037
0 0.7712361979166666 0.694376388888889 0.013305729166666667 0.042456481481481484
0 0.7511416666666667 0.49323611111111115 0.008533333333333334 0.01425
0 0.5771364583333334 0.434750462962963 0.010522916666666667 0.02505648148148148
0 0.7492440104166668 0.26720462962962965 0.010988020833333334 0.03440925925925926
0 0.7895518229166666 0.11702268518518519 0.011395312500000001 0.021082407407407407
1 0.5 0.4739949074074074 1.0 0.9479898148148148
0 0.49665130208333336 0.732937037037037 0.041219270833333335 0.06587407407407408
0 0.5208367187499999 0.3078814814814815 0.022923437499999998 0.07687407407407408
0 0.4594697916666667 0.20792962962962963 0.017897916666666666 0.02511851851851852
0 0.8126593750000001 0.16996342592592592 0.016985416666666666 0.04548240740740741
0 0.7629578124999999 0.2959995370370371 0.031123958333333333 0.06236944444444444
0 0.5439263020833334 0.09960046296296296 0.015977604166666666 0.02142314814814815
0 0.30454192708333333 0.10725601851851851 0.0142921875 0.033030555555555556
0 0.5098778645833334 0.4543837962962963 0.03642239583333333 0.066175
0 0.7764838541666667 0.028559722222222222 0.017551041666666666 0.03119351851851852
0 0.731715625 0.09779814814814815 0.009264583333333333 0.025225925925925926
0 0.13445208333333333 0.37477314814814816 0.015779166666666667 0.0569537037037037
0 0.07133723958333334 0.21544444444444444 0.009341145833333333 0.036444444444444446
0 0.12567552083333333 0.5460601851851852 0.014892708333333334 0.018046296296296296
0 0.03655078125 0.23515925925925926 0.007476562500000001 0.024022222222222223
0 0.059651822916666666 0.21710138888888889 0.008886979166666666 0.024943518518518518
0 0.5324591145833334 0.8356361111111111 0.0107515625 0.04164259259259259
0 0.7759734374999999 0.6692546296296296 0.013405208333333333 0.042212962962962966
0 0.7505231770833334 0.4699171296296296 0.008338020833333333 0.013908333333333333
0 0.5751955729166667 0.4282314814814815 0.010807812500000001 0.024981481481481483
0 0.7419156250000001 0.24425462962962965 0.010914583333333333 0.03480555555555556
0 0.77753359375 0.09007407407407407 0.011317187499999999 0.020888888888888887
