1 0.5 0.5170157407407407 1.0 0.9655129629629629
0 0.5274809895833333 0.2735708333333333 0.0164203125 0.026771296296296297
0 0.6310205729166667 0.4971972222222222 0.017249479166666668 0.02957962962962963
0 0.6300263020833333 0.4235555555555556 0.011094270833333333 0.023037037037037036
0 0.5565942708333333 0.4579787037037037 0.04235520833333333 0.08817962962962962
0 0.55062109375 0.4254351851851852 0.017908854166666665 0.037907407407407404
0 0.7498242187499999 0.5133504629629629 0.020481770833333336 0.035960185185185185
0 0.6865559895833333 0.09582638888888889 0.007486979166666667 0.023134259259259257
0 0.6323895833333334 0.5855217592592593 0.017904166666666665 0.04326574074074074
0 0.6528130208333334 0.4224087962962963 0.020209374999999998 0.02444722222222222
0 0.42184479166666666 0.9274564814814815 0.009314583333333333 0.01232037037037037
0 0.3697317708333333 0.8719421296296296 0.01758854166666667 0.03647685185185186
0 0.3325559895833334 0.9694689814814814 0.0171953125 0.025975
0 0.3347221354166667 0.9158435185185185 0.014235937499999999 0.03353888888888889
0 0.2841408854166667 0.8153222222222222 0.022448437499999998 0.032496296296296294
0 0.42030677083333334 0.7720412037037037 0.018738541666666667 0.029267592592592595
0 0.7201744791666667 0.9527370370370369 0.016390625 0.027696296296296295
0 0.32900859375 0.2544518518518518 0.022600520833333335 0.053348148148148145
0 0.5911161458333333 0.1444023148148148 0.027023958333333334 0.051767592592592594
0 0.1368453125 0.8952842592592593 0.021607291666666664 0.036864814814814816
0 0.21817057291666667 0.6110069444444445 0.013424479166666666 0.02386574074074074
0 0.20810494791666667 0.5788106481481482 0.0141265625 0.02058425925925926
0 0.14408802083333333 0.4564930555555555 0.014217708333333332 0.01483796296296296
0 0.2643479166666667 0.7345347222222223 0.018279166666666666 0.032032407407407405
1 0.5 0.5068717592592593 1.0 0.9859657407407408
0 0.5137575520833333 0.26993935185185186 0.0170984375 0.02691574074074074
0 0.6303752604166667 0.4731444444444444 0.01700052083333333 0.029622222222222223
0 0.6245627604166667 0.39960555555555555 0.010583854166666667 0.023285185185185187
0 0.5539208333333333 0.44777314814814817 0.04325833333333333 0.08443518518518518
0 0.5458596354166667 0.4164481481481482 0.018802604166666667 0.03845185185185185
0 0.7492122395833333 0.46628888888888886 0.02029947916666667 0.03628148148148148
0 0.6620973958333334 0.06339768518518518 0.007528125 0.023091666666666667
0 0.6372622395833333 0.5601537037037038 0.017232812500000003 0.04438148148148148
0 0.6477223958333334 0.3940277777777778 0.020444791666666667 0.023240740740740742
0 0.4474388020833333 0.9401986111111111 0.009460937499999999 0.011878703703703704
0 0.3917541666666667 0.894475925925926 0.01788333333333333 0.035248148148148147
0 0.3606380208333333 0.9927962962962963 0.017109375 0.015222222222222224
0 0.36035703125 0.9441777777777778 0.014464062500000001 0.0328
0 0.30407213541666667 0.8535578703703703 0.023769270833333335 0.02933796296296296
0 0.4368169270833333 0.785387037037037 0.0194671875 0.02818148148148148
0 0.745384375 0.9092898148148149 0.01576875 0.02783888888888889
0 0.3147328125 0.2863685185185185 0.022173958333333334 0.05421851851851851
0 0.56953984375 0.12823287037037037 0.028663020833333334 0.04905833333333333
0 0.16220677083333335 0.9598291666666667 0.022330208333333334 0.03447314814814815
0 0.22613411458333335 0.6631273148148148 0.013726562500000001 0.024402777777777777
0 0.21475390625 0.6330824074074074 0.013882812500000001 0.019868518518518518
0 0.14356328125 0.5229791666666667 0.014209895833333335 0.016328703703703706
0 0.27930260416666663 0.7767273148148148 0.016938541666666664 0.03308425925925926
1 0.49973958333333335 0.5152777777777777 0.9994791666666667 0.9675925925925926
0 0.47708333333333336 0.27175925925925926 0.016666666666666666 0.026851851851851852
0 0.3690104166666667 0.4888888888888889 0.0171875 0.02962962962962963
0 0.37161458333333336 0.4152777777777778 0.0109375 0.023148148148148147
0 0.44427083333333334 0.4546296296296296 0.042708333333333334 0.08703703703703704
0 0.45078125 0.42268518518518516 0.018229166666666668 0.03796296296296296
0 0.25026041666666665 0.4976851851851852 0.0203125 0.03611111111111111
0 0.32135416666666666 0.08472222222222223 0.007291666666666667 0.023148148148148147
0 0.3658854166666667 0.5773148148148148 0.0171875 0.04351851851851852
0 0.34869791666666666 0.412962962962963 0.0203125 0.024074074074074074
0 0.5697916666666667 0.9319444444444445 0.009375 0.012037037037037037
0 0.6229166666666667 0.8800925925925925 0.017708333333333333 0.03611111111111111
0 0.6580729166666667 0.9796296296296296 0.0171875 0.025925925925925925
0 0.65703125 0.9259259259259259 0.0140625 0.03333333333333333
0 0.709375 0.8287037037037037 0.022916666666666665 0.03148148148148148
0 0.5744791666666667 0.7773148148148148 0.01875 0.028703703703703703
0 0.27109375 0.9388888888888889 0.016145833333333335 0.027777777777777776
0 0.67578125 0.26481481481481484 0.022395833333333334 0.053703703703703705
0 0.4158854166666667 0.13842592592592592 0.027604166666666666 0.05092592592592592
0 0.8552083333333333 0.9171296296296296 0.021875 0.03611111111111111
0 0.7796875 0.6287037037037037 0.013541666666666667 0.024074074074074074
0 0.78984375 0.5972222222222222 0.0140625 0.020370370370370372
0 0.8565104166666667 0.4787037037037037 0.0140625 0.014814814814814815
0 0.7307291666666667 0.7486111111111111 0.017708333333333333 0.032407407407407406
1 0.5 0.5170157407407407 1.0 0.9655129629629629
0 0.5274809895833333 0.2735708333333333 0.0164203125 0.026771296296296297
0 0.6310205729166667 0.4971972222222222 0.017249479166666668 0.02957962962962963
0 0.6300263020833333 0.4235555555555556 0.011094270833333333 0.023037037037037036
0 0.5565942708333333 0.4579787037037037 0.04235520833333333 0.08817962962962962
0 0.55062109375 0.4254351851851852 0.017908854166666665 0.037907407407407404
0 0.7498242187499999 0.5133504629629629 0.020481770833333336 0.035960185185185185
0 0.6865559895833333 0.09582638888888889 0.007486979166666667 0.023134259259259257
0 0.6323895833333334 0.5855217592592593 0.017904166666666665 0.04326574074074074
0 0.6528130208333334 0.4224087962962963 0.020209374999999998 0.02444722222222222
0 0.42184479166666666 0.9274564814814815 0.009314583333333333 0.01232037037037037
0 0.3697317708333333 0.8719421296296296 0.01758854166666667 0.03647685185185186
0 0.3325559895833334 0.9694689814814814 0.0171953125 0.025975
0 0.3347221354166667 0.9158435185185185 0.014235937499999999 0.03353888888888889
0 0.2841408854166667 0.8153222222222222 0.022448437499999998 0.032496296296296294
0 0.42030677083333334 0.7720412037037037 0.018738541666666667 0.029267592592592595
0 0.7201744791666667 0.9527370370370369 0.016390625 0.027696296296296295
0 0.32900859375 0.2544518518518518 0.022600520833333335 0.053348148148148145
0 0.5911161458333333 0.1444023148148148 0.027023958333333334 0.051767592592592594
0 0.1368453125 0.8952842592592593 0.021607291666666664 0.036864814814814816
0 0.21817057291666667 0.6110069444444445 0.013424479166666666 0.02386574074074074
0 0.20810494791666667 0.5788106481481482 0.0141265625 0.02058425925925926
0 0.14408802083333333 0.4564930555555555 0.014217708333333332 0.01483796296296296
0 0.2643479166666667 0.7345347222222223 0.018279166666666666 0.032032407407407405
1 0.5 0.5068717592592593 1.0 0.9859657407407408
0 0.5137575520833333 0.26993935185185186 0.0170984375 0.02691574074074074
0 0.6303752604166667 0.4731444444444444 0.01700052083333333 0.029622222222222223
0 0.6245627604166667 0.39960555555555555 0.010583854166666667 0.023285185185185187
0 0.5539208333333333 0.44777314814814817 0.04325833333333333 0.08443518518518518
0 0.5458596354166667 0.4164481481481482 0.018802604166666667 0.03845185185185185
0 0.7492122395833333 0.46628888888888886 0.02029947916666667 0.03628148148148148
0 0.6620973958333334 0.06339768518518518 0.007528125 0.023091666666666667
0 0.6372622395833333 0.5601537037037038 0.017232812500000003 0.04438148148148148
0 0.6477223958333334 0.3940277777777778 0.020444791666666667 0.023240740740740742
0 0.4474388020833333 0.9401986111111111 0.009460937499999999 0.011878703703703704
0 0.3917541666666667 0.894475925925926 0.01788333333333333 0.035248148148148147
0 0.3606380208333333 0.9927962962962963 0.017109375 0.015222222222222224
0 0.36035703125 0.9441777777777778 0.014464062500000001 0.0328
0 0.30407213541666667 0.8535578703703703 0.023769270833333335 0.02933796296296296
0 0.4368169270833333 0.785387037037037 0.0194671875 0.02818148148148148
0 0.745384375 0.9092898148148149 0.01576875 0.02783888888888889
0 0.3147328125 0.2863685185185185 0.022173958333333334 0.05421851851851851
0 0.56953984375 0.12823287037037037 0.028663020833333334 0.04905833333333333
0 0.16220677083333335 0.9598291666666667 0.022330208333333334 0.03447314814814815
0 0.22613411458333335 0.6631273148148148 0.013726562500000001 0.024402777777777777
0 0.21475390625 0.6330824074074074 0.013882812500000001 0.019868518518518518
0 0.14356328125 0.5229791666666667 0.014209895833333335 0.016328703703703706
0 0.27930260416666663 0.7767273148148148 0.016938541666666664 0.03308425925925926
1 0.49973958333333335 0.5152777777777777 0.9994791666666667 0.9675925925925926
0 0.47708333333333336 0.27175925925925926 0.016666666666666666 0.026851851851851852
0 0.3690104166666667 0.4888888888888889 0.0171875 0.02962962962962963
0 0.37161458333333336 0.4152777777777778 0.0109375 0.023148148148148147
0 0.44427083333333334 0.4546296296296296 0.042708333333333334 0.08703703703703704
0 0.45078125 0.42268518518518516 0.018229166666666668 0.03796296296296296
0 0.25026041666666665 0.4976851851851852 0.0203125 0.03611111111111111
0 0.32135416666666666 0.08472222222222223 0.007291666666666667 0.023148148148148147
0 0.3658854166666667 0.5773148148148148 0.0171875 0.04351851851851852
0 0.34869791666666666 0.412962962962963 0.0203125 0.024074074074074074
0 0.5697916666666667 0.9319444444444445 0.009375 0.012037037037037037
0 0.6229166666666667 0.8800925925925925 0.017708333333333333 0.03611111111111111
0 0.6580729166666667 0.9796296296296296 0.0171875 0.025925925925925925
0 0.65703125 0.9259259259259259 0.0140625 0.03333333333333333
0 0.709375 0.8287037037037037 0.022916666666666665 0.03148148148148148
0 0.5744791666666667 0.7773148148148148 0.01875 0.028703703703703703
0 0.27109375 0.9388888888888889 0.016145833333333335 0.027777777777777776
0 0.67578125 0.26481481481481484 0.022395833333333334 0.053703703703703705
0 0.4158854166666667 0.13842592592592592 0.027604166666666666 0.05092592592592592
0 0.8552083333333333 0.9171296296296296 0.021875 0.03611111111111111
0 0.7796875 0.6287037037037037 0.013541666666666667 0.024074074074074074
0 0.78984375 0.5972222222222222 0.0140625 0.020370370370370372
0 0.8565104166666667 0.4787037037037037 0.0140625 0.014814814814814815
0 0.7307291666666667 0.7486111111111111 0.017708333333333333 0.032407407407407406
