1 0.49973958333333335 0.5148148148148148 0.9994791666666667 0.9685185185185186
0 0.2296875 0.4703703703703704 0.0125 0.03148148148148148
0 0.31276041666666665 0.9416666666666667 0.021354166666666667 0.03333333333333333
0 0.8270833333333333 0.2912037037037037 0.013541666666666667 0.030555555555555555
0 0.9252604166666667 0.33611111111111114 0.0067708333333333336 0.025925925925925925
0 0.03411458333333333 0.8175925925925925 0.0203125 0.03888888888888889
1 0.5 0.48461851851851856 1.0 0.9692370370370371
0 0.7707036458333333 0.4956226851851852 0.012240625 0.03198611111111111
0 0.6694270833333333 0.03657638888888889 0.021145833333333332 0.03241203703703704
0 0.18175442708333334 0.7488324074074074 0.013508854166666667 0.03099814814814815
0 0.08258020833333334 0.7158060185185185 0.0068270833333333334 0.02605648148148148
0 0.9523611979166666 0.12536203703703702 0.0213890625 0.037761111111111106
1 0.5 0.4968268518518518 1.0 0.9936537037037037
0 0.23206484375 0.571799074074074 0.013088020833333333 0.030635185185185185
0 0.29154713541666666 0.08842407407407407 0.021635937499999997 0.03425555555555556
0 0.8360252604166667 0.6577314814814815 0.0137171875 0.030277777777777782
0 0.93138515625 0.597374537037037 0.0075619791666666665 0.026230555555555556
0 0.0203515625 0.25640972222222225 0.018828124999999998 0.04059722222222222
1 0.49973958333333335 0.5148148148148148 0.9994791666666667 0.9685185185185186
0 0.2296875 0.4703703703703704 0.0125 0.03148148148148148
0 0.31276041666666665 0.9416666666666667 0.021354166666666667 0.03333333333333333
0 0.8270833333333333 0.2912037037037037 0.013541666666666667 0.030555555555555555
0 0.9252604166666667 0.33611111111111114 0.0067708333333333336 0.025925925925925925
0 0.03411458333333333 0.8175925925925925 0.0203125 0.03888888888888889
1 0.5 0.48461851851851856 1.0 0.9692370370370371
0 0.7707036458333333 0.4956226851851852 0.012240625 0.03198611111111111
0 0.6694270833333333 0.03657638888888889 0.021145833333333332 0.03241203703703704
0 0.18175442708333334 0.7488324074074074 0.013508854166666667 0.03099814814814815
0 0.08258020833333334 0.7158060185185185 0.0068270833333333334 0.02605648148148148
0 0.9523611979166666 0.12536203703703702 0.0213890625 0.037761111111111106
1 0.5 0.4968268518518518 1.0 0.9936537037037037
0 0.23206484375 0.571799074074074 0.013088020833333333 0.030635185185185185
0 0.29154713541666666 0.08842407407407407 0.021635937499999997 0.03425555555555556
0 0.8360252604166667 0.6577314814814815 0.0137171875 0.030277777777777782
0 0.93138515625 0.597374537037037 0.0075619791666666665 0.026230555555555556
0 0.0203515625 0.25640972222222225 0.018828124999999998 0.04059722222222222
1 0.49973958333333335 0.5148148148148148 0.9994791666666667 0.9685185185185186
0 0.2296875 0.4703703703703704 0.0125 0.03148148148148148
0 0.31276041666666665 0.9416666666666667 0.021354166666666667 0.03333333333333333
0 0.8270833333333333 0.2912037037037037 0.013541666666666667 0.030555555555555555
0 0.9252604166666667 0.33611111111111114 0.0067708333333333336 0.025925925925925925
0 0.03411458333333333 0.8175925925925925 0.0203125 0.03888888888888889
1 0.5 0.48461851851851856 1.0 0.9692370370370371
0 0.7707036458333333 0.4956226851851852 0.012240625 0.03198611111111111
0 0.6694270833333333 0.03657638888888889 0.021145833333333332 0.03241203703703704
0 0.18175442708333334 0.7488324074074074 0.013508854166666667 0.03099814814814815
0 0.08258020833333334 0.7158060185185185 0.0068270833333333334 0.02605648148148148
0 0.9523611979166666 0.12536203703703702 0.0213890625 0.037761111111111106
1 0.5 0.4968268518518518 1.0 0.9936537037037037
0 0.23206484375 0.571799074074074 0.013088020833333333 0.030635185185185185
0 0.29154713541666666 0.08842407407407407 0.021635937499999997 0.03425555555555556
0 0.8360252604166667 0.6577314814814815 0.0137171875 0.030277777777777782
0 0.93138515625 0.597374537037037 0.0075619791666666665 0.026230555555555556
0 0.0203515625 0.25640972222222225 0.018828124999999998 0.04059722222222222
