1 0.49973958333333335 0.5375 0.9994791666666667 0.9231481481481482
0 0.4578125 0.6675925925925926 0.041666666666666664 0.08703703703703704
0 0.4421875 0.31712962962962965 0.015625 0.03425925925925926
0 0.6372395833333333 0.9018518518518519 0.0296875 0.03518518518518519
0 0.9908854166666666 0.562962962962963 0.0109375 0.03148148148148148
0 0.9591145833333333 0.8402777777777778 0.016145833333333335 0.04722222222222222
0 0.9567708333333333 0.8305555555555556 0.011458333333333333 0.02962962962962963
0 0.99453125 0.8319444444444445 0.009895833333333333 0.028703703703703703
0 0.9934895833333334 0.7870370370370371 0.011979166666666667 0.025925925925925925
0 0.9669270833333333 0.9175925925925926 0.021354166666666667 0.08703703703703704
1 0.5 0.5334819444444444 1.0 0.9336305555555556
0 0.44965390625 0.6612740740740741 0.0430578125 0.08736296296296296
0 0.4508997395833333 0.3087712962962963 0.0163828125 0.03420925925925926
0 0.6168036458333332 0.9216305555555555 0.030482291666666668 0.03400185185185185
0 0.98589609375 0.6388291666666667 0.011375520833333335 0.03136203703703704
0 0.9409216145833333 0.9101166666666667 0.015176562499999999 0.04801111111111111
0 0.93858671875 0.9005083333333334 0.010506770833333333 0.030646296296296296
0 0.9764205729166666 0.9068092592592593 0.011174479166666666 0.02843333333333333
0 0.9776388020833333 0.861826388888889 0.012569270833333333 0.02550462962962963
0 0.9472302083333334 0.9726495370370369 0.016335416666666668 0.054558333333333334
1 0.5 0.46647962962962963 1.0 0.9329592592592593
0 0.46278203125 0.3289592592592593 0.04327239583333333 0.08754814814814815
0 0.4368447916666666 0.6774611111111112 0.01535625 0.034551851851851854
0 0.64892578125 0.11069398148148148 0.0291015625 0.03620277777777777
0 0.991796875 0.48238564814814816 0.010677083333333334 0.031437962962962966
0 0.9682302083333333 0.2029175925925926 0.01666875 0.04657592592592592
0 0.96588984375 0.21260324074074075 0.011988020833333333 0.028910185185185185
0 0.9976307291666667 0.25837777777777776 0.004636458333333333 0.024162962962962962
0 0.9789080729166667 0.12639953703703705 0.020316145833333334 0.08798425925925926
1 0.49973958333333335 0.5375 0.9994791666666667 0.9231481481481482
0 0.4578125 0.6675925925925926 0.041666666666666664 0.08703703703703704
0 0.4421875 0.31712962962962965 0.015625 0.03425925925925926
0 0.6372395833333333 0.9018518518518519 0.0296875 0.03518518518518519
0 0.9908854166666666 0.562962962962963 0.0109375 0.03148148148148148
0 0.9591145833333333 0.8402777777777778 0.016145833333333335 0.04722222222222222
0 0.9567708333333333 0.8305555555555556 0.011458333333333333 0.02962962962962963
0 0.99453125 0.8319444444444445 0.009895833333333333 0.028703703703703703
0 0.9934895833333334 0.7870370370370371 0.011979166666666667 0.025925925925925925
0 0.9669270833333333 0.9175925925925926 0.021354166666666667 0.08703703703703704
1 0.5 0.5334819444444444 1.0 0.9336305555555556
0 0.44965390625 0.6612740740740741 0.0430578125 0.08736296296296296
0 0.4508997395833333 0.3087712962962963 0.0163828125 0.03420925925925926
0 0.6168036458333332 0.9216305555555555 0.030482291666666668 0.03400185185185185
0 0.98589609375 0.6388291666666667 0.011375520833333335 0.03136203703703704
0 0.9409216145833333 0.9101166666666667 0.015176562499999999 0.04801111111111111
0 0.93858671875 0.9005083333333334 0.010506770833333333 0.030646296296296296
0 0.9764205729166666 0.9068092592592593 0.011174479166666666 0.02843333333333333
0 0.9776388020833333 0.861826388888889 0.012569270833333333 0.02550462962962963
0 0.9472302083333334 0.9726495370370369 0.016335416666666668 0.054558333333333334
1 0.5 0.46647962962962963 1.0 0.9329592592592593
0 0.46278203125 0.3289592592592593 0.04327239583333333 0.08754814814814815
0 0.4368447916666666 0.6774611111111112 0.01535625 0.034551851851851854
0 0.64892578125 0.11069398148148148 0.0291015625 0.03620277777777777
0 0.991796875 0.48238564814814816 0.010677083333333334 0.031437962962962966
0 0.9682302083333333 0.2029175925925926 0.01666875 0.04657592592592592
0 0.96588984375 0.21260324074074075 0.011988020833333333 0.028910185185185185
0 0.9976307291666667 0.25837777777777776 0.004636458333333333 0.024162962962962962
0 0.9789080729166667 0.12639953703703705 0.020316145833333334 0.08798425925925926
