0 0.5 0.5279787037037037 1.0 0.9448462962962962
1 0.5 0.5278421296296297 1.0 0.9445731481481482
0 0.03046848958333333 0.8148699074074074 0.0036453124999999997 0.020480555555555554
0 0.0199046875 0.8716930555555555 0.007517708333333333 0.02301574074074074
0 0.20227760416666665 0.7970412037037037 0.014971874999999999 0.04408240740740741
0 0.25386901041666665 0.6031578703703703 0.012946354166666667 0.028537962962962963
0 0.15654114583333334 0.47407222222222223 0.014123958333333332 0.02592222222222222
0 0.33679921875 0.7591768518518518 0.016306770833333335 0.02390925925925926
0 0.36890494791666667 0.8162578703703703 0.011768229166666666 0.02881203703703704
0 0.2916799479166666 0.8531888888888889 0.004193229166666667 0.010081481481481481
0 0.2831223958333334 0.9138314814814815 0.007911458333333333 0.012848148148148148
0 0.24195390625 0.8837953703703704 0.006824479166666666 0.012035185185185185
0 0.47167291666666666 0.8485449074074074 0.008970833333333334 0.019312037037037037
0 0.37138046875 0.9656185185185184 0.012552604166666667 0.010866666666666667
0 0.09250703125 0.1641273148148148 0.0162640625 0.052328703703703704
0 0.1734453125 0.3680439814814815 0.015640625000000002 0.045347222222222226
0 0.23174322916666668 0.47082407407407406 0.005153125 0.017574074074074075
0 0.14922708333333334 0.4028824074074074 0.0099125 0.007616666666666667
0 0.3818111979166667 0.22821527777777778 0.007372395833333333 0.013837962962962963
0 0.440390625 0.2258189814814815 0.015156250000000001 0.023860185185185182
0 0.4827666666666667 0.32547037037037035 0.005116666666666667 0.0102
0 0.8912768229166667 0.2744134259259259 0.010678645833333333 0.03030833333333333
0 0.8742546875 0.5551078703703703 0.005801041666666667 0.012067592592592592
0 0.6339575520833333 0.6632375 0.013748437499999999 0.03203055555555556
0 0.9361471354166666 0.8218217592592593 0.008752604166666667 0.026976851851851853
0 0.9418627604166667 0.9778814814814816 0.0097671875 0.015022222222222223
0 0.9612203125 0.9486749999999999 0.004732291666666667 0.010312962962962963
0 0.9807377604166666 0.8439157407407407 0.007308854166666667 0.011905555555555556
0 0.62815625 0.4865087962962963 0.0063124999999999995 0.008202777777777778
0 0.49973958333333335 0.524074074074074 0.9994791666666667 0.95
1 0.49973958333333335 0.524537037037037 0.9994791666666667 0.9490740740740741
0 0.02734375 0.8 0.0036458333333333334 0.020370370370370372
0 0.016145833333333335 0.8569444444444444 0.007291666666666667 0.023148148148148147
0 0.19947916666666668 0.787962962962963 0.014583333333333334 0.044444444444444446
0 0.25286458333333334 0.5958333333333333 0.013020833333333334 0.028703703703703703
0 0.15703125 0.4638888888888889 0.0140625 0.025925925925925925
0 0.3341145833333333 0.7537037037037037 0.016145833333333335 0.024074074074074074
0 0.3658854166666667 0.8125 0.011979166666666667 0.028703703703703703
0 0.28802083333333334 0.8466870370370371 0.004166666666666667 0.01004074074074074
0 0.27890625 0.9074074074074074 0.0078125 0.012962962962962963
0 0.23828125 0.875462962962963 0.0067708333333333336 0.012037037037037037
0 0.46848958333333335 0.8476851851851852 0.008854166666666666 0.019444444444444445
0 0.36666666666666664 0.9611111111111111 0.0125 0.011111111111111112
0 0.09583333333333334 0.15185185185185185 0.016666666666666666 0.05185185185185185
0 0.175 0.3578703703703704 0.015625 0.04537037037037037
0 0.23229166666666667 0.4625 0.005208333333333333 0.017592592592592594
0 0.15026041666666667 0.39166666666666666 0.009895833333333333 0.007407407407407408
0 0.384375 0.22453703703703703 0.007291666666666667 0.013888888888888888
0 0.44296875 0.22407407407407406 0.015104166666666667 0.024074074074074074
0 0.484375 0.324537037037037 0.005208333333333333 0.010185185185185186
0 0.8932291666666666 0.2865740740740741 0.010416666666666666 0.030555555555555555
0 0.8736979166666666 0.5662037037037037 0.005729166666666666 0.012037037037037037
0 0.6322916666666667 0.6671296296296296 0.013541666666666667 0.032407407407407406
0 0.9330729166666667 0.8356481481481481 0.008854166666666666 0.026851851851851852
0 0.9372395833333333 0.9916666666666667 0.009895833333333333 0.014814814814814815
0 0.9565104166666667 0.9625 0.0046875 0.010185185185185186
0 0.9770833333333333 0.8587962962962963 0.007291666666666667 0.012037037037037037
0 0.628125 0.49027777777777776 0.00625 0.008333333333333333
0 0.5 0.5045921296296296 1.0 0.9906657407407409
1 0.5 0.5040870370370371 1.0 0.9915074074074074
0 0.014294531249999999 0.725887037037037 0.004630729166666667 0.02029259259259259
0 0.0020713541666666667 0.7829041666666667 0.004142708333333333 0.019512037037037036
0 0.18649635416666666 0.7398939814814816 0.012576041666666668 0.04645462962962963
0 0.2488546875 0.5572935185185185 0.013334375 0.029401851851851853
0 0.15997057291666666 0.41106157407407407 0.013691145833333333 0.02582685185185185
0 0.32225390625 0.7272097222222221 0.0163828125 0.024789814814814813
0 0.35128046874999996 0.7908666666666666 0.012977604166666667 0.028029629629629627
0 0.27179895833333334 0.8123032407407408 0.0040145833333333335 0.009791666666666666
0 0.2598916666666667 0.871836574074074 0.0072833333333333335 0.014043518518518518
0 0.22094479166666667 0.8337736111111111 0.006472916666666667 0.011991666666666668
0 0.4515109375 0.8414893518518518 0.008230208333333332 0.02001574074074074
0 0.34463177083333335 0.9385472222222222 0.012180208333333333 0.01227962962962963
0 0.11398776041666667 0.0903574074074074 0.018600520833333335 0.04923333333333333
0 0.18325833333333333 0.30818749999999995 0.015475 0.04600462962962963
0 0.23524895833333334 0.42084027777777777 0.005914583333333333 0.017606481481481483
0 0.15696692708333335 0.3376722222222222 0.0097671875 0.006825925925925925
0 0.39821927083333336 0.20796481481481482 0.006855208333333334 0.014077777777777778
0 0.456640625 0.21621944444444444 0.015364583333333333 0.02503148148148148
0 0.49292552083333335 0.32294814814814815 0.005642708333333333 0.01071111111111111
0 0.9024468750000001 0.3483935185185185 0.009060416666666666 0.03197222222222222
0 0.86881796875 0.6235074074074074 0.005344270833333333 0.01182962962962963
0 0.62393125 0.6874402777777778 0.012445833333333333 0.03413981481481482
0 0.9145557291666666 0.9010148148148148 0.009319791666666665 0.026103703703703705
0 0.9574367187499999 0.9313185185185184 0.007581770833333334 0.012637037037037037
0 0.6280903645833333 0.5100291666666666 0.006180729166666667 0.008947222222222223
0 0.5 0.5279787037037037 1.0 0.9448462962962962
1 0.5 0.5278421296296297 1.0 0.9445731481481482
0 0.03046848958333333 0.8148699074074074 0.0036453124999999997 0.020480555555555554
0 0.0199046875 0.8716930555555555 0.007517708333333333 0.02301574074074074
0 0.20227760416666665 0.7970412037037037 0.014971874999999999 0.04408240740740741
0 0.25386901041666665 0.6031578703703703 0.012946354166666667 0.028537962962962963
0 0.15654114583333334 0.47407222222222223 0.014123958333333332 0.02592222222222222
0 0.33679921875 0.7591768518518518 0.016306770833333335 0.02390925925925926
0 0.36890494791666667 0.8162578703703703 0.011768229166666666 0.02881203703703704
0 0.2916799479166666 0.8531888888888889 0.004193229166666667 0.010081481481481481
0 0.2831223958333334 0.9138314814814815 0.007911458333333333 0.012848148148148148
0 0.24195390625 0.8837953703703704 0.006824479166666666 0.012035185185185185
0 0.47167291666666666 0.8485449074074074 0.008970833333333334 0.019312037037037037
0 0.37138046875 0.9656185185185184 0.012552604166666667 0.010866666666666667
0 0.09250703125 0.1641273148148148 0.0162640625 0.052328703703703704
0 0.1734453125 0.3680439814814815 0.015640625000000002 0.045347222222222226
0 0.23174322916666668 0.47082407407407406 0.005153125 0.017574074074074075
0 0.14922708333333334 0.4028824074074074 0.0099125 0.007616666666666667
0 0.3818111979166667 0.22821527777777778 0.007372395833333333 0.013837962962962963
0 0.440390625 0.2258189814814815 0.015156250000000001 0.023860185185185182
0 0.4827666666666667 0.32547037037037035 0.005116666666666667 0.0102
0 0.8912768229166667 0.2744134259259259 0.010678645833333333 0.03030833333333333
0 0.8742546875 0.5551078703703703 0.005801041666666667 0.012067592592592592
0 0.6339575520833333 0.6632375 0.013748437499999999 0.03203055555555556
0 0.9361471354166666 0.8218217592592593 0.008752604166666667 0.026976851851851853
0 0.9418627604166667 0.9778814814814816 0.0097671875 0.015022222222222223
0 0.9612203125 0.9486749999999999 0.004732291666666667 0.010312962962962963
0 0.9807377604166666 0.8439157407407407 0.007308854166666667 0.011905555555555556
0 0.62815625 0.4865087962962963 0.0063124999999999995 0.008202777777777778
0 0.49973958333333335 0.524074074074074 0.9994791666666667 0.95
1 0.49973958333333335 0.524537037037037 0.9994791666666667 0.9490740740740741
0 0.02734375 0.8 0.0036458333333333334 0.020370370370370372
0 0.016145833333333335 0.8569444444444444 0.007291666666666667 0.023148148148148147
0 0.19947916666666668 0.787962962962963 0.014583333333333334 0.044444444444444446
0 0.25286458333333334 0.5958333333333333 0.013020833333333334 0.028703703703703703
0 0.15703125 0.4638888888888889 0.0140625 0.025925925925925925
0 0.3341145833333333 0.7537037037037037 0.016145833333333335 0.024074074074074074
0 0.3658854166666667 0.8125 0.011979166666666667 0.028703703703703703
0 0.28802083333333334 0.8466870370370371 0.004166666666666667 0.01004074074074074
0 0.27890625 0.9074074074074074 0.0078125 0.012962962962962963
0 0.23828125 0.875462962962963 0.0067708333333333336 0.012037037037037037
0 0.46848958333333335 0.8476851851851852 0.008854166666666666 0.019444444444444445
0 0.36666666666666664 0.9611111111111111 0.0125 0.011111111111111112
0 0.09583333333333334 0.15185185185185185 0.016666666666666666 0.05185185185185185
0 0.175 0.3578703703703704 0.015625 0.04537037037037037
0 0.23229166666666667 0.4625 0.005208333333333333 0.017592592592592594
0 0.15026041666666667 0.39166666666666666 0.009895833333333333 0.007407407407407408
0 0.384375 0.22453703703703703 0.007291666666666667 0.013888888888888888
0 0.44296875 0.22407407407407406 0.015104166666666667 0.024074074074074074
0 0.484375 0.324537037037037 0.005208333333333333 0.010185185185185186
0 0.8932291666666666 0.2865740740740741 0.010416666666666666 0.030555555555555555
0 0.8736979166666666 0.5662037037037037 0.005729166666666666 0.012037037037037037
0 0.6322916666666667 0.6671296296296296 0.013541666666666667 0.032407407407407406
0 0.9330729166666667 0.8356481481481481 0.008854166666666666 0.026851851851851852
0 0.9372395833333333 0.9916666666666667 0.009895833333333333 0.014814814814814815
0 0.9565104166666667 0.9625 0.0046875 0.010185185185185186
0 0.9770833333333333 0.8587962962962963 0.007291666666666667 0.012037037037037037
0 0.628125 0.49027777777777776 0.00625 0.008333333333333333
0 0.5 0.5045921296296296 1.0 0.9906657407407409
1 0.5 0.5040870370370371 1.0 0.9915074074074074
0 0.014294531249999999 0.725887037037037 0.004630729166666667 0.02029259259259259
0 0.0020713541666666667 0.7829041666666667 0.004142708333333333 0.019512037037037036
0 0.18649635416666666 0.7398939814814816 0.012576041666666668 0.04645462962962963
0 0.2488546875 0.5572935185185185 0.013334375 0.029401851851851853
0 0.15997057291666666 0.41106157407407407 0.013691145833333333 0.02582685185185185
0 0.32225390625 0.7272097222222221 0.0163828125 0.024789814814814813
0 0.35128046874999996 0.7908666666666666 0.012977604166666667 0.028029629629629627
0 0.27179895833333334 0.8123032407407408 0.0040145833333333335 0.009791666666666666
0 0.2598916666666667 0.871836574074074 0.0072833333333333335 0.014043518518518518
0 0.22094479166666667 0.8337736111111111 0.006472916666666667 0.011991666666666668
0 0.4515109375 0.8414893518518518 0.008230208333333332 0.02001574074074074
0 0.34463177083333335 0.9385472222222222 0.012180208333333333 0.01227962962962963
0 0.11398776041666667 0.0903574074074074 0.018600520833333335 0.04923333333333333
0 0.18325833333333333 0.30818749999999995 0.015475 0.04600462962962963
0 0.23524895833333334 0.42084027777777777 0.005914583333333333 0.017606481481481483
0 0.15696692708333335 0.3376722222222222 0.0097671875 0.006825925925925925
0 0.39821927083333336 0.20796481481481482 0.006855208333333334 0.014077777777777778
0 0.456640625 0.21621944444444444 0.015364583333333333 0.02503148148148148
0 0.49292552083333335 0.32294814814814815 0.005642708333333333 0.01071111111111111
0 0.9024468750000001 0.3483935185185185 0.009060416666666666 0.03197222222222222
0 0.86881796875 0.6235074074074074 0.005344270833333333 0.01182962962962963
0 0.62393125 0.6874402777777778 0.012445833333333333 0.03413981481481482
0 0.9145557291666666 0.9010148148148148 0.009319791666666665 0.026103703703703705
0 0.9574367187499999 0.9313185185185184 0.007581770833333334 0.012637037037037037
0 0.6280903645833333 0.5100291666666666 0.006180729166666667 0.008947222222222223
