1 0.5 0.5403490740740741 1.0 0.919587037037037
0 0.3011080729166667 0.7222925925925926 0.0157578125 0.03717777777777778
0 0.8094114583333333 0.4990532407407407 0.022989583333333334 0.024032407407407405
0 0.58493125 0.9082347222222222 0.029237500000000003 0.04424722222222222
0 0.68506953125 0.9029134259259258 0.02118072916666667 0.03545648148148148
0 0.40426223958333335 0.990111111111111 0.011649479166666667 0.01911111111111111
0 0.29104583333333334 0.6558842592592593 0.0248 0.03028703703703704
0 0.33858203124999997 0.6983768518518518 0.010497395833333334 0.03749444444444444
0 0.55961796875 0.12332824074074075 0.0161109375 0.022582407407407405
0 0.7147557291666666 0.5579509259259259 0.025344791666666665 0.05293888888888889
1 0.49973958333333335 0.5319444444444444 0.9994791666666667 0.9342592592592592
0 0.28240729166666667 0.6572018518518519 0.017939583333333335 0.03847777777777778
0 0.8041666666666667 0.5939814814814814 0.021875 0.026851851851851852
0 0.54375 0.9287037037037037 0.03125 0.03888888888888889
0 0.6432291666666666 0.9550925925925926 0.021875 0.03796296296296296
0 0.3578125 0.9708333333333333 0.011458333333333333 0.05648148148148148
0 0.2794270833333333 0.5889402777777778 0.0234375 0.03713981481481481
0 0.321875 0.6453703703703704 0.009375 0.03888888888888889
0 0.5953125 0.14814814814814814 0.015625 0.024074074074074074
0 0.7049479166666667 0.6240740740740741 0.0265625 0.05
1 0.5 0.4573143518518518 1.0 0.9146287037037036
0 0.2966591145833333 0.29006157407407407 0.016234895833333332 0.03753055555555556
0 0.8088067708333334 0.4817731481481482 0.022821875 0.024657407407407406
0 0.5768359375000001 0.08738009259259259 0.029713541666666666 0.0432787037037037
0 0.6768320312499999 0.0856162037037037 0.021372395833333332 0.03604722222222222
0 0.39477447916666664 0.012816203703703703 0.011423958333333335 0.025632407407407406
0 0.2883348958333333 0.3575361111111111 0.024586458333333335 0.031738888888888886
0 0.33467916666666664 0.31152546296296296 0.009983333333333334 0.03786574074074074
0 0.56688046875 0.8725800925925925 0.016052604166666668 0.022937962962962962
0 0.7133466145833334 0.42809027777777775 0.0256515625 0.05247685185185185
1 0.5 0.5403490740740741 1.0 0.919587037037037
0 0.3011080729166667 0.7222925925925926 0.0157578125 0.03717777777777778
0 0.8094114583333333 0.4990532407407407 0.022989583333333334 0.024032407407407405
0 0.58493125 0.9082347222222222 0.029237500000000003 0.04424722222222222
0 0.68506953125 0.9029134259259258 0.02118072916666667 0.03545648148148148
0 0.40426223958333335 0.990111111111111 0.011649479166666667 0.01911111111111111
0 0.29104583333333334 0.6558842592592593 0.0248 0.03028703703703704
0 0.33858203124999997 0.6983768518518518 0.010497395833333334 0.03749444444444444
0 0.55961796875 0.12332824074074075 0.0161109375 0.022582407407407405
0 0.7147557291666666 0.5579509259259259 0.025344791666666665 0.05293888888888889
1 0.49973958333333335 0.5319444444444444 0.9994791666666667 0.9342592592592592
0 0.28240729166666667 0.6572018518518519 0.017939583333333335 0.03847777777777778
0 0.8041666666666667 0.5939814814814814 0.021875 0.026851851851851852
0 0.54375 0.9287037037037037 0.03125 0.03888888888888889
0 0.6432291666666666 0.9550925925925926 0.021875 0.03796296296296296
0 0.3578125 0.9708333333333333 0.011458333333333333 0.05648148148148148
0 0.2794270833333333 0.5889402777777778 0.0234375 0.03713981481481481
0 0.321875 0.6453703703703704 0.009375 0.03888888888888889
0 0.5953125 0.14814814814814814 0.015625 0.024074074074074074
0 0.7049479166666667 0.6240740740740741 0.0265625 0.05
1 0.5 0.4573143518518518 1.0 0.9146287037037036
0 0.2966591145833333 0.29006157407407407 0.016234895833333332 0.03753055555555556
0 0.8088067708333334 0.4817731481481482 0.022821875 0.024657407407407406
0 0.5768359375000001 0.08738009259259259 0.029713541666666666 0.0432787037037037
0 0.6768320312499999 0.0856162037037037 0.021372395833333332 0.03604722222222222
0 0.39477447916666664 0.012816203703703703 0.011423958333333335 0.025632407407407406
0 0.2883348958333333 0.3575361111111111 0.024586458333333335 0.031738888888888886
0 0.33467916666666664 0.31152546296296296 0.009983333333333334 0.03786574074074074
0 0.56688046875 0.8725800925925925 0.016052604166666668 0.022937962962962962
0 0.7133466145833334 0.42809027777777775 0.0256515625 0.05247685185185185
1 0.5 0.5403490740740741 1.0 0.919587037037037
0 0.3011080729166667 0.7222925925925926 0.0157578125 0.03717777777777778
0 0.8094114583333333 0.4990532407407407 0.022989583333333334 0.024032407407407405
0 0.58493125 0.9082347222222222 0.029237500000000003 0.04424722222222222
0 0.68506953125 0.9029134259259258 0.02118072916666667 0.03545648148148148
0 0.40426223958333335 0.990111111111111 0.011649479166666667 0.01911111111111111
0 0.29104583333333334 0.6558842592592593 0.0248 0.03028703703703704
0 0.33858203124999997 0.6983768518518518 0.010497395833333334 0.03749444444444444
0 0.55961796875 0.12332824074074075 0.0161109375 0.022582407407407405
0 0.7147557291666666 0.5579509259259259 0.025344791666666665 0.05293888888888889
1 0.49973958333333335 0.5319444444444444 0.9994791666666667 0.9342592592592592
0 0.28240729166666667 0.6572018518518519 0.017939583333333335 0.03847777777777778
0 0.8041666666666667 0.5939814814814814 0.021875 0.026851851851851852
0 0.54375 0.9287037037037037 0.03125 0.03888888888888889
0 0.6432291666666666 0.9550925925925926 0.021875 0.03796296296296296
0 0.3578125 0.9708333333333333 0.011458333333333333 0.05648148148148148
0 0.2794270833333333 0.5889402777777778 0.0234375 0.03713981481481481
0 0.321875 0.6453703703703704 0.009375 0.03888888888888889
0 0.5953125 0.14814814814814814 0.015625 0.024074074074074074
0 0.7049479166666667 0.6240740740740741 0.0265625 0.05
1 0.5 0.4573143518518518 1.0 0.9146287037037036
0 0.2966591145833333 0.29006157407407407 0.016234895833333332 0.03753055555555556
0 0.8088067708333334 0.4817731481481482 0.022821875 0.024657407407407406
0 0.5768359375000001 0.08738009259259259 0.029713541666666666 0.0432787037037037
0 0.6768320312499999 0.0856162037037037 0.021372395833333332 0.03604722222222222
0 0.39477447916666664 0.012816203703703703 0.011423958333333335 0.025632407407407406
0 0.2883348958333333 0.3575361111111111 0.024586458333333335 0.031738888888888886
0 0.33467916666666664 0.31152546296296296 0.009983333333333334 0.03786574074074074
0 0.56688046875 0.8725800925925925 0.016052604166666668 0.022937962962962962
0 0.7133466145833334 0.42809027777777775 0.0256515625 0.05247685185185185
