1 0.47438854166666666 0.5845439814814815 0.9487770833333333 0.8301990740740741
0 0.37918046874999994 0.9193027777777778 0.019819270833333333 0.029346296296296294
0 0.36533906250000003 0.8838550925925925 0.017136458333333333 0.05289537037037037
0 0.28026770833333337 0.5987912037037036 0.03136875 0.05869351851851852
0 0.18645026041666668 0.31767129629629626 0.021858854166666667 0.06497222222222222
0 0.32683124999999996 0.51315 0.007829166666666667 0.013337037037037036
0 0.009330208333333334 0.632387962962963 0.010327083333333332 0.022183333333333333
0 0.11164609375 0.7101495370370371 0.006625520833333333 0.016595370370370368
0 0.5065486979166667 0.9807787037037037 0.0037223958333333336 0.03933518518518518
0 0.6236713541666667 0.20931990740740739 0.017134375 0.02049166666666667
1 0.5244791666666667 0.5814814814814815 0.95 0.8351851851851851
0 0.6083333333333333 0.9296296296296296 0.019791666666666666 0.02962962962962963
0 0.6236979166666666 0.8958333333333334 0.0171875 0.05277777777777778
0 0.71640625 0.6185185185185185 0.030729166666666665 0.05925925925925926
0 0.8183192708333333 0.3477458333333333 0.021013541666666666 0.06586203703703704
0 0.67265625 0.5291666666666667 0.0078125 0.013888888888888888
0 0.9863458333333334 0.6780625 0.010191666666666667 0.022791666666666665
0 0.8815104166666666 0.7462962962962963 0.0067708333333333336 0.016666666666666666
0 0.47942708333333334 0.9791666666666666 0.0046875 0.03981481481481482
0 0.3848958333333333 0.19768518518518519 0.016666666666666666 0.021296296296296296
1 0.5254302083333333 0.41509953703703706 0.9487770833333333 0.8301990740740741
0 0.6208471354166666 0.08133981481481481 0.019819270833333333 0.029346296296296294
0 0.6346098958333334 0.1162625 0.017136458333333333 0.05289537037037037
0 0.7193302083333334 0.4015689814814815 0.03136875 0.05869351851851852
0 0.81353359375 0.6824861111111111 0.021858854166666667 0.06497222222222222
0 0.6731854166666668 0.4872240740740741 0.007829166666666667 0.013337037037037036
0 0.9911010416666667 0.3675731481481481 0.010327083333333332 0.022183333333333333
0 0.88820859375 0.28977916666666664 0.006625520833333333 0.016595370370370368
0 0.4935278645833333 0.01966759259259259 0.0037223958333333336 0.03933518518518518
0 0.3762755208333333 0.790801388888889 0.017134375 0.02049166666666667
1 0.47438854166666666 0.5845439814814815 0.9487770833333333 0.8301990740740741
0 0.37918046874999994 0.9193027777777778 0.019819270833333333 0.029346296296296294
0 0.36533906250000003 0.8838550925925925 0.017136458333333333 0.05289537037037037
0 0.28026770833333337 0.5987912037037036 0.03136875 0.05869351851851852
0 0.18645026041666668 0.31767129629629626 0.021858854166666667 0.06497222222222222
0 0.32683124999999996 0.51315 0.007829166666666667 0.013337037037037036
0 0.009330208333333334 0.632387962962963 0.010327083333333332 0.022183333333333333
0 0.11164609375 0.7101495370370371 0.006625520833333333 0.016595370370370368
0 0.5065486979166667 0.9807787037037037 0.0037223958333333336 0.03933518518518518
0 0.6236713541666667 0.20931990740740739 0.017134375 0.02049166666666667
1 0.5244791666666667 0.5814814814814815 0.95 0.8351851851851851
0 0.6083333333333333 0.9296296296296296 0.019791666666666666 0.02962962962962963
0 0.6236979166666666 0.8958333333333334 0.0171875 0.05277777777777778
0 0.71640625 0.6185185185185185 0.030729166666666665 0.05925925925925926
0 0.8183192708333333 0.3477458333333333 0.021013541666666666 0.06586203703703704
0 0.67265625 0.5291666666666667 0.0078125 0.013888888888888888
0 0.9863458333333334 0.6780625 0.010191666666666667 0.022791666666666665
0 0.8815104166666666 0.7462962962962963 0.0067708333333333336 0.016666666666666666
0 0.47942708333333334 0.9791666666666666 0.0046875 0.03981481481481482
0 0.3848958333333333 0.19768518518518519 0.016666666666666666 0.021296296296296296
1 0.5254302083333333 0.41509953703703706 0.9487770833333333 0.8301990740740741
0 0.6208471354166666 0.08133981481481481 0.019819270833333333 0.029346296296296294
0 0.6346098958333334 0.1162625 0.017136458333333333 0.05289537037037037
0 0.7193302083333334 0.4015689814814815 0.03136875 0.05869351851851852
0 0.81353359375 0.6824861111111111 0.021858854166666667 0.06497222222222222
0 0.6731854166666668 0.4872240740740741 0.007829166666666667 0.013337037037037036
0 0.9911010416666667 0.3675731481481481 0.010327083333333332 0.022183333333333333
0 0.88820859375 0.28977916666666664 0.006625520833333333 0.016595370370370368
0 0.4935278645833333 0.01966759259259259 0.0037223958333333336 0.03933518518518518
0 0.3762755208333333 0.790801388888889 0.017134375 0.02049166666666667
1 0.47438854166666666 0.5845439814814815 0.9487770833333333 0.8301990740740741
0 0.37918046874999994 0.9193027777777778 0.019819270833333333 0.029346296296296294
0 0.36533906250000003 0.8838550925925925 0.017136458333333333 0.05289537037037037
0 0.28026770833333337 0.5987912037037036 0.03136875 0.05869351851851852
0 0.18645026041666668 0.31767129629629626 0.021858854166666667 0.06497222222222222
0 0.32683124999999996 0.51315 0.007829166666666667 0.013337037037037036
0 0.009330208333333334 0.632387962962963 0.010327083333333332 0.022183333333333333
0 0.11164609375 0.7101495370370371 0.006625520833333333 0.016595370370370368
0 0.5065486979166667 0.9807787037037037 0.0037223958333333336 0.03933518518518518
0 0.6236713541666667 0.20931990740740739 0.017134375 0.02049166666666667
1 0.5244791666666667 0.5814814814814815 0.95 0.8351851851851851
0 0.6083333333333333 0.9296296296296296 0.019791666666666666 0.02962962962962963
0 0.6236979166666666 0.8958333333333334 0.0171875 0.05277777777777778
0 0.71640625 0.6185185185185185 0.030729166666666665 0.05925925925925926
0 0.8183192708333333 0.3477458333333333 0.021013541666666666 0.06586203703703704
0 0.67265625 0.5291666666666667 0.0078125 0.013888888888888888
0 0.9863458333333334 0.6780625 0.010191666666666667 0.022791666666666665
0 0.8815104166666666 0.7462962962962963 0.0067708333333333336 0.016666666666666666
0 0.47942708333333334 0.9791666666666666 0.0046875 0.03981481481481482
0 0.3848958333333333 0.19768518518518519 0.016666666666666666 0.021296296296296296
1 0.5254302083333333 0.41509953703703706 0.9487770833333333 0.8301990740740741
0 0.6208471354166666 0.08133981481481481 0.019819270833333333 0.029346296296296294
0 0.6346098958333334 0.1162625 0.017136458333333333 0.05289537037037037
0 0.7193302083333334 0.4015689814814815 0.03136875 0.05869351851851852
0 0.81353359375 0.6824861111111111 0.021858854166666667 0.06497222222222222
0 0.6731854166666668 0.4872240740740741 0.007829166666666667 0.013337037037037036
0 0.9911010416666667 0.3675731481481481 0.010327083333333332 0.022183333333333333
0 0.88820859375 0.28977916666666664 0.006625520833333333 0.016595370370370368
0 0.4935278645833333 0.01966759259259259 0.0037223958333333336 0.03933518518518518
0 0.3762755208333333 0.790801388888889 0.017134375 0.02049166666666667
