1 0.5 0.5 1.0 1.0
0 0.7862145833333333 0.2599888888888889 0.019304166666666667 0.016274074074074076
0 0.0009830729166666666 0.3992884259259259 0.001966145833333333 0.011539814814814814
1 0.49973958333333335 0.49953703703703706 0.9994791666666667 0.9990740740740741
0 0.7988020833333334 0.31416064814814815 0.019479166666666665 0.015358333333333333
0 0.008072916666666667 0.3074074074074074 0.005729166666666666 0.011111111111111112
1 0.5 0.5 1.0 1.0
0 0.8091859375 0.6190759259259259 0.019413541666666666 0.014077777777777778
0 0.02509895833333333 0.7971162037037037 0.006447916666666667 0.010899074074074075
1 0.5 0.5 1.0 1.0
0 0.7862145833333333 0.2599888888888889 0.019304166666666667 0.016274074074074076
0 0.0009830729166666666 0.3992884259259259 0.001966145833333333 0.011539814814814814
1 0.49973958333333335 0.49953703703703706 0.9994791666666667 0.9990740740740741
0 0.7988020833333334 0.31416064814814815 0.019479166666666665 0.015358333333333333
0 0.008072916666666667 0.3074074074074074 0.005729166666666666 0.011111111111111112
1 0.5 0.5 1.0 1.0
0 0.8091859375 0.6190759259259259 0.019413541666666666 0.014077777777777778
0 0.02509895833333333 0.7971162037037037 0.006447916666666667 0.010899074074074075
1 0.5 0.5 1.0 1.0
0 0.7862145833333333 0.2599888888888889 0.019304166666666667 0.016274074074074076
0 0.0009830729166666666 0.3992884259259259 0.001966145833333333 0.011539814814814814
1 0.49973958333333335 0.49953703703703706 0.9994791666666667 0.9990740740740741
0 0.7988020833333334 0.31416064814814815 0.019479166666666665 0.015358333333333333
0 0.008072916666666667 0.3074074074074074 0.005729166666666666 0.011111111111111112
1 0.5 0.5 1.0 1.0
0 0.8091859375 0.6190759259259259 0.019413541666666666 0.014077777777777778
0 0.02509895833333333 0.7971162037037037 0.006447916666666667 0.010899074074074075
