1 0.5 0.48107335069444446 1.0 0.9621467013888889
0 0.8429111328125 0.6365690104166667 0.011017578125 0.028346354166666667
0 0.816228759765625 0.6170863715277778 0.02015283203125 0.03104774305555556
0 0.74713818359375 0.7354418402777778 0.0343154296875 0.04380034722222222
0 0.78217578125 0.5970164930555556 0.010640625 0.025630208333333335
0 0.439318359375 0.03458029513888889 0.02609765625 0.06395225694444445
0 0.38276171875 0.13343880208333334 0.01259375 0.0220859375
0 0.29931201171875 0.2693302951388889 0.0117099609375 0.016091145833333334
0 0.0536396484375 0.41522395833333337 0.010599609375 0.016211805555555556
0 0.057642333984375 0.4475625 0.01274560546875 0.042694444444444445
0 0.317939697265625 0.8843246527777777 0.02455126953125 0.025593750000000002
0 0.749307861328125 0.24574869791666668 0.02302978515625 0.027955729166666665
0 0.678730712890625 0.26143359374999997 0.00980517578125 0.00897829861111111
0 0.524841552734375 0.16592274305555554 0.00866748046875 0.01587326388888889
0 0.832182861328125 0.7454908854166667 0.00713916015625 0.01528732638888889
0 0.410539306640625 0.35903819444444446 0.00857861328125 0.02015972222222222
1 0.5 0.5223255208333334 1.0 0.956109375
0 0.8399609375 0.3424379340277778 0.0109765625 0.028625868055555552
0 0.813944091796875 0.36314149305555554 0.02046630859375 0.030102430555555552
0 0.741821533203125 0.24947178819444446 0.03442431640625 0.04234635416666667
0 0.780127197265625 0.38530772569444444 0.01044970703125 0.025823784722222222
0 0.448869384765625 0.9682052951388889 0.02566845703125 0.06314670138888889
0 0.3900244140625 0.8740234375 0.012470703125 0.022352430555555556
0 0.30373388671875 0.7423055555555556 0.0117646484375 0.01586111111111111
0 0.05560302734375 0.6121032986111111 0.0106201171875 0.01587326388888889
0 0.05886083984375 0.5800898437500001 0.0132294921875 0.04212413194444445
0 0.310669921875 0.1275134548611111 0.02466015625 0.025860243055555555
0 0.754204345703125 0.7387981770833334 0.02305712890625 0.02794357638888889
0 0.683084228515625 0.7276397569444444 0.00972314453125 0.009098958333333332
0 0.53161962890625 0.8326983506944444 0.0085517578125 0.016091145833333334
0 0.82719091796875 0.23421223958333334 0.0069208984375 0.015299479166666666
0 0.413540771484375 0.64721484375 0.00872216796875 0.020124131944444443
1 0.4998046875 0.5215277777777777 0.999609375 0.9562499999999999
0 0.1587890625 0.35277777777777775 0.0109375 0.028472222222222218
0 0.1849609375 0.3729166666666667 0.0203125 0.030555555555555558
0 0.25546875 0.25677083333333334 0.034375 0.043055555555555555
0 0.219140625 0.3939236111111111 0.010546875 0.025694444444444447
0 0.555859375 0.9677083333333333 0.02578125 0.06388888888888888
0 0.613671875 0.8704861111111111 0.0125 0.022222222222222223
0 0.6982421875 0.7362847222222223 0.01171875 0.01597222222222222
0 0.945703125 0.5982638888888889 0.010546875 0.01597222222222222
0 0.9419921875 0.5663194444444444 0.012890625 0.042361111111111106
0 0.68564453125 0.12222222222222223 0.024609375 0.025694444444444447
0 0.24833984375 0.7465277777777778 0.023046875 0.027777777777777776
0 0.31884765625 0.7328125000000001 0.009765625 0.009027777777777779
0 0.4720703125 0.8335069444444445 0.00859375 0.01597222222222222
0 0.1705078125 0.24461805555555557 0.00703125 0.015277777777777779
0 0.58779296875 0.64375 0.00859375 0.020138888888888887
1 0.5 0.48107335069444446 1.0 0.9621467013888889
0 0.8429111328125 0.6365690104166667 0.011017578125 0.028346354166666667
0 0.816228759765625 0.6170863715277778 0.02015283203125 0.03104774305555556
0 0.74713818359375 0.7354418402777778 0.0343154296875 0.04380034722222222
0 0.78217578125 0.5970164930555556 0.010640625 0.025630208333333335
0 0.439318359375 0.03458029513888889 0.02609765625 0.06395225694444445
0 0.38276171875 0.13343880208333334 0.01259375 0.0220859375
0 0.29931201171875 0.2693302951388889 0.0117099609375 0.016091145833333334
0 0.0536396484375 0.41522395833333337 0.010599609375 0.016211805555555556
0 0.057642333984375 0.4475625 0.01274560546875 0.042694444444444445
0 0.317939697265625 0.8843246527777777 0.02455126953125 0.025593750000000002
0 0.749307861328125 0.24574869791666668 0.02302978515625 0.027955729166666665
0 0.678730712890625 0.26143359374999997 0.00980517578125 0.00897829861111111
0 0.524841552734375 0.16592274305555554 0.00866748046875 0.01587326388888889
0 0.832182861328125 0.7454908854166667 0.00713916015625 0.01528732638888889
0 0.410539306640625 0.35903819444444446 0.00857861328125 0.02015972222222222
1 0.5 0.5223255208333334 1.0 0.956109375
0 0.8399609375 0.3424379340277778 0.0109765625 0.028625868055555552
0 0.813944091796875 0.36314149305555554 0.02046630859375 0.030102430555555552
0 0.741821533203125 0.24947178819444446 0.03442431640625 0.04234635416666667
0 0.780127197265625 0.38530772569444444 0.01044970703125 0.025823784722222222
0 0.448869384765625 0.9682052951388889 0.02566845703125 0.06314670138888889
0 0.3900244140625 0.8740234375 0.012470703125 0.022352430555555556
0 0.30373388671875 0.7423055555555556 0.0117646484375 0.01586111111111111
0 0.05560302734375 0.6121032986111111 0.0106201171875 0.01587326388888889
0 0.05886083984375 0.5800898437500001 0.0132294921875 0.04212413194444445
0 0.310669921875 0.1275134548611111 0.02466015625 0.025860243055555555
0 0.754204345703125 0.7387981770833334 0.02305712890625 0.02794357638888889
0 0.683084228515625 0.7276397569444444 0.00972314453125 0.009098958333333332
0 0.53161962890625 0.8326983506944444 0.0085517578125 0.016091145833333334
0 0.82719091796875 0.23421223958333334 0.0069208984375 0.015299479166666666
0 0.413540771484375 0.64721484375 0.00872216796875 0.020124131944444443
1 0.4998046875 0.5215277777777777 0.999609375 0.9562499999999999
0 0.1587890625 0.35277777777777775 0.0109375 0.028472222222222218
0 0.1849609375 0.3729166666666667 0.0203125 0.030555555555555558
0 0.25546875 0.25677083333333334 0.034375 0.043055555555555555
0 0.219140625 0.3939236111111111 0.010546875 0.025694444444444447
0 0.555859375 0.9677083333333333 0.02578125 0.06388888888888888
0 0.613671875 0.8704861111111111 0.0125 0.022222222222222223
0 0.6982421875 0.7362847222222223 0.01171875 0.01597222222222222
0 0.945703125 0.5982638888888889 0.010546875 0.01597222222222222
0 0.9419921875 0.5663194444444444 0.012890625 0.042361111111111106
0 0.68564453125 0.12222222222222223 0.024609375 0.025694444444444447
0 0.24833984375 0.7465277777777778 0.023046875 0.027777777777777776
0 0.31884765625 0.7328125000000001 0.009765625 0.009027777777777779
0 0.4720703125 0.8335069444444445 0.00859375 0.01597222222222222
0 0.1705078125 0.24461805555555557 0.00703125 0.015277777777777779
0 0.58779296875 0.64375 0.00859375 0.020138888888888887
