1 0.49973958333333335 0.49953703703703706 0.9994791666666667 0.9990740740740741
0 0.18854166666666666 0.8152777777777778 0.013541666666666667 0.030555555555555555
0 0.3338541666666667 0.6333333333333333 0.007291666666666667 0.018518518518518517
0 0.38359375 0.6314814814814815 0.0140625 0.018518518518518517
0 0.4234375 0.7319444444444444 0.015625 0.023148148148148147
0 0.453125 0.9106481481481481 0.017708333333333333 0.03796296296296296
0 0.32916666666666666 0.9611111111111111 0.022916666666666665 0.03333333333333333
0 0.08411458333333334 0.4013888888888889 0.0078125 0.021296296296296296
0 0.5552083333333333 0.06620370370370371 0.013541666666666667 0.03611111111111111
0 0.6684895833333333 0.0837962962962963 0.028645833333333332 0.023148148148148147
0 0.6796875 0.6486111111111111 0.014583333333333334 0.04537037037037037
0 0.6875 0.7583333333333333 0.014583333333333334 0.04259259259259259
0 0.6971354166666667 0.8587962962962963 0.0078125 0.04351851851851852
0 0.7325520833333333 0.924074074074074 0.018229166666666668 0.025925925925925925
0 0.6911458333333333 0.9898148148148148 0.03333333333333333 0.018518518518518517
0 0.7963541666666667 0.7513888888888889 0.05 0.1175925925925926
0 0.9799479166666667 0.8296296296296296 0.034895833333333334 0.07592592592592592
0 0.8520833333333333 0.6467592592592593 0.015625 0.026851851851851852
0 0.87109375 0.5560185185185185 0.016145833333333335 0.05277777777777778
0 0.8747395833333333 0.4699074074074074 0.0078125 0.01574074074074074
0 0.8971354166666666 0.39490740740740743 0.008854166666666666 0.021296296296296296
0 0.03958333333333333 0.7208333333333333 0.010416666666666666 0.028703703703703703
0 0.13020833333333334 0.6861111111111111 0.010416666666666666 0.025925925925925925
1 0.5 0.5 1.0 1.0
0 0.20178229166666667 0.1463347222222222 0.01398125 0.02970648148148148
0 0.3395927083333333 0.3469736111111111 0.0073104166666666665 0.018021296296296296
0 0.3889302083333333 0.354575 0.01431875 0.01840925925925926
0 0.43263593749999996 0.25854212962962964 0.016313541666666667 0.022639814814814814
0 0.46930963541666665 0.08520462962962963 0.018827604166666668 0.03707592592592593
0 0.3473375 0.01827361111111111 0.023841666666666667 0.030991666666666664
0 0.08117395833333334 0.5469916666666667 0.007139583333333334 0.02176111111111111
0 0.5377559895833334 0.9400949074074074 0.014053645833333333 0.035745370370370365
0 0.6516971354166666 0.9362981481481482 0.028394270833333336 0.02444814814814815
0 0.6857197916666667 0.37378194444444446 0.014147916666666668 0.04571203703703704
0 0.6968098958333333 0.2656888888888889 0.014453125 0.04248888888888889
0 0.7103888020833333 0.16691527777777776 0.009319270833333334 0.04308981481481482
0 0.7485666666666667 0.10597592592592593 0.01796666666666667 0.026766666666666668
0 0.71019453125 0.03486111111111111 0.032889062499999996 0.021574074074074075
0 0.8059408854166666 0.2849773148148148 0.0472984375 0.11995462962962962
0 0.98780390625 0.2300324074074074 0.024566145833333334 0.07858333333333334
0 0.8569153645833333 0.3974263888888889 0.0159140625 0.02633425925925926
0 0.8720671875 0.4899550925925925 0.017051041666666666 0.052132407407407405
0 0.8727739583333334 0.5765958333333333 0.008047916666666667 0.01615462962962963
0 0.8921828125 0.6541407407407407 0.008323958333333333 0.021244444444444444
0 0.04955729166666667 0.22261805555555556 0.010572916666666666 0.028569444444444446
0 0.13804453125 0.2684546296296296 0.010464062500000001 0.025798148148148146
1 0.5 0.5 1.0 1.0
0 0.7910638020833333 0.8720208333333334 0.014419270833333333 0.029226851851851855
0 0.6568729166666666 0.6637166666666666 0.007495833333333333 0.018174074074074075
0 0.6082520833333334 0.6517527777777778 0.014420833333333332 0.018320370370370372
0 0.5624807291666667 0.7454310185185186 0.016628125 0.02234351851851852
0 0.5221768229166667 0.9166620370370371 0.019353645833333332 0.03702777777777778
0 0.6428596354166667 0.9881287037037038 0.024260937500000003 0.024405555555555555
0 0.9190197916666667 0.4794953703703704 0.006789583333333333 0.021953703703703704
0 0.47123098958333337 0.057794907407407406 0.014336979166666668 0.035960185185185185
0 0.35681666666666667 0.05511944444444444 0.028216666666666668 0.025053703703703703
0 0.3121606770833333 0.6154921296296296 0.0139046875 0.045799074074074075
0 0.2991080729166667 0.7221055555555556 0.0148828125 0.042359259259259256
0 0.283153125 0.8195462962962963 0.01005625 0.0427962962962963
0 0.24379713541666667 0.8783842592592592 0.017802604166666666 0.027138888888888886
0 0.28088645833333337 0.9522722222222222 0.032606249999999996 0.023062962962962966
0 0.18959713541666667 0.6965694444444444 0.0458609375 0.12091666666666667
0 0.009482291666666667 0.7444537037037037 0.018964583333333333 0.06853703703703704
0 0.14134791666666666 0.5806060185185185 0.016029166666666667 0.026026851851851853
0 0.12755416666666666 0.4869685185185186 0.017608333333333333 0.05171481481481481
0 0.12907552083333332 0.4007587962962963 0.008151041666666668 0.016332407407407407
0 0.1113265625 0.3217009259259259 0.008069791666666666 0.021179629629629628
0 0.94489921875 0.8049657407407408 0.010631770833333333 0.02845
0 0.8567966145833333 0.7535842592592592 0.010468229166666667 0.02568703703703704
1 0.49973958333333335 0.49953703703703706 0.9994791666666667 0.9990740740740741
0 0.18854166666666666 0.8152777777777778 0.013541666666666667 0.030555555555555555
0 0.3338541666666667 0.6333333333333333 0.007291666666666667 0.018518518518518517
0 0.38359375 0.6314814814814815 0.0140625 0.018518518518518517
0 0.4234375 0.7319444444444444 0.015625 0.023148148148148147
0 0.453125 0.9106481481481481 0.017708333333333333 0.03796296296296296
0 0.32916666666666666 0.9611111111111111 0.022916666666666665 0.03333333333333333
0 0.08411458333333334 0.4013888888888889 0.0078125 0.021296296296296296
0 0.5552083333333333 0.06620370370370371 0.013541666666666667 0.03611111111111111
0 0.6684895833333333 0.0837962962962963 0.028645833333333332 0.023148148148148147
0 0.6796875 0.6486111111111111 0.014583333333333334 0.04537037037037037
0 0.6875 0.7583333333333333 0.014583333333333334 0.04259259259259259
0 0.6971354166666667 0.8587962962962963 0.0078125 0.04351851851851852
0 0.7325520833333333 0.924074074074074 0.018229166666666668 0.025925925925925925
0 0.6911458333333333 0.9898148148148148 0.03333333333333333 0.018518518518518517
0 0.7963541666666667 0.7513888888888889 0.05 0.1175925925925926
0 0.9799479166666667 0.8296296296296296 0.034895833333333334 0.07592592592592592
0 0.8520833333333333 0.6467592592592593 0.015625 0.026851851851851852
0 0.87109375 0.5560185185185185 0.016145833333333335 0.05277777777777778
0 0.8747395833333333 0.4699074074074074 0.0078125 0.01574074074074074
0 0.8971354166666666 0.39490740740740743 0.008854166666666666 0.021296296296296296
0 0.03958333333333333 0.7208333333333333 0.010416666666666666 0.028703703703703703
0 0.13020833333333334 0.6861111111111111 0.010416666666666666 0.025925925925925925
1 0.5 0.5 1.0 1.0
0 0.20178229166666667 0.1463347222222222 0.01398125 0.02970648148148148
0 0.3395927083333333 0.3469736111111111 0.0073104166666666665 0.018021296296296296
0 0.3889302083333333 0.354575 0.01431875 0.01840925925925926
0 0.43263593749999996 0.25854212962962964 0.016313541666666667 0.022639814814814814
0 0.46930963541666665 0.08520462962962963 0.018827604166666668 0.03707592592592593
0 0.3473375 0.01827361111111111 0.023841666666666667 0.030991666666666664
0 0.08117395833333334 0.5469916666666667 0.007139583333333334 0.02176111111111111
0 0.5377559895833334 0.9400949074074074 0.014053645833333333 0.035745370370370365
0 0.6516971354166666 0.9362981481481482 0.028394270833333336 0.02444814814814815
0 0.6857197916666667 0.37378194444444446 0.014147916666666668 0.04571203703703704
0 0.6968098958333333 0.2656888888888889 0.014453125 0.04248888888888889
0 0.7103888020833333 0.16691527777777776 0.009319270833333334 0.04308981481481482
0 0.7485666666666667 0.10597592592592593 0.01796666666666667 0.026766666666666668
0 0.71019453125 0.03486111111111111 0.032889062499999996 0.021574074074074075
0 0.8059408854166666 0.2849773148148148 0.0472984375 0.11995462962962962
0 0.98780390625 0.2300324074074074 0.024566145833333334 0.07858333333333334
0 0.8569153645833333 0.3974263888888889 0.0159140625 0.02633425925925926
0 0.8720671875 0.4899550925925925 0.017051041666666666 0.052132407407407405
0 0.8727739583333334 0.5765958333333333 0.008047916666666667 0.01615462962962963
0 0.8921828125 0.6541407407407407 0.008323958333333333 0.021244444444444444
0 0.04955729166666667 0.22261805555555556 0.010572916666666666 0.028569444444444446
0 0.13804453125 0.2684546296296296 0.010464062500000001 0.025798148148148146
1 0.5 0.5 1.0 1.0
0 0.7910638020833333 0.8720208333333334 0.014419270833333333 0.029226851851851855
0 0.6568729166666666 0.6637166666666666 0.007495833333333333 0.018174074074074075
0 0.6082520833333334 0.6517527777777778 0.014420833333333332 0.018320370370370372
0 0.5624807291666667 0.7454310185185186 0.016628125 0.02234351851851852
0 0.5221768229166667 0.9166620370370371 0.019353645833333332 0.03702777777777778
0 0.6428596354166667 0.9881287037037038 0.024260937500000003 0.024405555555555555
0 0.9190197916666667 0.4794953703703704 0.006789583333333333 0.021953703703703704
0 0.47123098958333337 0.057794907407407406 0.014336979166666668 0.035960185185185185
0 0.35681666666666667 0.05511944444444444 0.028216666666666668 0.025053703703703703
0 0.3121606770833333 0.6154921296296296 0.0139046875 0.045799074074074075
0 0.2991080729166667 0.7221055555555556 0.0148828125 0.042359259259259256
0 0.283153125 0.8195462962962963 0.01005625 0.0427962962962963
0 0.24379713541666667 0.8783842592592592 0.017802604166666666 0.027138888888888886
0 0.28088645833333337 0.9522722222222222 0.032606249999999996 0.023062962962962966
0 0.18959713541666667 0.6965694444444444 0.0458609375 0.12091666666666667
0 0.009482291666666667 0.7444537037037037 0.018964583333333333 0.06853703703703704
0 0.14134791666666666 0.5806060185185185 0.016029166666666667 0.026026851851851853
0 0.12755416666666666 0.4869685185185186 0.017608333333333333 0.05171481481481481
0 0.12907552083333332 0.4007587962962963 0.008151041666666668 0.016332407407407407
0 0.1113265625 0.3217009259259259 0.008069791666666666 0.021179629629629628
0 0.94489921875 0.8049657407407408 0.010631770833333333 0.02845
0 0.8567966145833333 0.7535842592592592 0.010468229166666667 0.02568703703703704
1 0.49973958333333335 0.49953703703703706 0.9994791666666667 0.9990740740740741
0 0.18854166666666666 0.8152777777777778 0.013541666666666667 0.030555555555555555
0 0.3338541666666667 0.6333333333333333 0.007291666666666667 0.018518518518518517
0 0.38359375 0.6314814814814815 0.0140625 0.018518518518518517
0 0.4234375 0.7319444444444444 0.015625 0.023148148148148147
0 0.453125 0.9106481481481481 0.017708333333333333 0.03796296296296296
0 0.32916666666666666 0.9611111111111111 0.022916666666666665 0.03333333333333333
0 0.08411458333333334 0.4013888888888889 0.0078125 0.021296296296296296
0 0.5552083333333333 0.06620370370370371 0.013541666666666667 0.03611111111111111
0 0.6684895833333333 0.0837962962962963 0.028645833333333332 0.023148148148148147
0 0.6796875 0.6486111111111111 0.014583333333333334 0.04537037037037037
0 0.6875 0.7583333333333333 0.014583333333333334 0.04259259259259259
0 0.6971354166666667 0.8587962962962963 0.0078125 0.04351851851851852
0 0.7325520833333333 0.924074074074074 0.018229166666666668 0.025925925925925925
0 0.6911458333333333 0.9898148148148148 0.03333333333333333 0.018518518518518517
0 0.7963541666666667 0.7513888888888889 0.05 0.1175925925925926
0 0.9799479166666667 0.8296296296296296 0.034895833333333334 0.07592592592592592
0 0.8520833333333333 0.6467592592592593 0.015625 0.026851851851851852
0 0.87109375 0.5560185185185185 0.016145833333333335 0.05277777777777778
0 0.8747395833333333 0.4699074074074074 0.0078125 0.01574074074074074
0 0.8971354166666666 0.39490740740740743 0.008854166666666666 0.021296296296296296
0 0.03958333333333333 0.7208333333333333 0.010416666666666666 0.028703703703703703
0 0.13020833333333334 0.6861111111111111 0.010416666666666666 0.025925925925925925
1 0.5 0.5 1.0 1.0
0 0.20178229166666667 0.1463347222222222 0.01398125 0.02970648148148148
0 0.3395927083333333 0.3469736111111111 0.0073104166666666665 0.018021296296296296
0 0.3889302083333333 0.354575 0.01431875 0.01840925925925926
0 0.43263593749999996 0.25854212962962964 0.016313541666666667 0.022639814814814814
0 0.46930963541666665 0.08520462962962963 0.018827604166666668 0.03707592592592593
0 0.3473375 0.01827361111111111 0.023841666666666667 0.030991666666666664
0 0.08117395833333334 0.5469916666666667 0.007139583333333334 0.02176111111111111
0 0.5377559895833334 0.9400949074074074 0.014053645833333333 0.035745370370370365
0 0.6516971354166666 0.9362981481481482 0.028394270833333336 0.02444814814814815
0 0.6857197916666667 0.37378194444444446 0.014147916666666668 0.04571203703703704
0 0.6968098958333333 0.2656888888888889 0.014453125 0.04248888888888889
0 0.7103888020833333 0.16691527777777776 0.009319270833333334 0.04308981481481482
0 0.7485666666666667 0.10597592592592593 0.01796666666666667 0.026766666666666668
0 0.71019453125 0.03486111111111111 0.032889062499999996 0.021574074074074075
0 0.8059408854166666 0.2849773148148148 0.0472984375 0.11995462962962962
0 0.98780390625 0.2300324074074074 0.024566145833333334 0.07858333333333334
0 0.8569153645833333 0.3974263888888889 0.0159140625 0.02633425925925926
0 0.8720671875 0.4899550925925925 0.017051041666666666 0.052132407407407405
0 0.8727739583333334 0.5765958333333333 0.008047916666666667 0.01615462962962963
0 0.8921828125 0.6541407407407407 0.008323958333333333 0.021244444444444444
0 0.04955729166666667 0.22261805555555556 0.010572916666666666 0.028569444444444446
0 0.13804453125 0.2684546296296296 0.010464062500000001 0.025798148148148146
1 0.5 0.5 1.0 1.0
0 0.7910638020833333 0.8720208333333334 0.014419270833333333 0.029226851851851855
0 0.6568729166666666 0.6637166666666666 0.007495833333333333 0.018174074074074075
0 0.6082520833333334 0.6517527777777778 0.014420833333333332 0.018320370370370372
0 0.5624807291666667 0.7454310185185186 0.016628125 0.02234351851851852
0 0.5221768229166667 0.9166620370370371 0.019353645833333332 0.03702777777777778
0 0.6428596354166667 0.9881287037037038 0.024260937500000003 0.024405555555555555
0 0.9190197916666667 0.4794953703703704 0.006789583333333333 0.021953703703703704
0 0.47123098958333337 0.057794907407407406 0.014336979166666668 0.035960185185185185
0 0.35681666666666667 0.05511944444444444 0.028216666666666668 0.025053703703703703
0 0.3121606770833333 0.6154921296296296 0.0139046875 0.045799074074074075
0 0.2991080729166667 0.7221055555555556 0.0148828125 0.042359259259259256
0 0.283153125 0.8195462962962963 0.01005625 0.0427962962962963
0 0.24379713541666667 0.8783842592592592 0.017802604166666666 0.027138888888888886
0 0.28088645833333337 0.9522722222222222 0.032606249999999996 0.023062962962962966
0 0.18959713541666667 0.6965694444444444 0.0458609375 0.12091666666666667
0 0.009482291666666667 0.7444537037037037 0.018964583333333333 0.06853703703703704
0 0.14134791666666666 0.5806060185185185 0.016029166666666667 0.026026851851851853
0 0.12755416666666666 0.4869685185185186 0.017608333333333333 0.05171481481481481
0 0.12907552083333332 0.4007587962962963 0.008151041666666668 0.016332407407407407
0 0.1113265625 0.3217009259259259 0.008069791666666666 0.021179629629629628
0 0.94489921875 0.8049657407407408 0.010631770833333333 0.02845
0 0.8567966145833333 0.7535842592592592 0.010468229166666667 0.02568703703703704
