1 0.49973958333333335 0.5481481481481482 0.9994791666666667 0.9018518518518519
0 0.050520833333333334 0.6314814814814815 0.013541666666666667 0.025925925925925925
0 0.22109375 0.6101851851851852 0.025520833333333333 0.07222222222222222
0 0.36276041666666664 0.1986111111111111 0.015104166666666667 0.041666666666666664
0 0.321875 0.2125 0.007291666666666667 0.023148148148148147
0 0.4934895833333333 0.799537037037037 0.03177083333333333 0.04351851851851852
0 0.4765625 0.29814814814814816 0.019791666666666666 0.020370370370370372
0 0.37734375 0.17314814814814813 0.0171875 0.022222222222222223
0 0.5924479166666666 0.513425925925926 0.015104166666666667 0.025
0 0.6341145833333334 0.7226851851851852 0.015104166666666667 0.03981481481481482
0 0.57265625 0.7569444444444444 0.019270833333333334 0.028703703703703703
0 0.57734375 0.3263888888888889 0.0171875 0.05462962962962963
0 0.6096354166666667 0.49953703703703706 0.0109375 0.03611111111111111
0 0.9645833333333333 0.4824074074074074 0.014583333333333334 0.03888888888888889
0 0.8635416666666667 0.7324074074074074 0.020833333333333332 0.06296296296296296
0 0.9635416666666666 0.5939814814814814 0.010416666666666666 0.025
0 0.8763020833333334 0.861574074074074 0.024479166666666666 0.03611111111111111
0 0.85 0.9268518518518518 0.010416666666666666 0.024074074074074074
0 0.85234375 0.9 0.0109375 0.025925925925925925
0 0.9286458333333333 0.5421296296296296 0.007291666666666667 0.019444444444444445
0 0.9557291666666666 0.5611111111111111 0.005208333333333333 0.020370370370370372
0 0.8138020833333334 0.48842592592592593 0.013020833333333334 0.017592592592592594
0 0.04479166666666667 0.8412037037037037 0.019791666666666666 0.04351851851851852
0 0.06692708333333333 0.9587962962962963 0.0078125 0.01574074074074074
0 0.115625 0.950462962962963 0.00625 0.017592592592592594
0 0.0796875 0.6527777777777778 0.007291666666666667 0.014814814814814815
0 0.5091145833333334 0.8106481481481481 0.008854166666666666 0.023148148148148147
0 0.5796875 0.9111111111111111 0.023958333333333335 0.03888888888888889
0 0.4161458333333333 0.9875 0.013541666666666667 0.023148148148148147
0 0.5169471354166667 0.9279916666666667 0.09014427083333333 0.11894629629629629
0 0.5299479166666666 0.9689814814814814 0.0140625 0.01574074074074074
0 0.5947916666666667 0.14305555555555555 0.016666666666666666 0.03425925925925926
0 0.4140625 0.26851851851851855 0.011458333333333333 0.037037037037037035
0 0.08098958333333334 0.3587962962962963 0.0036458333333333334 0.012037037037037037
0 0.14401041666666667 0.8208333333333333 0.0265625 0.05277777777777778
0 0.7518229166666667 0.36064814814814816 0.0078125 0.01574074074074074
0 0.925 0.9013888888888889 0.010416666666666666 0.028703703703703703
0 0.9901041666666667 0.7037037037037037 0.005208333333333333 0.025925925925925925
0 0.5570513020833334 0.31453009259259257 0.02764427083333333 0.06980092592592593
1 0.5 0.45964351851851853 1.0 0.9192870370370371
0 0.046301302083333336 0.42513009259259255 0.0134359375 0.02618611111111111
0 0.2172109375 0.4241902777777778 0.024005208333333337 0.07430648148148149
0 0.374890625 0.8173587962962963 0.016447916666666666 0.04027314814814815
0 0.3337421875 0.809500462962963 0.008109375 0.02270462962962963
0 0.4813390625 0.2028648148148148 0.031428125 0.04276666666666667
0 0.4844598958333333 0.7049819444444444 0.019961458333333335 0.01922314814814815
0 0.3903981770833333 0.841575 0.017254687499999997 0.02203888888888889
0 0.5916057291666666 0.47457129629629635 0.015503125 0.02506851851851852
0 0.6248361979166667 0.2610412037037037 0.016339062499999998 0.03874907407407407
0 0.5623614583333333 0.23490277777777777 0.019514583333333335 0.027212962962962963
0 0.583596875 0.6639944444444444 0.018235416666666667 0.05391481481481482
0 0.6096825520833333 0.48739120370370376 0.0120734375 0.03589351851851852
0 0.9637721354166667 0.4606222222222222 0.014002604166666667 0.039762962962962965
0 0.8532455729166667 0.22335138888888886 0.022116145833333333 0.06151759259259259
0 0.9587747395833334 0.3484189814814815 0.011299479166666666 0.02461574074074074
0 0.86097421875 0.0924949074074074 0.0250734375 0.034989814814814814
0 0.8321578125 0.030300000000000004 0.011190625000000001 0.023562962962962963
0 0.8359666666666666 0.05763425925925926 0.010475 0.026379629629629628
0 0.9260635416666666 0.40519814814814814 0.007335416666666666 0.019655555555555558
0 0.9526341145833332 0.3826087962962963 0.005268229166666667 0.020773148148148148
0 0.8135864583333333 0.4729865740740741 0.012589583333333333 0.01819537037037037
0 0.032564322916666666 0.2162902777777778 0.018253645833333332 0.04554351851851852
0 0.05010546875 0.09591111111111111 0.007502604166666666 0.015896296296296297
0 0.09867812499999999 0.09788981481481482 0.005689583333333333 0.018001851851851852
0 0.07504557291666666 0.40011111111111114 0.0073828125000000005 0.015037037037037036
0 0.49689453125 0.18839768518518518 0.009414062499999999 0.023091666666666667
0 0.5635184895833334 0.08012083333333334 0.024953645833333333 0.038019444444444446
0 0.397125 0.024228703703703704 0.013000000000000001 0.024383333333333333
0 0.5009731770833333 0.06777222222222222 0.09257135416666666 0.11702592592592594
0 0.5111625 0.028447685185185187 0.013991666666666668 0.01615462962962963
0 0.6083372395833333 0.8441550925925926 0.017716145833333332 0.03275462962962963
0 0.42403515625000004 0.741363425925926 0.011611979166666668 0.036430555555555556
0 0.08739869791666667 0.6931055555555555 0.0039640625 0.012137037037037038
0 0.13222317708333334 0.22473194444444444 0.024863020833333336 0.05501944444444445
0 0.7566643229166666 0.6077865740740741 0.008120312499999999 0.015573148148148147
0 0.9083265625 0.047165740740740744 0.011444791666666667 0.027664814814814816
0 0.9812255208333334 0.23624120370370372 0.005159375 0.02618611111111111
0 0.564165625 0.6779361111111112 0.02833125 0.06883518518518518
1 0.5 0.5401990740740741 1.0 0.9192870370370371
0 0.95359296875 0.5751300925925926 0.0134359375 0.02618611111111111
0 0.7828359375 0.5760421296296296 0.024005208333333337 0.07430648148148149
0 0.624890625 0.1821736111111111 0.016447916666666666 0.04027314814814815
0 0.6665546875 0.19098194444444444 0.008109375 0.02270462962962963
0 0.5183182291666667 0.7973092592592593 0.031428125 0.04276666666666667
0 0.5151890625 0.2957226851851852 0.019961458333333335 0.01922314814814815
0 0.6096690104166667 0.15824166666666667 0.017254687499999997 0.02203888888888889
0 0.40827239583333336 0.5245712962962963 0.015503125 0.02506851851851852
0 0.37483619791666667 0.7388189814814814 0.016339062499999998 0.03874907407407407
0 0.4378822916666667 0.7654583333333334 0.019514583333333335 0.027212962962962963
0 0.41640937499999997 0.33621666666666666 0.018235416666666667 0.05391481481481482
0 0.39041171875 0.5133171296296297 0.0120734375 0.03589351851851852
0 0.036167968749999994 0.5402518518518519 0.014002604166666667 0.039762962962962965
0 0.14699557291666665 0.7770550925925926 0.022116145833333333 0.06151759259259259
0 0.04106640625 0.6511967592592592 0.011299479166666666 0.02461574074074074
0 0.13857838541666664 0.9073097222222222 0.0250734375 0.034989814814814814
0 0.16757447916666665 0.9691888888888889 0.011190625000000001 0.023562962962962963
0 0.16409166666666666 0.9428194444444444 0.010475 0.026379629629629628
0 0.07398020833333334 0.595012962962963 0.007335416666666666 0.019655555555555558
0 0.04742578125 0.6177939814814815 0.005268229166666667 0.020773148148148148
0 0.18650312500000002 0.5266902777777778 0.012589583333333333 0.01819537037037037
0 0.96746015625 0.7838828703703703 0.018253645833333332 0.04554351851851852
0 0.95010546875 0.9042444444444444 0.007502604166666666 0.015896296296296297
0 0.9012822916666666 0.9015935185185185 0.005689583333333333 0.018001851851851852
0 0.9250455729166667 0.6001111111111112 0.0073828125000000005 0.015037037037037036
0 0.50314453125 0.8115458333333334 0.009414062499999999 0.023091666666666667
0 0.43643515625 0.9199356481481481 0.024953645833333333 0.038019444444444446
0 0.6028541666666667 0.9760805555555555 0.013000000000000001 0.024383333333333333
0 0.49941067708333337 0.931661111111111 0.09257135416666666 0.11702592592592594
0 0.4887666666666667 0.9719662037037038 0.013991666666666668 0.01615462962962963
0 0.3916705729166667 0.1552662037037037 0.017716145833333332 0.03275462962962963
0 0.5761184895833333 0.2589560185185185 0.011611979166666668 0.036430555555555556
0 0.9123986979166666 0.3069944444444444 0.0039640625 0.012137037037037038
0 0.86763984375 0.7756578703703704 0.024863020833333336 0.05501944444444445
0 0.24312265625 0.3920458333333333 0.008120312499999999 0.015573148148148147
0 0.09165989583333332 0.9527212962962963 0.011444791666666667 0.027664814814814816
0 0.018725520833333335 0.7640189814814815 0.005159375 0.02618611111111111
0 0.436040625 0.32238055555555556 0.02833125 0.06883518518518518
1 0.49973958333333335 0.5481481481481482 0.9994791666666667 0.9018518518518519
0 0.050520833333333334 0.6314814814814815 0.013541666666666667 0.025925925925925925
0 0.22109375 0.6101851851851852 0.025520833333333333 0.07222222222222222
0 0.36276041666666664 0.1986111111111111 0.015104166666666667 0.041666666666666664
0 0.321875 0.2125 0.007291666666666667 0.023148148148148147
0 0.4934895833333333 0.799537037037037 0.03177083333333333 0.04351851851851852
0 0.4765625 0.29814814814814816 0.019791666666666666 0.020370370370370372
0 0.37734375 0.17314814814814813 0.0171875 0.022222222222222223
0 0.5924479166666666 0.513425925925926 0.015104166666666667 0.025
0 0.6341145833333334 0.7226851851851852 0.015104166666666667 0.03981481481481482
0 0.57265625 0.7569444444444444 0.019270833333333334 0.028703703703703703
0 0.57734375 0.3263888888888889 0.0171875 0.05462962962962963
0 0.6096354166666667 0.49953703703703706 0.0109375 0.03611111111111111
0 0.9645833333333333 0.4824074074074074 0.014583333333333334 0.03888888888888889
0 0.8635416666666667 0.7324074074074074 0.020833333333333332 0.06296296296296296
0 0.9635416666666666 0.5939814814814814 0.010416666666666666 0.025
0 0.8763020833333334 0.861574074074074 0.024479166666666666 0.03611111111111111
0 0.85 0.9268518518518518 0.010416666666666666 0.024074074074074074
0 0.85234375 0.9 0.0109375 0.025925925925925925
0 0.9286458333333333 0.5421296296296296 0.007291666666666667 0.019444444444444445
0 0.9557291666666666 0.5611111111111111 0.005208333333333333 0.020370370370370372
0 0.8138020833333334 0.48842592592592593 0.013020833333333334 0.017592592592592594
0 0.04479166666666667 0.8412037037037037 0.019791666666666666 0.04351851851851852
0 0.06692708333333333 0.9587962962962963 0.0078125 0.01574074074074074
0 0.115625 0.950462962962963 0.00625 0.017592592592592594
0 0.0796875 0.6527777777777778 0.007291666666666667 0.014814814814814815
0 0.5091145833333334 0.8106481481481481 0.008854166666666666 0.023148148148148147
0 0.5796875 0.9111111111111111 0.023958333333333335 0.03888888888888889
0 0.4161458333333333 0.9875 0.013541666666666667 0.023148148148148147
0 0.5169471354166667 0.9279916666666667 0.09014427083333333 0.11894629629629629
0 0.5299479166666666 0.9689814814814814 0.0140625 0.01574074074074074
0 0.5947916666666667 0.14305555555555555 0.016666666666666666 0.03425925925925926
0 0.4140625 0.26851851851851855 0.011458333333333333 0.037037037037037035
0 0.08098958333333334 0.3587962962962963 0.0036458333333333334 0.012037037037037037
0 0.14401041666666667 0.8208333333333333 0.0265625 0.05277777777777778
0 0.7518229166666667 0.36064814814814816 0.0078125 0.01574074074074074
0 0.925 0.9013888888888889 0.010416666666666666 0.028703703703703703
0 0.9901041666666667 0.7037037037037037 0.005208333333333333 0.025925925925925925
0 0.5570513020833334 0.31453009259259257 0.02764427083333333 0.06980092592592593
1 0.5 0.45964351851851853 1.0 0.9192870370370371
0 0.046301302083333336 0.42513009259259255 0.0134359375 0.02618611111111111
0 0.2172109375 0.4241902777777778 0.024005208333333337 0.07430648148148149
0 0.374890625 0.8173587962962963 0.016447916666666666 0.04027314814814815
0 0.3337421875 0.809500462962963 0.008109375 0.02270462962962963
0 0.4813390625 0.2028648148148148 0.031428125 0.04276666666666667
0 0.4844598958333333 0.7049819444444444 0.019961458333333335 0.01922314814814815
0 0.3903981770833333 0.841575 0.017254687499999997 0.02203888888888889
0 0.5916057291666666 0.47457129629629635 0.015503125 0.02506851851851852
0 0.6248361979166667 0.2610412037037037 0.016339062499999998 0.03874907407407407
0 0.5623614583333333 0.23490277777777777 0.019514583333333335 0.027212962962962963
0 0.583596875 0.6639944444444444 0.018235416666666667 0.05391481481481482
0 0.6096825520833333 0.48739120370370376 0.0120734375 0.03589351851851852
0 0.9637721354166667 0.4606222222222222 0.014002604166666667 0.039762962962962965
0 0.8532455729166667 0.22335138888888886 0.022116145833333333 0.06151759259259259
0 0.9587747395833334 0.3484189814814815 0.011299479166666666 0.02461574074074074
0 0.86097421875 0.0924949074074074 0.0250734375 0.034989814814814814
0 0.8321578125 0.030300000000000004 0.011190625000000001 0.023562962962962963
0 0.8359666666666666 0.05763425925925926 0.010475 0.026379629629629628
0 0.9260635416666666 0.40519814814814814 0.007335416666666666 0.019655555555555558
0 0.9526341145833332 0.3826087962962963 0.005268229166666667 0.020773148148148148
0 0.8135864583333333 0.4729865740740741 0.012589583333333333 0.01819537037037037
0 0.032564322916666666 0.2162902777777778 0.018253645833333332 0.04554351851851852
0 0.05010546875 0.09591111111111111 0.007502604166666666 0.015896296296296297
0 0.09867812499999999 0.09788981481481482 0.005689583333333333 0.018001851851851852
0 0.07504557291666666 0.40011111111111114 0.0073828125000000005 0.015037037037037036
0 0.49689453125 0.18839768518518518 0.009414062499999999 0.023091666666666667
0 0.5635184895833334 0.08012083333333334 0.024953645833333333 0.038019444444444446
0 0.397125 0.024228703703703704 0.013000000000000001 0.024383333333333333
0 0.5009731770833333 0.06777222222222222 0.09257135416666666 0.11702592592592594
0 0.5111625 0.028447685185185187 0.013991666666666668 0.01615462962962963
0 0.6083372395833333 0.8441550925925926 0.017716145833333332 0.03275462962962963
0 0.42403515625000004 0.741363425925926 0.011611979166666668 0.036430555555555556
0 0.08739869791666667 0.6931055555555555 0.0039640625 0.012137037037037038
0 0.13222317708333334 0.22473194444444444 0.024863020833333336 0.05501944444444445
0 0.7566643229166666 0.6077865740740741 0.008120312499999999 0.015573148148148147
0 0.9083265625 0.047165740740740744 0.011444791666666667 0.027664814814814816
0 0.9812255208333334 0.23624120370370372 0.005159375 0.02618611111111111
0 0.564165625 0.6779361111111112 0.02833125 0.06883518518518518
1 0.5 0.5401990740740741 1.0 0.9192870370370371
0 0.95359296875 0.5751300925925926 0.0134359375 0.02618611111111111
0 0.7828359375 0.5760421296296296 0.024005208333333337 0.07430648148148149
0 0.624890625 0.1821736111111111 0.016447916666666666 0.04027314814814815
0 0.6665546875 0.19098194444444444 0.008109375 0.02270462962962963
0 0.5183182291666667 0.7973092592592593 0.031428125 0.04276666666666667
0 0.5151890625 0.2957226851851852 0.019961458333333335 0.01922314814814815
0 0.6096690104166667 0.15824166666666667 0.017254687499999997 0.02203888888888889
0 0.40827239583333336 0.5245712962962963 0.015503125 0.02506851851851852
0 0.37483619791666667 0.7388189814814814 0.016339062499999998 0.03874907407407407
0 0.4378822916666667 0.7654583333333334 0.019514583333333335 0.027212962962962963
0 0.41640937499999997 0.33621666666666666 0.018235416666666667 0.05391481481481482
0 0.39041171875 0.5133171296296297 0.0120734375 0.03589351851851852
0 0.036167968749999994 0.5402518518518519 0.014002604166666667 0.039762962962962965
0 0.14699557291666665 0.7770550925925926 0.022116145833333333 0.06151759259259259
0 0.04106640625 0.6511967592592592 0.011299479166666666 0.02461574074074074
0 0.13857838541666664 0.9073097222222222 0.0250734375 0.034989814814814814
0 0.16757447916666665 0.9691888888888889 0.011190625000000001 0.023562962962962963
0 0.16409166666666666 0.9428194444444444 0.010475 0.026379629629629628
0 0.07398020833333334 0.595012962962963 0.007335416666666666 0.019655555555555558
0 0.04742578125 0.6177939814814815 0.005268229166666667 0.020773148148148148
0 0.18650312500000002 0.5266902777777778 0.012589583333333333 0.01819537037037037
0 0.96746015625 0.7838828703703703 0.018253645833333332 0.04554351851851852
0 0.95010546875 0.9042444444444444 0.007502604166666666 0.015896296296296297
0 0.9012822916666666 0.9015935185185185 0.005689583333333333 0.018001851851851852
0 0.9250455729166667 0.6001111111111112 0.0073828125000000005 0.015037037037037036
0 0.50314453125 0.8115458333333334 0.009414062499999999 0.023091666666666667
0 0.43643515625 0.9199356481481481 0.024953645833333333 0.038019444444444446
0 0.6028541666666667 0.9760805555555555 0.013000000000000001 0.024383333333333333
0 0.49941067708333337 0.931661111111111 0.09257135416666666 0.11702592592592594
0 0.4887666666666667 0.9719662037037038 0.013991666666666668 0.01615462962962963
0 0.3916705729166667 0.1552662037037037 0.017716145833333332 0.03275462962962963
0 0.5761184895833333 0.2589560185185185 0.011611979166666668 0.036430555555555556
0 0.9123986979166666 0.3069944444444444 0.0039640625 0.012137037037037038
0 0.86763984375 0.7756578703703704 0.024863020833333336 0.05501944444444445
0 0.24312265625 0.3920458333333333 0.008120312499999999 0.015573148148148147
0 0.09165989583333332 0.9527212962962963 0.011444791666666667 0.027664814814814816
0 0.018725520833333335 0.7640189814814815 0.005159375 0.02618611111111111
0 0.436040625 0.32238055555555556 0.02833125 0.06883518518518518
1 0.49973958333333335 0.5481481481481482 0.9994791666666667 0.9018518518518519
0 0.050520833333333334 0.6314814814814815 0.013541666666666667 0.025925925925925925
0 0.22109375 0.6101851851851852 0.025520833333333333 0.07222222222222222
0 0.36276041666666664 0.1986111111111111 0.015104166666666667 0.041666666666666664
0 0.321875 0.2125 0.007291666666666667 0.023148148148148147
0 0.4934895833333333 0.799537037037037 0.03177083333333333 0.04351851851851852
0 0.4765625 0.29814814814814816 0.019791666666666666 0.020370370370370372
0 0.37734375 0.17314814814814813 0.0171875 0.022222222222222223
0 0.5924479166666666 0.513425925925926 0.015104166666666667 0.025
0 0.6341145833333334 0.7226851851851852 0.015104166666666667 0.03981481481481482
0 0.57265625 0.7569444444444444 0.019270833333333334 0.028703703703703703
0 0.57734375 0.3263888888888889 0.0171875 0.05462962962962963
0 0.6096354166666667 0.49953703703703706 0.0109375 0.03611111111111111
0 0.9645833333333333 0.4824074074074074 0.014583333333333334 0.03888888888888889
0 0.8635416666666667 0.7324074074074074 0.020833333333333332 0.06296296296296296
0 0.9635416666666666 0.5939814814814814 0.010416666666666666 0.025
0 0.8763020833333334 0.861574074074074 0.024479166666666666 0.03611111111111111
0 0.85 0.9268518518518518 0.010416666666666666 0.024074074074074074
0 0.85234375 0.9 0.0109375 0.025925925925925925
0 0.9286458333333333 0.5421296296296296 0.007291666666666667 0.019444444444444445
0 0.9557291666666666 0.5611111111111111 0.005208333333333333 0.020370370370370372
0 0.8138020833333334 0.48842592592592593 0.013020833333333334 0.017592592592592594
0 0.04479166666666667 0.8412037037037037 0.019791666666666666 0.04351851851851852
0 0.06692708333333333 0.9587962962962963 0.0078125 0.01574074074074074
0 0.115625 0.950462962962963 0.00625 0.017592592592592594
0 0.0796875 0.6527777777777778 0.007291666666666667 0.014814814814814815
0 0.5091145833333334 0.8106481481481481 0.008854166666666666 0.023148148148148147
0 0.5796875 0.9111111111111111 0.023958333333333335 0.03888888888888889
0 0.4161458333333333 0.9875 0.013541666666666667 0.023148148148148147
0 0.5169471354166667 0.9279916666666667 0.09014427083333333 0.11894629629629629
0 0.5299479166666666 0.9689814814814814 0.0140625 0.01574074074074074
0 0.5947916666666667 0.14305555555555555 0.016666666666666666 0.03425925925925926
0 0.4140625 0.26851851851851855 0.011458333333333333 0.037037037037037035
0 0.08098958333333334 0.3587962962962963 0.0036458333333333334 0.012037037037037037
0 0.14401041666666667 0.8208333333333333 0.0265625 0.05277777777777778
0 0.7518229166666667 0.36064814814814816 0.0078125 0.01574074074074074
0 0.925 0.9013888888888889 0.010416666666666666 0.028703703703703703
0 0.9901041666666667 0.7037037037037037 0.005208333333333333 0.025925925925925925
0 0.5570513020833334 0.31453009259259257 0.02764427083333333 0.06980092592592593
1 0.5 0.45964351851851853 1.0 0.9192870370370371
0 0.046301302083333336 0.42513009259259255 0.0134359375 0.02618611111111111
0 0.2172109375 0.4241902777777778 0.024005208333333337 0.07430648148148149
0 0.374890625 0.8173587962962963 0.016447916666666666 0.04027314814814815
0 0.3337421875 0.809500462962963 0.008109375 0.02270462962962963
0 0.4813390625 0.2028648148148148 0.031428125 0.04276666666666667
0 0.4844598958333333 0.7049819444444444 0.019961458333333335 0.01922314814814815
0 0.3903981770833333 0.841575 0.017254687499999997 0.02203888888888889
0 0.5916057291666666 0.47457129629629635 0.015503125 0.02506851851851852
0 0.6248361979166667 0.2610412037037037 0.016339062499999998 0.03874907407407407
0 0.5623614583333333 0.23490277777777777 0.019514583333333335 0.027212962962962963
0 0.583596875 0.6639944444444444 0.018235416666666667 0.05391481481481482
0 0.6096825520833333 0.48739120370370376 0.0120734375 0.03589351851851852
0 0.9637721354166667 0.4606222222222222 0.014002604166666667 0.039762962962962965
0 0.8532455729166667 0.22335138888888886 0.022116145833333333 0.06151759259259259
0 0.9587747395833334 0.3484189814814815 0.011299479166666666 0.02461574074074074
0 0.86097421875 0.0924949074074074 0.0250734375 0.034989814814814814
0 0.8321578125 0.030300000000000004 0.011190625000000001 0.023562962962962963
0 0.8359666666666666 0.05763425925925926 0.010475 0.026379629629629628
0 0.9260635416666666 0.40519814814814814 0.007335416666666666 0.019655555555555558
0 0.9526341145833332 0.3826087962962963 0.005268229166666667 0.020773148148148148
0 0.8135864583333333 0.4729865740740741 0.012589583333333333 0.01819537037037037
0 0.032564322916666666 0.2162902777777778 0.018253645833333332 0.04554351851851852
0 0.05010546875 0.09591111111111111 0.007502604166666666 0.015896296296296297
0 0.09867812499999999 0.09788981481481482 0.005689583333333333 0.018001851851851852
0 0.07504557291666666 0.40011111111111114 0.0073828125000000005 0.015037037037037036
0 0.49689453125 0.18839768518518518 0.009414062499999999 0.023091666666666667
0 0.5635184895833334 0.08012083333333334 0.024953645833333333 0.038019444444444446
0 0.397125 0.024228703703703704 0.013000000000000001 0.024383333333333333
0 0.5009731770833333 0.06777222222222222 0.09257135416666666 0.11702592592592594
0 0.5111625 0.028447685185185187 0.013991666666666668 0.01615462962962963
0 0.6083372395833333 0.8441550925925926 0.017716145833333332 0.03275462962962963
0 0.42403515625000004 0.741363425925926 0.011611979166666668 0.036430555555555556
0 0.08739869791666667 0.6931055555555555 0.0039640625 0.012137037037037038
0 0.13222317708333334 0.22473194444444444 0.024863020833333336 0.05501944444444445
0 0.7566643229166666 0.6077865740740741 0.008120312499999999 0.015573148148148147
0 0.9083265625 0.047165740740740744 0.011444791666666667 0.027664814814814816
0 0.9812255208333334 0.23624120370370372 0.005159375 0.02618611111111111
0 0.564165625 0.6779361111111112 0.02833125 0.06883518518518518
1 0.5 0.5401990740740741 1.0 0.9192870370370371
0 0.95359296875 0.5751300925925926 0.0134359375 0.02618611111111111
0 0.7828359375 0.5760421296296296 0.024005208333333337 0.07430648148148149
0 0.624890625 0.1821736111111111 0.016447916666666666 0.04027314814814815
0 0.6665546875 0.19098194444444444 0.008109375 0.02270462962962963
0 0.5183182291666667 0.7973092592592593 0.031428125 0.04276666666666667
0 0.5151890625 0.2957226851851852 0.019961458333333335 0.01922314814814815
0 0.6096690104166667 0.15824166666666667 0.017254687499999997 0.02203888888888889
0 0.40827239583333336 0.5245712962962963 0.015503125 0.02506851851851852
0 0.37483619791666667 0.7388189814814814 0.016339062499999998 0.03874907407407407
0 0.4378822916666667 0.7654583333333334 0.019514583333333335 0.027212962962962963
0 0.41640937499999997 0.33621666666666666 0.018235416666666667 0.05391481481481482
0 0.39041171875 0.5133171296296297 0.0120734375 0.03589351851851852
0 0.036167968749999994 0.5402518518518519 0.014002604166666667 0.039762962962962965
0 0.14699557291666665 0.7770550925925926 0.022116145833333333 0.06151759259259259
0 0.04106640625 0.6511967592592592 0.011299479166666666 0.02461574074074074
0 0.13857838541666664 0.9073097222222222 0.0250734375 0.034989814814814814
0 0.16757447916666665 0.9691888888888889 0.011190625000000001 0.023562962962962963
0 0.16409166666666666 0.9428194444444444 0.010475 0.026379629629629628
0 0.07398020833333334 0.595012962962963 0.007335416666666666 0.019655555555555558
0 0.04742578125 0.6177939814814815 0.005268229166666667 0.020773148148148148
0 0.18650312500000002 0.5266902777777778 0.012589583333333333 0.01819537037037037
0 0.96746015625 0.7838828703703703 0.018253645833333332 0.04554351851851852
0 0.95010546875 0.9042444444444444 0.007502604166666666 0.015896296296296297
0 0.9012822916666666 0.9015935185185185 0.005689583333333333 0.018001851851851852
0 0.9250455729166667 0.6001111111111112 0.0073828125000000005 0.015037037037037036
0 0.50314453125 0.8115458333333334 0.009414062499999999 0.023091666666666667
0 0.43643515625 0.9199356481481481 0.024953645833333333 0.038019444444444446
0 0.6028541666666667 0.9760805555555555 0.013000000000000001 0.024383333333333333
0 0.49941067708333337 0.931661111111111 0.09257135416666666 0.11702592592592594
0 0.4887666666666667 0.9719662037037038 0.013991666666666668 0.01615462962962963
0 0.3916705729166667 0.1552662037037037 0.017716145833333332 0.03275462962962963
0 0.5761184895833333 0.2589560185185185 0.011611979166666668 0.036430555555555556
0 0.9123986979166666 0.3069944444444444 0.0039640625 0.012137037037037038
0 0.86763984375 0.7756578703703704 0.024863020833333336 0.05501944444444445
0 0.24312265625 0.3920458333333333 0.008120312499999999 0.015573148148148147
0 0.09165989583333332 0.9527212962962963 0.011444791666666667 0.027664814814814816
0 0.018725520833333335 0.7640189814814815 0.005159375 0.02618611111111111
0 0.436040625 0.32238055555555556 0.02833125 0.06883518518518518
