1 0.5 0.5 1.0 1.0
0 0.26314765625 0.8191495370370371 0.022128645833333335 0.04385462962962963
0 0.2848609375 0.8397375 0.009305208333333334 0.018363888888888888
0 0.28176380208333335 0.8041023148148149 0.010402604166666666 0.01931574074074074
0 0.3198666666666667 0.7169444444444444 0.011608333333333333 0.019074074074074077
0 0.14973958333333334 0.7625791666666667 0.0328125 0.04367685185185185
0 0.15923854166666668 0.5730736111111111 0.01326875 0.047999074074074076
0 0.12409296875 0.5368356481481482 0.012769270833333334 0.03848611111111111
0 0.35093671875 0.6307472222222222 0.03520677083333333 0.04853148148148148
0 0.42516588541666667 0.5094560185185185 0.0263734375 0.04483796296296296
0 0.37141119791666666 0.619199074074074 0.0188640625 0.04580555555555556
0 0.4685859375 0.5026041666666666 0.020505208333333334 0.044097222222222225
0 0.5941166666666666 0.3842189814814815 0.014275000000000001 0.02584537037037037
0 0.5614861979166667 0.4645259259259259 0.008389062499999999 0.014237037037037036
0 0.41800234374999995 0.9009421296296297 0.0141296875 0.025958333333333333
0 0.4463036458333333 0.8169777777777778 0.013440625000000001 0.020992592592592594
0 0.4453690104166667 0.922887962962963 0.010529687499999999 0.02170185185185185
0 0.46297734375000005 0.9608796296296296 0.010329687499999999 0.016203703703703703
0 0.86279296875 0.7660194444444445 0.012044270833333334 0.033890740740740735
0 0.8361565104166666 0.6990268518518518 0.009813020833333333 0.027683333333333334
0 0.8330528645833333 0.6241398148148148 0.0150640625 0.040872222222222226
0 0.9164934895833333 0.6514518518518518 0.027778645833333334 0.06771851851851851
0 0.9990062500000001 0.664913425925926 0.002179166666666667 0.033530555555555557
0 0.8935526041666667 0.7974814814814815 0.017313541666666665 0.06718518518518518
0 0.8000322916666666 0.877525462962963 0.015689583333333333 0.047643518518518516
0 0.9821127604166667 0.5481078703703703 0.011100520833333332 0.02584537037037037
0 0.7821955729166666 0.4948467592592592 0.020641145833333333 0.05080462962962963
0 0.65073515625 0.6247087962962964 0.024386979166666666 0.049417592592592596
0 0.8048143229166667 0.28236157407407403 0.022128645833333335 0.04250092592592593
0 0.7947591145833334 0.32687361111111113 0.006184895833333333 0.022265740740740742
0 0.8111416666666666 0.32032314814814816 0.014991666666666665 0.027683333333333334
0 0.9213734375 0.34675138888888885 0.009413541666666667 0.019428703703703705
0 0.8109299479166666 0.2273060185185185 0.04581822916666667 0.0823898148148148
0 0.8549065104166667 0.23944166666666664 0.009813020833333333 0.021475925925925926
0 0.6275513020833333 0.2964115740740741 0.0165609375 0.029860185185185188
0 0.60699765625 0.20495555555555556 0.0077453125000000005 0.019170370370370372
0 0.67261015625 0.24428472222222222 0.009803645833333334 0.027458333333333335
0 0.8002229166666667 0.16084537037037036 0.008779166666666668 0.01243148148148148
0 0.8894192708333333 0.24911018518518518 0.027796875 0.04451666666666667
0 0.8363390625 0.3226439814814815 0.012261458333333334 0.03047314814814815
0 0.9113268229166667 0.29675 0.007028645833333333 0.017574074074074075
0 0.9273890625 0.29436851851851853 0.011028125 0.020218518518518518
0 0.9203533854166667 0.46246898148148147 0.014665104166666667 0.02123425925925926
0 0.9699971354166668 0.10184074074074075 0.018119270833333333 0.09812592592592592
0 0.7183458333333334 0.02809537037037037 0.012733333333333334 0.019153703703703704
0 0.6740515625000001 0.005422685185185185 0.010603125 0.01084537037037037
0 0.5058684895833333 0.014733333333333334 0.012778645833333333 0.023911111111111112
0 0.48701536458333333 0.24841759259259258 0.014655729166666666 0.01905740740740741
0 0.44270911458333334 0.14566851851851853 0.008334895833333333 0.02652222222222222
0 0.4308510416666667 0.4212328703703704 0.021077083333333337 0.053576851851851855
0 0.15528802083333335 0.3943717592592592 0.018909375 0.03133611111111111
0 0.09199869791666666 0.22278657407407407 0.0162890625 0.05298055555555556
0 0.05151119791666667 0.11096851851851852 0.030105729166666664 0.036751851851851855
0 0.702984375 0.06955833333333333 0.014302083333333333 0.03356111111111111
1 0.49973958333333335 0.49953703703703706 0.9994791666666667 0.9990740740740741
0 0.24348958333333334 0.23425925925925925 0.0203125 0.04259259259259259
0 0.2630208333333333 0.20925925925925926 0.009375 0.018518518518518517
0 0.2630208333333333 0.24537037037037038 0.010416666666666666 0.020370370370370372
0 0.3059895833333333 0.3236111111111111 0.0109375 0.019444444444444445
0 0.13411458333333334 0.3148148148148148 0.0328125 0.03888888888888889
0 0.15729166666666666 0.500462962962963 0.014583333333333334 0.04722222222222222
0 0.12447916666666667 0.5453703703703704 0.0125 0.03888888888888889
0 0.3424479166666667 0.40185185185185185 0.034895833333333334 0.05185185185185185
0 0.42526041666666664 0.5064814814814815 0.027604166666666666 0.040740740740740744
0 0.3640625 0.40925925925925927 0.019791666666666666 0.044444444444444446
0 0.46875 0.5041666666666667 0.01875 0.04537037037037037
0 0.6013020833333333 0.5944444444444444 0.0140625 0.025925925925925925
0 0.56328125 0.5217592592592593 0.0078125 0.013888888888888888
0 0.39088541666666665 0.11944444444444445 0.013020833333333334 0.025925925925925925
0 0.425 0.19722222222222222 0.013541666666666667 0.020370370370370372
0 0.4166666666666667 0.09212962962962963 0.010416666666666666 0.021296296296296296
0 0.4315104166666667 0.05092592592592592 0.009895833333333333 0.016666666666666666
0 0.8421875 0.15694444444444444 0.013541666666666667 0.03425925925925926
0 0.8203125 0.22916666666666666 0.009375 0.028703703703703703
0 0.8213541666666667 0.3050925925925926 0.015625 0.03981481481481482
0 0.9026041666666667 0.25972222222222224 0.023958333333333335 0.0712962962962963
0 0.98671875 0.22824074074074074 0.0067708333333333336 0.03425925925925926
0 0.8716145833333333 0.11944444444444445 0.018229166666666668 0.06666666666666667
0 0.771875 0.06018518518518518 0.015625 0.046296296296296294
0 0.975 0.34814814814814815 0.011458333333333333 0.025925925925925925
0 0.7807291666666667 0.4439814814814815 0.01875 0.05277777777777778
0 0.6419270833333334 0.34305555555555556 0.022395833333333334 0.05092592592592592
0 0.8174479166666667 0.65 0.0203125 0.04259259259259259
0 0.8041666666666667 0.6078703703703704 0.00625 0.021296296296296296
0 0.82109375 0.6101851851851852 0.015104166666666667 0.027777777777777776
0 0.9291666666666667 0.5611111111111111 0.009375 0.020370370370370372
0 0.82734375 0.7050925925925926 0.04635416666666667 0.08425925925925926
0 0.8697916666666666 0.6819444444444445 0.010416666666666666 0.021296296296296296
0 0.640625 0.674074074074074 0.017708333333333333 0.02962962962962963
0 0.6268229166666667 0.7703703703703704 0.0078125 0.018518518518518517
0 0.6888020833333334 0.7157407407407408 0.008854166666666666 0.027777777777777776
0 0.8213541666666667 0.7717592592592593 0.008333333333333333 0.013888888888888888
0 0.9036458333333334 0.6648148148148149 0.025 0.04814814814814815
0 0.8466145833333333 0.6032407407407407 0.011979166666666667 0.032407407407407406
0 0.9223958333333333 0.6125 0.00625 0.017592592592592594
0 0.93828125 0.6111111111111112 0.009895833333333333 0.020370370370370372
0 0.9192708333333334 0.4462962962962963 0.014583333333333334 0.020370370370370372
0 0.9932291666666667 0.7925925925925926 0.0125 0.1
0 0.74921875 0.9208333333333333 0.013020833333333334 0.019444444444444445
0 0.7075520833333333 0.9592592592592593 0.011979166666666667 0.022222222222222223
0 0.5393229166666667 0.9800925925925926 0.011979166666666667 0.025
0 0.5044270833333333 0.7527777777777778 0.0140625 0.018518518518518517
0 0.46822916666666664 0.8638888888888889 0.008333333333333333 0.025925925925925925
0 0.6432291666666666 0.9787037037037037 0.008333333333333333 0.011111111111111112
0 0.4359375 0.5935185185185186 0.021875 0.05
0 0.16497395833333334 0.6796296296296296 0.01953125 0.03333333333333333
0 0.114453125 0.8636574074074074 0.018489583333333334 0.05138888888888889
0 0.08268229166666667 0.9824074074074074 0.029947916666666668 0.03333333333333333
0 0.7303385416666667 0.8840277777777777 0.013802083333333333 0.034722222222222224
1 0.5 0.5 1.0 1.0
0 0.7663393229166666 0.26708842592592597 0.01913697916666667 0.04158425925925926
0 0.74799609375 0.2388986111111111 0.009533854166666666 0.018537962962962964
0 0.7463234375 0.27523333333333333 0.010355208333333334 0.02083703703703704
0 0.7006044270833333 0.34798425925925924 0.010583854166666667 0.020042592592592594
0 0.8726343750000001 0.36097870370370366 0.03276875 0.03677222222222222
0 0.8414731770833334 0.5426749999999999 0.015238020833333334 0.046461111111111106
0 0.8727619791666666 0.5916513888888889 0.013232291666666667 0.038858333333333335
0 0.6615127604166666 0.42143749999999996 0.03448385416666667 0.05398611111111111
0 0.5743182291666666 0.5153574074074074 0.028844791666666664 0.03812222222222222
0 0.6389171875 0.4265393518518519 0.020542708333333333 0.043819444444444446
0 0.5314028645833333 0.5081055555555556 0.0180140625 0.045840740740740744
0 0.39546484375 0.5814175925925926 0.013846354166666667 0.025798148148148146
0 0.43574010416666664 0.5142055555555556 0.007938541666666667 0.013596296296296296
0 0.6238578125 0.13416296296296298 0.012298958333333334 0.025733333333333334
0 0.5865325520833333 0.20725324074074075 0.013690104166666666 0.020062037037037038
0 0.5994119791666667 0.10334398148148148 0.010282291666666667 0.021502777777777777
0 0.5856104166666667 0.06026157407407407 0.0097625 0.016819444444444442
0 0.17225807291666667 0.11526851851851852 0.0143078125 0.03424074074074074
0 0.1909890625 0.1905013888888889 0.009061458333333333 0.029150925925925927
0 0.18760807291666665 0.2651324074074074 0.015841145833333334 0.03952407407407407
0 0.10820130208333333 0.21050740740740742 0.0216109375 0.07286666666666666
0 0.02514921875 0.16874583333333332 0.007590104166666667 0.033787962962962964
0 0.14372760416666666 0.07462824074074074 0.019746875 0.06592314814814815
0 0.24560234375 0.02752777777777778 0.0162046875 0.0457962962962963
0 0.03240494791666667 0.2890833333333333 0.011684895833333332 0.026314814814814815
0 0.2219734375 0.4091842592592592 0.017905208333333332 0.05355370370370371
0 0.36424791666666667 0.32636990740740746 0.02120416666666667 0.052739814814814816
0 0.17723541666666667 0.6101236111111111 0.020095833333333334 0.04246944444444444
0 0.19279166666666667 0.5695583333333334 0.006416666666666667 0.020598148148148147
0 0.17538723958333333 0.5696365740740741 0.0153578125 0.028162037037037038
0 0.06942291666666667 0.5076087962962963 0.009679166666666666 0.020773148148148148
0 0.1653625 0.6640013888888888 0.04635 0.08541018518518519
0 0.12410911458333333 0.6355254629629629 0.010718229166666668 0.021050925925925924
0 0.3528731770833333 0.6563162037037037 0.018246354166666666 0.029299074074074075
0 0.36307786458333335 0.7543810185185185 0.008447395833333335 0.018021296296296296
0 0.30314453125 0.6916652777777779 0.009414062499999999 0.027775
0 0.16879427083333332 0.7313893518518518 0.008421875 0.014630555555555556
0 0.09078958333333334 0.6147666666666667 0.023245833333333334 0.04990370370370371
0 0.15030026041666666 0.5601671296296297 0.012058854166666666 0.03329722222222222
0 0.07423541666666668 0.5596685185185185 0.0057625 0.017485185185185187
0 0.05823645833333333 0.5564564814814814 0.00918125 0.02032037037037037
0 0.08398177083333333 0.3935259259259259 0.014838541666666667 0.020385185185185183
0 0.23467395833333335 0.8886606481481482 0.013097916666666666 0.01991388888888889
0 0.27485208333333333 0.9320898148148149 0.012204166666666665 0.021587037037037037
0 0.4416580729166667 0.973838888888889 0.011441145833333333 0.025455555555555558
0 0.4856963541666667 0.7517226851851851 0.014101041666666668 0.018260185185185185
0 0.5175223958333334 0.8664087962962963 0.009003125 0.025410185185185185
0 0.33854973958333334 0.9595365740740741 0.008349479166666667 0.01166574074074074
0 0.5605716145833333 0.6012967592592592 0.022184895833333333 0.048889814814814817
0 0.8270656249999999 0.7208305555555555 0.01975625 0.0342537037037037
0 0.8707502604166667 0.9111777777777778 0.019625520833333333 0.05013333333333333
0 0.2556700520833333 0.8546143518518519 0.0134234375 0.035154629629629626
1 0.5 0.5 1.0 1.0
0 0.26314765625 0.8191495370370371 0.022128645833333335 0.04385462962962963
0 0.2848609375 0.8397375 0.009305208333333334 0.018363888888888888
0 0.28176380208333335 0.8041023148148149 0.010402604166666666 0.01931574074074074
0 0.3198666666666667 0.7169444444444444 0.011608333333333333 0.019074074074074077
0 0.14973958333333334 0.7625791666666667 0.0328125 0.04367685185185185
0 0.15923854166666668 0.5730736111111111 0.01326875 0.047999074074074076
0 0.12409296875 0.5368356481481482 0.012769270833333334 0.03848611111111111
0 0.35093671875 0.6307472222222222 0.03520677083333333 0.04853148148148148
0 0.42516588541666667 0.5094560185185185 0.0263734375 0.04483796296296296
0 0.37141119791666666 0.619199074074074 0.0188640625 0.04580555555555556
0 0.4685859375 0.5026041666666666 0.020505208333333334 0.044097222222222225
0 0.5941166666666666 0.3842189814814815 0.014275000000000001 0.02584537037037037
0 0.5614861979166667 0.4645259259259259 0.008389062499999999 0.014237037037037036
0 0.41800234374999995 0.9009421296296297 0.0141296875 0.025958333333333333
0 0.4463036458333333 0.8169777777777778 0.013440625000000001 0.020992592592592594
0 0.4453690104166667 0.922887962962963 0.010529687499999999 0.02170185185185185
0 0.46297734375000005 0.9608796296296296 0.010329687499999999 0.016203703703703703
0 0.86279296875 0.7660194444444445 0.012044270833333334 0.033890740740740735
0 0.8361565104166666 0.6990268518518518 0.009813020833333333 0.027683333333333334
0 0.8330528645833333 0.6241398148148148 0.0150640625 0.040872222222222226
0 0.9164934895833333 0.6514518518518518 0.027778645833333334 0.06771851851851851
0 0.9990062500000001 0.664913425925926 0.002179166666666667 0.033530555555555557
0 0.8935526041666667 0.7974814814814815 0.017313541666666665 0.06718518518518518
0 0.8000322916666666 0.877525462962963 0.015689583333333333 0.047643518518518516
0 0.9821127604166667 0.5481078703703703 0.011100520833333332 0.02584537037037037
0 0.7821955729166666 0.4948467592592592 0.020641145833333333 0.05080462962962963
0 0.65073515625 0.6247087962962964 0.024386979166666666 0.049417592592592596
0 0.8048143229166667 0.28236157407407403 0.022128645833333335 0.04250092592592593
0 0.7947591145833334 0.32687361111111113 0.006184895833333333 0.022265740740740742
0 0.8111416666666666 0.32032314814814816 0.014991666666666665 0.027683333333333334
0 0.9213734375 0.34675138888888885 0.009413541666666667 0.019428703703703705
0 0.8109299479166666 0.2273060185185185 0.04581822916666667 0.0823898148148148
0 0.8549065104166667 0.23944166666666664 0.009813020833333333 0.021475925925925926
0 0.6275513020833333 0.2964115740740741 0.0165609375 0.029860185185185188
0 0.60699765625 0.20495555555555556 0.0077453125000000005 0.019170370370370372
0 0.67261015625 0.24428472222222222 0.009803645833333334 0.027458333333333335
0 0.8002229166666667 0.16084537037037036 0.008779166666666668 0.01243148148148148
0 0.8894192708333333 0.24911018518518518 0.027796875 0.04451666666666667
0 0.8363390625 0.3226439814814815 0.012261458333333334 0.03047314814814815
0 0.9113268229166667 0.29675 0.007028645833333333 0.017574074074074075
0 0.9273890625 0.29436851851851853 0.011028125 0.020218518518518518
0 0.9203533854166667 0.46246898148148147 0.014665104166666667 0.02123425925925926
0 0.9699971354166668 0.10184074074074075 0.018119270833333333 0.09812592592592592
0 0.7183458333333334 0.02809537037037037 0.012733333333333334 0.019153703703703704
0 0.6740515625000001 0.005422685185185185 0.010603125 0.01084537037037037
0 0.5058684895833333 0.014733333333333334 0.012778645833333333 0.023911111111111112
0 0.48701536458333333 0.24841759259259258 0.014655729166666666 0.01905740740740741
0 0.44270911458333334 0.14566851851851853 0.008334895833333333 0.02652222222222222
0 0.4308510416666667 0.4212328703703704 0.021077083333333337 0.053576851851851855
0 0.15528802083333335 0.3943717592592592 0.018909375 0.03133611111111111
0 0.09199869791666666 0.22278657407407407 0.0162890625 0.05298055555555556
0 0.05151119791666667 0.11096851851851852 0.030105729166666664 0.036751851851851855
0 0.702984375 0.06955833333333333 0.014302083333333333 0.03356111111111111
1 0.49973958333333335 0.49953703703703706 0.9994791666666667 0.9990740740740741
0 0.24348958333333334 0.23425925925925925 0.0203125 0.04259259259259259
0 0.2630208333333333 0.20925925925925926 0.009375 0.018518518518518517
0 0.2630208333333333 0.24537037037037038 0.010416666666666666 0.020370370370370372
0 0.3059895833333333 0.3236111111111111 0.0109375 0.019444444444444445
0 0.13411458333333334 0.3148148148148148 0.0328125 0.03888888888888889
0 0.15729166666666666 0.500462962962963 0.014583333333333334 0.04722222222222222
0 0.12447916666666667 0.5453703703703704 0.0125 0.03888888888888889
0 0.3424479166666667 0.40185185185185185 0.034895833333333334 0.05185185185185185
0 0.42526041666666664 0.5064814814814815 0.027604166666666666 0.040740740740740744
0 0.3640625 0.40925925925925927 0.019791666666666666 0.044444444444444446
0 0.46875 0.5041666666666667 0.01875 0.04537037037037037
0 0.6013020833333333 0.5944444444444444 0.0140625 0.025925925925925925
0 0.56328125 0.5217592592592593 0.0078125 0.013888888888888888
0 0.39088541666666665 0.11944444444444445 0.013020833333333334 0.025925925925925925
0 0.425 0.19722222222222222 0.013541666666666667 0.020370370370370372
0 0.4166666666666667 0.09212962962962963 0.010416666666666666 0.021296296296296296
0 0.4315104166666667 0.05092592592592592 0.009895833333333333 0.016666666666666666
0 0.8421875 0.15694444444444444 0.013541666666666667 0.03425925925925926
0 0.8203125 0.22916666666666666 0.009375 0.028703703703703703
0 0.8213541666666667 0.3050925925925926 0.015625 0.03981481481481482
0 0.9026041666666667 0.25972222222222224 0.023958333333333335 0.0712962962962963
0 0.98671875 0.22824074074074074 0.0067708333333333336 0.03425925925925926
0 0.8716145833333333 0.11944444444444445 0.018229166666666668 0.06666666666666667
0 0.771875 0.06018518518518518 0.015625 0.046296296296296294
0 0.975 0.34814814814814815 0.011458333333333333 0.025925925925925925
0 0.7807291666666667 0.4439814814814815 0.01875 0.05277777777777778
0 0.6419270833333334 0.34305555555555556 0.022395833333333334 0.05092592592592592
0 0.8174479166666667 0.65 0.0203125 0.04259259259259259
0 0.8041666666666667 0.6078703703703704 0.00625 0.021296296296296296
0 0.82109375 0.6101851851851852 0.015104166666666667 0.027777777777777776
0 0.9291666666666667 0.5611111111111111 0.009375 0.020370370370370372
0 0.82734375 0.7050925925925926 0.04635416666666667 0.08425925925925926
0 0.8697916666666666 0.6819444444444445 0.010416666666666666 0.021296296296296296
0 0.640625 0.674074074074074 0.017708333333333333 0.02962962962962963
0 0.6268229166666667 0.7703703703703704 0.0078125 0.018518518518518517
0 0.6888020833333334 0.7157407407407408 0.008854166666666666 0.027777777777777776
0 0.8213541666666667 0.7717592592592593 0.008333333333333333 0.013888888888888888
0 0.9036458333333334 0.6648148148148149 0.025 0.04814814814814815
0 0.8466145833333333 0.6032407407407407 0.011979166666666667 0.032407407407407406
0 0.9223958333333333 0.6125 0.00625 0.017592592592592594
0 0.93828125 0.6111111111111112 0.009895833333333333 0.020370370370370372
0 0.9192708333333334 0.4462962962962963 0.014583333333333334 0.020370370370370372
0 0.9932291666666667 0.7925925925925926 0.0125 0.1
0 0.74921875 0.9208333333333333 0.013020833333333334 0.019444444444444445
0 0.7075520833333333 0.9592592592592593 0.011979166666666667 0.022222222222222223
0 0.5393229166666667 0.9800925925925926 0.011979166666666667 0.025
0 0.5044270833333333 0.7527777777777778 0.0140625 0.018518518518518517
0 0.46822916666666664 0.8638888888888889 0.008333333333333333 0.025925925925925925
0 0.6432291666666666 0.9787037037037037 0.008333333333333333 0.011111111111111112
0 0.4359375 0.5935185185185186 0.021875 0.05
0 0.16497395833333334 0.6796296296296296 0.01953125 0.03333333333333333
0 0.114453125 0.8636574074074074 0.018489583333333334 0.05138888888888889
0 0.08268229166666667 0.9824074074074074 0.029947916666666668 0.03333333333333333
0 0.7303385416666667 0.8840277777777777 0.013802083333333333 0.034722222222222224
1 0.5 0.5 1.0 1.0
0 0.7663393229166666 0.26708842592592597 0.01913697916666667 0.04158425925925926
0 0.74799609375 0.2388986111111111 0.009533854166666666 0.018537962962962964
0 0.7463234375 0.27523333333333333 0.010355208333333334 0.02083703703703704
0 0.7006044270833333 0.34798425925925924 0.010583854166666667 0.020042592592592594
0 0.8726343750000001 0.36097870370370366 0.03276875 0.03677222222222222
0 0.8414731770833334 0.5426749999999999 0.015238020833333334 0.046461111111111106
0 0.8727619791666666 0.5916513888888889 0.013232291666666667 0.038858333333333335
0 0.6615127604166666 0.42143749999999996 0.03448385416666667 0.05398611111111111
0 0.5743182291666666 0.5153574074074074 0.028844791666666664 0.03812222222222222
0 0.6389171875 0.4265393518518519 0.020542708333333333 0.043819444444444446
0 0.5314028645833333 0.5081055555555556 0.0180140625 0.045840740740740744
0 0.39546484375 0.5814175925925926 0.013846354166666667 0.025798148148148146
0 0.43574010416666664 0.5142055555555556 0.007938541666666667 0.013596296296296296
0 0.6238578125 0.13416296296296298 0.012298958333333334 0.025733333333333334
0 0.5865325520833333 0.20725324074074075 0.013690104166666666 0.020062037037037038
0 0.5994119791666667 0.10334398148148148 0.010282291666666667 0.021502777777777777
0 0.5856104166666667 0.06026157407407407 0.0097625 0.016819444444444442
0 0.17225807291666667 0.11526851851851852 0.0143078125 0.03424074074074074
0 0.1909890625 0.1905013888888889 0.009061458333333333 0.029150925925925927
0 0.18760807291666665 0.2651324074074074 0.015841145833333334 0.03952407407407407
0 0.10820130208333333 0.21050740740740742 0.0216109375 0.07286666666666666
0 0.02514921875 0.16874583333333332 0.007590104166666667 0.033787962962962964
0 0.14372760416666666 0.07462824074074074 0.019746875 0.06592314814814815
0 0.24560234375 0.02752777777777778 0.0162046875 0.0457962962962963
0 0.03240494791666667 0.2890833333333333 0.011684895833333332 0.026314814814814815
0 0.2219734375 0.4091842592592592 0.017905208333333332 0.05355370370370371
0 0.36424791666666667 0.32636990740740746 0.02120416666666667 0.052739814814814816
0 0.17723541666666667 0.6101236111111111 0.020095833333333334 0.04246944444444444
0 0.19279166666666667 0.5695583333333334 0.006416666666666667 0.020598148148148147
0 0.17538723958333333 0.5696365740740741 0.0153578125 0.028162037037037038
0 0.06942291666666667 0.5076087962962963 0.009679166666666666 0.020773148148148148
0 0.1653625 0.6640013888888888 0.04635 0.08541018518518519
0 0.12410911458333333 0.6355254629629629 0.010718229166666668 0.021050925925925924
0 0.3528731770833333 0.6563162037037037 0.018246354166666666 0.029299074074074075
0 0.36307786458333335 0.7543810185185185 0.008447395833333335 0.018021296296296296
0 0.30314453125 0.6916652777777779 0.009414062499999999 0.027775
0 0.16879427083333332 0.7313893518518518 0.008421875 0.014630555555555556
0 0.09078958333333334 0.6147666666666667 0.023245833333333334 0.04990370370370371
0 0.15030026041666666 0.5601671296296297 0.012058854166666666 0.03329722222222222
0 0.07423541666666668 0.5596685185185185 0.0057625 0.017485185185185187
0 0.05823645833333333 0.5564564814814814 0.00918125 0.02032037037037037
0 0.08398177083333333 0.3935259259259259 0.014838541666666667 0.020385185185185183
0 0.23467395833333335 0.8886606481481482 0.013097916666666666 0.01991388888888889
0 0.27485208333333333 0.9320898148148149 0.012204166666666665 0.021587037037037037
0 0.4416580729166667 0.973838888888889 0.011441145833333333 0.025455555555555558
0 0.4856963541666667 0.7517226851851851 0.014101041666666668 0.018260185185185185
0 0.5175223958333334 0.8664087962962963 0.009003125 0.025410185185185185
0 0.33854973958333334 0.9595365740740741 0.008349479166666667 0.01166574074074074
0 0.5605716145833333 0.6012967592592592 0.022184895833333333 0.048889814814814817
0 0.8270656249999999 0.7208305555555555 0.01975625 0.0342537037037037
0 0.8707502604166667 0.9111777777777778 0.019625520833333333 0.05013333333333333
0 0.2556700520833333 0.8546143518518519 0.0134234375 0.035154629629629626
1 0.5 0.5 1.0 1.0
0 0.26314765625 0.8191495370370371 0.022128645833333335 0.04385462962962963
0 0.2848609375 0.8397375 0.009305208333333334 0.018363888888888888
0 0.28176380208333335 0.8041023148148149 0.010402604166666666 0.01931574074074074
0 0.3198666666666667 0.7169444444444444 0.011608333333333333 0.019074074074074077
0 0.14973958333333334 0.7625791666666667 0.0328125 0.04367685185185185
0 0.15923854166666668 0.5730736111111111 0.01326875 0.047999074074074076
0 0.12409296875 0.5368356481481482 0.012769270833333334 0.03848611111111111
0 0.35093671875 0.6307472222222222 0.03520677083333333 0.04853148148148148
0 0.42516588541666667 0.5094560185185185 0.0263734375 0.04483796296296296
0 0.37141119791666666 0.619199074074074 0.0188640625 0.04580555555555556
0 0.4685859375 0.5026041666666666 0.020505208333333334 0.044097222222222225
0 0.5941166666666666 0.3842189814814815 0.014275000000000001 0.02584537037037037
0 0.5614861979166667 0.4645259259259259 0.008389062499999999 0.014237037037037036
0 0.41800234374999995 0.9009421296296297 0.0141296875 0.025958333333333333
0 0.4463036458333333 0.8169777777777778 0.013440625000000001 0.020992592592592594
0 0.4453690104166667 0.922887962962963 0.010529687499999999 0.02170185185185185
0 0.46297734375000005 0.9608796296296296 0.010329687499999999 0.016203703703703703
0 0.86279296875 0.7660194444444445 0.012044270833333334 0.033890740740740735
0 0.8361565104166666 0.6990268518518518 0.009813020833333333 0.027683333333333334
0 0.8330528645833333 0.6241398148148148 0.0150640625 0.040872222222222226
0 0.9164934895833333 0.6514518518518518 0.027778645833333334 0.06771851851851851
0 0.9990062500000001 0.664913425925926 0.002179166666666667 0.033530555555555557
0 0.8935526041666667 0.7974814814814815 0.017313541666666665 0.06718518518518518
0 0.8000322916666666 0.877525462962963 0.015689583333333333 0.047643518518518516
0 0.9821127604166667 0.5481078703703703 0.011100520833333332 0.02584537037037037
0 0.7821955729166666 0.4948467592592592 0.020641145833333333 0.05080462962962963
0 0.65073515625 0.6247087962962964 0.024386979166666666 0.049417592592592596
0 0.8048143229166667 0.28236157407407403 0.022128645833333335 0.04250092592592593
0 0.7947591145833334 0.32687361111111113 0.006184895833333333 0.022265740740740742
0 0.8111416666666666 0.32032314814814816 0.014991666666666665 0.027683333333333334
0 0.9213734375 0.34675138888888885 0.009413541666666667 0.019428703703703705
0 0.8109299479166666 0.2273060185185185 0.04581822916666667 0.0823898148148148
0 0.8549065104166667 0.23944166666666664 0.009813020833333333 0.021475925925925926
0 0.6275513020833333 0.2964115740740741 0.0165609375 0.029860185185185188
0 0.60699765625 0.20495555555555556 0.0077453125000000005 0.019170370370370372
0 0.67261015625 0.24428472222222222 0.009803645833333334 0.027458333333333335
0 0.8002229166666667 0.16084537037037036 0.008779166666666668 0.01243148148148148
0 0.8894192708333333 0.24911018518518518 0.027796875 0.04451666666666667
0 0.8363390625 0.3226439814814815 0.012261458333333334 0.03047314814814815
0 0.9113268229166667 0.29675 0.007028645833333333 0.017574074074074075
0 0.9273890625 0.29436851851851853 0.011028125 0.020218518518518518
0 0.9203533854166667 0.46246898148148147 0.014665104166666667 0.02123425925925926
0 0.9699971354166668 0.10184074074074075 0.018119270833333333 0.09812592592592592
0 0.7183458333333334 0.02809537037037037 0.012733333333333334 0.019153703703703704
0 0.6740515625000001 0.005422685185185185 0.010603125 0.01084537037037037
0 0.5058684895833333 0.014733333333333334 0.012778645833333333 0.023911111111111112
0 0.48701536458333333 0.24841759259259258 0.014655729166666666 0.01905740740740741
0 0.44270911458333334 0.14566851851851853 0.008334895833333333 0.02652222222222222
0 0.4308510416666667 0.4212328703703704 0.021077083333333337 0.053576851851851855
0 0.15528802083333335 0.3943717592592592 0.018909375 0.03133611111111111
0 0.09199869791666666 0.22278657407407407 0.0162890625 0.05298055555555556
0 0.05151119791666667 0.11096851851851852 0.030105729166666664 0.036751851851851855
0 0.702984375 0.06955833333333333 0.014302083333333333 0.03356111111111111
1 0.49973958333333335 0.49953703703703706 0.9994791666666667 0.9990740740740741
0 0.24348958333333334 0.23425925925925925 0.0203125 0.04259259259259259
0 0.2630208333333333 0.20925925925925926 0.009375 0.018518518518518517
0 0.2630208333333333 0.24537037037037038 0.010416666666666666 0.020370370370370372
0 0.3059895833333333 0.3236111111111111 0.0109375 0.019444444444444445
0 0.13411458333333334 0.3148148148148148 0.0328125 0.03888888888888889
0 0.15729166666666666 0.500462962962963 0.014583333333333334 0.04722222222222222
0 0.12447916666666667 0.5453703703703704 0.0125 0.03888888888888889
0 0.3424479166666667 0.40185185185185185 0.034895833333333334 0.05185185185185185
0 0.42526041666666664 0.5064814814814815 0.027604166666666666 0.040740740740740744
0 0.3640625 0.40925925925925927 0.019791666666666666 0.044444444444444446
0 0.46875 0.5041666666666667 0.01875 0.04537037037037037
0 0.6013020833333333 0.5944444444444444 0.0140625 0.025925925925925925
0 0.56328125 0.5217592592592593 0.0078125 0.013888888888888888
0 0.39088541666666665 0.11944444444444445 0.013020833333333334 0.025925925925925925
0 0.425 0.19722222222222222 0.013541666666666667 0.020370370370370372
0 0.4166666666666667 0.09212962962962963 0.010416666666666666 0.021296296296296296
0 0.4315104166666667 0.05092592592592592 0.009895833333333333 0.016666666666666666
0 0.8421875 0.15694444444444444 0.013541666666666667 0.03425925925925926
0 0.8203125 0.22916666666666666 0.009375 0.028703703703703703
0 0.8213541666666667 0.3050925925925926 0.015625 0.03981481481481482
0 0.9026041666666667 0.25972222222222224 0.023958333333333335 0.0712962962962963
0 0.98671875 0.22824074074074074 0.0067708333333333336 0.03425925925925926
0 0.8716145833333333 0.11944444444444445 0.018229166666666668 0.06666666666666667
0 0.771875 0.06018518518518518 0.015625 0.046296296296296294
0 0.975 0.34814814814814815 0.011458333333333333 0.025925925925925925
0 0.7807291666666667 0.4439814814814815 0.01875 0.05277777777777778
0 0.6419270833333334 0.34305555555555556 0.022395833333333334 0.05092592592592592
0 0.8174479166666667 0.65 0.0203125 0.04259259259259259
0 0.8041666666666667 0.6078703703703704 0.00625 0.021296296296296296
0 0.82109375 0.6101851851851852 0.015104166666666667 0.027777777777777776
0 0.9291666666666667 0.5611111111111111 0.009375 0.020370370370370372
0 0.82734375 0.7050925925925926 0.04635416666666667 0.08425925925925926
0 0.8697916666666666 0.6819444444444445 0.010416666666666666 0.021296296296296296
0 0.640625 0.674074074074074 0.017708333333333333 0.02962962962962963
0 0.6268229166666667 0.7703703703703704 0.0078125 0.018518518518518517
0 0.6888020833333334 0.7157407407407408 0.008854166666666666 0.027777777777777776
0 0.8213541666666667 0.7717592592592593 0.008333333333333333 0.013888888888888888
0 0.9036458333333334 0.6648148148148149 0.025 0.04814814814814815
0 0.8466145833333333 0.6032407407407407 0.011979166666666667 0.032407407407407406
0 0.9223958333333333 0.6125 0.00625 0.017592592592592594
0 0.93828125 0.6111111111111112 0.009895833333333333 0.020370370370370372
0 0.9192708333333334 0.4462962962962963 0.014583333333333334 0.020370370370370372
0 0.9932291666666667 0.7925925925925926 0.0125 0.1
0 0.74921875 0.9208333333333333 0.013020833333333334 0.019444444444444445
0 0.7075520833333333 0.9592592592592593 0.011979166666666667 0.022222222222222223
0 0.5393229166666667 0.9800925925925926 0.011979166666666667 0.025
0 0.5044270833333333 0.7527777777777778 0.0140625 0.018518518518518517
0 0.46822916666666664 0.8638888888888889 0.008333333333333333 0.025925925925925925
0 0.6432291666666666 0.9787037037037037 0.008333333333333333 0.011111111111111112
0 0.4359375 0.5935185185185186 0.021875 0.05
0 0.16497395833333334 0.6796296296296296 0.01953125 0.03333333333333333
0 0.114453125 0.8636574074074074 0.018489583333333334 0.05138888888888889
0 0.08268229166666667 0.9824074074074074 0.029947916666666668 0.03333333333333333
0 0.7303385416666667 0.8840277777777777 0.013802083333333333 0.034722222222222224
1 0.5 0.5 1.0 1.0
0 0.7663393229166666 0.26708842592592597 0.01913697916666667 0.04158425925925926
0 0.74799609375 0.2388986111111111 0.009533854166666666 0.018537962962962964
0 0.7463234375 0.27523333333333333 0.010355208333333334 0.02083703703703704
0 0.7006044270833333 0.34798425925925924 0.010583854166666667 0.020042592592592594
0 0.8726343750000001 0.36097870370370366 0.03276875 0.03677222222222222
0 0.8414731770833334 0.5426749999999999 0.015238020833333334 0.046461111111111106
0 0.8727619791666666 0.5916513888888889 0.013232291666666667 0.038858333333333335
0 0.6615127604166666 0.42143749999999996 0.03448385416666667 0.05398611111111111
0 0.5743182291666666 0.5153574074074074 0.028844791666666664 0.03812222222222222
0 0.6389171875 0.4265393518518519 0.020542708333333333 0.043819444444444446
0 0.5314028645833333 0.5081055555555556 0.0180140625 0.045840740740740744
0 0.39546484375 0.5814175925925926 0.013846354166666667 0.025798148148148146
0 0.43574010416666664 0.5142055555555556 0.007938541666666667 0.013596296296296296
0 0.6238578125 0.13416296296296298 0.012298958333333334 0.025733333333333334
0 0.5865325520833333 0.20725324074074075 0.013690104166666666 0.020062037037037038
0 0.5994119791666667 0.10334398148148148 0.010282291666666667 0.021502777777777777
0 0.5856104166666667 0.06026157407407407 0.0097625 0.016819444444444442
0 0.17225807291666667 0.11526851851851852 0.0143078125 0.03424074074074074
0 0.1909890625 0.1905013888888889 0.009061458333333333 0.029150925925925927
0 0.18760807291666665 0.2651324074074074 0.015841145833333334 0.03952407407407407
0 0.10820130208333333 0.21050740740740742 0.0216109375 0.07286666666666666
0 0.02514921875 0.16874583333333332 0.007590104166666667 0.033787962962962964
0 0.14372760416666666 0.07462824074074074 0.019746875 0.06592314814814815
0 0.24560234375 0.02752777777777778 0.0162046875 0.0457962962962963
0 0.03240494791666667 0.2890833333333333 0.011684895833333332 0.026314814814814815
0 0.2219734375 0.4091842592592592 0.017905208333333332 0.05355370370370371
0 0.36424791666666667 0.32636990740740746 0.02120416666666667 0.052739814814814816
0 0.17723541666666667 0.6101236111111111 0.020095833333333334 0.04246944444444444
0 0.19279166666666667 0.5695583333333334 0.006416666666666667 0.020598148148148147
0 0.17538723958333333 0.5696365740740741 0.0153578125 0.028162037037037038
0 0.06942291666666667 0.5076087962962963 0.009679166666666666 0.020773148148148148
0 0.1653625 0.6640013888888888 0.04635 0.08541018518518519
0 0.12410911458333333 0.6355254629629629 0.010718229166666668 0.021050925925925924
0 0.3528731770833333 0.6563162037037037 0.018246354166666666 0.029299074074074075
0 0.36307786458333335 0.7543810185185185 0.008447395833333335 0.018021296296296296
0 0.30314453125 0.6916652777777779 0.009414062499999999 0.027775
0 0.16879427083333332 0.7313893518518518 0.008421875 0.014630555555555556
0 0.09078958333333334 0.6147666666666667 0.023245833333333334 0.04990370370370371
0 0.15030026041666666 0.5601671296296297 0.012058854166666666 0.03329722222222222
0 0.07423541666666668 0.5596685185185185 0.0057625 0.017485185185185187
0 0.05823645833333333 0.5564564814814814 0.00918125 0.02032037037037037
0 0.08398177083333333 0.3935259259259259 0.014838541666666667 0.020385185185185183
0 0.23467395833333335 0.8886606481481482 0.013097916666666666 0.01991388888888889
0 0.27485208333333333 0.9320898148148149 0.012204166666666665 0.021587037037037037
0 0.4416580729166667 0.973838888888889 0.011441145833333333 0.025455555555555558
0 0.4856963541666667 0.7517226851851851 0.014101041666666668 0.018260185185185185
0 0.5175223958333334 0.8664087962962963 0.009003125 0.025410185185185185
0 0.33854973958333334 0.9595365740740741 0.008349479166666667 0.01166574074074074
0 0.5605716145833333 0.6012967592592592 0.022184895833333333 0.048889814814814817
0 0.8270656249999999 0.7208305555555555 0.01975625 0.0342537037037037
0 0.8707502604166667 0.9111777777777778 0.019625520833333333 0.05013333333333333
0 0.2556700520833333 0.8546143518518519 0.0134234375 0.035154629629629626
