1 0.4755934895833333 0.5837523148148148 0.9511869791666666 0.8323194444444444
0 0.6264315104166667 0.3252064814814815 0.0101546875 0.017079629629629632
0 0.6718153645833334 0.19870000000000002 0.007172395833333334 0.012214814814814815
0 0.60835 0.4552912037037037 0.015658333333333333 0.029100925925925926
0 0.6864669270833333 0.48380833333333334 0.007308854166666667 0.017616666666666666
0 0.6946359375 0.6472351851851852 0.008021875 0.016692592592592592
0 0.6931296875 0.7662736111111111 0.020634375 0.04551018518518519
0 0.5573395833333333 0.4357226851851852 0.03134583333333333 0.027000925925925928
0 0.5075736979166667 0.48815138888888887 0.026605729166666665 0.046673148148148144
0 0.46681640625000004 0.4404888888888889 0.022174479166666667 0.08097777777777779
0 0.3984161458333333 0.4074111111111111 0.011415625 0.029637037037037038
0 0.3602700520833333 0.45256990740740743 0.0132484375 0.019954629629629628
0 0.4129078125 0.5169231481481482 0.02373229166666667 0.020883333333333334
0 0.42680390625 0.496186574074074 0.0077744791666666665 0.018299074074074075
0 0.49076354166666664 0.7146388888888888 0.036735416666666666 0.038537037037037036
0 0.4903015625 0.6783981481481481 0.010811458333333333 0.017907407407407407
0 0.5443166666666667 0.9621444444444445 0.012591666666666666 0.020585185185185186
0 0.5102296875 0.9855671296296296 0.012126041666666667 0.011875
0 0.5214598958333333 0.9597384259259258 0.006461458333333334 0.012069444444444445
0 0.4173036458333333 0.8277930555555555 0.009607291666666667 0.012993518518518519
0 0.4127268229166667 0.8118791666666667 0.0077453125000000005 0.018202777777777776
0 0.35809687500000004 0.5347037037037037 0.004735416666666667 0.026814814814814816
0 0.1355588541666667 0.2889305555555556 0.011742708333333332 0.013046296296296295
0 0.11030000000000001 0.5948523148148148 0.006016666666666667 0.04526018518518519
0 0.35624296875 0.20666666666666667 0.010402604166666666 0.013333333333333334
0 0.6268010416666667 0.3011837962962963 0.011935416666666667 0.013478703703703705
0 0.6487846354166666 0.6732393518518519 0.0111109375 0.04647870370370371
0 0.58123125 0.5677814814814814 0.0072541666666666674 0.007785185185185185
1 0.5223958333333333 0.5810185185185185 0.9541666666666667 0.8361111111111111
0 0.37890625 0.3138888888888889 0.009895833333333333 0.016666666666666666
0 0.3375 0.18287037037037038 0.007291666666666667 0.012037037037037037
0 0.3932291666666667 0.4449074074074074 0.015625 0.028703703703703703
0 0.3145833333333333 0.46620370370370373 0.007291666666666667 0.017592592592592594
0 0.3015625 0.6287037037037037 0.008333333333333333 0.016666666666666666
0 0.29921875 0.7476851851851852 0.019270833333333334 0.04722222222222222
0 0.44453125 0.4300925925925926 0.03177083333333333 0.025
0 0.49244791666666665 0.48657407407407405 0.0265625 0.04722222222222222
0 0.5346354166666667 0.44305555555555554 0.022395833333333334 0.08055555555555556
0 0.6041666666666666 0.4166666666666667 0.011458333333333333 0.02962962962962963
0 0.6408854166666667 0.46574074074074073 0.013020833333333334 0.020370370370370372
0 0.5861979166666667 0.525 0.0234375 0.022222222222222223
0 0.5731770833333333 0.5027777777777778 0.0078125 0.018518518518518517
0 0.503125 0.7157407407407408 0.036458333333333336 0.037037037037037035
0 0.5041666666666667 0.6791666666666667 0.010416666666666666 0.017592592592592594
0 0.4421875 0.9574074074074074 0.0125 0.020370370370370372
0 0.4752604166666667 0.9837962962962963 0.011979166666666667 0.012037037037037037
0 0.46484375 0.9569444444444445 0.0067708333333333336 0.012037037037037037
0 0.5729166666666666 0.8351851851851851 0.009375 0.012962962962962963
0 0.578125 0.8194444444444444 0.007291666666666667 0.018518518518518517
0 0.640625 0.5476851851851852 0.005208333333333333 0.026851851851851852
0 0.8703125 0.3226851851851852 0.011458333333333333 0.013888888888888888
0 0.8861979166666667 0.6310185185185185 0.0046875 0.04537037037037037
0 0.6520833333333333 0.22037037037037038 0.010416666666666666 0.012962962962962963
0 0.37890625 0.2898148148148148 0.011979166666666667 0.012962962962962963
0 0.346875 0.6587962962962963 0.010416666666666666 0.04722222222222222
0 0.4166666666666667 0.5601851851851852 0.007291666666666667 0.007407407407407408
0 0.9973958333333334 0.8986111111111111 0.004166666666666667 0.019444444444444445
1 0.5252492187500001 0.5791643518518518 0.9494567708333334 0.841662037037037
0 0.36720755208333333 0.34118657407407404 0.010456770833333334 0.017558333333333336
0 0.31703333333333333 0.22008842592592592 0.006983333333333333 0.012399074074074075
0 0.390109375 0.4684564814814815 0.015635416666666666 0.029505555555555556
0 0.3132111979166667 0.5069351851851852 0.007672395833333333 0.017574074074074075
0 0.3116895833333333 0.6703648148148148 0.007754166666666667 0.016655555555555555
0 0.317953125 0.7891092592592593 0.022364583333333334 0.04303333333333333
0 0.43980182291666664 0.4425541666666667 0.0306453125 0.02955277777777778
0 0.49174687499999997 0.4895375 0.02724375 0.04574166666666667
0 0.5309921875 0.4368944444444445 0.022401041666666666 0.0811962962962963
0 0.5973213541666667 0.39531620370370374 0.011309375 0.029521296296296295
0 0.6374765625 0.4355837962962963 0.013494791666666667 0.01931574074074074
0 0.5875330729166667 0.5058013888888888 0.024024479166666668 0.019010185185185186
0 0.5725953125000001 0.48674212962962965 0.007690625 0.017928703703703704
0 0.5174325520833334 0.7127787037037038 0.0369484375 0.04037222222222222
0 0.5165830729166667 0.6767180555555555 0.011291145833333332 0.018250925925925924
0 0.4740388020833333 0.9668726851851852 0.0126609375 0.02078240740740741
0 0.5087395833333334 0.9845078703703702 0.012270833333333333 0.011608333333333333
0 0.49624036458333337 0.9606597222222223 0.006022395833333334 0.012060185185185186
0 0.59556328125 0.816675 0.0098765625 0.012979629629629631
0 0.5994705729166667 0.8005185185185185 0.008316145833333333 0.017703703703703704
0 0.6427703124999999 0.5161037037037037 0.005332291666666667 0.02665185185185185
0 0.8555148437500001 0.2438962962962963 0.012071354166666666 0.011866666666666668
0 0.8924231770833334 0.5465337962962963 0.007763020833333333 0.04491944444444444
0 0.63173203125 0.18929212962962963 0.0103390625 0.013769444444444445
0 0.3658091145833334 0.3172388888888889 0.0118265625 0.014107407407407409
0 0.35807812499999997 0.6911638888888889 0.011989583333333333 0.04529074074074074
0 0.42129531249999996 0.577275462962963 0.0071739583333333325 0.008254629629629629
1 0.4755934895833333 0.5837523148148148 0.9511869791666666 0.8323194444444444
0 0.6264315104166667 0.3252064814814815 0.0101546875 0.017079629629629632
0 0.6718153645833334 0.19870000000000002 0.007172395833333334 0.012214814814814815
0 0.60835 0.4552912037037037 0.015658333333333333 0.029100925925925926
0 0.6864669270833333 0.48380833333333334 0.007308854166666667 0.017616666666666666
0 0.6946359375 0.6472351851851852 0.008021875 0.016692592592592592
0 0.6931296875 0.7662736111111111 0.020634375 0.04551018518518519
0 0.5573395833333333 0.4357226851851852 0.03134583333333333 0.027000925925925928
0 0.5075736979166667 0.48815138888888887 0.026605729166666665 0.046673148148148144
0 0.46681640625000004 0.4404888888888889 0.022174479166666667 0.08097777777777779
0 0.3984161458333333 0.4074111111111111 0.011415625 0.029637037037037038
0 0.3602700520833333 0.45256990740740743 0.0132484375 0.019954629629629628
0 0.4129078125 0.5169231481481482 0.02373229166666667 0.020883333333333334
0 0.42680390625 0.496186574074074 0.0077744791666666665 0.018299074074074075
0 0.49076354166666664 0.7146388888888888 0.036735416666666666 0.038537037037037036
0 0.4903015625 0.6783981481481481 0.010811458333333333 0.017907407407407407
0 0.5443166666666667 0.9621444444444445 0.012591666666666666 0.020585185185185186
0 0.5102296875 0.9855671296296296 0.012126041666666667 0.011875
0 0.5214598958333333 0.9597384259259258 0.006461458333333334 0.012069444444444445
0 0.4173036458333333 0.8277930555555555 0.009607291666666667 0.012993518518518519
0 0.4127268229166667 0.8118791666666667 0.0077453125000000005 0.018202777777777776
0 0.35809687500000004 0.5347037037037037 0.004735416666666667 0.026814814814814816
0 0.1355588541666667 0.2889305555555556 0.011742708333333332 0.013046296296296295
0 0.11030000000000001 0.5948523148148148 0.006016666666666667 0.04526018518518519
0 0.35624296875 0.20666666666666667 0.010402604166666666 0.013333333333333334
0 0.6268010416666667 0.3011837962962963 0.011935416666666667 0.013478703703703705
0 0.6487846354166666 0.6732393518518519 0.0111109375 0.04647870370370371
0 0.58123125 0.5677814814814814 0.0072541666666666674 0.007785185185185185
1 0.5223958333333333 0.5810185185185185 0.9541666666666667 0.8361111111111111
0 0.37890625 0.3138888888888889 0.009895833333333333 0.016666666666666666
0 0.3375 0.18287037037037038 0.007291666666666667 0.012037037037037037
0 0.3932291666666667 0.4449074074074074 0.015625 0.028703703703703703
0 0.3145833333333333 0.46620370370370373 0.007291666666666667 0.017592592592592594
0 0.3015625 0.6287037037037037 0.008333333333333333 0.016666666666666666
0 0.29921875 0.7476851851851852 0.019270833333333334 0.04722222222222222
0 0.44453125 0.4300925925925926 0.03177083333333333 0.025
0 0.49244791666666665 0.48657407407407405 0.0265625 0.04722222222222222
0 0.5346354166666667 0.44305555555555554 0.022395833333333334 0.08055555555555556
0 0.6041666666666666 0.4166666666666667 0.011458333333333333 0.02962962962962963
0 0.6408854166666667 0.46574074074074073 0.013020833333333334 0.020370370370370372
0 0.5861979166666667 0.525 0.0234375 0.022222222222222223
0 0.5731770833333333 0.5027777777777778 0.0078125 0.018518518518518517
0 0.503125 0.7157407407407408 0.036458333333333336 0.037037037037037035
0 0.5041666666666667 0.6791666666666667 0.010416666666666666 0.017592592592592594
0 0.4421875 0.9574074074074074 0.0125 0.020370370370370372
0 0.4752604166666667 0.9837962962962963 0.011979166666666667 0.012037037037037037
0 0.46484375 0.9569444444444445 0.0067708333333333336 0.012037037037037037
0 0.5729166666666666 0.8351851851851851 0.009375 0.012962962962962963
0 0.578125 0.8194444444444444 0.007291666666666667 0.018518518518518517
0 0.640625 0.5476851851851852 0.005208333333333333 0.026851851851851852
0 0.8703125 0.3226851851851852 0.011458333333333333 0.013888888888888888
0 0.8861979166666667 0.6310185185185185 0.0046875 0.04537037037037037
0 0.6520833333333333 0.22037037037037038 0.010416666666666666 0.012962962962962963
0 0.37890625 0.2898148148148148 0.011979166666666667 0.012962962962962963
0 0.346875 0.6587962962962963 0.010416666666666666 0.04722222222222222
0 0.4166666666666667 0.5601851851851852 0.007291666666666667 0.007407407407407408
0 0.9973958333333334 0.8986111111111111 0.004166666666666667 0.019444444444444445
1 0.5252492187500001 0.5791643518518518 0.9494567708333334 0.841662037037037
0 0.36720755208333333 0.34118657407407404 0.010456770833333334 0.017558333333333336
0 0.31703333333333333 0.22008842592592592 0.006983333333333333 0.012399074074074075
0 0.390109375 0.4684564814814815 0.015635416666666666 0.029505555555555556
0 0.3132111979166667 0.5069351851851852 0.007672395833333333 0.017574074074074075
0 0.3116895833333333 0.6703648148148148 0.007754166666666667 0.016655555555555555
0 0.317953125 0.7891092592592593 0.022364583333333334 0.04303333333333333
0 0.43980182291666664 0.4425541666666667 0.0306453125 0.02955277777777778
0 0.49174687499999997 0.4895375 0.02724375 0.04574166666666667
0 0.5309921875 0.4368944444444445 0.022401041666666666 0.0811962962962963
0 0.5973213541666667 0.39531620370370374 0.011309375 0.029521296296296295
0 0.6374765625 0.4355837962962963 0.013494791666666667 0.01931574074074074
0 0.5875330729166667 0.5058013888888888 0.024024479166666668 0.019010185185185186
0 0.5725953125000001 0.48674212962962965 0.007690625 0.017928703703703704
0 0.5174325520833334 0.7127787037037038 0.0369484375 0.04037222222222222
0 0.5165830729166667 0.6767180555555555 0.011291145833333332 0.018250925925925924
0 0.4740388020833333 0.9668726851851852 0.0126609375 0.02078240740740741
0 0.5087395833333334 0.9845078703703702 0.012270833333333333 0.011608333333333333
0 0.49624036458333337 0.9606597222222223 0.006022395833333334 0.012060185185185186
0 0.59556328125 0.816675 0.0098765625 0.012979629629629631
0 0.5994705729166667 0.8005185185185185 0.008316145833333333 0.017703703703703704
0 0.6427703124999999 0.5161037037037037 0.005332291666666667 0.02665185185185185
0 0.8555148437500001 0.2438962962962963 0.012071354166666666 0.011866666666666668
0 0.8924231770833334 0.5465337962962963 0.007763020833333333 0.04491944444444444
0 0.63173203125 0.18929212962962963 0.0103390625 0.013769444444444445
0 0.3658091145833334 0.3172388888888889 0.0118265625 0.014107407407407409
0 0.35807812499999997 0.6911638888888889 0.011989583333333333 0.04529074074074074
0 0.42129531249999996 0.577275462962963 0.0071739583333333325 0.008254629629629629
