1 0.5 0.48925046296296293 1.0 0.9785009259259259
0 0.8692411458333333 0.18045694444444443 0.009315625 0.02387685185185185
0 0.95945234375 0.29007453703703706 0.005363020833333333 0.013482407407407406
0 0.7340510416666667 0.3596685185185185 0.016018750000000002 0.048966666666666665
0 0.8457010416666667 0.4012990740740741 0.015360416666666666 0.017412962962962963
0 0.8295265625 0.43775092592592596 0.012178125000000001 0.03105740740740741
0 0.7700981770833334 0.40315509259259263 0.0058213541666666665 0.013717592592592592
0 0.7703833333333333 0.5163592592592593 0.014724999999999999 0.03827407407407407
0 0.8657111979166667 0.5238875 0.008505729166666667 0.01814537037037037
0 0.7582067708333333 0.5975694444444445 0.011205208333333333 0.02662037037037037
0 0.84322734375 0.6393851851851853 0.0114546875 0.038029629629629635
0 0.8181890625 0.6734268518518519 0.011378125 0.041298148148148146
0 0.7159794270833333 0.7127657407407407 0.01633385416666667 0.05516111111111111
0 0.5879291666666667 0.4796601851851852 0.023775 0.029690740740740743
0 0.7470208333333334 0.9267648148148148 0.01175 0.025751851851851852
0 0.71166484375 0.8484726851851851 0.0202046875 0.04138981481481482
0 0.6884885416666666 0.8646138888888889 0.019685416666666667 0.04033888888888889
0 0.6729427083333334 0.9382990740740741 0.015677083333333335 0.02845
0 0.7782541666666667 0.7948074074074074 0.012758333333333333 0.03220740740740741
0 0.7461484375 0.8432796296296295 0.017296875 0.0235962962962963
0 0.6733947916666666 0.7413962962962962 0.011372916666666667 0.01982962962962963
0 0.75568828125 0.6412560185185185 0.0061682291666666665 0.019549074074074073
0 0.77674140625 0.6735791666666667 0.0378578125 0.04345462962962963
0 0.0306546875 0.5400439814814815 0.008184375 0.033791666666666664
0 0.051243489583333336 0.45109027777777777 0.011861979166666667 0.024402777777777777
0 0.0125046875 0.42320185185185183 0.008342708333333334 0.018625925925925924
0 0.10556432291666668 0.3035060185185185 0.009045312500000001 0.019975
0 0.05866796875 0.18053703703703702 0.005877604166666666 0.011074074074074075
0 0.031760416666666666 0.13749814814814815 0.006229166666666667 0.012033333333333333
0 0.5577013020833334 0.195325 0.009152604166666667 0.007316666666666667
0 0.7070622395833334 0.1499550925925926 0.007874479166666667 0.03509537037037037
1 0.5 0.47379212962962963 1.0 0.9475842592592593
0 0.8592809895833333 0.14703472222222225 0.009186979166666666 0.023699074074074074
0 0.95257578125 0.24830601851851852 0.0051515625 0.013278703703703702
0 0.7294088541666667 0.33768333333333334 0.017151041666666665 0.04758888888888889
0 0.8423609375000001 0.3686393518518518 0.014930208333333334 0.018760185185185185
0 0.8272544270833334 0.40668935185185184 0.0128421875 0.030045370370370368
0 0.7664450520833334 0.37727685185185184 0.005806770833333333 0.013812962962962963
0 0.7701343749999999 0.49104999999999993 0.01526875 0.03765555555555555
0 0.8655197916666667 0.48971574074074076 0.008122916666666667 0.018320370370370372
0 0.7610429687500001 0.5734157407407408 0.011669270833333334 0.02646111111111111
0 0.8469664062500001 0.6077898148148149 0.011641145833333333 0.03780185185185185
0 0.8231471354166667 0.6439888888888889 0.010877604166666667 0.04168148148148148
0 0.7223927083333332 0.6925370370370371 0.015618749999999999 0.05544444444444445
0 0.5872973958333334 0.4718222222222222 0.023553125 0.030681481481481483
0 0.7595752604166666 0.9038027777777777 0.011858854166666665 0.026124074074074074
0 0.72177890625 0.8285152777777778 0.019599479166666666 0.04221574074074074
0 0.6984244791666666 0.846062962962963 0.019765625000000002 0.04027407407407407
0 0.68545546875 0.9215587962962963 0.01570260416666667 0.028302777777777777
0 0.7869177083333334 0.7677967592592593 0.012377083333333334 0.031889814814814815
0 0.7557903645833334 0.819624074074074 0.017830729166666667 0.022581481481481484
0 0.6801085937500001 0.7248472222222223 0.011258854166666667 0.020064814814814817
0 0.7596177083333333 0.6170032407407408 0.0067354166666666665 0.019191666666666666
0 0.78168046875 0.6483430555555556 0.037319270833333335 0.04483425925925926
0 0.0331875 0.5835324074074074 0.008041666666666666 0.03373148148148148
0 0.050584375 0.4928902777777778 0.011585416666666666 0.024669444444444445
0 0.011476822916666666 0.46873472222222223 0.008370312500000001 0.018950925925925923
0 0.10024947916666666 0.34063657407407405 0.008832291666666665 0.020162037037037037
0 0.04970989583333333 0.2220699074074074 0.005669791666666666 0.010806481481481481
0 0.021789322916666666 0.1810337962962963 0.006078645833333333 0.012067592592592592
0 0.07790677083333333 0.001650462962962963 0.003730208333333333 0.003300925925925926
0 0.5488098958333333 0.19096388888888888 0.009078125 0.007853703703703703
0 0.6963864583333332 0.13119027777777778 0.008397916666666666 0.03460277777777778
1 0.5018229166666667 0.5481481481481482 0.9953125 0.9018518518518519
0 0.16354166666666667 0.9180555555555555 0.009375 0.023148148148148147
0 0.06484375 0.8351851851851851 0.005729166666666666 0.012962962962962963
0 0.28098958333333335 0.7037037037037037 0.019270833333333334 0.044444444444444446
0 0.167390625 0.6939814814814815 0.013947916666666667 0.021296296296296296
0 0.17994791666666668 0.6537037037037037 0.0140625 0.027777777777777776
0 0.24244791666666668 0.6717592592592593 0.005729166666666666 0.013888888888888888
0 0.23177083333333334 0.5583333333333333 0.016666666666666666 0.037037037037037035
0 0.13697916666666668 0.5777777777777777 0.007291666666666667 0.018518518518518517
0 0.23645833333333333 0.475 0.0125 0.025925925925925925
0 0.14921875 0.45740740740740743 0.011979166666666667 0.037037037037037035
0 0.1703125 0.4166666666666667 0.011458333333333333 0.04259259259259259
0 0.26796875 0.3490740740740741 0.016145833333333335 0.05555555555555555
0 0.41510416666666666 0.5435185185185185 0.022916666666666665 0.03333333333333333
0 0.21848958333333332 0.14675925925925926 0.011979166666666667 0.026851851851851852
0 0.2604166666666667 0.21481481481481482 0.019791666666666666 0.044444444444444446
0 0.2825520833333333 0.19305555555555556 0.0203125 0.03981481481481482
0 0.290625 0.11481481481481481 0.015625 0.027777777777777776
0 0.1984375 0.28703703703703703 0.0125 0.03148148148148148
0 0.22708333333333333 0.22870370370370371 0.01875 0.020370370370370372
0 0.30755208333333334 0.3101851851851852 0.0109375 0.020370370370370372
0 0.23515625 0.4324074074074074 0.0078125 0.018518518518518517
0 0.21119791666666668 0.4023148148148148 0.0359375 0.04722222222222222
0 0.959375 0.33055555555555555 0.009375 0.03333333333333333
0 0.94765625 0.4236111111111111 0.0109375 0.025
0 0.9877604166666667 0.44027777777777777 0.008854166666666666 0.019444444444444445
0 0.90703125 0.5842592592592593 0.008854166666666666 0.020370370370370372
0 0.9640625 0.6930555555555555 0.005208333333333333 0.010185185185185186
0 0.99453125 0.7282407407407407 0.005729166666666666 0.012037037037037037
0 0.9489583333333333 0.9199074074074074 0.004166666666666667 0.008333333333333333
0 0.46953125 0.8166666666666667 0.008854166666666666 0.009259259259259259
0 0.3260416666666667 0.9037037037037037 0.009375 0.03333333333333333
1 0.5 0.48925046296296293 1.0 0.9785009259259259
0 0.8692411458333333 0.18045694444444443 0.009315625 0.02387685185185185
0 0.95945234375 0.29007453703703706 0.005363020833333333 0.013482407407407406
0 0.7340510416666667 0.3596685185185185 0.016018750000000002 0.048966666666666665
0 0.8457010416666667 0.4012990740740741 0.015360416666666666 0.017412962962962963
0 0.8295265625 0.43775092592592596 0.012178125000000001 0.03105740740740741
0 0.7700981770833334 0.40315509259259263 0.0058213541666666665 0.013717592592592592
0 0.7703833333333333 0.5163592592592593 0.014724999999999999 0.03827407407407407
0 0.8657111979166667 0.5238875 0.008505729166666667 0.01814537037037037
0 0.7582067708333333 0.5975694444444445 0.011205208333333333 0.02662037037037037
0 0.84322734375 0.6393851851851853 0.0114546875 0.038029629629629635
0 0.8181890625 0.6734268518518519 0.011378125 0.041298148148148146
0 0.7159794270833333 0.7127657407407407 0.01633385416666667 0.05516111111111111
0 0.5879291666666667 0.4796601851851852 0.023775 0.029690740740740743
0 0.7470208333333334 0.9267648148148148 0.01175 0.025751851851851852
0 0.71166484375 0.8484726851851851 0.0202046875 0.04138981481481482
0 0.6884885416666666 0.8646138888888889 0.019685416666666667 0.04033888888888889
0 0.6729427083333334 0.9382990740740741 0.015677083333333335 0.02845
0 0.7782541666666667 0.7948074074074074 0.012758333333333333 0.03220740740740741
0 0.7461484375 0.8432796296296295 0.017296875 0.0235962962962963
0 0.6733947916666666 0.7413962962962962 0.011372916666666667 0.01982962962962963
0 0.75568828125 0.6412560185185185 0.0061682291666666665 0.019549074074074073
0 0.77674140625 0.6735791666666667 0.0378578125 0.04345462962962963
0 0.0306546875 0.5400439814814815 0.008184375 0.033791666666666664
0 0.051243489583333336 0.45109027777777777 0.011861979166666667 0.024402777777777777
0 0.0125046875 0.42320185185185183 0.008342708333333334 0.018625925925925924
0 0.10556432291666668 0.3035060185185185 0.009045312500000001 0.019975
0 0.05866796875 0.18053703703703702 0.005877604166666666 0.011074074074074075
0 0.031760416666666666 0.13749814814814815 0.006229166666666667 0.012033333333333333
0 0.5577013020833334 0.195325 0.009152604166666667 0.007316666666666667
0 0.7070622395833334 0.1499550925925926 0.007874479166666667 0.03509537037037037
1 0.5 0.47379212962962963 1.0 0.9475842592592593
0 0.8592809895833333 0.14703472222222225 0.009186979166666666 0.023699074074074074
0 0.95257578125 0.24830601851851852 0.0051515625 0.013278703703703702
0 0.7294088541666667 0.33768333333333334 0.017151041666666665 0.04758888888888889
0 0.8423609375000001 0.3686393518518518 0.014930208333333334 0.018760185185185185
0 0.8272544270833334 0.40668935185185184 0.0128421875 0.030045370370370368
0 0.7664450520833334 0.37727685185185184 0.005806770833333333 0.013812962962962963
0 0.7701343749999999 0.49104999999999993 0.01526875 0.03765555555555555
0 0.8655197916666667 0.48971574074074076 0.008122916666666667 0.018320370370370372
0 0.7610429687500001 0.5734157407407408 0.011669270833333334 0.02646111111111111
0 0.8469664062500001 0.6077898148148149 0.011641145833333333 0.03780185185185185
0 0.8231471354166667 0.6439888888888889 0.010877604166666667 0.04168148148148148
0 0.7223927083333332 0.6925370370370371 0.015618749999999999 0.05544444444444445
0 0.5872973958333334 0.4718222222222222 0.023553125 0.030681481481481483
0 0.7595752604166666 0.9038027777777777 0.011858854166666665 0.026124074074074074
0 0.72177890625 0.8285152777777778 0.019599479166666666 0.04221574074074074
0 0.6984244791666666 0.846062962962963 0.019765625000000002 0.04027407407407407
0 0.68545546875 0.9215587962962963 0.01570260416666667 0.028302777777777777
0 0.7869177083333334 0.7677967592592593 0.012377083333333334 0.031889814814814815
0 0.7557903645833334 0.819624074074074 0.017830729166666667 0.022581481481481484
0 0.6801085937500001 0.7248472222222223 0.011258854166666667 0.020064814814814817
0 0.7596177083333333 0.6170032407407408 0.0067354166666666665 0.019191666666666666
0 0.78168046875 0.6483430555555556 0.037319270833333335 0.04483425925925926
0 0.0331875 0.5835324074074074 0.008041666666666666 0.03373148148148148
0 0.050584375 0.4928902777777778 0.011585416666666666 0.024669444444444445
0 0.011476822916666666 0.46873472222222223 0.008370312500000001 0.018950925925925923
0 0.10024947916666666 0.34063657407407405 0.008832291666666665 0.020162037037037037
0 0.04970989583333333 0.2220699074074074 0.005669791666666666 0.010806481481481481
0 0.021789322916666666 0.1810337962962963 0.006078645833333333 0.012067592592592592
0 0.07790677083333333 0.001650462962962963 0.003730208333333333 0.003300925925925926
0 0.5488098958333333 0.19096388888888888 0.009078125 0.007853703703703703
0 0.6963864583333332 0.13119027777777778 0.008397916666666666 0.03460277777777778
1 0.5018229166666667 0.5481481481481482 0.9953125 0.9018518518518519
0 0.16354166666666667 0.9180555555555555 0.009375 0.023148148148148147
0 0.06484375 0.8351851851851851 0.005729166666666666 0.012962962962962963
0 0.28098958333333335 0.7037037037037037 0.019270833333333334 0.044444444444444446
0 0.167390625 0.6939814814814815 0.013947916666666667 0.021296296296296296
0 0.17994791666666668 0.6537037037037037 0.0140625 0.027777777777777776
0 0.24244791666666668 0.6717592592592593 0.005729166666666666 0.013888888888888888
0 0.23177083333333334 0.5583333333333333 0.016666666666666666 0.037037037037037035
0 0.13697916666666668 0.5777777777777777 0.007291666666666667 0.018518518518518517
0 0.23645833333333333 0.475 0.0125 0.025925925925925925
0 0.14921875 0.45740740740740743 0.011979166666666667 0.037037037037037035
0 0.1703125 0.4166666666666667 0.011458333333333333 0.04259259259259259
0 0.26796875 0.3490740740740741 0.016145833333333335 0.05555555555555555
0 0.41510416666666666 0.5435185185185185 0.022916666666666665 0.03333333333333333
0 0.21848958333333332 0.14675925925925926 0.011979166666666667 0.026851851851851852
0 0.2604166666666667 0.21481481481481482 0.019791666666666666 0.044444444444444446
0 0.2825520833333333 0.19305555555555556 0.0203125 0.03981481481481482
0 0.290625 0.11481481481481481 0.015625 0.027777777777777776
0 0.1984375 0.28703703703703703 0.0125 0.03148148148148148
0 0.22708333333333333 0.22870370370370371 0.01875 0.020370370370370372
0 0.30755208333333334 0.3101851851851852 0.0109375 0.020370370370370372
0 0.23515625 0.4324074074074074 0.0078125 0.018518518518518517
0 0.21119791666666668 0.4023148148148148 0.0359375 0.04722222222222222
0 0.959375 0.33055555555555555 0.009375 0.03333333333333333
0 0.94765625 0.4236111111111111 0.0109375 0.025
0 0.9877604166666667 0.44027777777777777 0.008854166666666666 0.019444444444444445
0 0.90703125 0.5842592592592593 0.008854166666666666 0.020370370370370372
0 0.9640625 0.6930555555555555 0.005208333333333333 0.010185185185185186
0 0.99453125 0.7282407407407407 0.005729166666666666 0.012037037037037037
0 0.9489583333333333 0.9199074074074074 0.004166666666666667 0.008333333333333333
0 0.46953125 0.8166666666666667 0.008854166666666666 0.009259259259259259
0 0.3260416666666667 0.9037037037037037 0.009375 0.03333333333333333
1 0.5 0.48925046296296293 1.0 0.9785009259259259
0 0.8692411458333333 0.18045694444444443 0.009315625 0.02387685185185185
0 0.95945234375 0.29007453703703706 0.005363020833333333 0.013482407407407406
0 0.7340510416666667 0.3596685185185185 0.016018750000000002 0.048966666666666665
0 0.8457010416666667 0.4012990740740741 0.015360416666666666 0.017412962962962963
0 0.8295265625 0.43775092592592596 0.012178125000000001 0.03105740740740741
0 0.7700981770833334 0.40315509259259263 0.0058213541666666665 0.013717592592592592
0 0.7703833333333333 0.5163592592592593 0.014724999999999999 0.03827407407407407
0 0.8657111979166667 0.5238875 0.008505729166666667 0.01814537037037037
0 0.7582067708333333 0.5975694444444445 0.011205208333333333 0.02662037037037037
0 0.84322734375 0.6393851851851853 0.0114546875 0.038029629629629635
0 0.8181890625 0.6734268518518519 0.011378125 0.041298148148148146
0 0.7159794270833333 0.7127657407407407 0.01633385416666667 0.05516111111111111
0 0.5879291666666667 0.4796601851851852 0.023775 0.029690740740740743
0 0.7470208333333334 0.9267648148148148 0.01175 0.025751851851851852
0 0.71166484375 0.8484726851851851 0.0202046875 0.04138981481481482
0 0.6884885416666666 0.8646138888888889 0.019685416666666667 0.04033888888888889
0 0.6729427083333334 0.9382990740740741 0.015677083333333335 0.02845
0 0.7782541666666667 0.7948074074074074 0.012758333333333333 0.03220740740740741
0 0.7461484375 0.8432796296296295 0.017296875 0.0235962962962963
0 0.6733947916666666 0.7413962962962962 0.011372916666666667 0.01982962962962963
0 0.75568828125 0.6412560185185185 0.0061682291666666665 0.019549074074074073
0 0.77674140625 0.6735791666666667 0.0378578125 0.04345462962962963
0 0.0306546875 0.5400439814814815 0.008184375 0.033791666666666664
0 0.051243489583333336 0.45109027777777777 0.011861979166666667 0.024402777777777777
0 0.0125046875 0.42320185185185183 0.008342708333333334 0.018625925925925924
0 0.10556432291666668 0.3035060185185185 0.009045312500000001 0.019975
0 0.05866796875 0.18053703703703702 0.005877604166666666 0.011074074074074075
0 0.031760416666666666 0.13749814814814815 0.006229166666666667 0.012033333333333333
0 0.5577013020833334 0.195325 0.009152604166666667 0.007316666666666667
0 0.7070622395833334 0.1499550925925926 0.007874479166666667 0.03509537037037037
1 0.5 0.47379212962962963 1.0 0.9475842592592593
0 0.8592809895833333 0.14703472222222225 0.009186979166666666 0.023699074074074074
0 0.95257578125 0.24830601851851852 0.0051515625 0.013278703703703702
0 0.7294088541666667 0.33768333333333334 0.017151041666666665 0.04758888888888889
0 0.8423609375000001 0.3686393518518518 0.014930208333333334 0.018760185185185185
0 0.8272544270833334 0.40668935185185184 0.0128421875 0.030045370370370368
0 0.7664450520833334 0.37727685185185184 0.005806770833333333 0.013812962962962963
0 0.7701343749999999 0.49104999999999993 0.01526875 0.03765555555555555
0 0.8655197916666667 0.48971574074074076 0.008122916666666667 0.018320370370370372
0 0.7610429687500001 0.5734157407407408 0.011669270833333334 0.02646111111111111
0 0.8469664062500001 0.6077898148148149 0.011641145833333333 0.03780185185185185
0 0.8231471354166667 0.6439888888888889 0.010877604166666667 0.04168148148148148
0 0.7223927083333332 0.6925370370370371 0.015618749999999999 0.05544444444444445
0 0.5872973958333334 0.4718222222222222 0.023553125 0.030681481481481483
0 0.7595752604166666 0.9038027777777777 0.011858854166666665 0.026124074074074074
0 0.72177890625 0.8285152777777778 0.019599479166666666 0.04221574074074074
0 0.6984244791666666 0.846062962962963 0.019765625000000002 0.04027407407407407
0 0.68545546875 0.9215587962962963 0.01570260416666667 0.028302777777777777
0 0.7869177083333334 0.7677967592592593 0.012377083333333334 0.031889814814814815
0 0.7557903645833334 0.819624074074074 0.017830729166666667 0.022581481481481484
0 0.6801085937500001 0.7248472222222223 0.011258854166666667 0.020064814814814817
0 0.7596177083333333 0.6170032407407408 0.0067354166666666665 0.019191666666666666
0 0.78168046875 0.6483430555555556 0.037319270833333335 0.04483425925925926
0 0.0331875 0.5835324074074074 0.008041666666666666 0.03373148148148148
0 0.050584375 0.4928902777777778 0.011585416666666666 0.024669444444444445
0 0.011476822916666666 0.46873472222222223 0.008370312500000001 0.018950925925925923
0 0.10024947916666666 0.34063657407407405 0.008832291666666665 0.020162037037037037
0 0.04970989583333333 0.2220699074074074 0.005669791666666666 0.010806481481481481
0 0.021789322916666666 0.1810337962962963 0.006078645833333333 0.012067592592592592
0 0.07790677083333333 0.001650462962962963 0.003730208333333333 0.003300925925925926
0 0.5488098958333333 0.19096388888888888 0.009078125 0.007853703703703703
0 0.6963864583333332 0.13119027777777778 0.008397916666666666 0.03460277777777778
1 0.5018229166666667 0.5481481481481482 0.9953125 0.9018518518518519
0 0.16354166666666667 0.9180555555555555 0.009375 0.023148148148148147
0 0.06484375 0.8351851851851851 0.005729166666666666 0.012962962962962963
0 0.28098958333333335 0.7037037037037037 0.019270833333333334 0.044444444444444446
0 0.167390625 0.6939814814814815 0.013947916666666667 0.021296296296296296
0 0.17994791666666668 0.6537037037037037 0.0140625 0.027777777777777776
0 0.24244791666666668 0.6717592592592593 0.005729166666666666 0.013888888888888888
0 0.23177083333333334 0.5583333333333333 0.016666666666666666 0.037037037037037035
0 0.13697916666666668 0.5777777777777777 0.007291666666666667 0.018518518518518517
0 0.23645833333333333 0.475 0.0125 0.025925925925925925
0 0.14921875 0.45740740740740743 0.011979166666666667 0.037037037037037035
0 0.1703125 0.4166666666666667 0.011458333333333333 0.04259259259259259
0 0.26796875 0.3490740740740741 0.016145833333333335 0.05555555555555555
0 0.41510416666666666 0.5435185185185185 0.022916666666666665 0.03333333333333333
0 0.21848958333333332 0.14675925925925926 0.011979166666666667 0.026851851851851852
0 0.2604166666666667 0.21481481481481482 0.019791666666666666 0.044444444444444446
0 0.2825520833333333 0.19305555555555556 0.0203125 0.03981481481481482
0 0.290625 0.11481481481481481 0.015625 0.027777777777777776
0 0.1984375 0.28703703703703703 0.0125 0.03148148148148148
0 0.22708333333333333 0.22870370370370371 0.01875 0.020370370370370372
0 0.30755208333333334 0.3101851851851852 0.0109375 0.020370370370370372
0 0.23515625 0.4324074074074074 0.0078125 0.018518518518518517
0 0.21119791666666668 0.4023148148148148 0.0359375 0.04722222222222222
0 0.959375 0.33055555555555555 0.009375 0.03333333333333333
0 0.94765625 0.4236111111111111 0.0109375 0.025
0 0.9877604166666667 0.44027777777777777 0.008854166666666666 0.019444444444444445
0 0.90703125 0.5842592592592593 0.008854166666666666 0.020370370370370372
0 0.9640625 0.6930555555555555 0.005208333333333333 0.010185185185185186
0 0.99453125 0.7282407407407407 0.005729166666666666 0.012037037037037037
0 0.9489583333333333 0.9199074074074074 0.004166666666666667 0.008333333333333333
0 0.46953125 0.8166666666666667 0.008854166666666666 0.009259259259259259
0 0.3260416666666667 0.9037037037037037 0.009375 0.03333333333333333
