1 0.5 0.5236916666666667 1.0 0.9529388888888889
0 0.17281614583333335 0.7554810185185185 0.026882291666666665 0.040591666666666665
0 0.7496723958333333 0.9003050925925926 0.008719791666666667 0.017276851851851852
0 0.9355841145833333 0.6391212962962963 0.008668229166666668 0.01713148148148148
0 0.8444703125 0.6115268518518518 0.009773958333333332 0.023053703703703705
1 0.5 0.5364046296296296 1.0 0.9265129629629629
0 0.1894140625 0.8142250000000001 0.027786458333333333 0.03770925925925926
0 0.7719510416666666 0.8516694444444445 0.008485416666666667 0.018153703703703707
0 0.9413861979166666 0.5581268518518518 0.007772395833333333 0.018105555555555555
0 0.8492119791666667 0.5470847222222223 0.009882291666666666 0.023799074074074073
1 0.5002604166666667 0.5212962962962963 0.9994791666666667 0.9
0 0.8010416666666667 0.8430555555555556 0.028125 0.03611111111111111
0 0.21822916666666667 0.825925925925926 0.008333333333333333 0.018518518518518517
0 0.057291666666666664 0.5166666666666667 0.007291666666666667 0.018518518518518517
0 0.14973958333333334 0.5148148148148148 0.009895833333333333 0.024074074074074074
1 0.5 0.5236916666666667 1.0 0.9529388888888889
0 0.17281614583333335 0.7554810185185185 0.026882291666666665 0.040591666666666665
0 0.7496723958333333 0.9003050925925926 0.008719791666666667 0.017276851851851852
0 0.9355841145833333 0.6391212962962963 0.008668229166666668 0.01713148148148148
0 0.8444703125 0.6115268518518518 0.009773958333333332 0.023053703703703705
1 0.5 0.5364046296296296 1.0 0.9265129629629629
0 0.1894140625 0.8142250000000001 0.027786458333333333 0.03770925925925926
0 0.7719510416666666 0.8516694444444445 0.008485416666666667 0.018153703703703707
0 0.9413861979166666 0.5581268518518518 0.007772395833333333 0.018105555555555555
0 0.8492119791666667 0.5470847222222223 0.009882291666666666 0.023799074074074073
1 0.5002604166666667 0.5212962962962963 0.9994791666666667 0.9
0 0.8010416666666667 0.8430555555555556 0.028125 0.03611111111111111
0 0.21822916666666667 0.825925925925926 0.008333333333333333 0.018518518518518517
0 0.057291666666666664 0.5166666666666667 0.007291666666666667 0.018518518518518517
0 0.14973958333333334 0.5148148148148148 0.009895833333333333 0.024074074074074074
1 0.5 0.5236916666666667 1.0 0.9529388888888889
0 0.17281614583333335 0.7554810185185185 0.026882291666666665 0.040591666666666665
0 0.7496723958333333 0.9003050925925926 0.008719791666666667 0.017276851851851852
0 0.9355841145833333 0.6391212962962963 0.008668229166666668 0.01713148148148148
0 0.8444703125 0.6115268518518518 0.009773958333333332 0.023053703703703705
1 0.5 0.5364046296296296 1.0 0.9265129629629629
0 0.1894140625 0.8142250000000001 0.027786458333333333 0.03770925925925926
0 0.7719510416666666 0.8516694444444445 0.008485416666666667 0.018153703703703707
0 0.9413861979166666 0.5581268518518518 0.007772395833333333 0.018105555555555555
0 0.8492119791666667 0.5470847222222223 0.009882291666666666 0.023799074074074073
1 0.5002604166666667 0.5212962962962963 0.9994791666666667 0.9
0 0.8010416666666667 0.8430555555555556 0.028125 0.03611111111111111
0 0.21822916666666667 0.825925925925926 0.008333333333333333 0.018518518518518517
0 0.057291666666666664 0.5166666666666667 0.007291666666666667 0.018518518518518517
0 0.14973958333333334 0.5148148148148148 0.009895833333333333 0.024074074074074074
