1 0.5217950520833333 0.4130824074074074 0.9560901041666666 0.8261648148148149
0 0.5116361979166667 0.689749074074074 0.0149390625 0.02394259259259259
0 0.41888177083333333 0.5595523148148148 0.016930208333333332 0.017252777777777777
0 0.4691 0.14135879629629627 0.00695 0.023458333333333335
0 0.61351796875 0.047612037037037036 0.0082859375 0.017446296296296297
0 0.7012601562499999 0.04936018518518518 0.009811979166666667 0.02835
0 0.7141552083333333 0.07948472222222223 0.010602083333333335 0.03489537037037037
0 0.8631510416666667 0.12597268518518517 0.007552083333333333 0.00935277777777778
0 0.8649427083333333 0.12785925925925926 0.00384375 0.005718518518518519
0 0.8530338541666667 0.11983425925925925 0.008151041666666668 0.017446296296296297
0 0.8790921875 0.3044953703703704 0.007142708333333333 0.021953703703703704
0 0.80284140625 0.40176805555555556 0.028599479166666667 0.05723981481481482
0 0.78853828125 0.6668833333333334 0.0208265625 0.05413703703703704
0 0.9257677083333333 0.40112499999999995 0.004660416666666667 0.03373148148148148
1 0.5218953125 0.5896472222222222 0.956290625 0.8200351851851853
0 0.5131747395833333 0.3101393518518518 0.014891145833333334 0.023982407407407407
0 0.41943046875 0.4382138888888889 0.0169859375 0.01716851851851852
0 0.46587578125 0.8571597222222221 0.0067515625 0.023578703703703702
0 0.6092716145833333 0.9559041666666668 0.0081265625 0.01736388888888889
0 0.6964528645833333 0.9566532407407408 0.009572395833333334 0.028121296296296294
0 0.7103869791666667 0.9276703703703704 0.010357291666666666 0.034970370370370374
0 0.8595296875 0.88515 0.0076010416666666665 0.009188888888888889
0 0.8607609375 0.8834032407407407 0.003813541666666667 0.005695370370370371
0 0.8493627604166666 0.8910722222222222 0.008100520833333335 0.017329629629629632
0 0.8770239583333334 0.7072268518518519 0.007172916666666667 0.02186111111111111
0 0.8019013020833333 0.6074365740740741 0.02880260416666667 0.05746574074074074
0 0.7900742187500001 0.34288842592592594 0.0207734375 0.054295370370370376
0 0.92464296875 0.6122157407407407 0.004494270833333333 0.03369074074074074
1 0.5200520833333333 0.5967592592592592 0.9588541666666667 0.8046296296296296
0 0.5229166666666667 0.31203703703703706 0.014583333333333334 0.024074074074074074
0 0.42265625 0.425 0.0171875 0.016666666666666666
0 0.44817708333333334 0.850925925925926 0.005729166666666666 0.024074074074074074
0 0.5864583333333333 0.9717592592592592 0.007291666666666667 0.017592592592592594
0 0.6731770833333334 0.9856481481481482 0.008854166666666666 0.026851851851851852
0 0.6885416666666667 0.9583333333333334 0.010416666666666666 0.03518518518518519
0 0.8393229166666667 0.9393518518518519 0.0078125 0.008333333333333333
0 0.8408854166666667 0.937962962962963 0.0036458333333333334 0.005555555555555556
0 0.82890625 0.9435185185185185 0.0078125 0.016666666666666666
0 0.8653645833333333 0.7652777777777777 0.0078125 0.021296296296296296
0 0.7955729166666666 0.6532407407407408 0.0296875 0.058333333333333334
0 0.7973958333333333 0.38796296296296295 0.021875 0.05555555555555555
0 0.9174479166666667 0.6777777777777778 0.0046875 0.03333333333333333
1 0.5217950520833333 0.4130824074074074 0.9560901041666666 0.8261648148148149
0 0.5116361979166667 0.689749074074074 0.0149390625 0.02394259259259259
0 0.41888177083333333 0.5595523148148148 0.016930208333333332 0.017252777777777777
0 0.4691 0.14135879629629627 0.00695 0.023458333333333335
0 0.61351796875 0.047612037037037036 0.0082859375 0.017446296296296297
0 0.7012601562499999 0.04936018518518518 0.009811979166666667 0.02835
0 0.7141552083333333 0.07948472222222223 0.010602083333333335 0.03489537037037037
0 0.8631510416666667 0.12597268518518517 0.007552083333333333 0.00935277777777778
0 0.8649427083333333 0.12785925925925926 0.00384375 0.005718518518518519
0 0.8530338541666667 0.11983425925925925 0.008151041666666668 0.017446296296296297
0 0.8790921875 0.3044953703703704 0.007142708333333333 0.021953703703703704
0 0.80284140625 0.40176805555555556 0.028599479166666667 0.05723981481481482
0 0.78853828125 0.6668833333333334 0.0208265625 0.05413703703703704
0 0.9257677083333333 0.40112499999999995 0.004660416666666667 0.03373148148148148
1 0.5218953125 0.5896472222222222 0.956290625 0.8200351851851853
0 0.5131747395833333 0.3101393518518518 0.014891145833333334 0.023982407407407407
0 0.41943046875 0.4382138888888889 0.0169859375 0.01716851851851852
0 0.46587578125 0.8571597222222221 0.0067515625 0.023578703703703702
0 0.6092716145833333 0.9559041666666668 0.0081265625 0.01736388888888889
0 0.6964528645833333 0.9566532407407408 0.009572395833333334 0.028121296296296294
0 0.7103869791666667 0.9276703703703704 0.010357291666666666 0.034970370370370374
0 0.8595296875 0.88515 0.0076010416666666665 0.009188888888888889
0 0.8607609375 0.8834032407407407 0.003813541666666667 0.005695370370370371
0 0.8493627604166666 0.8910722222222222 0.008100520833333335 0.017329629629629632
0 0.8770239583333334 0.7072268518518519 0.007172916666666667 0.02186111111111111
0 0.8019013020833333 0.6074365740740741 0.02880260416666667 0.05746574074074074
0 0.7900742187500001 0.34288842592592594 0.0207734375 0.054295370370370376
0 0.92464296875 0.6122157407407407 0.004494270833333333 0.03369074074074074
1 0.5200520833333333 0.5967592592592592 0.9588541666666667 0.8046296296296296
0 0.5229166666666667 0.31203703703703706 0.014583333333333334 0.024074074074074074
0 0.42265625 0.425 0.0171875 0.016666666666666666
0 0.44817708333333334 0.850925925925926 0.005729166666666666 0.024074074074074074
0 0.5864583333333333 0.9717592592592592 0.007291666666666667 0.017592592592592594
0 0.6731770833333334 0.9856481481481482 0.008854166666666666 0.026851851851851852
0 0.6885416666666667 0.9583333333333334 0.010416666666666666 0.03518518518518519
0 0.8393229166666667 0.9393518518518519 0.0078125 0.008333333333333333
0 0.8408854166666667 0.937962962962963 0.0036458333333333334 0.005555555555555556
0 0.82890625 0.9435185185185185 0.0078125 0.016666666666666666
0 0.8653645833333333 0.7652777777777777 0.0078125 0.021296296296296296
0 0.7955729166666666 0.6532407407407408 0.0296875 0.058333333333333334
0 0.7973958333333333 0.38796296296296295 0.021875 0.05555555555555555
0 0.9174479166666667 0.6777777777777778 0.0046875 0.03333333333333333
1 0.5217950520833333 0.4130824074074074 0.9560901041666666 0.8261648148148149
0 0.5116361979166667 0.689749074074074 0.0149390625 0.02394259259259259
0 0.41888177083333333 0.5595523148148148 0.016930208333333332 0.017252777777777777
0 0.4691 0.14135879629629627 0.00695 0.023458333333333335
0 0.61351796875 0.047612037037037036 0.0082859375 0.017446296296296297
0 0.7012601562499999 0.04936018518518518 0.009811979166666667 0.02835
0 0.7141552083333333 0.07948472222222223 0.010602083333333335 0.03489537037037037
0 0.8631510416666667 0.12597268518518517 0.007552083333333333 0.00935277777777778
0 0.8649427083333333 0.12785925925925926 0.00384375 0.005718518518518519
0 0.8530338541666667 0.11983425925925925 0.008151041666666668 0.017446296296296297
0 0.8790921875 0.3044953703703704 0.007142708333333333 0.021953703703703704
0 0.80284140625 0.40176805555555556 0.028599479166666667 0.05723981481481482
0 0.78853828125 0.6668833333333334 0.0208265625 0.05413703703703704
0 0.9257677083333333 0.40112499999999995 0.004660416666666667 0.03373148148148148
1 0.5218953125 0.5896472222222222 0.956290625 0.8200351851851853
0 0.5131747395833333 0.3101393518518518 0.014891145833333334 0.023982407407407407
0 0.41943046875 0.4382138888888889 0.0169859375 0.01716851851851852
0 0.46587578125 0.8571597222222221 0.0067515625 0.023578703703703702
0 0.6092716145833333 0.9559041666666668 0.0081265625 0.01736388888888889
0 0.6964528645833333 0.9566532407407408 0.009572395833333334 0.028121296296296294
0 0.7103869791666667 0.9276703703703704 0.010357291666666666 0.034970370370370374
0 0.8595296875 0.88515 0.0076010416666666665 0.009188888888888889
0 0.8607609375 0.8834032407407407 0.003813541666666667 0.005695370370370371
0 0.8493627604166666 0.8910722222222222 0.008100520833333335 0.017329629629629632
0 0.8770239583333334 0.7072268518518519 0.007172916666666667 0.02186111111111111
0 0.8019013020833333 0.6074365740740741 0.02880260416666667 0.05746574074074074
0 0.7900742187500001 0.34288842592592594 0.0207734375 0.054295370370370376
0 0.92464296875 0.6122157407407407 0.004494270833333333 0.03369074074074074
1 0.5200520833333333 0.5967592592592592 0.9588541666666667 0.8046296296296296
0 0.5229166666666667 0.31203703703703706 0.014583333333333334 0.024074074074074074
0 0.42265625 0.425 0.0171875 0.016666666666666666
0 0.44817708333333334 0.850925925925926 0.005729166666666666 0.024074074074074074
0 0.5864583333333333 0.9717592592592592 0.007291666666666667 0.017592592592592594
0 0.6731770833333334 0.9856481481481482 0.008854166666666666 0.026851851851851852
0 0.6885416666666667 0.9583333333333334 0.010416666666666666 0.03518518518518519
0 0.8393229166666667 0.9393518518518519 0.0078125 0.008333333333333333
0 0.8408854166666667 0.937962962962963 0.0036458333333333334 0.005555555555555556
0 0.82890625 0.9435185185185185 0.0078125 0.016666666666666666
0 0.8653645833333333 0.7652777777777777 0.0078125 0.021296296296296296
0 0.7955729166666666 0.6532407407407408 0.0296875 0.058333333333333334
0 0.7973958333333333 0.38796296296296295 0.021875 0.05555555555555555
0 0.9174479166666667 0.6777777777777778 0.0046875 0.03333333333333333
