1 0.9486979166666667 0.24814814814814815 0.015104166666666667 0.024074074074074074
1 0.50234375 0.5486111111111112 0.9942708333333333 0.9009259259259259
1 0.9328125 0.24305555555555555 0.011458333333333333 0.023148148148148147
0 0.35 0.5638888888888889 0.0375 0.06296296296296296
0 0.24088541666666666 0.49583333333333335 0.015104166666666667 0.026851851851851852
0 0.34401041666666665 0.32546296296296295 0.022395833333333334 0.05277777777777778
0 0.39296875 0.10601851851851851 0.011979166666666667 0.019444444444444445
0 0.28958333333333336 0.2523148148148148 0.005208333333333333 0.025
0 0.2635416666666667 0.3189814814814815 0.014583333333333334 0.030555555555555555
0 0.275 0.3333333333333333 0.008333333333333333 0.027777777777777776
0 0.25833333333333336 0.35555555555555557 0.007291666666666667 0.011111111111111112
0 0.3078125 0.5550925925925926 0.015625 0.021296296296296296
0 0.30546875 0.43472222222222223 0.03802083333333333 0.017592592592592594
0 0.29453125 0.43657407407407406 0.011979166666666667 0.01574074074074074
0 0.15911458333333334 0.6444444444444445 0.005729166666666666 0.011111111111111112
0 0.28880208333333335 0.9203703703703704 0.0140625 0.02962962962962963
0 0.30520833333333336 0.7652777777777777 0.030208333333333334 0.07685185185185185
0 0.32526041666666666 0.5925925925925926 0.0140625 0.022222222222222223
0 0.40572916666666664 0.7287037037037037 0.010416666666666666 0.027777777777777776
0 0.5684895833333333 0.6101851851851852 0.0171875 0.03518518518518519
0 0.70859375 0.9027777777777778 0.030729166666666665 0.012962962962962963
0 0.78828125 0.6865740740740741 0.022395833333333334 0.026851851851851852
0 0.93671875 0.8111111111111111 0.005729166666666666 0.012962962962962963
0 0.8604166666666667 0.7092592592592593 0.009375 0.02962962962962963
0 0.7635416666666667 0.575925925925926 0.009375 0.012962962962962963
0 0.028645833333333332 0.29305555555555557 0.015625 0.012037037037037037
1 0.06877473958333334 0.832438425925926 0.015674479166666665 0.02413611111111111
1 0.49730286458333334 0.44886435185185186 0.9946057291666667 0.8977287037037037
1 0.08483723958333332 0.8352393518518518 0.011341145833333333 0.02418240740740741
0 0.6453731770833334 0.4073319444444444 0.03762135416666667 0.06281203703703704
0 0.7578372395833333 0.4566773148148148 0.015674479166666665 0.02631759259259259
0 0.66526875 0.6446726851851852 0.0242875 0.050456481481481484
0 0.629615625 0.8721416666666667 0.011314583333333333 0.02020925925925926
0 0.7245736979166666 0.707462962962963 0.005397395833333333 0.024185185185185185
0 0.7458169270833334 0.6360546296296296 0.0155921875 0.029516666666666667
0 0.7335518229166667 0.6237074074074075 0.009811979166666667 0.027044444444444444
0 0.7488838541666667 0.5985046296296296 0.007142708333333333 0.011824074074074074
0 0.6873210937500001 0.40941527777777775 0.0152671875 0.022534259259259257
0 0.6971401041666667 0.5273805555555556 0.038030208333333336 0.019575925925925924
0 0.7081489583333334 0.5248810185185185 0.012131250000000001 0.016428703703703702
0 0.8305619791666667 0.2932944444444444 0.005915625 0.010662962962962963
0 0.68586953125 0.043098611111111115 0.014447395833333333 0.028789814814814813
0 0.6775921875 0.20057916666666667 0.033309375 0.07338055555555556
0 0.6683421875000001 0.37537453703703705 0.013767708333333333 0.0229712962962963
0 0.5800981770833334 0.2550375 0.010196354166666668 0.028593518518518518
0 0.42542734375 0.4033587962962963 0.018563020833333332 0.036347222222222225
0 0.26870859374999995 0.1390824074074074 0.030125520833333332 0.017053703703703703
0 0.20209192708333334 0.3673046296296297 0.0218921875 0.02535
0 0.04709244791666667 0.2716962962962963 0.005643229166666667 0.013762962962962963
0 0.12956614583333334 0.35922638888888886 0.009132291666666665 0.029563888888888886
0 0.23347109375 0.4735 0.009650520833333334 0.013666666666666667
0 0.9810166666666666 0.6182097222222223 0.015158333333333333 0.014197222222222222
1 0.06877473958333334 0.16762361111111113 0.015674479166666665 0.02413611111111111
1 0.49730286458333334 0.5507162037037037 0.9946057291666667 0.8977287037037037
1 0.08483723958333332 0.1648689814814815 0.011341145833333333 0.02418240740740741
0 0.6453731770833334 0.5925171296296297 0.03762135416666667 0.06281203703703704
0 0.7578372395833333 0.5437143518518519 0.015674479166666665 0.02631759259259259
0 0.66526875 0.3557837962962963 0.0242875 0.050456481481481484
0 0.629615625 0.12769722222222224 0.011314583333333333 0.02020925925925926
0 0.7245736979166666 0.29264814814814816 0.005397395833333333 0.024185185185185185
0 0.7458169270833334 0.3638324074074074 0.0155921875 0.029516666666666667
0 0.7335518229166667 0.37648518518518514 0.009811979166666667 0.027044444444444444
0 0.7488838541666667 0.4012824074074074 0.007142708333333333 0.011824074074074074
0 0.6873210937500001 0.5908967592592592 0.0152671875 0.022534259259259257
0 0.6971401041666667 0.47275092592592594 0.038030208333333336 0.019575925925925924
0 0.7081489583333334 0.4748810185185185 0.012131250000000001 0.016428703703703702
0 0.8305619791666667 0.7062574074074074 0.005915625 0.010662962962962963
0 0.68586953125 0.9569874999999999 0.014447395833333333 0.028789814814814813
0 0.6775921875 0.7996532407407407 0.033309375 0.07338055555555556
0 0.6683421875000001 0.624448611111111 0.013767708333333333 0.0229712962962963
0 0.5800981770833334 0.7448523148148148 0.010196354166666668 0.028593518518518518
0 0.42542734375 0.5968773148148149 0.018563020833333332 0.036347222222222225
0 0.26870859374999995 0.8613046296296296 0.030125520833333332 0.017053703703703703
0 0.20209192708333334 0.6330453703703703 0.0218921875 0.02535
0 0.04709244791666667 0.7281777777777778 0.005643229166666667 0.013762962962962963
0 0.12956614583333334 0.6407078703703704 0.009132291666666665 0.029563888888888886
0 0.23347109375 0.5262777777777777 0.009650520833333334 0.013666666666666667
0 0.9810166666666666 0.3820986111111111 0.015158333333333333 0.014197222222222222
1 0.9486979166666667 0.24814814814814815 0.015104166666666667 0.024074074074074074
1 0.50234375 0.5486111111111112 0.9942708333333333 0.9009259259259259
1 0.9328125 0.24305555555555555 0.011458333333333333 0.023148148148148147
0 0.35 0.5638888888888889 0.0375 0.06296296296296296
0 0.24088541666666666 0.49583333333333335 0.015104166666666667 0.026851851851851852
0 0.34401041666666665 0.32546296296296295 0.022395833333333334 0.05277777777777778
0 0.39296875 0.10601851851851851 0.011979166666666667 0.019444444444444445
0 0.28958333333333336 0.2523148148148148 0.005208333333333333 0.025
0 0.2635416666666667 0.3189814814814815 0.014583333333333334 0.030555555555555555
0 0.275 0.3333333333333333 0.008333333333333333 0.027777777777777776
0 0.25833333333333336 0.35555555555555557 0.007291666666666667 0.011111111111111112
0 0.3078125 0.5550925925925926 0.015625 0.021296296296296296
0 0.30546875 0.43472222222222223 0.03802083333333333 0.017592592592592594
0 0.29453125 0.43657407407407406 0.011979166666666667 0.01574074074074074
0 0.15911458333333334 0.6444444444444445 0.005729166666666666 0.011111111111111112
0 0.28880208333333335 0.9203703703703704 0.0140625 0.02962962962962963
0 0.30520833333333336 0.7652777777777777 0.030208333333333334 0.07685185185185185
0 0.32526041666666666 0.5925925925925926 0.0140625 0.022222222222222223
0 0.40572916666666664 0.7287037037037037 0.010416666666666666 0.027777777777777776
0 0.5684895833333333 0.6101851851851852 0.0171875 0.03518518518518519
0 0.70859375 0.9027777777777778 0.030729166666666665 0.012962962962962963
0 0.78828125 0.6865740740740741 0.022395833333333334 0.026851851851851852
0 0.93671875 0.8111111111111111 0.005729166666666666 0.012962962962962963
0 0.8604166666666667 0.7092592592592593 0.009375 0.02962962962962963
0 0.7635416666666667 0.575925925925926 0.009375 0.012962962962962963
0 0.028645833333333332 0.29305555555555557 0.015625 0.012037037037037037
1 0.06877473958333334 0.832438425925926 0.015674479166666665 0.02413611111111111
1 0.49730286458333334 0.44886435185185186 0.9946057291666667 0.8977287037037037
1 0.08483723958333332 0.8352393518518518 0.011341145833333333 0.02418240740740741
0 0.6453731770833334 0.4073319444444444 0.03762135416666667 0.06281203703703704
0 0.7578372395833333 0.4566773148148148 0.015674479166666665 0.02631759259259259
0 0.66526875 0.6446726851851852 0.0242875 0.050456481481481484
0 0.629615625 0.8721416666666667 0.011314583333333333 0.02020925925925926
0 0.7245736979166666 0.707462962962963 0.005397395833333333 0.024185185185185185
0 0.7458169270833334 0.6360546296296296 0.0155921875 0.029516666666666667
0 0.7335518229166667 0.6237074074074075 0.009811979166666667 0.027044444444444444
0 0.7488838541666667 0.5985046296296296 0.007142708333333333 0.011824074074074074
0 0.6873210937500001 0.40941527777777775 0.0152671875 0.022534259259259257
0 0.6971401041666667 0.5273805555555556 0.038030208333333336 0.019575925925925924
0 0.7081489583333334 0.5248810185185185 0.012131250000000001 0.016428703703703702
0 0.8305619791666667 0.2932944444444444 0.005915625 0.010662962962962963
0 0.68586953125 0.043098611111111115 0.014447395833333333 0.028789814814814813
0 0.6775921875 0.20057916666666667 0.033309375 0.07338055555555556
0 0.6683421875000001 0.37537453703703705 0.013767708333333333 0.0229712962962963
0 0.5800981770833334 0.2550375 0.010196354166666668 0.028593518518518518
0 0.42542734375 0.4033587962962963 0.018563020833333332 0.036347222222222225
0 0.26870859374999995 0.1390824074074074 0.030125520833333332 0.017053703703703703
0 0.20209192708333334 0.3673046296296297 0.0218921875 0.02535
0 0.04709244791666667 0.2716962962962963 0.005643229166666667 0.013762962962962963
0 0.12956614583333334 0.35922638888888886 0.009132291666666665 0.029563888888888886
0 0.23347109375 0.4735 0.009650520833333334 0.013666666666666667
0 0.9810166666666666 0.6182097222222223 0.015158333333333333 0.014197222222222222
1 0.06877473958333334 0.16762361111111113 0.015674479166666665 0.02413611111111111
1 0.49730286458333334 0.5507162037037037 0.9946057291666667 0.8977287037037037
1 0.08483723958333332 0.1648689814814815 0.011341145833333333 0.02418240740740741
0 0.6453731770833334 0.5925171296296297 0.03762135416666667 0.06281203703703704
0 0.7578372395833333 0.5437143518518519 0.015674479166666665 0.02631759259259259
0 0.66526875 0.3557837962962963 0.0242875 0.050456481481481484
0 0.629615625 0.12769722222222224 0.011314583333333333 0.02020925925925926
0 0.7245736979166666 0.29264814814814816 0.005397395833333333 0.024185185185185185
0 0.7458169270833334 0.3638324074074074 0.0155921875 0.029516666666666667
0 0.7335518229166667 0.37648518518518514 0.009811979166666667 0.027044444444444444
0 0.7488838541666667 0.4012824074074074 0.007142708333333333 0.011824074074074074
0 0.6873210937500001 0.5908967592592592 0.0152671875 0.022534259259259257
0 0.6971401041666667 0.47275092592592594 0.038030208333333336 0.019575925925925924
0 0.7081489583333334 0.4748810185185185 0.012131250000000001 0.016428703703703702
0 0.8305619791666667 0.7062574074074074 0.005915625 0.010662962962962963
0 0.68586953125 0.9569874999999999 0.014447395833333333 0.028789814814814813
0 0.6775921875 0.7996532407407407 0.033309375 0.07338055555555556
0 0.6683421875000001 0.624448611111111 0.013767708333333333 0.0229712962962963
0 0.5800981770833334 0.7448523148148148 0.010196354166666668 0.028593518518518518
0 0.42542734375 0.5968773148148149 0.018563020833333332 0.036347222222222225
0 0.26870859374999995 0.8613046296296296 0.030125520833333332 0.017053703703703703
0 0.20209192708333334 0.6330453703703703 0.0218921875 0.02535
0 0.04709244791666667 0.7281777777777778 0.005643229166666667 0.013762962962962963
0 0.12956614583333334 0.6407078703703704 0.009132291666666665 0.029563888888888886
0 0.23347109375 0.5262777777777777 0.009650520833333334 0.013666666666666667
0 0.9810166666666666 0.3820986111111111 0.015158333333333333 0.014197222222222222
1 0.9486979166666667 0.24814814814814815 0.015104166666666667 0.024074074074074074
1 0.50234375 0.5486111111111112 0.9942708333333333 0.9009259259259259
1 0.9328125 0.24305555555555555 0.011458333333333333 0.023148148148148147
0 0.35 0.5638888888888889 0.0375 0.06296296296296296
0 0.24088541666666666 0.49583333333333335 0.015104166666666667 0.026851851851851852
0 0.34401041666666665 0.32546296296296295 0.022395833333333334 0.05277777777777778
0 0.39296875 0.10601851851851851 0.011979166666666667 0.019444444444444445
0 0.28958333333333336 0.2523148148148148 0.005208333333333333 0.025
0 0.2635416666666667 0.3189814814814815 0.014583333333333334 0.030555555555555555
0 0.275 0.3333333333333333 0.008333333333333333 0.027777777777777776
0 0.25833333333333336 0.35555555555555557 0.007291666666666667 0.011111111111111112
0 0.3078125 0.5550925925925926 0.015625 0.021296296296296296
0 0.30546875 0.43472222222222223 0.03802083333333333 0.017592592592592594
0 0.29453125 0.43657407407407406 0.011979166666666667 0.01574074074074074
0 0.15911458333333334 0.6444444444444445 0.005729166666666666 0.011111111111111112
0 0.28880208333333335 0.9203703703703704 0.0140625 0.02962962962962963
0 0.30520833333333336 0.7652777777777777 0.030208333333333334 0.07685185185185185
0 0.32526041666666666 0.5925925925925926 0.0140625 0.022222222222222223
0 0.40572916666666664 0.7287037037037037 0.010416666666666666 0.027777777777777776
0 0.5684895833333333 0.6101851851851852 0.0171875 0.03518518518518519
0 0.70859375 0.9027777777777778 0.030729166666666665 0.012962962962962963
0 0.78828125 0.6865740740740741 0.022395833333333334 0.026851851851851852
0 0.93671875 0.8111111111111111 0.005729166666666666 0.012962962962962963
0 0.8604166666666667 0.7092592592592593 0.009375 0.02962962962962963
0 0.7635416666666667 0.575925925925926 0.009375 0.012962962962962963
0 0.028645833333333332 0.29305555555555557 0.015625 0.012037037037037037
1 0.06877473958333334 0.832438425925926 0.015674479166666665 0.02413611111111111
1 0.49730286458333334 0.44886435185185186 0.9946057291666667 0.8977287037037037
1 0.08483723958333332 0.8352393518518518 0.011341145833333333 0.02418240740740741
0 0.6453731770833334 0.4073319444444444 0.03762135416666667 0.06281203703703704
0 0.7578372395833333 0.4566773148148148 0.015674479166666665 0.02631759259259259
0 0.66526875 0.6446726851851852 0.0242875 0.050456481481481484
0 0.629615625 0.8721416666666667 0.011314583333333333 0.02020925925925926
0 0.7245736979166666 0.707462962962963 0.005397395833333333 0.024185185185185185
0 0.7458169270833334 0.6360546296296296 0.0155921875 0.029516666666666667
0 0.7335518229166667 0.6237074074074075 0.009811979166666667 0.027044444444444444
0 0.7488838541666667 0.5985046296296296 0.007142708333333333 0.011824074074074074
0 0.6873210937500001 0.40941527777777775 0.0152671875 0.022534259259259257
0 0.6971401041666667 0.5273805555555556 0.038030208333333336 0.019575925925925924
0 0.7081489583333334 0.5248810185185185 0.012131250000000001 0.016428703703703702
0 0.8305619791666667 0.2932944444444444 0.005915625 0.010662962962962963
0 0.68586953125 0.043098611111111115 0.014447395833333333 0.028789814814814813
0 0.6775921875 0.20057916666666667 0.033309375 0.07338055555555556
0 0.6683421875000001 0.37537453703703705 0.013767708333333333 0.0229712962962963
0 0.5800981770833334 0.2550375 0.010196354166666668 0.028593518518518518
0 0.42542734375 0.4033587962962963 0.018563020833333332 0.036347222222222225
0 0.26870859374999995 0.1390824074074074 0.030125520833333332 0.017053703703703703
0 0.20209192708333334 0.3673046296296297 0.0218921875 0.02535
0 0.04709244791666667 0.2716962962962963 0.005643229166666667 0.013762962962962963
0 0.12956614583333334 0.35922638888888886 0.009132291666666665 0.029563888888888886
0 0.23347109375 0.4735 0.009650520833333334 0.013666666666666667
0 0.9810166666666666 0.6182097222222223 0.015158333333333333 0.014197222222222222
1 0.06877473958333334 0.16762361111111113 0.015674479166666665 0.02413611111111111
1 0.49730286458333334 0.5507162037037037 0.9946057291666667 0.8977287037037037
1 0.08483723958333332 0.1648689814814815 0.011341145833333333 0.02418240740740741
0 0.6453731770833334 0.5925171296296297 0.03762135416666667 0.06281203703703704
0 0.7578372395833333 0.5437143518518519 0.015674479166666665 0.02631759259259259
0 0.66526875 0.3557837962962963 0.0242875 0.050456481481481484
0 0.629615625 0.12769722222222224 0.011314583333333333 0.02020925925925926
0 0.7245736979166666 0.29264814814814816 0.005397395833333333 0.024185185185185185
0 0.7458169270833334 0.3638324074074074 0.0155921875 0.029516666666666667
0 0.7335518229166667 0.37648518518518514 0.009811979166666667 0.027044444444444444
0 0.7488838541666667 0.4012824074074074 0.007142708333333333 0.011824074074074074
0 0.6873210937500001 0.5908967592592592 0.0152671875 0.022534259259259257
0 0.6971401041666667 0.47275092592592594 0.038030208333333336 0.019575925925925924
0 0.7081489583333334 0.4748810185185185 0.012131250000000001 0.016428703703703702
0 0.8305619791666667 0.7062574074074074 0.005915625 0.010662962962962963
0 0.68586953125 0.9569874999999999 0.014447395833333333 0.028789814814814813
0 0.6775921875 0.7996532407407407 0.033309375 0.07338055555555556
0 0.6683421875000001 0.624448611111111 0.013767708333333333 0.0229712962962963
0 0.5800981770833334 0.7448523148148148 0.010196354166666668 0.028593518518518518
0 0.42542734375 0.5968773148148149 0.018563020833333332 0.036347222222222225
0 0.26870859374999995 0.8613046296296296 0.030125520833333332 0.017053703703703703
0 0.20209192708333334 0.6330453703703703 0.0218921875 0.02535
0 0.04709244791666667 0.7281777777777778 0.005643229166666667 0.013762962962962963
0 0.12956614583333334 0.6407078703703704 0.009132291666666665 0.029563888888888886
0 0.23347109375 0.5262777777777777 0.009650520833333334 0.013666666666666667
0 0.9810166666666666 0.3820986111111111 0.015158333333333333 0.014197222222222222
