1 0.5 0.49836759259259256 1.0 0.9967351851851851
0 0.5611864583333334 0.7807819444444445 0.028622916666666668 0.05971203703703704
0 0.5614182291666666 0.7801712962962963 0.029086458333333332 0.060342592592592594
0 0.7821117187500001 0.6779430555555556 0.0204734375 0.03736759259259259
0 0.782084375 0.6780398148148148 0.02041875 0.037561111111111115
0 0.5345052083333334 0.5688949074074074 0.007552083333333333 0.013715740740740742
0 0.4305963541666667 0.6428388888888888 0.02890104166666667 0.0690111111111111
0 0.55267578125 0.3976 0.018893229166666668 0.03038518518518519
0 0.9816408854166667 0.26118842592592595 0.012240104166666666 0.03348796296296296
0 0.9599630208333333 0.3627652777777778 0.010551041666666667 0.027382407407407407
0 0.9315752604166666 0.4425615740740741 0.011067187499999999 0.020308333333333334
0 0.8279119791666666 0.4914837962962963 0.027698958333333336 0.03111574074074074
0 0.8237934895833334 0.7096416666666667 0.0152953125 0.03780185185185185
0 0.42575729166666665 0.7840722222222222 0.019222916666666666 0.05888518518518518
0 0.9060057291666667 0.9110171296296297 0.008886458333333335 0.016478703703703704
0 0.911590625 0.9524652777777777 0.006514583333333333 0.016041666666666666
0 0.8810598958333333 0.9388425925925926 0.014203125 0.025833333333333333
0 0.26532161458333337 0.4045560185185185 0.005643229166666667 0.009112037037037037
0 0.1554109375 0.3939712962962963 0.030613541666666667 0.06572037037037036
0 0.13147109375 0.5987458333333333 0.013983854166666667 0.030824999999999998
0 0.11918697916666667 0.6671680555555556 0.010248958333333334 0.021373148148148148
0 0.08129244791666666 0.6710986111111111 0.014668229166666666 0.027382407407407407
0 0.28495078125 0.010830092592592593 0.014693229166666665 0.021660185185185185
0 0.22411927083333336 0.0244787037037037 0.015946875 0.021179629629629628
0 0.11855963541666667 0.05425509259259259 0.038160937500000006 0.10851018518518518
0 0.8665950520833333 0.10614907407407408 0.006106770833333333 0.01415
0 0.24133906249999998 0.20446435185185183 0.004553125000000001 0.0070768518518518515
0 0.14469114583333334 0.21791527777777778 0.011257291666666667 0.024719444444444443
0 0.16061614583333333 0.7139064814814815 0.011857291666666665 0.020405555555555555
0 0.47611041666666665 0.37584398148148146 0.02930416666666667 0.06465092592592592
0 0.39626197916666667 0.05634722222222223 0.013357291666666667 0.021953703703703704
0 0.69839765625 0.24339907407407405 0.014503645833333334 0.02568703703703704
0 0.72076953125 0.5267092592592593 0.018622395833333336 0.033048148148148146
0 0.17485677083333334 0.2722615740740741 0.012213541666666666 0.029708333333333333
0 0.24214322916666667 0.06964722222222222 0.031161458333333333 0.03188703703703704
0 0.5211078125 0.5286282407407408 0.009923958333333333 0.01836759259259259
0 0.2993166666666667 0.48527453703703705 0.00905 0.020549074074074074
0 0.7778393229166666 0.807637037037037 0.014011979166666666 0.02268148148148148
0 0.44130572916666666 0.8719888888888889 0.011778125 0.04027407407407407
0 0.42980885416666664 0.43386157407407405 0.015867708333333334 0.028834259259259257
0 0.5352104166666667 0.02039953703703704 0.015212499999999999 0.03339166666666667
0 0.14158854166666668 0.3388231481481481 0.008177083333333333 0.02394259259259259
0 0.41478359375 0.22814074074074073 0.011858854166666665 0.009985185185185185
0 0.25575338541666665 0.4524166666666667 0.0062984375 0.015944444444444445
0 0.30454453125000003 0.6333893518518519 0.007005729166666667 0.014926851851851851
0 0.06862760416666666 0.7189180555555555 0.0049635416666666664 0.023021296296296297
0 0.04334791666666667 0.710074537037037 0.011695833333333332 0.022000925925925924
0 0.05276171875 0.7157203703703703 0.0023984375000000004 0.007366666666666667
0 0.9349632812500001 0.296925 0.005343229166666667 0.010516666666666667
1 0.49973958333333335 0.5199074074074074 0.9994791666666667 0.9583333333333334
0 0.421875 0.23148148148148148 0.027083333333333334 0.06111111111111111
0 0.42161458333333335 0.23194444444444445 0.027604166666666666 0.062037037037037036
0 0.20911458333333333 0.37546296296296294 0.0203125 0.03796296296296296
0 0.20911458333333333 0.37546296296296294 0.0203125 0.03796296296296296
0 0.46171875 0.4375 0.0078125 0.013888888888888888
0 0.5604166666666667 0.3453703703703704 0.03125 0.06666666666666667
0 0.45390625 0.611574074074074 0.019270833333333334 0.028703703703703703
0 0.03515625 0.8273148148148148 0.011979166666666667 0.032407407407407406
0 0.05078125 0.7217592592592592 0.0109375 0.026851851851851852
0 0.07395833333333333 0.6375 0.010416666666666666 0.021296296296296296
0 0.17395833333333333 0.5703703703703704 0.028125 0.03148148148148148
0 0.165625 0.3509259259259259 0.016666666666666666 0.037037037037037035
0 0.5565104166666667 0.20277777777777778 0.021354166666666667 0.05925925925925926
0 0.07239583333333334 0.16666666666666666 0.008333333333333333 0.016666666666666666
0 0.06380208333333333 0.12638888888888888 0.005729166666666666 0.01574074074074074
0 0.09557291666666666 0.13472222222222222 0.0140625 0.026851851851851852
0 0.7388020833333333 0.5509259259259259 0.005729166666666666 0.009259259259259259
0 0.8481770833333333 0.5416666666666666 0.0296875 0.06666666666666667
0 0.8604166666666667 0.3333333333333333 0.013541666666666667 0.03148148148148148
0 0.86875 0.26342592592592595 0.009375 0.021296296296296296
0 0.90625 0.2513888888888889 0.015625 0.026851851851851852
0 0.74296875 0.950462962962963 0.0140625 0.028703703703703703
0 0.80234375 0.9217592592592593 0.015104166666666667 0.021296296296296296
0 0.9059895833333333 0.8736111111111111 0.034895833333333334 0.11388888888888889
0 0.15859375 0.9601851851851851 0.0067708333333333336 0.012962962962962963
0 0.7747395833333334 0.7462962962962963 0.0046875 0.007407407407407408
0 0.8700520833333333 0.7138888888888889 0.009895833333333333 0.025925925925925925
0 0.8247395833333333 0.22453703703703703 0.0109375 0.021296296296296296
0 0.5309895833333333 0.6180555555555556 0.027604166666666666 0.06388888888888888
0 0.6291666666666667 0.9217592592592593 0.0125 0.021296296296296296
0 0.3177083333333333 0.7916666666666666 0.014583333333333334 0.025925925925925925
0 0.27890625 0.5148148148148148 0.0203125 0.02962962962962963
0 0.8364583333333333 0.6666666666666666 0.0125 0.02962962962962963
0 0.78203125 0.8796296296296297 0.03177083333333333 0.02962962962962963
0 0.47708333333333336 0.475462962962963 0.010416666666666666 0.017592592592592594
0 0.7002604166666667 0.4777777777777778 0.008854166666666666 0.020370370370370372
0 0.20572916666666666 0.2462962962962963 0.013541666666666667 0.022222222222222223
0 0.5375 0.11898148148148148 0.0125 0.03981481481481482
0 0.5739583333333333 0.5523148148148148 0.016666666666666666 0.026851851851851852
0 0.49322916666666666 0.9828703703703704 0.015625 0.032407407407407406
0 0.865625 0.5935185185185186 0.007291666666666667 0.024074074074074074
0 0.60078125 0.7546296296296297 0.011979166666666667 0.011111111111111112
0 0.74609375 0.5013888888888889 0.0067708333333333336 0.01574074074074074
0 0.68671875 0.3314814814814815 0.0067708333333333336 0.014814814814814815
0 0.9161458333333333 0.2023148148148148 0.00625 0.023148148148148147
0 0.94140625 0.2064814814814815 0.011979166666666667 0.020370370370370372
0 0.9322916666666666 0.20277777777777778 0.0020833333333333333 0.007407407407407408
0 0.07916666666666666 0.7828703703703703 0.005208333333333333 0.010185185185185186
1 0.5 0.5240662037037037 1.0 0.9518361111111111
0 0.5887388020833334 0.24121527777777776 0.0264359375 0.06206018518518519
0 0.5892651041666667 0.24158009259259258 0.026446874999999998 0.06278981481481481
0 0.7949364583333334 0.41165694444444445 0.02008125 0.038128703703703706
0 0.7949546875000001 0.41159259259259257 0.02011770833333333 0.038
0 0.5404276041666667 0.4421449074074074 0.007938541666666667 0.013919444444444444
0 0.44600104166666665 0.33790324074074074 0.032627083333333334 0.06469537037037036
0 0.5414736979166667 0.6166425925925927 0.019405729166666667 0.02772962962962963
0 0.95096640625 0.884262962962963 0.012349479166666667 0.03148888888888889
0 0.9390611979166666 0.7770560185185186 0.011455729166666668 0.02633425925925926
0 0.9196880208333333 0.6896166666666667 0.010209375 0.021825925925925926
0 0.82245234375 0.6108250000000001 0.028238020833333332 0.03276111111111111
0 0.83955078125 0.3922245370370371 0.017643229166666666 0.036300925925925924
0 0.45559401041666664 0.1965148148148148 0.022646354166666667 0.05969629629629629
0 0.9393734375 0.22038240740740742 0.007913541666666668 0.016690740740740742
0 0.9499809895833333 0.18116064814814817 0.0051703124999999996 0.016024999999999998
0 0.9173580729166667 0.1861 0.013882812500000001 0.027755555555555554
0 0.2596466145833333 0.5213171296296296 0.0057515625 0.009300925925925926
0 0.1514234375 0.49826064814814813 0.028888541666666667 0.06689166666666667
0 0.147415625 0.2893027777777778 0.01358125 0.03230925925925926
0 0.14134635416666666 0.2179648148148148 0.008734374999999999 0.021114814814814812
0 0.10443828125 0.20113009259259257 0.016168229166666666 0.02633425925925926
0 0.24011119791666669 0.9199046296296296 0.013555729166666667 0.028698148148148146
0 0.18201276041666667 0.8828444444444444 0.015067187499999999 0.021244444444444444
0 0.07964505208333333 0.8225893518518519 0.0332484375 0.11554907407407408
0 0.8229729166666666 0.9971212962962964 0.006362499999999999 0.005353703703703703
0 0.21643697916666668 0.712125 0.004748958333333333 0.0075833333333333326
0 0.12269270833333333 0.6669902777777779 0.008927083333333334 0.02657314814814815
0 0.18689921874999998 0.18524537037037037 0.010256770833333335 0.02234259259259259
0 0.46471328125 0.6129930555555556 0.0263015625 0.06302314814814815
0 0.3545450520833333 0.9041634259259259 0.012215104166666666 0.021289814814814813
0 0.6704218750000001 0.8138898148148148 0.014802083333333334 0.025927777777777775
0 0.7200333333333333 0.5421689814814815 0.021316666666666664 0.02878240740740741
0 0.15787005208333332 0.6250287037037037 0.012615104166666667 0.029687037037037036
0 0.20349192708333333 0.8439462962962963 0.031983854166666666 0.028633333333333334
0 0.5240908854166667 0.4783162037037037 0.010681770833333333 0.01774351851851852
0 0.3012731770833333 0.4526560185185185 0.008796354166666666 0.02012685185185185
0 0.80344765625 0.2842324074074074 0.0131453125 0.022168518518518518
0 0.47676536458333335 0.11500324074074074 0.012905729166666666 0.03926574074074074
0 0.42417421875 0.543238425925926 0.0170984375 0.02536574074074074
0 0.48758984375000003 0.9829601851851851 0.0158046875 0.03258703703703704
0 0.13150208333333332 0.5481189814814814 0.006754166666666667 0.02401574074074074
0 0.38939921875 0.7410824074074074 0.012131770833333333 0.011794444444444444
0 0.25404322916666666 0.47071712962962964 0.007044791666666666 0.015508333333333332
0 0.3204739583333333 0.30917685185185184 0.006572916666666666 0.01465
0 0.09676432291666666 0.15136064814814815 0.007070312499999999 0.023091666666666667
0 0.07120078125 0.15163333333333334 0.012193229166666668 0.01993333333333333
0 0.08076302083333334 0.1499912037037037 0.0021510416666666666 0.007389814814814814
0 0.9088841145833333 0.8345805555555555 0.005268229166666667 0.009901851851851853
1 0.5 0.49836759259259256 1.0 0.9967351851851851
0 0.5611864583333334 0.7807819444444445 0.028622916666666668 0.05971203703703704
0 0.5614182291666666 0.7801712962962963 0.029086458333333332 0.060342592592592594
0 0.7821117187500001 0.6779430555555556 0.0204734375 0.03736759259259259
0 0.782084375 0.6780398148148148 0.02041875 0.037561111111111115
0 0.5345052083333334 0.5688949074074074 0.007552083333333333 0.013715740740740742
0 0.4305963541666667 0.6428388888888888 0.02890104166666667 0.0690111111111111
0 0.55267578125 0.3976 0.018893229166666668 0.03038518518518519
0 0.9816408854166667 0.26118842592592595 0.012240104166666666 0.03348796296296296
0 0.9599630208333333 0.3627652777777778 0.010551041666666667 0.027382407407407407
0 0.9315752604166666 0.4425615740740741 0.011067187499999999 0.020308333333333334
0 0.8279119791666666 0.4914837962962963 0.027698958333333336 0.03111574074074074
0 0.8237934895833334 0.7096416666666667 0.0152953125 0.03780185185185185
0 0.42575729166666665 0.7840722222222222 0.019222916666666666 0.05888518518518518
0 0.9060057291666667 0.9110171296296297 0.008886458333333335 0.016478703703703704
0 0.911590625 0.9524652777777777 0.006514583333333333 0.016041666666666666
0 0.8810598958333333 0.9388425925925926 0.014203125 0.025833333333333333
0 0.26532161458333337 0.4045560185185185 0.005643229166666667 0.009112037037037037
0 0.1554109375 0.3939712962962963 0.030613541666666667 0.06572037037037036
0 0.13147109375 0.5987458333333333 0.013983854166666667 0.030824999999999998
0 0.11918697916666667 0.6671680555555556 0.010248958333333334 0.021373148148148148
0 0.08129244791666666 0.6710986111111111 0.014668229166666666 0.027382407407407407
0 0.28495078125 0.010830092592592593 0.014693229166666665 0.021660185185185185
0 0.22411927083333336 0.0244787037037037 0.015946875 0.021179629629629628
0 0.11855963541666667 0.05425509259259259 0.038160937500000006 0.10851018518518518
0 0.8665950520833333 0.10614907407407408 0.006106770833333333 0.01415
0 0.24133906249999998 0.20446435185185183 0.004553125000000001 0.0070768518518518515
0 0.14469114583333334 0.21791527777777778 0.011257291666666667 0.024719444444444443
0 0.16061614583333333 0.7139064814814815 0.011857291666666665 0.020405555555555555
0 0.47611041666666665 0.37584398148148146 0.02930416666666667 0.06465092592592592
0 0.39626197916666667 0.05634722222222223 0.013357291666666667 0.021953703703703704
0 0.69839765625 0.24339907407407405 0.014503645833333334 0.02568703703703704
0 0.72076953125 0.5267092592592593 0.018622395833333336 0.033048148148148146
0 0.17485677083333334 0.2722615740740741 0.012213541666666666 0.029708333333333333
0 0.24214322916666667 0.06964722222222222 0.031161458333333333 0.03188703703703704
0 0.5211078125 0.5286282407407408 0.009923958333333333 0.01836759259259259
0 0.2993166666666667 0.48527453703703705 0.00905 0.020549074074074074
0 0.7778393229166666 0.807637037037037 0.014011979166666666 0.02268148148148148
0 0.44130572916666666 0.8719888888888889 0.011778125 0.04027407407407407
0 0.42980885416666664 0.43386157407407405 0.015867708333333334 0.028834259259259257
0 0.5352104166666667 0.02039953703703704 0.015212499999999999 0.03339166666666667
0 0.14158854166666668 0.3388231481481481 0.008177083333333333 0.02394259259259259
0 0.41478359375 0.22814074074074073 0.011858854166666665 0.009985185185185185
0 0.25575338541666665 0.4524166666666667 0.0062984375 0.015944444444444445
0 0.30454453125000003 0.6333893518518519 0.007005729166666667 0.014926851851851851
0 0.06862760416666666 0.7189180555555555 0.0049635416666666664 0.023021296296296297
0 0.04334791666666667 0.710074537037037 0.011695833333333332 0.022000925925925924
0 0.05276171875 0.7157203703703703 0.0023984375000000004 0.007366666666666667
0 0.9349632812500001 0.296925 0.005343229166666667 0.010516666666666667
1 0.49973958333333335 0.5199074074074074 0.9994791666666667 0.9583333333333334
0 0.421875 0.23148148148148148 0.027083333333333334 0.06111111111111111
0 0.42161458333333335 0.23194444444444445 0.027604166666666666 0.062037037037037036
0 0.20911458333333333 0.37546296296296294 0.0203125 0.03796296296296296
0 0.20911458333333333 0.37546296296296294 0.0203125 0.03796296296296296
0 0.46171875 0.4375 0.0078125 0.013888888888888888
0 0.5604166666666667 0.3453703703703704 0.03125 0.06666666666666667
0 0.45390625 0.611574074074074 0.019270833333333334 0.028703703703703703
0 0.03515625 0.8273148148148148 0.011979166666666667 0.032407407407407406
0 0.05078125 0.7217592592592592 0.0109375 0.026851851851851852
0 0.07395833333333333 0.6375 0.010416666666666666 0.021296296296296296
0 0.17395833333333333 0.5703703703703704 0.028125 0.03148148148148148
0 0.165625 0.3509259259259259 0.016666666666666666 0.037037037037037035
0 0.5565104166666667 0.20277777777777778 0.021354166666666667 0.05925925925925926
0 0.07239583333333334 0.16666666666666666 0.008333333333333333 0.016666666666666666
0 0.06380208333333333 0.12638888888888888 0.005729166666666666 0.01574074074074074
0 0.09557291666666666 0.13472222222222222 0.0140625 0.026851851851851852
0 0.7388020833333333 0.5509259259259259 0.005729166666666666 0.009259259259259259
0 0.8481770833333333 0.5416666666666666 0.0296875 0.06666666666666667
0 0.8604166666666667 0.3333333333333333 0.013541666666666667 0.03148148148148148
0 0.86875 0.26342592592592595 0.009375 0.021296296296296296
0 0.90625 0.2513888888888889 0.015625 0.026851851851851852
0 0.74296875 0.950462962962963 0.0140625 0.028703703703703703
0 0.80234375 0.9217592592592593 0.015104166666666667 0.021296296296296296
0 0.9059895833333333 0.8736111111111111 0.034895833333333334 0.11388888888888889
0 0.15859375 0.9601851851851851 0.0067708333333333336 0.012962962962962963
0 0.7747395833333334 0.7462962962962963 0.0046875 0.007407407407407408
0 0.8700520833333333 0.7138888888888889 0.009895833333333333 0.025925925925925925
0 0.8247395833333333 0.22453703703703703 0.0109375 0.021296296296296296
0 0.5309895833333333 0.6180555555555556 0.027604166666666666 0.06388888888888888
0 0.6291666666666667 0.9217592592592593 0.0125 0.021296296296296296
0 0.3177083333333333 0.7916666666666666 0.014583333333333334 0.025925925925925925
0 0.27890625 0.5148148148148148 0.0203125 0.02962962962962963
0 0.8364583333333333 0.6666666666666666 0.0125 0.02962962962962963
0 0.78203125 0.8796296296296297 0.03177083333333333 0.02962962962962963
0 0.47708333333333336 0.475462962962963 0.010416666666666666 0.017592592592592594
0 0.7002604166666667 0.4777777777777778 0.008854166666666666 0.020370370370370372
0 0.20572916666666666 0.2462962962962963 0.013541666666666667 0.022222222222222223
0 0.5375 0.11898148148148148 0.0125 0.03981481481481482
0 0.5739583333333333 0.5523148148148148 0.016666666666666666 0.026851851851851852
0 0.49322916666666666 0.9828703703703704 0.015625 0.032407407407407406
0 0.865625 0.5935185185185186 0.007291666666666667 0.024074074074074074
0 0.60078125 0.7546296296296297 0.011979166666666667 0.011111111111111112
0 0.74609375 0.5013888888888889 0.0067708333333333336 0.01574074074074074
0 0.68671875 0.3314814814814815 0.0067708333333333336 0.014814814814814815
0 0.9161458333333333 0.2023148148148148 0.00625 0.023148148148148147
0 0.94140625 0.2064814814814815 0.011979166666666667 0.020370370370370372
0 0.9322916666666666 0.20277777777777778 0.0020833333333333333 0.007407407407407408
0 0.07916666666666666 0.7828703703703703 0.005208333333333333 0.010185185185185186
1 0.5 0.5240662037037037 1.0 0.9518361111111111
0 0.5887388020833334 0.24121527777777776 0.0264359375 0.06206018518518519
0 0.5892651041666667 0.24158009259259258 0.026446874999999998 0.06278981481481481
0 0.7949364583333334 0.41165694444444445 0.02008125 0.038128703703703706
0 0.7949546875000001 0.41159259259259257 0.02011770833333333 0.038
0 0.5404276041666667 0.4421449074074074 0.007938541666666667 0.013919444444444444
0 0.44600104166666665 0.33790324074074074 0.032627083333333334 0.06469537037037036
0 0.5414736979166667 0.6166425925925927 0.019405729166666667 0.02772962962962963
0 0.95096640625 0.884262962962963 0.012349479166666667 0.03148888888888889
0 0.9390611979166666 0.7770560185185186 0.011455729166666668 0.02633425925925926
0 0.9196880208333333 0.6896166666666667 0.010209375 0.021825925925925926
0 0.82245234375 0.6108250000000001 0.028238020833333332 0.03276111111111111
0 0.83955078125 0.3922245370370371 0.017643229166666666 0.036300925925925924
0 0.45559401041666664 0.1965148148148148 0.022646354166666667 0.05969629629629629
0 0.9393734375 0.22038240740740742 0.007913541666666668 0.016690740740740742
0 0.9499809895833333 0.18116064814814817 0.0051703124999999996 0.016024999999999998
0 0.9173580729166667 0.1861 0.013882812500000001 0.027755555555555554
0 0.2596466145833333 0.5213171296296296 0.0057515625 0.009300925925925926
0 0.1514234375 0.49826064814814813 0.028888541666666667 0.06689166666666667
0 0.147415625 0.2893027777777778 0.01358125 0.03230925925925926
0 0.14134635416666666 0.2179648148148148 0.008734374999999999 0.021114814814814812
0 0.10443828125 0.20113009259259257 0.016168229166666666 0.02633425925925926
0 0.24011119791666669 0.9199046296296296 0.013555729166666667 0.028698148148148146
0 0.18201276041666667 0.8828444444444444 0.015067187499999999 0.021244444444444444
0 0.07964505208333333 0.8225893518518519 0.0332484375 0.11554907407407408
0 0.8229729166666666 0.9971212962962964 0.006362499999999999 0.005353703703703703
0 0.21643697916666668 0.712125 0.004748958333333333 0.0075833333333333326
0 0.12269270833333333 0.6669902777777779 0.008927083333333334 0.02657314814814815
0 0.18689921874999998 0.18524537037037037 0.010256770833333335 0.02234259259259259
0 0.46471328125 0.6129930555555556 0.0263015625 0.06302314814814815
0 0.3545450520833333 0.9041634259259259 0.012215104166666666 0.021289814814814813
0 0.6704218750000001 0.8138898148148148 0.014802083333333334 0.025927777777777775
0 0.7200333333333333 0.5421689814814815 0.021316666666666664 0.02878240740740741
0 0.15787005208333332 0.6250287037037037 0.012615104166666667 0.029687037037037036
0 0.20349192708333333 0.8439462962962963 0.031983854166666666 0.028633333333333334
0 0.5240908854166667 0.4783162037037037 0.010681770833333333 0.01774351851851852
0 0.3012731770833333 0.4526560185185185 0.008796354166666666 0.02012685185185185
0 0.80344765625 0.2842324074074074 0.0131453125 0.022168518518518518
0 0.47676536458333335 0.11500324074074074 0.012905729166666666 0.03926574074074074
0 0.42417421875 0.543238425925926 0.0170984375 0.02536574074074074
0 0.48758984375000003 0.9829601851851851 0.0158046875 0.03258703703703704
0 0.13150208333333332 0.5481189814814814 0.006754166666666667 0.02401574074074074
0 0.38939921875 0.7410824074074074 0.012131770833333333 0.011794444444444444
0 0.25404322916666666 0.47071712962962964 0.007044791666666666 0.015508333333333332
0 0.3204739583333333 0.30917685185185184 0.006572916666666666 0.01465
0 0.09676432291666666 0.15136064814814815 0.007070312499999999 0.023091666666666667
0 0.07120078125 0.15163333333333334 0.012193229166666668 0.01993333333333333
0 0.08076302083333334 0.1499912037037037 0.0021510416666666666 0.007389814814814814
0 0.9088841145833333 0.8345805555555555 0.005268229166666667 0.009901851851851853
