1 0.48150807291666664 0.5940347222222222 0.9630161458333333 0.8121435185185185
0 0.5689278645833333 0.9604300925925926 0.019105729166666665 0.031971296296296296
0 0.37173593749999995 0.9588689814814816 0.020555208333333335 0.03810833333333333
0 0.28476015625 0.7919351851851851 0.015353645833333334 0.03572222222222222
0 0.10684765625 0.6296449074074074 0.0074453125 0.012993518518518519
0 0.11459192708333334 0.8412884259259259 0.007308854166666667 0.017762037037037038
0 0.5323666666666667 0.5962287037037037 0.008483333333333334 0.02764259259259259
0 0.5321065104166667 0.5966925925925926 0.007963020833333332 0.02671851851851852
0 0.24164739583333333 0.8518365740740741 0.008294791666666667 0.022191666666666665
0 0.2533453125 0.5758101851851852 0.017107291666666666 0.027546296296296298
0 0.7608078125 0.7670185185185185 0.010157291666666667 0.017370370370370373
0 0.4934005208333333 0.5270606481481481 0.008676041666666667 0.01708425925925926
0 0.3595166666666667 0.8053148148148148 0.0107 0.03285185185185185
0 0.5733078125 0.8426032407407407 0.010157291666666667 0.016687962962962963
1 0.5208333333333334 0.5972222222222222 0.9572916666666667 0.8037037037037037
0 0.44479166666666664 0.9657407407407408 0.01875 0.03148148148148148
0 0.6416666666666667 0.9462962962962963 0.019791666666666666 0.03888888888888889
0 0.7234375 0.7717592592592593 0.014583333333333334 0.03611111111111111
0 0.8963541666666667 0.5925925925925926 0.007291666666666667 0.012962962962962963
0 0.8947916666666667 0.8050925925925926 0.007291666666666667 0.017592592592592594
0 0.4705729166666667 0.5990740740740741 0.0078125 0.027777777777777776
0 0.4708333333333333 0.5995370370370371 0.007291666666666667 0.026851851851851852
0 0.76875 0.8277777777777777 0.008333333333333333 0.022222222222222223
0 0.7484375 0.5527777777777778 0.016666666666666666 0.027777777777777776
0 0.24739583333333334 0.7907407407407407 0.010416666666666666 0.016666666666666666
0 0.5072916666666667 0.5263888888888889 0.008333333333333333 0.017592592592592594
0 0.64921875 0.7916666666666666 0.009895833333333333 0.03333333333333333
0 0.43697916666666664 0.8486111111111111 0.010416666666666666 0.01574074074074074
1 0.5177380208333333 0.4083731481481482 0.9646427083333333 0.8167462962962964
0 0.42679401041666665 0.04198333333333333 0.019213020833333334 0.03211481481481481
0 0.6239401041666667 0.037431018518518516 0.020796875 0.037825
0 0.7119674479166667 0.2011189814814815 0.015601562499999999 0.035571296296296295
0 0.8917666666666667 0.35835 0.0074916666666666664 0.012996296296296296
0 0.8817802083333334 0.14686712962962964 0.0073104166666666665 0.017808333333333332
0 0.46685078125 0.4045310185185185 0.008701562500000001 0.027580555555555556
0 0.4671119791666667 0.4040694444444444 0.008182291666666668 0.026657407407407407
0 0.7551799479166666 0.13978796296296297 0.0082765625 0.022168518518518518
0 0.7456010416666667 0.4165037037037037 0.01724375 0.027451851851851852
0 0.23680286458333333 0.2412046296296296 0.0100640625 0.017594444444444444
0 0.5059552083333333 0.47326666666666667 0.008785416666666665 0.016903703703703706
0 0.6372515624999999 0.19040925925925925 0.010961458333333333 0.03267037037037037
0 0.42326119791666666 0.16034907407407406 0.0100640625 0.016994444444444444
1 0.48150807291666664 0.5940347222222222 0.9630161458333333 0.8121435185185185
0 0.5689278645833333 0.9604300925925926 0.019105729166666665 0.031971296296296296
0 0.37173593749999995 0.9588689814814816 0.020555208333333335 0.03810833333333333
0 0.28476015625 0.7919351851851851 0.015353645833333334 0.03572222222222222
0 0.10684765625 0.6296449074074074 0.0074453125 0.012993518518518519
0 0.11459192708333334 0.8412884259259259 0.007308854166666667 0.017762037037037038
0 0.5323666666666667 0.5962287037037037 0.008483333333333334 0.02764259259259259
0 0.5321065104166667 0.5966925925925926 0.007963020833333332 0.02671851851851852
0 0.24164739583333333 0.8518365740740741 0.008294791666666667 0.022191666666666665
0 0.2533453125 0.5758101851851852 0.017107291666666666 0.027546296296296298
0 0.7608078125 0.7670185185185185 0.010157291666666667 0.017370370370370373
0 0.4934005208333333 0.5270606481481481 0.008676041666666667 0.01708425925925926
0 0.3595166666666667 0.8053148148148148 0.0107 0.03285185185185185
0 0.5733078125 0.8426032407407407 0.010157291666666667 0.016687962962962963
1 0.5208333333333334 0.5972222222222222 0.9572916666666667 0.8037037037037037
0 0.44479166666666664 0.9657407407407408 0.01875 0.03148148148148148
0 0.6416666666666667 0.9462962962962963 0.019791666666666666 0.03888888888888889
0 0.7234375 0.7717592592592593 0.014583333333333334 0.03611111111111111
0 0.8963541666666667 0.5925925925925926 0.007291666666666667 0.012962962962962963
0 0.8947916666666667 0.8050925925925926 0.007291666666666667 0.017592592592592594
0 0.4705729166666667 0.5990740740740741 0.0078125 0.027777777777777776
0 0.4708333333333333 0.5995370370370371 0.007291666666666667 0.026851851851851852
0 0.76875 0.8277777777777777 0.008333333333333333 0.022222222222222223
0 0.7484375 0.5527777777777778 0.016666666666666666 0.027777777777777776
0 0.24739583333333334 0.7907407407407407 0.010416666666666666 0.016666666666666666
0 0.5072916666666667 0.5263888888888889 0.008333333333333333 0.017592592592592594
0 0.64921875 0.7916666666666666 0.009895833333333333 0.03333333333333333
0 0.43697916666666664 0.8486111111111111 0.010416666666666666 0.01574074074074074
1 0.5177380208333333 0.4083731481481482 0.9646427083333333 0.8167462962962964
0 0.42679401041666665 0.04198333333333333 0.019213020833333334 0.03211481481481481
0 0.6239401041666667 0.037431018518518516 0.020796875 0.037825
0 0.7119674479166667 0.2011189814814815 0.015601562499999999 0.035571296296296295
0 0.8917666666666667 0.35835 0.0074916666666666664 0.012996296296296296
0 0.8817802083333334 0.14686712962962964 0.0073104166666666665 0.017808333333333332
0 0.46685078125 0.4045310185185185 0.008701562500000001 0.027580555555555556
0 0.4671119791666667 0.4040694444444444 0.008182291666666668 0.026657407407407407
0 0.7551799479166666 0.13978796296296297 0.0082765625 0.022168518518518518
0 0.7456010416666667 0.4165037037037037 0.01724375 0.027451851851851852
0 0.23680286458333333 0.2412046296296296 0.0100640625 0.017594444444444444
0 0.5059552083333333 0.47326666666666667 0.008785416666666665 0.016903703703703706
0 0.6372515624999999 0.19040925925925925 0.010961458333333333 0.03267037037037037
0 0.42326119791666666 0.16034907407407406 0.0100640625 0.016994444444444444
1 0.48150807291666664 0.5940347222222222 0.9630161458333333 0.8121435185185185
0 0.5689278645833333 0.9604300925925926 0.019105729166666665 0.031971296296296296
0 0.37173593749999995 0.9588689814814816 0.020555208333333335 0.03810833333333333
0 0.28476015625 0.7919351851851851 0.015353645833333334 0.03572222222222222
0 0.10684765625 0.6296449074074074 0.0074453125 0.012993518518518519
0 0.11459192708333334 0.8412884259259259 0.007308854166666667 0.017762037037037038
0 0.5323666666666667 0.5962287037037037 0.008483333333333334 0.02764259259259259
0 0.5321065104166667 0.5966925925925926 0.007963020833333332 0.02671851851851852
0 0.24164739583333333 0.8518365740740741 0.008294791666666667 0.022191666666666665
0 0.2533453125 0.5758101851851852 0.017107291666666666 0.027546296296296298
0 0.7608078125 0.7670185185185185 0.010157291666666667 0.017370370370370373
0 0.4934005208333333 0.5270606481481481 0.008676041666666667 0.01708425925925926
0 0.3595166666666667 0.8053148148148148 0.0107 0.03285185185185185
0 0.5733078125 0.8426032407407407 0.010157291666666667 0.016687962962962963
1 0.5208333333333334 0.5972222222222222 0.9572916666666667 0.8037037037037037
0 0.44479166666666664 0.9657407407407408 0.01875 0.03148148148148148
0 0.6416666666666667 0.9462962962962963 0.019791666666666666 0.03888888888888889
0 0.7234375 0.7717592592592593 0.014583333333333334 0.03611111111111111
0 0.8963541666666667 0.5925925925925926 0.007291666666666667 0.012962962962962963
0 0.8947916666666667 0.8050925925925926 0.007291666666666667 0.017592592592592594
0 0.4705729166666667 0.5990740740740741 0.0078125 0.027777777777777776
0 0.4708333333333333 0.5995370370370371 0.007291666666666667 0.026851851851851852
0 0.76875 0.8277777777777777 0.008333333333333333 0.022222222222222223
0 0.7484375 0.5527777777777778 0.016666666666666666 0.027777777777777776
0 0.24739583333333334 0.7907407407407407 0.010416666666666666 0.016666666666666666
0 0.5072916666666667 0.5263888888888889 0.008333333333333333 0.017592592592592594
0 0.64921875 0.7916666666666666 0.009895833333333333 0.03333333333333333
0 0.43697916666666664 0.8486111111111111 0.010416666666666666 0.01574074074074074
1 0.5177380208333333 0.4083731481481482 0.9646427083333333 0.8167462962962964
0 0.42679401041666665 0.04198333333333333 0.019213020833333334 0.03211481481481481
0 0.6239401041666667 0.037431018518518516 0.020796875 0.037825
0 0.7119674479166667 0.2011189814814815 0.015601562499999999 0.035571296296296295
0 0.8917666666666667 0.35835 0.0074916666666666664 0.012996296296296296
0 0.8817802083333334 0.14686712962962964 0.0073104166666666665 0.017808333333333332
0 0.46685078125 0.4045310185185185 0.008701562500000001 0.027580555555555556
0 0.4671119791666667 0.4040694444444444 0.008182291666666668 0.026657407407407407
0 0.7551799479166666 0.13978796296296297 0.0082765625 0.022168518518518518
0 0.7456010416666667 0.4165037037037037 0.01724375 0.027451851851851852
0 0.23680286458333333 0.2412046296296296 0.0100640625 0.017594444444444444
0 0.5059552083333333 0.47326666666666667 0.008785416666666665 0.016903703703703706
0 0.6372515624999999 0.19040925925925925 0.010961458333333333 0.03267037037037037
0 0.42326119791666666 0.16034907407407406 0.0100640625 0.016994444444444444
