1 0.49973958333333335 0.49953703703703706 0.9994791666666667 0.9990740740740741
0 0.42890625 0.0912037037037037 0.011979166666666667 0.025
0 0.4622395833333333 0.09212962962962963 0.0067708333333333336 0.012037037037037037
0 0.41901041666666666 0.5856481481481481 0.033854166666666664 0.07685185185185185
0 0.49296875 0.7333333333333333 0.0234375 0.022222222222222223
0 0.6059895833333333 0.5 0.009895833333333333 0.02962962962962963
0 0.32109375 0.8268518518518518 0.009895833333333333 0.020370370370370372
0 0.7802083333333333 0.7865740740740741 0.011458333333333333 0.030555555555555555
0 0.37109375 0.7486111111111111 0.0203125 0.021296296296296296
0 0.19921875 0.7430555555555556 0.015104166666666667 0.026851851851851852
0 0.13151041666666666 0.5180555555555556 0.0171875 0.03796296296296296
0 0.27317708333333335 0.9152777777777777 0.0078125 0.01574074074074074
0 0.12838541666666667 0.1726851851851852 0.015104166666666667 0.023148148148148147
0 0.0125 0.3416666666666667 0.009375 0.025925925925925925
0 0.17630208333333333 0.2490740740740741 0.009895833333333333 0.020370370370370372
0 0.06848958333333334 0.18564814814814815 0.0109375 0.013888888888888888
0 0.08411458333333334 0.09768518518518518 0.009895833333333333 0.03425925925925926
0 0.20390625 0.18194444444444444 0.0067708333333333336 0.012037037037037037
0 0.20703125 0.16435185185185186 0.0046875 0.012037037037037037
0 0.8739583333333333 0.30833333333333335 0.010416666666666666 0.022222222222222223
0 0.8822916666666667 0.5976851851851852 0.0125 0.03425925925925926
0 0.9583333333333334 0.5861111111111111 0.016666666666666666 0.037037037037037035
0 0.85390625 0.44537037037037036 0.008854166666666666 0.009259259259259259
0 0.9908854166666666 0.8055555555555556 0.0171875 0.07407407407407407
0 0.85390625 0.8532407407407407 0.0140625 0.026851851851851852
0 0.9307291666666667 0.9518518518518518 0.009375 0.018518518518518517
1 0.5 0.5 1.0 1.0
0 0.39351640625 0.883837037037037 0.010991145833333334 0.025081481481481482
0 0.42693151041666666 0.8930537037037037 0.006988020833333333 0.012033333333333333
0 0.42720572916666666 0.39205 0.030453125 0.0803962962962963
0 0.5135356770833334 0.2675365740740741 0.0229046875 0.02581388888888889
0 0.6049859375000001 0.5302129629629629 0.012055208333333334 0.027092592592592595
0 0.35200651041666664 0.12778148148148147 0.010263020833333332 0.018525925925925925
0 0.8025015625 0.29526018518518515 0.012294791666666667 0.02940925925925926
0 0.3946658854166667 0.21888148148148148 0.020581770833333336 0.0248
0 0.22380859374999998 0.1760787037037037 0.015325520833333333 0.02623148148148148
0 0.13723854166666666 0.3803814814814815 0.015102083333333332 0.0403925925925926
0 0.3118486979166667 0.026654166666666666 0.008072395833333334 0.016271296296296298
0 0.10388593750000001 0.7215981481481482 0.014021875 0.022825925925925927
0 0.004844010416666667 0.5213310185185185 0.009688020833333333 0.02599537037037037
0 0.15812135416666667 0.6573314814814815 0.009992708333333333 0.020218518518518518
0 0.046189322916666664 0.690425 0.011128645833333334 0.016035185185185187
0 0.05386692708333333 0.7823851851851852 0.008775520833333333 0.035140740740740736
0 0.17919036458333334 0.7319925925925926 0.007339062499999999 0.012133333333333333
0 0.18141536458333332 0.7505833333333334 0.004497395833333333 0.012277777777777778
0 0.8523945312500001 0.7927300925925926 0.012080729166666667 0.02064537037037037
0 0.8862015625 0.5106162037037038 0.013028125 0.032343518518518515
0 0.9603333333333333 0.5418162037037038 0.015458333333333333 0.039187962962962966
0 0.84499765625 0.6524467592592593 0.0087453125 0.010449074074074074
0 0.8801161458333334 0.25014583333333335 0.012315625 0.028069444444444445
0 0.9652005208333333 0.1726875 0.008526041666666668 0.019449074074074073
1 0.5 0.5 1.0 1.0
0 0.43316302083333336 0.08940648148148148 0.012159375 0.025109259259259258
0 0.46641015625000004 0.09127546296296296 0.006778645833333334 0.012180555555555556
0 0.41814348958333336 0.5826138888888889 0.03420364583333334 0.07633888888888889
0 0.4904083333333333 0.7332425925925926 0.023525 0.02204074074074074
0 0.6059705729166667 0.5028967592592593 0.0098578125 0.02986759259259259
0 0.31794062500000003 0.8213837962962963 0.009839583333333334 0.02054537037037037
0 0.7775486979166666 0.7949777777777778 0.011347395833333333 0.030696296296296298
0 0.36853359375 0.7450833333333334 0.02040052083333333 0.021648148148148146
0 0.19711145833333335 0.7338101851851851 0.01505625 0.026879629629629632
0 0.13161354166666667 0.5067800925925926 0.01739375 0.03763425925925926
0 0.26904609375 0.907974074074074 0.007883854166666667 0.01594814814814815
0 0.131559375 0.16167731481481482 0.015202083333333333 0.023354629629629628
0 0.013989062500000001 0.3268578703703704 0.009228125 0.025937962962962965
0 0.17891015625 0.23888749999999997 0.009903645833333334 0.020367592592592593
0 0.07159557291666667 0.17261944444444444 0.010899479166666667 0.013757407407407407
0 0.08790520833333333 0.08464675925925925 0.010185416666666667 0.03410833333333334
0 0.20699427083333333 0.1726763888888889 0.006696875000000001 0.012019444444444444
0 0.21021041666666665 0.1550837962962963 0.004795833333333333 0.012019444444444444
0 0.8759408854166666 0.3195152777777778 0.010215104166666666 0.022363888888888888
0 0.8813171875 0.609824537037037 0.012634375 0.034463888888888884
0 0.95740859375 0.5998518518518519 0.01690052083333333 0.03674074074074074
0 0.8544263020833333 0.4564726851851852 0.008852604166666667 0.009241666666666667
0 0.9880182291666666 0.8212097222222222 0.017703125 0.07390092592592593
0 0.8503638020833333 0.864325462962963 0.014269270833333332 0.026799074074074076
0 0.9260817708333333 0.9648134259259259 0.009455208333333333 0.018515740740740742
1 0.49973958333333335 0.49953703703703706 0.9994791666666667 0.9990740740740741
0 0.42890625 0.0912037037037037 0.011979166666666667 0.025
0 0.4622395833333333 0.09212962962962963 0.0067708333333333336 0.012037037037037037
0 0.41901041666666666 0.5856481481481481 0.033854166666666664 0.07685185185185185
0 0.49296875 0.7333333333333333 0.0234375 0.022222222222222223
0 0.6059895833333333 0.5 0.009895833333333333 0.02962962962962963
0 0.32109375 0.8268518518518518 0.009895833333333333 0.020370370370370372
0 0.7802083333333333 0.7865740740740741 0.011458333333333333 0.030555555555555555
0 0.37109375 0.7486111111111111 0.0203125 0.021296296296296296
0 0.19921875 0.7430555555555556 0.015104166666666667 0.026851851851851852
0 0.13151041666666666 0.5180555555555556 0.0171875 0.03796296296296296
0 0.27317708333333335 0.9152777777777777 0.0078125 0.01574074074074074
0 0.12838541666666667 0.1726851851851852 0.015104166666666667 0.023148148148148147
0 0.0125 0.3416666666666667 0.009375 0.025925925925925925
0 0.17630208333333333 0.2490740740740741 0.009895833333333333 0.020370370370370372
0 0.06848958333333334 0.18564814814814815 0.0109375 0.013888888888888888
0 0.08411458333333334 0.09768518518518518 0.009895833333333333 0.03425925925925926
0 0.20390625 0.18194444444444444 0.0067708333333333336 0.012037037037037037
0 0.20703125 0.16435185185185186 0.0046875 0.012037037037037037
0 0.8739583333333333 0.30833333333333335 0.010416666666666666 0.022222222222222223
0 0.8822916666666667 0.5976851851851852 0.0125 0.03425925925925926
0 0.9583333333333334 0.5861111111111111 0.016666666666666666 0.037037037037037035
0 0.85390625 0.44537037037037036 0.008854166666666666 0.009259259259259259
0 0.9908854166666666 0.8055555555555556 0.0171875 0.07407407407407407
0 0.85390625 0.8532407407407407 0.0140625 0.026851851851851852
0 0.9307291666666667 0.9518518518518518 0.009375 0.018518518518518517
1 0.5 0.5 1.0 1.0
0 0.39351640625 0.883837037037037 0.010991145833333334 0.025081481481481482
0 0.42693151041666666 0.8930537037037037 0.006988020833333333 0.012033333333333333
0 0.42720572916666666 0.39205 0.030453125 0.0803962962962963
0 0.5135356770833334 0.2675365740740741 0.0229046875 0.02581388888888889
0 0.6049859375000001 0.5302129629629629 0.012055208333333334 0.027092592592592595
0 0.35200651041666664 0.12778148148148147 0.010263020833333332 0.018525925925925925
0 0.8025015625 0.29526018518518515 0.012294791666666667 0.02940925925925926
0 0.3946658854166667 0.21888148148148148 0.020581770833333336 0.0248
0 0.22380859374999998 0.1760787037037037 0.015325520833333333 0.02623148148148148
0 0.13723854166666666 0.3803814814814815 0.015102083333333332 0.0403925925925926
0 0.3118486979166667 0.026654166666666666 0.008072395833333334 0.016271296296296298
0 0.10388593750000001 0.7215981481481482 0.014021875 0.022825925925925927
0 0.004844010416666667 0.5213310185185185 0.009688020833333333 0.02599537037037037
0 0.15812135416666667 0.6573314814814815 0.009992708333333333 0.020218518518518518
0 0.046189322916666664 0.690425 0.011128645833333334 0.016035185185185187
0 0.05386692708333333 0.7823851851851852 0.008775520833333333 0.035140740740740736
0 0.17919036458333334 0.7319925925925926 0.007339062499999999 0.012133333333333333
0 0.18141536458333332 0.7505833333333334 0.004497395833333333 0.012277777777777778
0 0.8523945312500001 0.7927300925925926 0.012080729166666667 0.02064537037037037
0 0.8862015625 0.5106162037037038 0.013028125 0.032343518518518515
0 0.9603333333333333 0.5418162037037038 0.015458333333333333 0.039187962962962966
0 0.84499765625 0.6524467592592593 0.0087453125 0.010449074074074074
0 0.8801161458333334 0.25014583333333335 0.012315625 0.028069444444444445
0 0.9652005208333333 0.1726875 0.008526041666666668 0.019449074074074073
1 0.5 0.5 1.0 1.0
0 0.43316302083333336 0.08940648148148148 0.012159375 0.025109259259259258
0 0.46641015625000004 0.09127546296296296 0.006778645833333334 0.012180555555555556
0 0.41814348958333336 0.5826138888888889 0.03420364583333334 0.07633888888888889
0 0.4904083333333333 0.7332425925925926 0.023525 0.02204074074074074
0 0.6059705729166667 0.5028967592592593 0.0098578125 0.02986759259259259
0 0.31794062500000003 0.8213837962962963 0.009839583333333334 0.02054537037037037
0 0.7775486979166666 0.7949777777777778 0.011347395833333333 0.030696296296296298
0 0.36853359375 0.7450833333333334 0.02040052083333333 0.021648148148148146
0 0.19711145833333335 0.7338101851851851 0.01505625 0.026879629629629632
0 0.13161354166666667 0.5067800925925926 0.01739375 0.03763425925925926
0 0.26904609375 0.907974074074074 0.007883854166666667 0.01594814814814815
0 0.131559375 0.16167731481481482 0.015202083333333333 0.023354629629629628
0 0.013989062500000001 0.3268578703703704 0.009228125 0.025937962962962965
0 0.17891015625 0.23888749999999997 0.009903645833333334 0.020367592592592593
0 0.07159557291666667 0.17261944444444444 0.010899479166666667 0.013757407407407407
0 0.08790520833333333 0.08464675925925925 0.010185416666666667 0.03410833333333334
0 0.20699427083333333 0.1726763888888889 0.006696875000000001 0.012019444444444444
0 0.21021041666666665 0.1550837962962963 0.004795833333333333 0.012019444444444444
0 0.8759408854166666 0.3195152777777778 0.010215104166666666 0.022363888888888888
0 0.8813171875 0.609824537037037 0.012634375 0.034463888888888884
0 0.95740859375 0.5998518518518519 0.01690052083333333 0.03674074074074074
0 0.8544263020833333 0.4564726851851852 0.008852604166666667 0.009241666666666667
0 0.9880182291666666 0.8212097222222222 0.017703125 0.07390092592592593
0 0.8503638020833333 0.864325462962963 0.014269270833333332 0.026799074074074076
0 0.9260817708333333 0.9648134259259259 0.009455208333333333 0.018515740740740742
