0 0.49973958333333335 0.5462962962962963 0.9994791666666667 0.9055555555555556
0 0.8536458333333333 0.6578703703703703 0.01875 0.03611111111111111
0 0.9260416666666667 0.7148148148148148 0.010416666666666666 0.03518518518518519
0 0.93203125 0.6435185185185185 0.009895833333333333 0.018518518518518517
0 0.96796875 0.6208333333333333 0.018229166666666668 0.032407407407407406
0 0.21041666666666667 0.5773148148148148 0.021875 0.032407407407407406
0 0.36953125 0.5953703703703703 0.0234375 0.037037037037037035
0 0.29140625 0.7847222222222222 0.0203125 0.032407407407407406
0 0.3690104166666667 0.9199074074074074 0.0046875 0.010185185185185186
0 0.85390625 0.46296296296296297 0.0067708333333333336 0.020370370370370372
0 0.9567708333333333 0.3611111111111111 0.011458333333333333 0.02962962962962963
0 0.9057291666666667 0.2962962962962963 0.013541666666666667 0.014814814814814815
0 0.8567708333333334 0.5884013888888888 0.008333333333333333 0.013839814814814813
0 0.9184895833333333 0.5847222222222223 0.0140625 0.021296296296296296
0 0.9721354166666667 0.5925925925925926 0.009895833333333333 0.02962962962962963
0 0.9854166666666667 0.48055555555555557 0.009375 0.020370370370370372
0 0.603125 0.5092592592592593 0.034375 0.05555555555555555
0 0.91484375 0.8717592592592592 0.0067708333333333336 0.013888888888888888
0 0.9549479166666667 0.9356481481481481 0.005729166666666666 0.008333333333333333
0 0.95859375 0.8199074074074074 0.005729166666666666 0.012037037037037037
0 0.9791666666666666 0.9046296296296297 0.005208333333333333 0.011111111111111112
0 0.9572916666666667 0.28194444444444444 0.005208333333333333 0.013888888888888888
0 0.6921875 0.8111111111111111 0.004166666666666667 0.007407407407407408
0 0.63671875 0.7513888888888889 0.0046875 0.01574074074074074
0 0.41692708333333334 0.3060185185185185 0.0390625 0.13425925925925927
0 0.43723958333333335 0.4537037037037037 0.0078125 0.024074074074074074
0 0.5002604166666667 0.5462962962962963 0.9994791666666667 0.9055555555555556
0 0.14635416666666667 0.6578703703703703 0.01875 0.03611111111111111
0 0.07395833333333333 0.7148148148148148 0.010416666666666666 0.03518518518518519
0 0.06796875 0.6435185185185185 0.009895833333333333 0.018518518518518517
0 0.03203125 0.6208333333333333 0.018229166666666668 0.032407407407407406
0 0.7895833333333333 0.5773148148148148 0.021875 0.032407407407407406
0 0.63046875 0.5953703703703703 0.0234375 0.037037037037037035
0 0.70859375 0.7847222222222222 0.0203125 0.032407407407407406
0 0.6309895833333333 0.9199074074074074 0.0046875 0.010185185185185186
0 0.14609375 0.46296296296296297 0.0067708333333333336 0.020370370370370372
0 0.043229166666666666 0.3611111111111111 0.011458333333333333 0.02962962962962963
0 0.09427083333333333 0.2962962962962963 0.013541666666666667 0.014814814814814815
0 0.14322916666666666 0.5884013888888888 0.008333333333333333 0.013839814814814813
0 0.08151041666666667 0.5847222222222223 0.0140625 0.021296296296296296
0 0.027864583333333335 0.5925925925925926 0.009895833333333333 0.02962962962962963
0 0.014583333333333334 0.48055555555555557 0.009375 0.020370370370370372
0 0.396875 0.5092592592592593 0.034375 0.05555555555555555
0 0.08515625 0.8717592592592592 0.0067708333333333336 0.013888888888888888
0 0.04505208333333333 0.9356481481481481 0.005729166666666666 0.008333333333333333
0 0.04140625 0.8199074074074074 0.005729166666666666 0.012037037037037037
0 0.020833333333333332 0.9046296296296297 0.005208333333333333 0.011111111111111112
0 0.042708333333333334 0.28194444444444444 0.005208333333333333 0.013888888888888888
0 0.3078125 0.8111111111111111 0.004166666666666667 0.007407407407407408
0 0.36328125 0.7513888888888889 0.0046875 0.01574074074074074
0 0.5830729166666667 0.3060185185185185 0.0390625 0.13425925925925927
0 0.5627604166666667 0.4537037037037037 0.0078125 0.024074074074074074
0 0.5 0.5501763888888889 1.0 0.9003527777777778
0 0.14361692708333335 0.6356532407407407 0.018483854166666664 0.0361212962962963
0 0.07004010416666667 0.6879199074074074 0.009871875 0.035099074074074074
0 0.065434375 0.6166773148148148 0.010035416666666666 0.018539814814814815
0 0.029778645833333332 0.591436111111111 0.017890625 0.032872222222222226
0 0.78809609375 0.5952851851851853 0.022025520833333333 0.033162962962962964
0 0.6285872395833334 0.6029282407407408 0.023841145833333334 0.03733796296296297
0 0.7032700520833333 0.7968787037037037 0.020081770833333335 0.0326462962962963
0 0.6225729166666666 0.9273925925925925 0.004520833333333333 0.01034074074074074
0 0.14704244791666668 0.4408638888888889 0.006584895833333334 0.020616666666666665
0 0.04633255208333333 0.33231759259259264 0.011415104166666667 0.02945
0 0.09850598958333333 0.27127546296296295 0.013678645833333334 0.014773148148148148
0 0.1415640625 0.5661319444444445 0.008128125 0.013745370370370371
0 0.08001640624999999 0.5588703703703705 0.014199479166666668 0.021444444444444443
0 0.026190104166666665 0.563050925925926 0.009671875 0.029805555555555554
0 0.015019531249999999 0.45010694444444443 0.009205729166666668 0.02058425925925926
0 0.39665546874999996 0.5031324074074074 0.0339359375 0.056264814814814816
0 0.07835598958333333 0.8459421296296296 0.006711979166666667 0.01410648148148148
0 0.036771614583333334 0.9070064814814814 0.005834895833333333 0.008457407407407408
0 0.03523619791666666 0.7910870370370371 0.0058890625 0.011803703703703703
0 0.0129828125 0.8750773148148148 0.005132291666666666 0.011265740740740741
0 0.04738515625 0.25325277777777777 0.005186979166666666 0.013912962962962962
0 0.3020184895833333 0.7991203703703703 0.004036979166666667 0.0075
0 0.35855598958333335 0.7431314814814814 0.004611979166666667 0.015892592592592594
0 0.5865942708333333 0.31026296296296296 0.03673020833333333 0.13534074074074073
0 0.5638906250000001 0.45751296296296295 0.007989583333333333 0.024285185185185187
0 0.49973958333333335 0.5462962962962963 0.9994791666666667 0.9055555555555556
0 0.8536458333333333 0.6578703703703703 0.01875 0.03611111111111111
0 0.9260416666666667 0.7148148148148148 0.010416666666666666 0.03518518518518519
0 0.93203125 0.6435185185185185 0.009895833333333333 0.018518518518518517
0 0.96796875 0.6208333333333333 0.018229166666666668 0.032407407407407406
0 0.21041666666666667 0.5773148148148148 0.021875 0.032407407407407406
0 0.36953125 0.5953703703703703 0.0234375 0.037037037037037035
0 0.29140625 0.7847222222222222 0.0203125 0.032407407407407406
0 0.3690104166666667 0.9199074074074074 0.0046875 0.010185185185185186
0 0.85390625 0.46296296296296297 0.0067708333333333336 0.020370370370370372
0 0.9567708333333333 0.3611111111111111 0.011458333333333333 0.02962962962962963
0 0.9057291666666667 0.2962962962962963 0.013541666666666667 0.014814814814814815
0 0.8567708333333334 0.5884013888888888 0.008333333333333333 0.013839814814814813
0 0.9184895833333333 0.5847222222222223 0.0140625 0.021296296296296296
0 0.9721354166666667 0.5925925925925926 0.009895833333333333 0.02962962962962963
0 0.9854166666666667 0.48055555555555557 0.009375 0.020370370370370372
0 0.603125 0.5092592592592593 0.034375 0.05555555555555555
0 0.91484375 0.8717592592592592 0.0067708333333333336 0.013888888888888888
0 0.9549479166666667 0.9356481481481481 0.005729166666666666 0.008333333333333333
0 0.95859375 0.8199074074074074 0.005729166666666666 0.012037037037037037
0 0.9791666666666666 0.9046296296296297 0.005208333333333333 0.011111111111111112
0 0.9572916666666667 0.28194444444444444 0.005208333333333333 0.013888888888888888
0 0.6921875 0.8111111111111111 0.004166666666666667 0.007407407407407408
0 0.63671875 0.7513888888888889 0.0046875 0.01574074074074074
0 0.41692708333333334 0.3060185185185185 0.0390625 0.13425925925925927
0 0.43723958333333335 0.4537037037037037 0.0078125 0.024074074074074074
0 0.5002604166666667 0.5462962962962963 0.9994791666666667 0.9055555555555556
0 0.14635416666666667 0.6578703703703703 0.01875 0.03611111111111111
0 0.07395833333333333 0.7148148148148148 0.010416666666666666 0.03518518518518519
0 0.06796875 0.6435185185185185 0.009895833333333333 0.018518518518518517
0 0.03203125 0.6208333333333333 0.018229166666666668 0.032407407407407406
0 0.7895833333333333 0.5773148148148148 0.021875 0.032407407407407406
0 0.63046875 0.5953703703703703 0.0234375 0.037037037037037035
0 0.70859375 0.7847222222222222 0.0203125 0.032407407407407406
0 0.6309895833333333 0.9199074074074074 0.0046875 0.010185185185185186
0 0.14609375 0.46296296296296297 0.0067708333333333336 0.020370370370370372
0 0.043229166666666666 0.3611111111111111 0.011458333333333333 0.02962962962962963
0 0.09427083333333333 0.2962962962962963 0.013541666666666667 0.014814814814814815
0 0.14322916666666666 0.5884013888888888 0.008333333333333333 0.013839814814814813
0 0.08151041666666667 0.5847222222222223 0.0140625 0.021296296296296296
0 0.027864583333333335 0.5925925925925926 0.009895833333333333 0.02962962962962963
0 0.014583333333333334 0.48055555555555557 0.009375 0.020370370370370372
0 0.396875 0.5092592592592593 0.034375 0.05555555555555555
0 0.08515625 0.8717592592592592 0.0067708333333333336 0.013888888888888888
0 0.04505208333333333 0.9356481481481481 0.005729166666666666 0.008333333333333333
0 0.04140625 0.8199074074074074 0.005729166666666666 0.012037037037037037
0 0.020833333333333332 0.9046296296296297 0.005208333333333333 0.011111111111111112
0 0.042708333333333334 0.28194444444444444 0.005208333333333333 0.013888888888888888
0 0.3078125 0.8111111111111111 0.004166666666666667 0.007407407407407408
0 0.36328125 0.7513888888888889 0.0046875 0.01574074074074074
0 0.5830729166666667 0.3060185185185185 0.0390625 0.13425925925925927
0 0.5627604166666667 0.4537037037037037 0.0078125 0.024074074074074074
0 0.5 0.5501763888888889 1.0 0.9003527777777778
0 0.14361692708333335 0.6356532407407407 0.018483854166666664 0.0361212962962963
0 0.07004010416666667 0.6879199074074074 0.009871875 0.035099074074074074
0 0.065434375 0.6166773148148148 0.010035416666666666 0.018539814814814815
0 0.029778645833333332 0.591436111111111 0.017890625 0.032872222222222226
0 0.78809609375 0.5952851851851853 0.022025520833333333 0.033162962962962964
0 0.6285872395833334 0.6029282407407408 0.023841145833333334 0.03733796296296297
0 0.7032700520833333 0.7968787037037037 0.020081770833333335 0.0326462962962963
0 0.6225729166666666 0.9273925925925925 0.004520833333333333 0.01034074074074074
0 0.14704244791666668 0.4408638888888889 0.006584895833333334 0.020616666666666665
0 0.04633255208333333 0.33231759259259264 0.011415104166666667 0.02945
0 0.09850598958333333 0.27127546296296295 0.013678645833333334 0.014773148148148148
0 0.1415640625 0.5661319444444445 0.008128125 0.013745370370370371
0 0.08001640624999999 0.5588703703703705 0.014199479166666668 0.021444444444444443
0 0.026190104166666665 0.563050925925926 0.009671875 0.029805555555555554
0 0.015019531249999999 0.45010694444444443 0.009205729166666668 0.02058425925925926
0 0.39665546874999996 0.5031324074074074 0.0339359375 0.056264814814814816
0 0.07835598958333333 0.8459421296296296 0.006711979166666667 0.01410648148148148
0 0.036771614583333334 0.9070064814814814 0.005834895833333333 0.008457407407407408
0 0.03523619791666666 0.7910870370370371 0.0058890625 0.011803703703703703
0 0.0129828125 0.8750773148148148 0.005132291666666666 0.011265740740740741
0 0.04738515625 0.25325277777777777 0.005186979166666666 0.013912962962962962
0 0.3020184895833333 0.7991203703703703 0.004036979166666667 0.0075
0 0.35855598958333335 0.7431314814814814 0.004611979166666667 0.015892592592592594
0 0.5865942708333333 0.31026296296296296 0.03673020833333333 0.13534074074074073
0 0.5638906250000001 0.45751296296296295 0.007989583333333333 0.024285185185185187
0 0.49973958333333335 0.5462962962962963 0.9994791666666667 0.9055555555555556
0 0.8536458333333333 0.6578703703703703 0.01875 0.03611111111111111
0 0.9260416666666667 0.7148148148148148 0.010416666666666666 0.03518518518518519
0 0.93203125 0.6435185185185185 0.009895833333333333 0.018518518518518517
0 0.96796875 0.6208333333333333 0.018229166666666668 0.032407407407407406
0 0.21041666666666667 0.5773148148148148 0.021875 0.032407407407407406
0 0.36953125 0.5953703703703703 0.0234375 0.037037037037037035
0 0.29140625 0.7847222222222222 0.0203125 0.032407407407407406
0 0.3690104166666667 0.9199074074074074 0.0046875 0.010185185185185186
0 0.85390625 0.46296296296296297 0.0067708333333333336 0.020370370370370372
0 0.9567708333333333 0.3611111111111111 0.011458333333333333 0.02962962962962963
0 0.9057291666666667 0.2962962962962963 0.013541666666666667 0.014814814814814815
0 0.8567708333333334 0.5884013888888888 0.008333333333333333 0.013839814814814813
0 0.9184895833333333 0.5847222222222223 0.0140625 0.021296296296296296
0 0.9721354166666667 0.5925925925925926 0.009895833333333333 0.02962962962962963
0 0.9854166666666667 0.48055555555555557 0.009375 0.020370370370370372
0 0.603125 0.5092592592592593 0.034375 0.05555555555555555
0 0.91484375 0.8717592592592592 0.0067708333333333336 0.013888888888888888
0 0.9549479166666667 0.9356481481481481 0.005729166666666666 0.008333333333333333
0 0.95859375 0.8199074074074074 0.005729166666666666 0.012037037037037037
0 0.9791666666666666 0.9046296296296297 0.005208333333333333 0.011111111111111112
0 0.9572916666666667 0.28194444444444444 0.005208333333333333 0.013888888888888888
0 0.6921875 0.8111111111111111 0.004166666666666667 0.007407407407407408
0 0.63671875 0.7513888888888889 0.0046875 0.01574074074074074
0 0.41692708333333334 0.3060185185185185 0.0390625 0.13425925925925927
0 0.43723958333333335 0.4537037037037037 0.0078125 0.024074074074074074
0 0.5002604166666667 0.5462962962962963 0.9994791666666667 0.9055555555555556
0 0.14635416666666667 0.6578703703703703 0.01875 0.03611111111111111
0 0.07395833333333333 0.7148148148148148 0.010416666666666666 0.03518518518518519
0 0.06796875 0.6435185185185185 0.009895833333333333 0.018518518518518517
0 0.03203125 0.6208333333333333 0.018229166666666668 0.032407407407407406
0 0.7895833333333333 0.5773148148148148 0.021875 0.032407407407407406
0 0.63046875 0.5953703703703703 0.0234375 0.037037037037037035
0 0.70859375 0.7847222222222222 0.0203125 0.032407407407407406
0 0.6309895833333333 0.9199074074074074 0.0046875 0.010185185185185186
0 0.14609375 0.46296296296296297 0.0067708333333333336 0.020370370370370372
0 0.043229166666666666 0.3611111111111111 0.011458333333333333 0.02962962962962963
0 0.09427083333333333 0.2962962962962963 0.013541666666666667 0.014814814814814815
0 0.14322916666666666 0.5884013888888888 0.008333333333333333 0.013839814814814813
0 0.08151041666666667 0.5847222222222223 0.0140625 0.021296296296296296
0 0.027864583333333335 0.5925925925925926 0.009895833333333333 0.02962962962962963
0 0.014583333333333334 0.48055555555555557 0.009375 0.020370370370370372
0 0.396875 0.5092592592592593 0.034375 0.05555555555555555
0 0.08515625 0.8717592592592592 0.0067708333333333336 0.013888888888888888
0 0.04505208333333333 0.9356481481481481 0.005729166666666666 0.008333333333333333
0 0.04140625 0.8199074074074074 0.005729166666666666 0.012037037037037037
0 0.020833333333333332 0.9046296296296297 0.005208333333333333 0.011111111111111112
0 0.042708333333333334 0.28194444444444444 0.005208333333333333 0.013888888888888888
0 0.3078125 0.8111111111111111 0.004166666666666667 0.007407407407407408
0 0.36328125 0.7513888888888889 0.0046875 0.01574074074074074
0 0.5830729166666667 0.3060185185185185 0.0390625 0.13425925925925927
0 0.5627604166666667 0.4537037037037037 0.0078125 0.024074074074074074
0 0.5 0.5501763888888889 1.0 0.9003527777777778
0 0.14361692708333335 0.6356532407407407 0.018483854166666664 0.0361212962962963
0 0.07004010416666667 0.6879199074074074 0.009871875 0.035099074074074074
0 0.065434375 0.6166773148148148 0.010035416666666666 0.018539814814814815
0 0.029778645833333332 0.591436111111111 0.017890625 0.032872222222222226
0 0.78809609375 0.5952851851851853 0.022025520833333333 0.033162962962962964
0 0.6285872395833334 0.6029282407407408 0.023841145833333334 0.03733796296296297
0 0.7032700520833333 0.7968787037037037 0.020081770833333335 0.0326462962962963
0 0.6225729166666666 0.9273925925925925 0.004520833333333333 0.01034074074074074
0 0.14704244791666668 0.4408638888888889 0.006584895833333334 0.020616666666666665
0 0.04633255208333333 0.33231759259259264 0.011415104166666667 0.02945
0 0.09850598958333333 0.27127546296296295 0.013678645833333334 0.014773148148148148
0 0.1415640625 0.5661319444444445 0.008128125 0.013745370370370371
0 0.08001640624999999 0.5588703703703705 0.014199479166666668 0.021444444444444443
0 0.026190104166666665 0.563050925925926 0.009671875 0.029805555555555554
0 0.015019531249999999 0.45010694444444443 0.009205729166666668 0.02058425925925926
0 0.39665546874999996 0.5031324074074074 0.0339359375 0.056264814814814816
0 0.07835598958333333 0.8459421296296296 0.006711979166666667 0.01410648148148148
0 0.036771614583333334 0.9070064814814814 0.005834895833333333 0.008457407407407408
0 0.03523619791666666 0.7910870370370371 0.0058890625 0.011803703703703703
0 0.0129828125 0.8750773148148148 0.005132291666666666 0.011265740740740741
0 0.04738515625 0.25325277777777777 0.005186979166666666 0.013912962962962962
0 0.3020184895833333 0.7991203703703703 0.004036979166666667 0.0075
0 0.35855598958333335 0.7431314814814814 0.004611979166666667 0.015892592592592594
0 0.5865942708333333 0.31026296296296296 0.03673020833333333 0.13534074074074073
0 0.5638906250000001 0.45751296296296295 0.007989583333333333 0.024285185185185187
