1 0.5 0.45057824074074077 1.0 0.9011564814814815
0 0.19063255208333332 0.5921310185185185 0.02814010416666667 0.05463240740740741
0 0.21970963541666666 0.1996365740740741 0.013377604166666666 0.051125000000000004
0 0.4380119791666666 0.12103425925925924 0.007273958333333333 0.04762407407407407
0 0.5499955729166667 0.6345347222222222 0.012491145833333333 0.039439814814814816
0 0.5029830729166667 0.4453462962962963 0.0163828125 0.02772962962962963
0 0.8616661458333332 0.3932240740740741 0.029582291666666666 0.06607777777777778
0 0.49308854166666666 0.830375462962963 0.01534375 0.025565740740740743
0 0.4538395833333333 0.6555606481481482 0.0097625 0.022232407407407406
0 0.464025 0.6535018518518518 0.011383333333333334 0.03292962962962963
0 0.37617968749999997 0.08465185185185185 0.021109375 0.023007407407407407
0 0.93777421875 0.17416203703703703 0.0036734375 0.0075833333333333326
0 0.9385213541666667 0.15055046296296298 0.016626041666666667 0.03443425925925926
0 0.7227307291666667 0.25807129629629627 0.009003125 0.029105555555555558
1 0.49973958333333335 0.549537037037037 0.9994791666666667 0.899074074074074
0 0.19505208333333332 0.37037037037037035 0.028645833333333332 0.05185185185185185
0 0.20885416666666667 0.7652777777777777 0.0125 0.05092592592592592
0 0.4234375 0.8699074074074075 0.007291666666666667 0.04722222222222222
0 0.5552083333333333 0.37222222222222223 0.013541666666666667 0.03888888888888889
0 0.50078125 0.5550925925925926 0.0171875 0.028703703703703703
0 0.85625 0.6518518518518519 0.028125 0.06481481481481481
0 0.5059895833333333 0.16944444444444445 0.016145833333333335 0.024074074074074074
0 0.46015625 0.3388888888888889 0.009895833333333333 0.022222222222222223
0 0.4700520833333333 0.3425925925925926 0.0109375 0.03333333333333333
0 0.35989583333333336 0.899074074074074 0.020833333333333332 0.022222222222222223
0 0.9236979166666667 0.8796296296296297 0.0036458333333333334 0.007407407407407408
0 0.9234375 0.9032407407407408 0.016666666666666666 0.03425925925925926
0 0.7125 0.7685185185185185 0.008333333333333333 0.02962962962962963
1 0.49973958333333335 0.549537037037037 0.9994791666666667 0.899074074074074
0 0.19505208333333332 0.37037037037037035 0.028645833333333332 0.05185185185185185
0 0.20885416666666667 0.7652777777777777 0.0125 0.05092592592592592
0 0.4234375 0.8699074074074075 0.007291666666666667 0.04722222222222222
0 0.5552083333333333 0.37222222222222223 0.013541666666666667 0.03888888888888889
0 0.50078125 0.5550925925925926 0.0171875 0.028703703703703703
0 0.85625 0.6518518518518519 0.028125 0.06481481481481481
0 0.5059895833333333 0.16944444444444445 0.016145833333333335 0.024074074074074074
0 0.46015625 0.3388888888888889 0.009895833333333333 0.022222222222222223
0 0.4700520833333333 0.3425925925925926 0.0109375 0.03333333333333333
0 0.35989583333333336 0.899074074074074 0.020833333333333332 0.022222222222222223
0 0.9236979166666667 0.8796296296296297 0.0036458333333333334 0.007407407407407408
0 0.9234375 0.9032407407407408 0.016666666666666666 0.03425925925925926
0 0.7125 0.7685185185185185 0.008333333333333333 0.02962962962962963
1 0.5 0.45057824074074077 1.0 0.9011564814814815
0 0.19063255208333332 0.5921310185185185 0.02814010416666667 0.05463240740740741
0 0.21970963541666666 0.1996365740740741 0.013377604166666666 0.051125000000000004
0 0.4380119791666666 0.12103425925925924 0.007273958333333333 0.04762407407407407
0 0.5499955729166667 0.6345347222222222 0.012491145833333333 0.039439814814814816
0 0.5029830729166667 0.4453462962962963 0.0163828125 0.02772962962962963
0 0.8616661458333332 0.3932240740740741 0.029582291666666666 0.06607777777777778
0 0.49308854166666666 0.830375462962963 0.01534375 0.025565740740740743
0 0.4538395833333333 0.6555606481481482 0.0097625 0.022232407407407406
0 0.464025 0.6535018518518518 0.011383333333333334 0.03292962962962963
0 0.37617968749999997 0.08465185185185185 0.021109375 0.023007407407407407
0 0.93777421875 0.17416203703703703 0.0036734375 0.0075833333333333326
0 0.9385213541666667 0.15055046296296298 0.016626041666666667 0.03443425925925926
0 0.7227307291666667 0.25807129629629627 0.009003125 0.029105555555555558
1 0.49973958333333335 0.549537037037037 0.9994791666666667 0.899074074074074
0 0.19505208333333332 0.37037037037037035 0.028645833333333332 0.05185185185185185
0 0.20885416666666667 0.7652777777777777 0.0125 0.05092592592592592
0 0.4234375 0.8699074074074075 0.007291666666666667 0.04722222222222222
0 0.5552083333333333 0.37222222222222223 0.013541666666666667 0.03888888888888889
0 0.50078125 0.5550925925925926 0.0171875 0.028703703703703703
0 0.85625 0.6518518518518519 0.028125 0.06481481481481481
0 0.5059895833333333 0.16944444444444445 0.016145833333333335 0.024074074074074074
0 0.46015625 0.3388888888888889 0.009895833333333333 0.022222222222222223
0 0.4700520833333333 0.3425925925925926 0.0109375 0.03333333333333333
0 0.35989583333333336 0.899074074074074 0.020833333333333332 0.022222222222222223
0 0.9236979166666667 0.8796296296296297 0.0036458333333333334 0.007407407407407408
0 0.9234375 0.9032407407407408 0.016666666666666666 0.03425925925925926
0 0.7125 0.7685185185185185 0.008333333333333333 0.02962962962962963
1 0.49973958333333335 0.549537037037037 0.9994791666666667 0.899074074074074
0 0.19505208333333332 0.37037037037037035 0.028645833333333332 0.05185185185185185
0 0.20885416666666667 0.7652777777777777 0.0125 0.05092592592592592
0 0.4234375 0.8699074074074075 0.007291666666666667 0.04722222222222222
0 0.5552083333333333 0.37222222222222223 0.013541666666666667 0.03888888888888889
0 0.50078125 0.5550925925925926 0.0171875 0.028703703703703703
0 0.85625 0.6518518518518519 0.028125 0.06481481481481481
0 0.5059895833333333 0.16944444444444445 0.016145833333333335 0.024074074074074074
0 0.46015625 0.3388888888888889 0.009895833333333333 0.022222222222222223
0 0.4700520833333333 0.3425925925925926 0.0109375 0.03333333333333333
0 0.35989583333333336 0.899074074074074 0.020833333333333332 0.022222222222222223
0 0.9236979166666667 0.8796296296296297 0.0036458333333333334 0.007407407407407408
0 0.9234375 0.9032407407407408 0.016666666666666666 0.03425925925925926
0 0.7125 0.7685185185185185 0.008333333333333333 0.02962962962962963
1 0.5 0.45057824074074077 1.0 0.9011564814814815
0 0.19063255208333332 0.5921310185185185 0.02814010416666667 0.05463240740740741
0 0.21970963541666666 0.1996365740740741 0.013377604166666666 0.051125000000000004
0 0.4380119791666666 0.12103425925925924 0.007273958333333333 0.04762407407407407
0 0.5499955729166667 0.6345347222222222 0.012491145833333333 0.039439814814814816
0 0.5029830729166667 0.4453462962962963 0.0163828125 0.02772962962962963
0 0.8616661458333332 0.3932240740740741 0.029582291666666666 0.06607777777777778
0 0.49308854166666666 0.830375462962963 0.01534375 0.025565740740740743
0 0.4538395833333333 0.6555606481481482 0.0097625 0.022232407407407406
0 0.464025 0.6535018518518518 0.011383333333333334 0.03292962962962963
0 0.37617968749999997 0.08465185185185185 0.021109375 0.023007407407407407
0 0.93777421875 0.17416203703703703 0.0036734375 0.0075833333333333326
0 0.9385213541666667 0.15055046296296298 0.016626041666666667 0.03443425925925926
0 0.7227307291666667 0.25807129629629627 0.009003125 0.029105555555555558
1 0.49973958333333335 0.549537037037037 0.9994791666666667 0.899074074074074
0 0.19505208333333332 0.37037037037037035 0.028645833333333332 0.05185185185185185
0 0.20885416666666667 0.7652777777777777 0.0125 0.05092592592592592
0 0.4234375 0.8699074074074075 0.007291666666666667 0.04722222222222222
0 0.5552083333333333 0.37222222222222223 0.013541666666666667 0.03888888888888889
0 0.50078125 0.5550925925925926 0.0171875 0.028703703703703703
0 0.85625 0.6518518518518519 0.028125 0.06481481481481481
0 0.5059895833333333 0.16944444444444445 0.016145833333333335 0.024074074074074074
0 0.46015625 0.3388888888888889 0.009895833333333333 0.022222222222222223
0 0.4700520833333333 0.3425925925925926 0.0109375 0.03333333333333333
0 0.35989583333333336 0.899074074074074 0.020833333333333332 0.022222222222222223
0 0.9236979166666667 0.8796296296296297 0.0036458333333333334 0.007407407407407408
0 0.9234375 0.9032407407407408 0.016666666666666666 0.03425925925925926
0 0.7125 0.7685185185185185 0.008333333333333333 0.02962962962962963
1 0.49973958333333335 0.549537037037037 0.9994791666666667 0.899074074074074
0 0.19505208333333332 0.37037037037037035 0.028645833333333332 0.05185185185185185
0 0.20885416666666667 0.7652777777777777 0.0125 0.05092592592592592
0 0.4234375 0.8699074074074075 0.007291666666666667 0.04722222222222222
0 0.5552083333333333 0.37222222222222223 0.013541666666666667 0.03888888888888889
0 0.50078125 0.5550925925925926 0.0171875 0.028703703703703703
0 0.85625 0.6518518518518519 0.028125 0.06481481481481481
0 0.5059895833333333 0.16944444444444445 0.016145833333333335 0.024074074074074074
0 0.46015625 0.3388888888888889 0.009895833333333333 0.022222222222222223
0 0.4700520833333333 0.3425925925925926 0.0109375 0.03333333333333333
0 0.35989583333333336 0.899074074074074 0.020833333333333332 0.022222222222222223
0 0.9236979166666667 0.8796296296296297 0.0036458333333333334 0.007407407407407408
0 0.9234375 0.9032407407407408 0.016666666666666666 0.03425925925925926
0 0.7125 0.7685185185185185 0.008333333333333333 0.02962962962962963
