1 0.49095 0.47970787037037044 0.9819 0.9594157407407409
0 0.5196380208333333 0.011297685185185185 0.031984374999999995 0.02259537037037037
0 0.5443239583333334 0.05995787037037038 0.019897916666666668 0.01621203703703704
0 0.46269166666666667 0.04445092592592592 0.007675 0.020383333333333333
0 0.488284375 0.1638388888888889 0.01719375 0.02027037037037037
0 0.5480703125 0.26121342592592595 0.028432291666666668 0.03353796296296296
0 0.6239713541666667 0.23055416666666667 0.008359375 0.018515740740740742
0 0.6931221354166667 0.21927962962962963 0.0154109375 0.04041111111111111
0 0.6673052083333334 0.2747763888888889 0.025235416666666666 0.04029351851851852
0 0.7895875 0.577225 0.006258333333333334 0.011857407407407407
0 0.7254968749999999 0.7440601851851852 0.014535416666666667 0.02515740740740741
0 0.6918015625 0.7909750000000001 0.017978125 0.030098148148148148
0 0.7526393229166667 0.8337375 0.0156953125 0.02858611111111111
0 0.5310385416666666 0.7217171296296296 0.014160416666666667 0.023063888888888887
0 0.4374190104166667 0.6255064814814815 0.031088020833333334 0.06397592592592592
0 0.43729114583333334 0.5469337962962962 0.022498958333333333 0.07164537037037036
0 0.48757656250000003 0.6235449074074074 0.008486458333333334 0.019312037037037037
0 0.13778203125 0.4517291666666667 0.015147395833333332 0.016421296296296295
0 0.13256901041666666 0.6589476851851852 0.015138020833333333 0.025302777777777778
0 0.3677395833333333 0.6244550925925927 0.0063124999999999995 0.011873148148148148
0 0.72978359375 0.8034055555555556 0.032483854166666666 0.09755185185185185
1 0.50985625 0.4810379629629629 0.9801291666666666 0.9620759259259258
0 0.4661783854166667 0.014275 0.03131510416666667 0.024846296296296297
0 0.4431140625 0.06433611111111112 0.019561458333333333 0.01756111111111111
0 0.5243526041666666 0.04164444444444444 0.008080208333333333 0.020325925925925928
0 0.50180859375 0.16324768518518518 0.017158854166666668 0.020939814814814814
0 0.44525234375 0.2664462962962963 0.029046354166666667 0.03289259259259259
0 0.3681994791666667 0.2417902777777778 0.008273958333333333 0.01876574074074074
0 0.29890520833333334 0.2373476851851852 0.014477083333333333 0.04136203703703704
0 0.3260552083333333 0.29070694444444445 0.026068749999999998 0.0388212962962963
0 0.21310989583333334 0.6043407407407407 0.006428125000000001 0.012385185185185185
0 0.2823325520833333 0.7651731481481481 0.014665104166666667 0.02479074074074074
0 0.31693671875 0.8083458333333333 0.017206770833333333 0.03150648148148148
0 0.25726875 0.8562523148148149 0.015579166666666667 0.029171296296296296
0 0.47515625 0.7246106481481482 0.013854166666666667 0.02329537037037037
0 0.5663059895833332 0.6197912037037037 0.030528645833333333 0.06365648148148148
0 0.5637651041666667 0.5412842592592593 0.02128020833333333 0.07330925925925927
0 0.5160888020833333 0.6219958333333333 0.008219270833333334 0.01991759259259259
0 0.8601880208333333 0.4187560185185185 0.015167708333333333 0.01714166666666667
0 0.8715736979166666 0.6245777777777778 0.015022395833333334 0.025081481481481482
0 0.6354510416666667 0.6117319444444443 0.00631875 0.012352777777777777
0 0.27922031249999996 0.8237805555555555 0.030315625000000002 0.09941296296296297
1 0.51015625 0.5199074074074074 0.9786458333333333 0.9583333333333334
0 0.47578125 0.9875 0.03177083333333333 0.023148148148148147
0 0.4515625 0.9388888888888889 0.019791666666666666 0.016666666666666666
0 0.5330729166666667 0.9564814814814815 0.0078125 0.020370370370370372
0 0.50859375 0.8361111111111111 0.0171875 0.020370370370370372
0 0.44973958333333336 0.737037037037037 0.028645833333333332 0.03333333333333333
0 0.3734375 0.7657407407407407 0.008333333333333333 0.018518518518518517
0 0.30390625 0.775 0.015104166666666667 0.040740740740740744
0 0.33046875 0.7199074074074074 0.025520833333333333 0.03981481481481482
0 0.21145833333333333 0.4134259259259259 0.00625 0.012037037037037037
0 0.27708333333333335 0.24861111111111112 0.014583333333333334 0.025
0 0.3109375 0.20324074074074075 0.017708333333333333 0.030555555555555555
0 0.25052083333333336 0.1587962962962963 0.015625 0.028703703703703703
0 0.47109375 0.2773148148148148 0.0140625 0.023148148148148147
0 0.5638020833333334 0.3763888888888889 0.030729166666666665 0.06388888888888888
0 0.5630208333333333 0.4546296296296296 0.021875 0.07222222222222222
0 0.5135416666666667 0.3773148148148148 0.008333333333333333 0.019444444444444445
0 0.86171875 0.5592592592592592 0.015104166666666667 0.016666666666666666
0 0.8690104166666667 0.3523148148148148 0.015104166666666667 0.025
0 0.6333333333333333 0.3800925925925926 0.00625 0.012037037037037037
0 0.27317708333333335 0.18981481481481483 0.03177083333333333 0.09814814814814815
1 0.49095 0.47970787037037044 0.9819 0.9594157407407409
0 0.5196380208333333 0.011297685185185185 0.031984374999999995 0.02259537037037037
0 0.5443239583333334 0.05995787037037038 0.019897916666666668 0.01621203703703704
0 0.46269166666666667 0.04445092592592592 0.007675 0.020383333333333333
0 0.488284375 0.1638388888888889 0.01719375 0.02027037037037037
0 0.5480703125 0.26121342592592595 0.028432291666666668 0.03353796296296296
0 0.6239713541666667 0.23055416666666667 0.008359375 0.018515740740740742
0 0.6931221354166667 0.21927962962962963 0.0154109375 0.04041111111111111
0 0.6673052083333334 0.2747763888888889 0.025235416666666666 0.04029351851851852
0 0.7895875 0.577225 0.006258333333333334 0.011857407407407407
0 0.7254968749999999 0.7440601851851852 0.014535416666666667 0.02515740740740741
0 0.6918015625 0.7909750000000001 0.017978125 0.030098148148148148
0 0.7526393229166667 0.8337375 0.0156953125 0.02858611111111111
0 0.5310385416666666 0.7217171296296296 0.014160416666666667 0.023063888888888887
0 0.4374190104166667 0.6255064814814815 0.031088020833333334 0.06397592592592592
0 0.43729114583333334 0.5469337962962962 0.022498958333333333 0.07164537037037036
0 0.48757656250000003 0.6235449074074074 0.008486458333333334 0.019312037037037037
0 0.13778203125 0.4517291666666667 0.015147395833333332 0.016421296296296295
0 0.13256901041666666 0.6589476851851852 0.015138020833333333 0.025302777777777778
0 0.3677395833333333 0.6244550925925927 0.0063124999999999995 0.011873148148148148
0 0.72978359375 0.8034055555555556 0.032483854166666666 0.09755185185185185
1 0.50985625 0.4810379629629629 0.9801291666666666 0.9620759259259258
0 0.4661783854166667 0.014275 0.03131510416666667 0.024846296296296297
0 0.4431140625 0.06433611111111112 0.019561458333333333 0.01756111111111111
0 0.5243526041666666 0.04164444444444444 0.008080208333333333 0.020325925925925928
0 0.50180859375 0.16324768518518518 0.017158854166666668 0.020939814814814814
0 0.44525234375 0.2664462962962963 0.029046354166666667 0.03289259259259259
0 0.3681994791666667 0.2417902777777778 0.008273958333333333 0.01876574074074074
0 0.29890520833333334 0.2373476851851852 0.014477083333333333 0.04136203703703704
0 0.3260552083333333 0.29070694444444445 0.026068749999999998 0.0388212962962963
0 0.21310989583333334 0.6043407407407407 0.006428125000000001 0.012385185185185185
0 0.2823325520833333 0.7651731481481481 0.014665104166666667 0.02479074074074074
0 0.31693671875 0.8083458333333333 0.017206770833333333 0.03150648148148148
0 0.25726875 0.8562523148148149 0.015579166666666667 0.029171296296296296
0 0.47515625 0.7246106481481482 0.013854166666666667 0.02329537037037037
0 0.5663059895833332 0.6197912037037037 0.030528645833333333 0.06365648148148148
0 0.5637651041666667 0.5412842592592593 0.02128020833333333 0.07330925925925927
0 0.5160888020833333 0.6219958333333333 0.008219270833333334 0.01991759259259259
0 0.8601880208333333 0.4187560185185185 0.015167708333333333 0.01714166666666667
0 0.8715736979166666 0.6245777777777778 0.015022395833333334 0.025081481481481482
0 0.6354510416666667 0.6117319444444443 0.00631875 0.012352777777777777
0 0.27922031249999996 0.8237805555555555 0.030315625000000002 0.09941296296296297
1 0.51015625 0.5199074074074074 0.9786458333333333 0.9583333333333334
0 0.47578125 0.9875 0.03177083333333333 0.023148148148148147
0 0.4515625 0.9388888888888889 0.019791666666666666 0.016666666666666666
0 0.5330729166666667 0.9564814814814815 0.0078125 0.020370370370370372
0 0.50859375 0.8361111111111111 0.0171875 0.020370370370370372
0 0.44973958333333336 0.737037037037037 0.028645833333333332 0.03333333333333333
0 0.3734375 0.7657407407407407 0.008333333333333333 0.018518518518518517
0 0.30390625 0.775 0.015104166666666667 0.040740740740740744
0 0.33046875 0.7199074074074074 0.025520833333333333 0.03981481481481482
0 0.21145833333333333 0.4134259259259259 0.00625 0.012037037037037037
0 0.27708333333333335 0.24861111111111112 0.014583333333333334 0.025
0 0.3109375 0.20324074074074075 0.017708333333333333 0.030555555555555555
0 0.25052083333333336 0.1587962962962963 0.015625 0.028703703703703703
0 0.47109375 0.2773148148148148 0.0140625 0.023148148148148147
0 0.5638020833333334 0.3763888888888889 0.030729166666666665 0.06388888888888888
0 0.5630208333333333 0.4546296296296296 0.021875 0.07222222222222222
0 0.5135416666666667 0.3773148148148148 0.008333333333333333 0.019444444444444445
0 0.86171875 0.5592592592592592 0.015104166666666667 0.016666666666666666
0 0.8690104166666667 0.3523148148148148 0.015104166666666667 0.025
0 0.6333333333333333 0.3800925925925926 0.00625 0.012037037037037037
0 0.27317708333333335 0.18981481481481483 0.03177083333333333 0.09814814814814815
