1 0.49973958333333335 0.5370370370370371 0.9994791666666667 0.924074074074074
0 0.1640625 0.31157407407407406 0.011458333333333333 0.032407407407407406
0 0.27890625 0.12777777777777777 0.024479166666666666 0.046296296296296294
0 0.08776041666666666 0.2800925925925926 0.011979166666666667 0.021296296296296296
0 0.21614583333333334 0.8967592592592593 0.028125 0.041666666666666664
0 0.3697916666666667 0.9263888888888889 0.010416666666666666 0.03981481481481482
0 0.5934895833333333 0.8425925925925926 0.0265625 0.037037037037037035
0 0.5880208333333333 0.8060185185185185 0.023958333333333335 0.03981481481481482
0 0.5872395833333334 0.9768518518518519 0.0921875 0.044444444444444446
0 0.6328125 0.8837962962962963 0.023958333333333335 0.025
0 0.6619791666666667 0.9143518518518519 0.034375 0.049074074074074076
0 0.6653645833333334 0.9203703703703704 0.0265625 0.03888888888888889
0 0.5885416666666666 0.6865740740740741 0.014583333333333334 0.028703703703703703
0 0.044270833333333336 0.837037037037037 0.011458333333333333 0.03333333333333333
0 0.8734375 0.5625 0.009375 0.028703703703703703
0 0.7979166666666667 0.5518518518518518 0.020833333333333332 0.04814814814814815
0 0.47239583333333335 0.29259259259259257 0.011458333333333333 0.022222222222222223
0 0.19296875 0.22870370370370371 0.0078125 0.018518518518518517
0 0.7098958333333333 0.9810185185185185 0.015625 0.03611111111111111
0 0.6354166666666666 0.9782407407407407 0.020833333333333332 0.032407407407407406
0 0.68125 0.8930555555555556 0.015625 0.025
0 0.72578125 0.9138888888888889 0.0109375 0.018518518518518517
0 0.55234375 0.7282407407407407 0.0390625 0.06388888888888888
0 0.8372395833333334 0.7587962962962963 0.009895833333333333 0.025
0 0.7361979166666667 0.7226851851851852 0.0078125 0.03425925925925926
0 0.9302083333333333 0.41388888888888886 0.010416666666666666 0.011111111111111112
0 0.709375 0.5291666666666667 0.007291666666666667 0.019444444444444445
0 0.6421875 0.5407407407407407 0.008333333333333333 0.011111111111111112
0 0.4830729166666667 0.2 0.03697916666666667 0.07407407407407407
0 0.3953125 0.6888888888888889 0.0125 0.014814814814814815
0 0.0109375 0.8152777777777778 0.009375 0.026851851851851852
0 0.36354166666666665 0.8833333333333333 0.0125 0.016666666666666666
0 0.31744791666666666 0.6194444444444445 0.009895833333333333 0.014814814814814815
1 0.5 0.4798074074074074 1.0 0.9596148148148148
0 0.18488359375 0.7796189814814816 0.0135171875 0.033312037037037036
0 0.3148734375 0.929851388888889 0.026621875 0.04673981481481482
0 0.11152291666666667 0.8319013888888889 0.0115875 0.023062037037037037
0 0.18455104166666667 0.1876625 0.02639375 0.040139814814814816
0 0.3339296875 0.11481527777777778 0.012651041666666666 0.038889814814814815
0 0.5625794270833333 0.13646250000000001 0.0241171875 0.034036111111111114
0 0.5603507812499999 0.17335462962962964 0.0238265625 0.03745
0 0.5444341145833334 0.012352314814814816 0.09303489583333334 0.024704629629629632
0 0.5976750000000001 0.08439675925925925 0.023475000000000003 0.02064537037037037
0 0.6240317708333334 0.04735740740740741 0.034521875 0.05397407407407408
0 0.6264325520833334 0.03886666666666667 0.027865104166666665 0.038844444444444445
0 0.5708442708333333 0.29015092592592595 0.013563541666666668 0.02845
0 0.0202828125 0.2941824074074074 0.011398958333333332 0.03466111111111111
0 0.8637283854166667 0.33440046296296294 0.0097484375 0.028060185185185185
0 0.7901028645833333 0.3661375 0.0229140625 0.04523796296296296
0 0.4907263020833333 0.7126087962962963 0.012702604166666666 0.021513888888888888
0 0.22065572916666668 0.853025925925926 0.009019791666666667 0.019014814814814818
0 0.6444190104166666 0.06220138888888888 0.015921354166666665 0.024402777777777777
0 0.6862614583333334 0.02822777777777778 0.01210625 0.017566666666666668
0 0.5308625 0.26161527777777777 0.037766666666666664 0.06397129629629629
0 0.8104125 0.15061435185185185 0.009366666666666667 0.027154629629629633
0 0.71333203125 0.2139236111111111 0.009997395833333334 0.03340277777777778
0 0.9324505208333334 0.4648115740740741 0.009692708333333333 0.012956481481481482
0 0.7041713541666667 0.4134509259259259 0.008342708333333334 0.019494444444444443
0 0.6369598958333333 0.4205347222222222 0.007253125 0.013291666666666667
0 0.5094541666666667 0.8028597222222221 0.03245 0.07794166666666667
0 0.3796106770833333 0.3431532407407408 0.012346354166666665 0.01593611111111111
0 0.33105963541666666 0.15964074074074075 0.013160937499999999 0.01742962962962963
0 0.30889062500000003 0.43296805555555556 0.009447916666666667 0.01593611111111111
1 0.49973958333333335 0.5370370370370371 0.9994791666666667 0.924074074074074
0 0.1640625 0.31157407407407406 0.011458333333333333 0.032407407407407406
0 0.27890625 0.12777777777777777 0.024479166666666666 0.046296296296296294
0 0.08776041666666666 0.2800925925925926 0.011979166666666667 0.021296296296296296
0 0.21614583333333334 0.8967592592592593 0.028125 0.041666666666666664
0 0.3697916666666667 0.9263888888888889 0.010416666666666666 0.03981481481481482
0 0.5934895833333333 0.8425925925925926 0.0265625 0.037037037037037035
0 0.5880208333333333 0.8060185185185185 0.023958333333333335 0.03981481481481482
0 0.5872395833333334 0.9768518518518519 0.0921875 0.044444444444444446
0 0.6328125 0.8837962962962963 0.023958333333333335 0.025
0 0.6619791666666667 0.9143518518518519 0.034375 0.049074074074074076
0 0.6653645833333334 0.9203703703703704 0.0265625 0.03888888888888889
0 0.5885416666666666 0.6865740740740741 0.014583333333333334 0.028703703703703703
0 0.044270833333333336 0.837037037037037 0.011458333333333333 0.03333333333333333
0 0.8734375 0.5625 0.009375 0.028703703703703703
0 0.7979166666666667 0.5518518518518518 0.020833333333333332 0.04814814814814815
0 0.47239583333333335 0.29259259259259257 0.011458333333333333 0.022222222222222223
0 0.19296875 0.22870370370370371 0.0078125 0.018518518518518517
0 0.7098958333333333 0.9810185185185185 0.015625 0.03611111111111111
0 0.6354166666666666 0.9782407407407407 0.020833333333333332 0.032407407407407406
0 0.68125 0.8930555555555556 0.015625 0.025
0 0.72578125 0.9138888888888889 0.0109375 0.018518518518518517
0 0.55234375 0.7282407407407407 0.0390625 0.06388888888888888
0 0.8372395833333334 0.7587962962962963 0.009895833333333333 0.025
0 0.7361979166666667 0.7226851851851852 0.0078125 0.03425925925925926
0 0.9302083333333333 0.41388888888888886 0.010416666666666666 0.011111111111111112
0 0.709375 0.5291666666666667 0.007291666666666667 0.019444444444444445
0 0.6421875 0.5407407407407407 0.008333333333333333 0.011111111111111112
0 0.4830729166666667 0.2 0.03697916666666667 0.07407407407407407
0 0.3953125 0.6888888888888889 0.0125 0.014814814814814815
0 0.0109375 0.8152777777777778 0.009375 0.026851851851851852
0 0.36354166666666665 0.8833333333333333 0.0125 0.016666666666666666
0 0.31744791666666666 0.6194444444444445 0.009895833333333333 0.014814814814814815
1 0.49973958333333335 0.5370370370370371 0.9994791666666667 0.924074074074074
0 0.1640625 0.31157407407407406 0.011458333333333333 0.032407407407407406
0 0.27890625 0.12777777777777777 0.024479166666666666 0.046296296296296294
0 0.08776041666666666 0.2800925925925926 0.011979166666666667 0.021296296296296296
0 0.21614583333333334 0.8967592592592593 0.028125 0.041666666666666664
0 0.3697916666666667 0.9263888888888889 0.010416666666666666 0.03981481481481482
0 0.5934895833333333 0.8425925925925926 0.0265625 0.037037037037037035
0 0.5880208333333333 0.8060185185185185 0.023958333333333335 0.03981481481481482
0 0.5872395833333334 0.9768518518518519 0.0921875 0.044444444444444446
0 0.6328125 0.8837962962962963 0.023958333333333335 0.025
0 0.6619791666666667 0.9143518518518519 0.034375 0.049074074074074076
0 0.6653645833333334 0.9203703703703704 0.0265625 0.03888888888888889
0 0.5885416666666666 0.6865740740740741 0.014583333333333334 0.028703703703703703
0 0.044270833333333336 0.837037037037037 0.011458333333333333 0.03333333333333333
0 0.8734375 0.5625 0.009375 0.028703703703703703
0 0.7979166666666667 0.5518518518518518 0.020833333333333332 0.04814814814814815
0 0.47239583333333335 0.29259259259259257 0.011458333333333333 0.022222222222222223
0 0.19296875 0.22870370370370371 0.0078125 0.018518518518518517
0 0.7098958333333333 0.9810185185185185 0.015625 0.03611111111111111
0 0.6354166666666666 0.9782407407407407 0.020833333333333332 0.032407407407407406
0 0.68125 0.8930555555555556 0.015625 0.025
0 0.72578125 0.9138888888888889 0.0109375 0.018518518518518517
0 0.55234375 0.7282407407407407 0.0390625 0.06388888888888888
0 0.8372395833333334 0.7587962962962963 0.009895833333333333 0.025
0 0.7361979166666667 0.7226851851851852 0.0078125 0.03425925925925926
0 0.9302083333333333 0.41388888888888886 0.010416666666666666 0.011111111111111112
0 0.709375 0.5291666666666667 0.007291666666666667 0.019444444444444445
0 0.6421875 0.5407407407407407 0.008333333333333333 0.011111111111111112
0 0.4830729166666667 0.2 0.03697916666666667 0.07407407407407407
0 0.3953125 0.6888888888888889 0.0125 0.014814814814814815
0 0.0109375 0.8152777777777778 0.009375 0.026851851851851852
0 0.36354166666666665 0.8833333333333333 0.0125 0.016666666666666666
0 0.31744791666666666 0.6194444444444445 0.009895833333333333 0.014814814814814815
1 0.5 0.4798074074074074 1.0 0.9596148148148148
0 0.18488359375 0.7796189814814816 0.0135171875 0.033312037037037036
0 0.3148734375 0.929851388888889 0.026621875 0.04673981481481482
0 0.11152291666666667 0.8319013888888889 0.0115875 0.023062037037037037
0 0.18455104166666667 0.1876625 0.02639375 0.040139814814814816
0 0.3339296875 0.11481527777777778 0.012651041666666666 0.038889814814814815
0 0.5625794270833333 0.13646250000000001 0.0241171875 0.034036111111111114
0 0.5603507812499999 0.17335462962962964 0.0238265625 0.03745
0 0.5444341145833334 0.012352314814814816 0.09303489583333334 0.024704629629629632
0 0.5976750000000001 0.08439675925925925 0.023475000000000003 0.02064537037037037
0 0.6240317708333334 0.04735740740740741 0.034521875 0.05397407407407408
0 0.6264325520833334 0.03886666666666667 0.027865104166666665 0.038844444444444445
0 0.5708442708333333 0.29015092592592595 0.013563541666666668 0.02845
0 0.0202828125 0.2941824074074074 0.011398958333333332 0.03466111111111111
0 0.8637283854166667 0.33440046296296294 0.0097484375 0.028060185185185185
0 0.7901028645833333 0.3661375 0.0229140625 0.04523796296296296
0 0.4907263020833333 0.7126087962962963 0.012702604166666666 0.021513888888888888
0 0.22065572916666668 0.853025925925926 0.009019791666666667 0.019014814814814818
0 0.6444190104166666 0.06220138888888888 0.015921354166666665 0.024402777777777777
0 0.6862614583333334 0.02822777777777778 0.01210625 0.017566666666666668
0 0.5308625 0.26161527777777777 0.037766666666666664 0.06397129629629629
0 0.8104125 0.15061435185185185 0.009366666666666667 0.027154629629629633
0 0.71333203125 0.2139236111111111 0.009997395833333334 0.03340277777777778
0 0.9324505208333334 0.4648115740740741 0.009692708333333333 0.012956481481481482
0 0.7041713541666667 0.4134509259259259 0.008342708333333334 0.019494444444444443
0 0.6369598958333333 0.4205347222222222 0.007253125 0.013291666666666667
0 0.5094541666666667 0.8028597222222221 0.03245 0.07794166666666667
0 0.3796106770833333 0.3431532407407408 0.012346354166666665 0.01593611111111111
0 0.33105963541666666 0.15964074074074075 0.013160937499999999 0.01742962962962963
0 0.30889062500000003 0.43296805555555556 0.009447916666666667 0.01593611111111111
1 0.49973958333333335 0.5370370370370371 0.9994791666666667 0.924074074074074
0 0.1640625 0.31157407407407406 0.011458333333333333 0.032407407407407406
0 0.27890625 0.12777777777777777 0.024479166666666666 0.046296296296296294
0 0.08776041666666666 0.2800925925925926 0.011979166666666667 0.021296296296296296
0 0.21614583333333334 0.8967592592592593 0.028125 0.041666666666666664
0 0.3697916666666667 0.9263888888888889 0.010416666666666666 0.03981481481481482
0 0.5934895833333333 0.8425925925925926 0.0265625 0.037037037037037035
0 0.5880208333333333 0.8060185185185185 0.023958333333333335 0.03981481481481482
0 0.5872395833333334 0.9768518518518519 0.0921875 0.044444444444444446
0 0.6328125 0.8837962962962963 0.023958333333333335 0.025
0 0.6619791666666667 0.9143518518518519 0.034375 0.049074074074074076
0 0.6653645833333334 0.9203703703703704 0.0265625 0.03888888888888889
0 0.5885416666666666 0.6865740740740741 0.014583333333333334 0.028703703703703703
0 0.044270833333333336 0.837037037037037 0.011458333333333333 0.03333333333333333
0 0.8734375 0.5625 0.009375 0.028703703703703703
0 0.7979166666666667 0.5518518518518518 0.020833333333333332 0.04814814814814815
0 0.47239583333333335 0.29259259259259257 0.011458333333333333 0.022222222222222223
0 0.19296875 0.22870370370370371 0.0078125 0.018518518518518517
0 0.7098958333333333 0.9810185185185185 0.015625 0.03611111111111111
0 0.6354166666666666 0.9782407407407407 0.020833333333333332 0.032407407407407406
0 0.68125 0.8930555555555556 0.015625 0.025
0 0.72578125 0.9138888888888889 0.0109375 0.018518518518518517
0 0.55234375 0.7282407407407407 0.0390625 0.06388888888888888
0 0.8372395833333334 0.7587962962962963 0.009895833333333333 0.025
0 0.7361979166666667 0.7226851851851852 0.0078125 0.03425925925925926
0 0.9302083333333333 0.41388888888888886 0.010416666666666666 0.011111111111111112
0 0.709375 0.5291666666666667 0.007291666666666667 0.019444444444444445
0 0.6421875 0.5407407407407407 0.008333333333333333 0.011111111111111112
0 0.4830729166666667 0.2 0.03697916666666667 0.07407407407407407
0 0.3953125 0.6888888888888889 0.0125 0.014814814814814815
0 0.0109375 0.8152777777777778 0.009375 0.026851851851851852
0 0.36354166666666665 0.8833333333333333 0.0125 0.016666666666666666
0 0.31744791666666666 0.6194444444444445 0.009895833333333333 0.014814814814814815
