1 0.5112036458333333 0.4919643518518519 0.977615625 0.9839287037037038
0 0.3974109375 0.770549074074074 0.023988541666666665 0.054061111111111115
0 0.5278942708333333 0.7044902777777778 0.015163541666666667 0.047869444444444444
0 0.4955484375 0.8528490740740741 0.015055208333333332 0.024216666666666668
0 0.34541354166666666 0.7065388888888889 0.009577083333333335 0.02789259259259259
0 0.37478229166666666 0.7132476851851852 0.014147916666666668 0.01723611111111111
0 0.4355760416666667 0.7652259259259259 0.008652083333333333 0.013785185185185185
0 0.5117057291666667 0.4757384259259259 0.019244791666666667 0.021847222222222223
0 0.5259052083333333 0.5520291666666667 0.020560416666666668 0.026280555555555554
0 0.5423020833333333 0.3999611111111111 0.016895833333333332 0.04066296296296296
0 0.3945307291666667 0.4219675925925926 0.009894791666666668 0.01800925925925926
0 0.42239322916666666 0.4364162037037037 0.010411458333333333 0.02468425925925926
0 0.36202239583333334 0.5284583333333334 0.011544791666666667 0.01987962962962963
0 0.382384375 0.29548981481481484 0.01789375 0.024312962962962963
0 0.3891848958333333 0.32192731481481485 0.007536458333333333 0.030891666666666668
0 0.25504791666666665 0.42077453703703704 0.018429166666666667 0.05451203703703703
0 0.4182692708333333 0.31478981481481483 0.013621875 0.036987037037037034
0 0.37015312499999997 0.2524888888888889 0.00593125 0.014237037037037036
0 0.8177005208333333 0.39086296296296297 0.009359375 0.015059259259259258
0 0.43307942708333336 0.8905578703703704 0.006783854166666667 0.016300925925925927
0 0.3246153645833333 0.07979305555555556 0.014855729166666666 0.01699351851851852
0 0.34531640625000004 0.1036787037037037 0.013549479166666666 0.024024074074074076
0 0.46050234375 0.11613796296296297 0.013713020833333334 0.030424074074074072
0 0.28532682291666667 0.23951064814814813 0.008153645833333332 0.016058333333333334
0 0.26495 0.3363611111111111 0.014275000000000001 0.026425925925925926
0 0.3146830729166667 0.28664212962962965 0.007491145833333333 0.012173148148148148
0 0.9627552083333334 0.4384537037037037 0.009885416666666667 0.03801851851851852
0 0.83238828125 0.3642092592592593 0.009568229166666666 0.022862962962962963
1 0.5119791666666667 0.5208333333333334 0.975 0.9564814814814815
0 0.3796875 0.2537037037037037 0.025 0.05185185185185185
0 0.5138020833333333 0.29074074074074074 0.015104166666666667 0.046296296296296294
0 0.47161458333333334 0.15046296296296297 0.015104166666666667 0.023148148148148147
0 0.3328125 0.3282407407407407 0.010416666666666666 0.026851851851851852
0 0.3611979166666667 0.31574074074074077 0.0140625 0.018518518518518517
0 0.41770833333333335 0.2513888888888889 0.008333333333333333 0.013888888888888888
0 0.5130208333333334 0.5208333333333334 0.01875 0.023148148148148147
0 0.5221354166666666 0.44351851851851853 0.021354166666666667 0.025925925925925925
0 0.5486979166666667 0.5907407407407408 0.015104166666666667 0.040740740740740744
0 0.4010416666666667 0.600925925925926 0.010416666666666666 0.016666666666666666
0 0.42734375 0.5796296296296296 0.0109375 0.024074074074074074
0 0.3606770833333333 0.5018518518518519 0.0109375 0.020370370370370372
0 0.396875 0.7277777777777777 0.017708333333333333 0.024074074074074074
0 0.40208333333333335 0.700462962962963 0.007291666666666667 0.030555555555555555
0 0.26328125 0.6314814814814815 0.019270833333333334 0.05185185185185185
0 0.4315104166666667 0.7018518518518518 0.013020833333333334 0.037037037037037035
0 0.38776041666666666 0.774537037037037 0.005729166666666666 0.013888888888888888
0 0.82265625 0.5393518518518519 0.008854166666666666 0.01574074074074074
0 0.40729166666666666 0.12685185185185185 0.007291666666666667 0.016666666666666666
0 0.35520833333333335 0.9550925925925926 0.014583333333333334 0.017592592592592594
0 0.3734375 0.9263888888888889 0.0125 0.025
0 0.4864583333333333 0.8898148148148148 0.014583333333333334 0.02962962962962963
0 0.6278645833333333 0.9856481481481482 0.019270833333333334 0.026851851851851852
0 0.30494791666666665 0.8046296296296296 0.008854166666666666 0.014814814814814815
0 0.278125 0.7143518518518519 0.014583333333333334 0.026851851851851852
0 0.3307291666666667 0.7523148148148148 0.007291666666666667 0.012037037037037037
0 0.96328125 0.46064814814814814 0.009895833333333333 0.03796296296296296
0 0.9473958333333333 0.9333333333333333 0.0125 0.037037037037037035
0 0.8393229166666667 0.5634259259259259 0.009895833333333333 0.023148148148148147
1 0.5112036458333333 0.4919643518518519 0.977615625 0.9839287037037038
0 0.3974109375 0.770549074074074 0.023988541666666665 0.054061111111111115
0 0.5278942708333333 0.7044902777777778 0.015163541666666667 0.047869444444444444
0 0.4955484375 0.8528490740740741 0.015055208333333332 0.024216666666666668
0 0.34541354166666666 0.7065388888888889 0.009577083333333335 0.02789259259259259
0 0.37478229166666666 0.7132476851851852 0.014147916666666668 0.01723611111111111
0 0.4355760416666667 0.7652259259259259 0.008652083333333333 0.013785185185185185
0 0.5117057291666667 0.4757384259259259 0.019244791666666667 0.021847222222222223
0 0.5259052083333333 0.5520291666666667 0.020560416666666668 0.026280555555555554
0 0.5423020833333333 0.3999611111111111 0.016895833333333332 0.04066296296296296
0 0.3945307291666667 0.4219675925925926 0.009894791666666668 0.01800925925925926
0 0.42239322916666666 0.4364162037037037 0.010411458333333333 0.02468425925925926
0 0.36202239583333334 0.5284583333333334 0.011544791666666667 0.01987962962962963
0 0.382384375 0.29548981481481484 0.01789375 0.024312962962962963
0 0.3891848958333333 0.32192731481481485 0.007536458333333333 0.030891666666666668
0 0.25504791666666665 0.42077453703703704 0.018429166666666667 0.05451203703703703
0 0.4182692708333333 0.31478981481481483 0.013621875 0.036987037037037034
0 0.37015312499999997 0.2524888888888889 0.00593125 0.014237037037037036
0 0.8177005208333333 0.39086296296296297 0.009359375 0.015059259259259258
0 0.43307942708333336 0.8905578703703704 0.006783854166666667 0.016300925925925927
0 0.3246153645833333 0.07979305555555556 0.014855729166666666 0.01699351851851852
0 0.34531640625000004 0.1036787037037037 0.013549479166666666 0.024024074074074076
0 0.46050234375 0.11613796296296297 0.013713020833333334 0.030424074074074072
0 0.28532682291666667 0.23951064814814813 0.008153645833333332 0.016058333333333334
0 0.26495 0.3363611111111111 0.014275000000000001 0.026425925925925926
0 0.3146830729166667 0.28664212962962965 0.007491145833333333 0.012173148148148148
0 0.9627552083333334 0.4384537037037037 0.009885416666666667 0.03801851851851852
0 0.83238828125 0.3642092592592593 0.009568229166666666 0.022862962962962963
1 0.5112036458333333 0.4919643518518519 0.977615625 0.9839287037037038
0 0.3974109375 0.770549074074074 0.023988541666666665 0.054061111111111115
0 0.5278942708333333 0.7044902777777778 0.015163541666666667 0.047869444444444444
0 0.4955484375 0.8528490740740741 0.015055208333333332 0.024216666666666668
0 0.34541354166666666 0.7065388888888889 0.009577083333333335 0.02789259259259259
0 0.37478229166666666 0.7132476851851852 0.014147916666666668 0.01723611111111111
0 0.4355760416666667 0.7652259259259259 0.008652083333333333 0.013785185185185185
0 0.5117057291666667 0.4757384259259259 0.019244791666666667 0.021847222222222223
0 0.5259052083333333 0.5520291666666667 0.020560416666666668 0.026280555555555554
0 0.5423020833333333 0.3999611111111111 0.016895833333333332 0.04066296296296296
0 0.3945307291666667 0.4219675925925926 0.009894791666666668 0.01800925925925926
0 0.42239322916666666 0.4364162037037037 0.010411458333333333 0.02468425925925926
0 0.36202239583333334 0.5284583333333334 0.011544791666666667 0.01987962962962963
0 0.382384375 0.29548981481481484 0.01789375 0.024312962962962963
0 0.3891848958333333 0.32192731481481485 0.007536458333333333 0.030891666666666668
0 0.25504791666666665 0.42077453703703704 0.018429166666666667 0.05451203703703703
0 0.4182692708333333 0.31478981481481483 0.013621875 0.036987037037037034
0 0.37015312499999997 0.2524888888888889 0.00593125 0.014237037037037036
0 0.8177005208333333 0.39086296296296297 0.009359375 0.015059259259259258
0 0.43307942708333336 0.8905578703703704 0.006783854166666667 0.016300925925925927
0 0.3246153645833333 0.07979305555555556 0.014855729166666666 0.01699351851851852
0 0.34531640625000004 0.1036787037037037 0.013549479166666666 0.024024074074074076
0 0.46050234375 0.11613796296296297 0.013713020833333334 0.030424074074074072
0 0.28532682291666667 0.23951064814814813 0.008153645833333332 0.016058333333333334
0 0.26495 0.3363611111111111 0.014275000000000001 0.026425925925925926
0 0.3146830729166667 0.28664212962962965 0.007491145833333333 0.012173148148148148
0 0.9627552083333334 0.4384537037037037 0.009885416666666667 0.03801851851851852
0 0.83238828125 0.3642092592592593 0.009568229166666666 0.022862962962962963
1 0.5119791666666667 0.5208333333333334 0.975 0.9564814814814815
0 0.3796875 0.2537037037037037 0.025 0.05185185185185185
0 0.5138020833333333 0.29074074074074074 0.015104166666666667 0.046296296296296294
0 0.47161458333333334 0.15046296296296297 0.015104166666666667 0.023148148148148147
0 0.3328125 0.3282407407407407 0.010416666666666666 0.026851851851851852
0 0.3611979166666667 0.31574074074074077 0.0140625 0.018518518518518517
0 0.41770833333333335 0.2513888888888889 0.008333333333333333 0.013888888888888888
0 0.5130208333333334 0.5208333333333334 0.01875 0.023148148148148147
0 0.5221354166666666 0.44351851851851853 0.021354166666666667 0.025925925925925925
0 0.5486979166666667 0.5907407407407408 0.015104166666666667 0.040740740740740744
0 0.4010416666666667 0.600925925925926 0.010416666666666666 0.016666666666666666
0 0.42734375 0.5796296296296296 0.0109375 0.024074074074074074
0 0.3606770833333333 0.5018518518518519 0.0109375 0.020370370370370372
0 0.396875 0.7277777777777777 0.017708333333333333 0.024074074074074074
0 0.40208333333333335 0.700462962962963 0.007291666666666667 0.030555555555555555
0 0.26328125 0.6314814814814815 0.019270833333333334 0.05185185185185185
0 0.4315104166666667 0.7018518518518518 0.013020833333333334 0.037037037037037035
0 0.38776041666666666 0.774537037037037 0.005729166666666666 0.013888888888888888
0 0.82265625 0.5393518518518519 0.008854166666666666 0.01574074074074074
0 0.40729166666666666 0.12685185185185185 0.007291666666666667 0.016666666666666666
0 0.35520833333333335 0.9550925925925926 0.014583333333333334 0.017592592592592594
0 0.3734375 0.9263888888888889 0.0125 0.025
0 0.4864583333333333 0.8898148148148148 0.014583333333333334 0.02962962962962963
0 0.6278645833333333 0.9856481481481482 0.019270833333333334 0.026851851851851852
0 0.30494791666666665 0.8046296296296296 0.008854166666666666 0.014814814814814815
0 0.278125 0.7143518518518519 0.014583333333333334 0.026851851851851852
0 0.3307291666666667 0.7523148148148148 0.007291666666666667 0.012037037037037037
0 0.96328125 0.46064814814814814 0.009895833333333333 0.03796296296296296
0 0.9473958333333333 0.9333333333333333 0.0125 0.037037037037037035
0 0.8393229166666667 0.5634259259259259 0.009895833333333333 0.023148148148148147
1 0.5112036458333333 0.4919643518518519 0.977615625 0.9839287037037038
0 0.3974109375 0.770549074074074 0.023988541666666665 0.054061111111111115
0 0.5278942708333333 0.7044902777777778 0.015163541666666667 0.047869444444444444
0 0.4955484375 0.8528490740740741 0.015055208333333332 0.024216666666666668
0 0.34541354166666666 0.7065388888888889 0.009577083333333335 0.02789259259259259
0 0.37478229166666666 0.7132476851851852 0.014147916666666668 0.01723611111111111
0 0.4355760416666667 0.7652259259259259 0.008652083333333333 0.013785185185185185
0 0.5117057291666667 0.4757384259259259 0.019244791666666667 0.021847222222222223
0 0.5259052083333333 0.5520291666666667 0.020560416666666668 0.026280555555555554
0 0.5423020833333333 0.3999611111111111 0.016895833333333332 0.04066296296296296
0 0.3945307291666667 0.4219675925925926 0.009894791666666668 0.01800925925925926
0 0.42239322916666666 0.4364162037037037 0.010411458333333333 0.02468425925925926
0 0.36202239583333334 0.5284583333333334 0.011544791666666667 0.01987962962962963
0 0.382384375 0.29548981481481484 0.01789375 0.024312962962962963
0 0.3891848958333333 0.32192731481481485 0.007536458333333333 0.030891666666666668
0 0.25504791666666665 0.42077453703703704 0.018429166666666667 0.05451203703703703
0 0.4182692708333333 0.31478981481481483 0.013621875 0.036987037037037034
0 0.37015312499999997 0.2524888888888889 0.00593125 0.014237037037037036
0 0.8177005208333333 0.39086296296296297 0.009359375 0.015059259259259258
0 0.43307942708333336 0.8905578703703704 0.006783854166666667 0.016300925925925927
0 0.3246153645833333 0.07979305555555556 0.014855729166666666 0.01699351851851852
0 0.34531640625000004 0.1036787037037037 0.013549479166666666 0.024024074074074076
0 0.46050234375 0.11613796296296297 0.013713020833333334 0.030424074074074072
0 0.28532682291666667 0.23951064814814813 0.008153645833333332 0.016058333333333334
0 0.26495 0.3363611111111111 0.014275000000000001 0.026425925925925926
0 0.3146830729166667 0.28664212962962965 0.007491145833333333 0.012173148148148148
0 0.9627552083333334 0.4384537037037037 0.009885416666666667 0.03801851851851852
0 0.83238828125 0.3642092592592593 0.009568229166666666 0.022862962962962963
