1 0.49973958333333335 0.5324074074074074 0.9994791666666667 0.9333333333333333
0 0.61015625 0.3074074074074074 0.049479166666666664 0.07592592592592592
0 0.7104166666666667 0.475 0.017708333333333333 0.04259259259259259
0 0.6356770833333333 0.975462962962963 0.019270833333333334 0.025
0 0.22734375 0.6287037037037037 0.009895833333333333 0.018518518518518517
0 0.029166666666666667 0.6175925925925926 0.007291666666666667 0.018518518518518517
0 0.34791666666666665 0.17824074074074073 0.009375 0.05277777777777778
0 0.7580729166666667 0.23148148148148148 0.03697916666666667 0.10185185185185185
0 0.7481770833333333 0.5231481481481481 0.0140625 0.025925925925925925
0 0.39479166666666665 0.8467592592592592 0.010416666666666666 0.010185185185185186
0 0.29713541666666665 0.8986111111111111 0.008854166666666666 0.013888888888888888
0 0.5049479166666667 0.13796296296296295 0.011979166666666667 0.024074074074074074
0 0.64453125 0.11851851851851852 0.022395833333333334 0.08148148148148149
1 0.5 0.46999814814814816 1.0 0.9399962962962963
0 0.39754140625 0.7052587962962963 0.049249479166666665 0.07348055555555555
0 0.2913059895833333 0.5508740740740741 0.018028645833333336 0.04248888888888889
0 0.3455622395833334 0.04207731481481482 0.01924947916666667 0.026747222222222224
0 0.7670057291666666 0.3378435185185185 0.010053125 0.018279629629629632
0 0.9650770833333334 0.32414861111111115 0.0072375 0.018667592592592593
0 0.6642588541666666 0.8021537037037038 0.007684374999999999 0.052455555555555554
0 0.25387317708333335 0.7984657407407407 0.03899635416666667 0.10063518518518519
0 0.2515028645833333 0.5074083333333334 0.014464062500000001 0.025927777777777775
0 0.5911513020833333 0.14075 0.010427604166666667 0.01112962962962963
0 0.6869440104166666 0.07687824074074073 0.009304687499999999 0.013015740740740741
0 0.5091361979166666 0.8613402777777778 0.012022395833333333 0.02453240740740741
0 0.3707755208333333 0.8984583333333334 0.024884375 0.08025
1 0.5 0.5137 1.0 0.9718444444444445
0 0.5898679687499999 0.2762393518518519 0.0484859375 0.06914537037037037
0 0.7046802083333333 0.41084027777777776 0.018735416666666668 0.04205092592592592
0 0.6802234375 0.9265981481481481 0.019821875 0.029122222222222223
0 0.24416145833333333 0.7107291666666666 0.010197916666666666 0.01775462962962963
0 0.048147395833333335 0.7612115740740741 0.007753125 0.018719444444444445
0 0.3179447916666666 0.2303763888888889 0.00880625 0.051493518518518515
0 0.72603984375 0.1600574074074074 0.04166302083333333 0.0978925925925926
0 0.7465296875 0.44617962962962965 0.014934375 0.025692592592592593
0 0.4306953125 0.8738138888888889 0.010348958333333333 0.012442592592592594
0 0.33932265625 0.9552962962962963 0.0098953125 0.012444444444444444
0 0.46953072916666666 0.14239444444444443 0.011978125000000001 0.025529629629629628
0 0.6048182291666666 0.0807685185185185 0.028386458333333333 0.07820370370370369
1 0.49973958333333335 0.5324074074074074 0.9994791666666667 0.9333333333333333
0 0.61015625 0.3074074074074074 0.049479166666666664 0.07592592592592592
0 0.7104166666666667 0.475 0.017708333333333333 0.04259259259259259
0 0.6356770833333333 0.975462962962963 0.019270833333333334 0.025
0 0.22734375 0.6287037037037037 0.009895833333333333 0.018518518518518517
0 0.029166666666666667 0.6175925925925926 0.007291666666666667 0.018518518518518517
0 0.34791666666666665 0.17824074074074073 0.009375 0.05277777777777778
0 0.7580729166666667 0.23148148148148148 0.03697916666666667 0.10185185185185185
0 0.7481770833333333 0.5231481481481481 0.0140625 0.025925925925925925
0 0.39479166666666665 0.8467592592592592 0.010416666666666666 0.010185185185185186
0 0.29713541666666665 0.8986111111111111 0.008854166666666666 0.013888888888888888
0 0.5049479166666667 0.13796296296296295 0.011979166666666667 0.024074074074074074
0 0.64453125 0.11851851851851852 0.022395833333333334 0.08148148148148149
1 0.5 0.46999814814814816 1.0 0.9399962962962963
0 0.39754140625 0.7052587962962963 0.049249479166666665 0.07348055555555555
0 0.2913059895833333 0.5508740740740741 0.018028645833333336 0.04248888888888889
0 0.3455622395833334 0.04207731481481482 0.01924947916666667 0.026747222222222224
0 0.7670057291666666 0.3378435185185185 0.010053125 0.018279629629629632
0 0.9650770833333334 0.32414861111111115 0.0072375 0.018667592592592593
0 0.6642588541666666 0.8021537037037038 0.007684374999999999 0.052455555555555554
0 0.25387317708333335 0.7984657407407407 0.03899635416666667 0.10063518518518519
0 0.2515028645833333 0.5074083333333334 0.014464062500000001 0.025927777777777775
0 0.5911513020833333 0.14075 0.010427604166666667 0.01112962962962963
0 0.6869440104166666 0.07687824074074073 0.009304687499999999 0.013015740740740741
0 0.5091361979166666 0.8613402777777778 0.012022395833333333 0.02453240740740741
0 0.3707755208333333 0.8984583333333334 0.024884375 0.08025
1 0.5 0.5137 1.0 0.9718444444444445
0 0.5898679687499999 0.2762393518518519 0.0484859375 0.06914537037037037
0 0.7046802083333333 0.41084027777777776 0.018735416666666668 0.04205092592592592
0 0.6802234375 0.9265981481481481 0.019821875 0.029122222222222223
0 0.24416145833333333 0.7107291666666666 0.010197916666666666 0.01775462962962963
0 0.048147395833333335 0.7612115740740741 0.007753125 0.018719444444444445
0 0.3179447916666666 0.2303763888888889 0.00880625 0.051493518518518515
0 0.72603984375 0.1600574074074074 0.04166302083333333 0.0978925925925926
0 0.7465296875 0.44617962962962965 0.014934375 0.025692592592592593
0 0.4306953125 0.8738138888888889 0.010348958333333333 0.012442592592592594
0 0.33932265625 0.9552962962962963 0.0098953125 0.012444444444444444
0 0.46953072916666666 0.14239444444444443 0.011978125000000001 0.025529629629629628
0 0.6048182291666666 0.0807685185185185 0.028386458333333333 0.07820370370370369
