1 0.5 0.5293888888888889 1.0 0.9421111111111111
0 0.41100442708333335 0.2273074074074074 0.0084671875 0.024985185185185187
0 0.011565104166666666 0.6108055555555555 0.007505208333333333 0.014203703703703703
0 0.02980416666666667 0.7689777777777778 0.005441666666666667 0.01202962962962963
0 0.40217291666666666 0.8563458333333334 0.023095833333333333 0.04046944444444445
0 0.9439861979166667 0.6769347222222223 0.008805729166666667 0.04646203703703704
0 0.9334494791666667 0.6476652777777778 0.006482291666666667 0.011997222222222223
0 0.7676078125 0.21206157407407408 0.012298958333333334 0.025975
0 0.8912770833333333 0.5103027777777778 0.016929166666666665 0.018753703703703706
1 0.49973958333333335 0.525 0.9994791666666667 0.9481481481481482
0 0.41640625 0.22175925925925927 0.008854166666666666 0.025
0 0.009895833333333333 0.5800925925925926 0.007291666666666667 0.013888888888888888
0 0.025 0.7402777777777778 0.005208333333333333 0.012037037037037037
0 0.39505208333333336 0.8495370370370371 0.0234375 0.03981481481481482
0 0.9401041666666666 0.7046296296296296 0.009375 0.046296296296296294
0 0.9302083333333333 0.674537037037037 0.00625 0.012037037037037037
0 0.7731770833333333 0.22870370370370371 0.011979166666666667 0.025925925925925925
0 0.890625 0.5347222222222222 0.016666666666666666 0.019444444444444445
1 0.5 0.5274597222222223 1.0 0.9456601851851851
0 0.4137059895833334 0.22453518518518517 0.008661979166666667 0.024996296296296294
0 0.01099140625 0.594987037037037 0.007399479166666667 0.014048148148148148
0 0.027662760416666664 0.7550916666666667 0.005325520833333333 0.012035185185185185
0 0.3986143229166667 0.8524814814814814 0.0232703125 0.04014814814814815
0 0.9420458333333334 0.6907856481481481 0.009091666666666666 0.046386111111111114
0 0.9318294270833333 0.6615652777777777 0.0063671875 0.012019444444444444
0 0.7706539062500001 0.22038472222222222 0.012141145833333334 0.02595462962962963
0 0.8906919270833333 0.5225138888888889 0.016800520833333332 0.019101851851851852
1 0.5 0.5293888888888889 1.0 0.9421111111111111
0 0.41100442708333335 0.2273074074074074 0.0084671875 0.024985185185185187
0 0.011565104166666666 0.6108055555555555 0.007505208333333333 0.014203703703703703
0 0.02980416666666667 0.7689777777777778 0.005441666666666667 0.01202962962962963
0 0.40217291666666666 0.8563458333333334 0.023095833333333333 0.04046944444444445
0 0.9439861979166667 0.6769347222222223 0.008805729166666667 0.04646203703703704
0 0.9334494791666667 0.6476652777777778 0.006482291666666667 0.011997222222222223
0 0.7676078125 0.21206157407407408 0.012298958333333334 0.025975
0 0.8912770833333333 0.5103027777777778 0.016929166666666665 0.018753703703703706
1 0.49973958333333335 0.525 0.9994791666666667 0.9481481481481482
0 0.41640625 0.22175925925925927 0.008854166666666666 0.025
0 0.009895833333333333 0.5800925925925926 0.007291666666666667 0.013888888888888888
0 0.025 0.7402777777777778 0.005208333333333333 0.012037037037037037
0 0.39505208333333336 0.8495370370370371 0.0234375 0.03981481481481482
0 0.9401041666666666 0.7046296296296296 0.009375 0.046296296296296294
0 0.9302083333333333 0.674537037037037 0.00625 0.012037037037037037
0 0.7731770833333333 0.22870370370370371 0.011979166666666667 0.025925925925925925
0 0.890625 0.5347222222222222 0.016666666666666666 0.019444444444444445
1 0.5 0.5274597222222223 1.0 0.9456601851851851
0 0.4137059895833334 0.22453518518518517 0.008661979166666667 0.024996296296296294
0 0.01099140625 0.594987037037037 0.007399479166666667 0.014048148148148148
0 0.027662760416666664 0.7550916666666667 0.005325520833333333 0.012035185185185185
0 0.3986143229166667 0.8524814814814814 0.0232703125 0.04014814814814815
0 0.9420458333333334 0.6907856481481481 0.009091666666666666 0.046386111111111114
0 0.9318294270833333 0.6615652777777777 0.0063671875 0.012019444444444444
0 0.7706539062500001 0.22038472222222222 0.012141145833333334 0.02595462962962963
0 0.8906919270833333 0.5225138888888889 0.016800520833333332 0.019101851851851852
