1 0.48237812500000005 0.5946333333333332 0.9647562500000001 0.8114888888888889
1 0.09499036458333333 0.7766500000000001 0.18998072916666667 0.36996666666666667
1 0.034201302083333336 0.8971458333333333 0.06840260416666667 0.09984722222222221
0 0.5400981770833333 0.787799074074074 0.009363020833333334 0.020042592592592594
0 0.25464296875 0.7605851851851853 0.025952604166666667 0.024874074074074076
0 0.23779895833333334 0.813625925925926 0.013097916666666666 0.021696296296296293
0 0.21445963541666666 0.8532546296296296 0.0268359375 0.017620370370370373
0 0.16888776041666667 0.8817638888888888 0.006525520833333334 0.015379629629629629
0 0.14041328125 0.8932810185185186 0.004784895833333333 0.008784259259259259
0 0.1453453125 0.8116083333333334 0.0073572916666666665 0.02506851851851852
0 0.06639635416666666 0.5978583333333334 0.027584375 0.06238333333333333
0 0.09124713541666667 0.6617907407407407 0.006452604166666666 0.034692592592592594
0 0.062168229166666665 0.6395518518518518 0.018086458333333333 0.040214814814814814
0 0.023043749999999998 0.6740416666666667 0.0242125 0.03697222222222222
0 0.14956536458333333 0.5314643518518518 0.018922395833333334 0.022187962962962965
0 0.32989687500000003 0.5147555555555556 0.011877083333333333 0.022103703703703705
0 0.0672234375 0.4847773148148148 0.009446875 0.034369444444444446
0 0.41143124999999997 0.32161296296296293 0.0072375 0.013596296296296296
0 0.30685833333333334 0.3090361111111111 0.007466666666666667 0.02362777777777778
0 0.23424557291666667 0.3059212962962963 0.0059911458333333336 0.026657407407407407
0 0.29524661458333334 0.23314166666666666 0.009243229166666667 0.016283333333333334
0 0.2833830729166667 0.22385555555555556 0.0084328125 0.01993333333333333
0 0.24187994791666664 0.21772824074074074 0.0191765625 0.05582685185185185
0 0.031522916666666664 0.37892592592592594 0.0047125 0.011555555555555557
0 0.3607065104166667 0.5225648148148149 0.005788020833333333 0.019203703703703702
0 0.09661015625 0.6109365740740741 0.014053645833333333 0.018169444444444446
1 0.51640625 0.5995370370370371 0.9671875 0.8009259259259259
1 0.8953125 0.8240740740740741 0.20833333333333334 0.35
1 0.95625 0.9449074074074074 0.08645833333333333 0.10833333333333334
0 0.44869791666666664 0.7819444444444444 0.009895833333333333 0.019444444444444445
0 0.7346354166666667 0.7893518518518519 0.0265625 0.025
0 0.74921875 0.8458333333333333 0.013020833333333334 0.021296296296296296
0 0.7708333333333334 0.887962962962963 0.027083333333333334 0.014814814814814815
0 0.8151041666666666 0.9217592592592593 0.00625 0.01574074074074074
0 0.84296875 0.937037037037037 0.0046875 0.009259259259259259
0 0.84140625 0.8550925925925926 0.0078125 0.025
0 0.9286458333333333 0.6518518518518519 0.028125 0.06111111111111111
0 0.9010416666666666 0.7125 0.00625 0.03425925925925926
0 0.9317708333333333 0.6935185185185185 0.01875 0.03888888888888889
0 0.9692708333333333 0.7333333333333333 0.025 0.03518518518518519
0 0.8484375 0.5745370370370371 0.01875 0.023148148148148147
0 0.6690104166666667 0.5361111111111111 0.011979166666666667 0.022222222222222223
0 0.9322916666666666 0.538425925925926 0.010416666666666666 0.03425925925925926
0 0.5953125 0.33287037037037037 0.007291666666666667 0.013888888888888888
0 0.7002604166666667 0.3333333333333333 0.0078125 0.024074074074074074
0 0.77265625 0.33935185185185185 0.0067708333333333336 0.026851851851851852
0 0.7145833333333333 0.2587962962962963 0.009375 0.01574074074074074
0 0.7268229166666667 0.25092592592592594 0.008854166666666666 0.020370370370370372
0 0.7677083333333333 0.25046296296296294 0.01875 0.05648148148148148
0 0.9716145833333333 0.4375 0.0046875 0.012037037037037037
0 0.6377604166666667 0.5393518518518519 0.005729166666666666 0.019444444444444445
0 0.8979166666666667 0.6606481481481481 0.013541666666666667 0.019444444444444445
1 0.4889109375 0.582361574074074 0.977821875 0.8350935185185184
1 0.10383802083333334 0.8783921296296296 0.178509375 0.24382129629629629
0 0.5704596354166667 0.7689652777777778 0.0107109375 0.019412037037037037
0 0.2870958333333334 0.835611574074074 0.027316666666666666 0.024926851851851853
0 0.2766791666666667 0.8972106481481481 0.012733333333333334 0.020347222222222225
0 0.2578703125 0.9434296296296296 0.027198958333333335 0.012785185185185186
0 0.21598255208333333 0.9867976851851853 0.006965104166666666 0.016187962962962963
0 0.1856984375 0.9261828703703704 0.008896875 0.024587962962962964
0 0.08520364583333334 0.7439013888888889 0.028740625000000002 0.05817314814814815
0 0.11609635416666667 0.7980319444444445 0.008234375 0.03310092592592593
0 0.08432369791666666 0.7864407407407408 0.0196890625 0.0376962962962963
0 0.05002083333333333 0.832388888888889 0.026083333333333333 0.03514814814814815
0 0.15920520833333332 0.6493148148148148 0.018410416666666665 0.024555555555555556
0 0.33465416666666664 0.5731217592592592 0.012016666666666667 0.022169444444444446
0 0.073703125 0.6316476851851851 0.011989583333333333 0.03366574074074074
0 0.39427552083333334 0.3552666666666667 0.007301041666666667 0.014237037037037036
0 0.28970182291666663 0.3780263888888889 0.0085703125 0.024571296296296296
0 0.21808906249999999 0.39955 0.008053125 0.026877777777777778
0 0.27037265625 0.3073037037037037 0.0094953125 0.014607407407407407
0 0.25786822916666663 0.30211435185185187 0.009486458333333333 0.02089537037037037
0 0.21838984374999998 0.3109375 0.0180296875 0.057060185185185186
0 0.027815364583333335 0.5406277777777778 0.0045890625 0.012737037037037038
0 0.3657239583333334 0.5690782407407408 0.006447916666666667 0.01963796296296296
0 0.11614010416666667 0.7449810185185186 0.012488541666666667 0.021443518518518518
1 0.48237812500000005 0.5946333333333332 0.9647562500000001 0.8114888888888889
1 0.09499036458333333 0.7766500000000001 0.18998072916666667 0.36996666666666667
1 0.034201302083333336 0.8971458333333333 0.06840260416666667 0.09984722222222221
0 0.5400981770833333 0.787799074074074 0.009363020833333334 0.020042592592592594
0 0.25464296875 0.7605851851851853 0.025952604166666667 0.024874074074074076
0 0.23779895833333334 0.813625925925926 0.013097916666666666 0.021696296296296293
0 0.21445963541666666 0.8532546296296296 0.0268359375 0.017620370370370373
0 0.16888776041666667 0.8817638888888888 0.006525520833333334 0.015379629629629629
0 0.14041328125 0.8932810185185186 0.004784895833333333 0.008784259259259259
0 0.1453453125 0.8116083333333334 0.0073572916666666665 0.02506851851851852
0 0.06639635416666666 0.5978583333333334 0.027584375 0.06238333333333333
0 0.09124713541666667 0.6617907407407407 0.006452604166666666 0.034692592592592594
0 0.062168229166666665 0.6395518518518518 0.018086458333333333 0.040214814814814814
0 0.023043749999999998 0.6740416666666667 0.0242125 0.03697222222222222
0 0.14956536458333333 0.5314643518518518 0.018922395833333334 0.022187962962962965
0 0.32989687500000003 0.5147555555555556 0.011877083333333333 0.022103703703703705
0 0.0672234375 0.4847773148148148 0.009446875 0.034369444444444446
0 0.41143124999999997 0.32161296296296293 0.0072375 0.013596296296296296
0 0.30685833333333334 0.3090361111111111 0.007466666666666667 0.02362777777777778
0 0.23424557291666667 0.3059212962962963 0.0059911458333333336 0.026657407407407407
0 0.29524661458333334 0.23314166666666666 0.009243229166666667 0.016283333333333334
0 0.2833830729166667 0.22385555555555556 0.0084328125 0.01993333333333333
0 0.24187994791666664 0.21772824074074074 0.0191765625 0.05582685185185185
0 0.031522916666666664 0.37892592592592594 0.0047125 0.011555555555555557
0 0.3607065104166667 0.5225648148148149 0.005788020833333333 0.019203703703703702
0 0.09661015625 0.6109365740740741 0.014053645833333333 0.018169444444444446
1 0.51640625 0.5995370370370371 0.9671875 0.8009259259259259
1 0.8953125 0.8240740740740741 0.20833333333333334 0.35
1 0.95625 0.9449074074074074 0.08645833333333333 0.10833333333333334
0 0.44869791666666664 0.7819444444444444 0.009895833333333333 0.019444444444444445
0 0.7346354166666667 0.7893518518518519 0.0265625 0.025
0 0.74921875 0.8458333333333333 0.013020833333333334 0.021296296296296296
0 0.7708333333333334 0.887962962962963 0.027083333333333334 0.014814814814814815
0 0.8151041666666666 0.9217592592592593 0.00625 0.01574074074074074
0 0.84296875 0.937037037037037 0.0046875 0.009259259259259259
0 0.84140625 0.8550925925925926 0.0078125 0.025
0 0.9286458333333333 0.6518518518518519 0.028125 0.06111111111111111
0 0.9010416666666666 0.7125 0.00625 0.03425925925925926
0 0.9317708333333333 0.6935185185185185 0.01875 0.03888888888888889
0 0.9692708333333333 0.7333333333333333 0.025 0.03518518518518519
0 0.8484375 0.5745370370370371 0.01875 0.023148148148148147
0 0.6690104166666667 0.5361111111111111 0.011979166666666667 0.022222222222222223
0 0.9322916666666666 0.538425925925926 0.010416666666666666 0.03425925925925926
0 0.5953125 0.33287037037037037 0.007291666666666667 0.013888888888888888
0 0.7002604166666667 0.3333333333333333 0.0078125 0.024074074074074074
0 0.77265625 0.33935185185185185 0.0067708333333333336 0.026851851851851852
0 0.7145833333333333 0.2587962962962963 0.009375 0.01574074074074074
0 0.7268229166666667 0.25092592592592594 0.008854166666666666 0.020370370370370372
0 0.7677083333333333 0.25046296296296294 0.01875 0.05648148148148148
0 0.9716145833333333 0.4375 0.0046875 0.012037037037037037
0 0.6377604166666667 0.5393518518518519 0.005729166666666666 0.019444444444444445
0 0.8979166666666667 0.6606481481481481 0.013541666666666667 0.019444444444444445
1 0.4889109375 0.582361574074074 0.977821875 0.8350935185185184
1 0.10383802083333334 0.8783921296296296 0.178509375 0.24382129629629629
0 0.5704596354166667 0.7689652777777778 0.0107109375 0.019412037037037037
0 0.2870958333333334 0.835611574074074 0.027316666666666666 0.024926851851851853
0 0.2766791666666667 0.8972106481481481 0.012733333333333334 0.020347222222222225
0 0.2578703125 0.9434296296296296 0.027198958333333335 0.012785185185185186
0 0.21598255208333333 0.9867976851851853 0.006965104166666666 0.016187962962962963
0 0.1856984375 0.9261828703703704 0.008896875 0.024587962962962964
0 0.08520364583333334 0.7439013888888889 0.028740625000000002 0.05817314814814815
0 0.11609635416666667 0.7980319444444445 0.008234375 0.03310092592592593
0 0.08432369791666666 0.7864407407407408 0.0196890625 0.0376962962962963
0 0.05002083333333333 0.832388888888889 0.026083333333333333 0.03514814814814815
0 0.15920520833333332 0.6493148148148148 0.018410416666666665 0.024555555555555556
0 0.33465416666666664 0.5731217592592592 0.012016666666666667 0.022169444444444446
0 0.073703125 0.6316476851851851 0.011989583333333333 0.03366574074074074
0 0.39427552083333334 0.3552666666666667 0.007301041666666667 0.014237037037037036
0 0.28970182291666663 0.3780263888888889 0.0085703125 0.024571296296296296
0 0.21808906249999999 0.39955 0.008053125 0.026877777777777778
0 0.27037265625 0.3073037037037037 0.0094953125 0.014607407407407407
0 0.25786822916666663 0.30211435185185187 0.009486458333333333 0.02089537037037037
0 0.21838984374999998 0.3109375 0.0180296875 0.057060185185185186
0 0.027815364583333335 0.5406277777777778 0.0045890625 0.012737037037037038
0 0.3657239583333334 0.5690782407407408 0.006447916666666667 0.01963796296296296
0 0.11614010416666667 0.7449810185185186 0.012488541666666667 0.021443518518518518
1 0.48237812500000005 0.5946333333333332 0.9647562500000001 0.8114888888888889
1 0.09499036458333333 0.7766500000000001 0.18998072916666667 0.36996666666666667
1 0.034201302083333336 0.8971458333333333 0.06840260416666667 0.09984722222222221
0 0.5400981770833333 0.787799074074074 0.009363020833333334 0.020042592592592594
0 0.25464296875 0.7605851851851853 0.025952604166666667 0.024874074074074076
0 0.23779895833333334 0.813625925925926 0.013097916666666666 0.021696296296296293
0 0.21445963541666666 0.8532546296296296 0.0268359375 0.017620370370370373
0 0.16888776041666667 0.8817638888888888 0.006525520833333334 0.015379629629629629
0 0.14041328125 0.8932810185185186 0.004784895833333333 0.008784259259259259
0 0.1453453125 0.8116083333333334 0.0073572916666666665 0.02506851851851852
0 0.06639635416666666 0.5978583333333334 0.027584375 0.06238333333333333
0 0.09124713541666667 0.6617907407407407 0.006452604166666666 0.034692592592592594
0 0.062168229166666665 0.6395518518518518 0.018086458333333333 0.040214814814814814
0 0.023043749999999998 0.6740416666666667 0.0242125 0.03697222222222222
0 0.14956536458333333 0.5314643518518518 0.018922395833333334 0.022187962962962965
0 0.32989687500000003 0.5147555555555556 0.011877083333333333 0.022103703703703705
0 0.0672234375 0.4847773148148148 0.009446875 0.034369444444444446
0 0.41143124999999997 0.32161296296296293 0.0072375 0.013596296296296296
0 0.30685833333333334 0.3090361111111111 0.007466666666666667 0.02362777777777778
0 0.23424557291666667 0.3059212962962963 0.0059911458333333336 0.026657407407407407
0 0.29524661458333334 0.23314166666666666 0.009243229166666667 0.016283333333333334
0 0.2833830729166667 0.22385555555555556 0.0084328125 0.01993333333333333
0 0.24187994791666664 0.21772824074074074 0.0191765625 0.05582685185185185
0 0.031522916666666664 0.37892592592592594 0.0047125 0.011555555555555557
0 0.3607065104166667 0.5225648148148149 0.005788020833333333 0.019203703703703702
0 0.09661015625 0.6109365740740741 0.014053645833333333 0.018169444444444446
1 0.51640625 0.5995370370370371 0.9671875 0.8009259259259259
1 0.8953125 0.8240740740740741 0.20833333333333334 0.35
1 0.95625 0.9449074074074074 0.08645833333333333 0.10833333333333334
0 0.44869791666666664 0.7819444444444444 0.009895833333333333 0.019444444444444445
0 0.7346354166666667 0.7893518518518519 0.0265625 0.025
0 0.74921875 0.8458333333333333 0.013020833333333334 0.021296296296296296
0 0.7708333333333334 0.887962962962963 0.027083333333333334 0.014814814814814815
0 0.8151041666666666 0.9217592592592593 0.00625 0.01574074074074074
0 0.84296875 0.937037037037037 0.0046875 0.009259259259259259
0 0.84140625 0.8550925925925926 0.0078125 0.025
0 0.9286458333333333 0.6518518518518519 0.028125 0.06111111111111111
0 0.9010416666666666 0.7125 0.00625 0.03425925925925926
0 0.9317708333333333 0.6935185185185185 0.01875 0.03888888888888889
0 0.9692708333333333 0.7333333333333333 0.025 0.03518518518518519
0 0.8484375 0.5745370370370371 0.01875 0.023148148148148147
0 0.6690104166666667 0.5361111111111111 0.011979166666666667 0.022222222222222223
0 0.9322916666666666 0.538425925925926 0.010416666666666666 0.03425925925925926
0 0.5953125 0.33287037037037037 0.007291666666666667 0.013888888888888888
0 0.7002604166666667 0.3333333333333333 0.0078125 0.024074074074074074
0 0.77265625 0.33935185185185185 0.0067708333333333336 0.026851851851851852
0 0.7145833333333333 0.2587962962962963 0.009375 0.01574074074074074
0 0.7268229166666667 0.25092592592592594 0.008854166666666666 0.020370370370370372
0 0.7677083333333333 0.25046296296296294 0.01875 0.05648148148148148
0 0.9716145833333333 0.4375 0.0046875 0.012037037037037037
0 0.6377604166666667 0.5393518518518519 0.005729166666666666 0.019444444444444445
0 0.8979166666666667 0.6606481481481481 0.013541666666666667 0.019444444444444445
1 0.4889109375 0.582361574074074 0.977821875 0.8350935185185184
1 0.10383802083333334 0.8783921296296296 0.178509375 0.24382129629629629
0 0.5704596354166667 0.7689652777777778 0.0107109375 0.019412037037037037
0 0.2870958333333334 0.835611574074074 0.027316666666666666 0.024926851851851853
0 0.2766791666666667 0.8972106481481481 0.012733333333333334 0.020347222222222225
0 0.2578703125 0.9434296296296296 0.027198958333333335 0.012785185185185186
0 0.21598255208333333 0.9867976851851853 0.006965104166666666 0.016187962962962963
0 0.1856984375 0.9261828703703704 0.008896875 0.024587962962962964
0 0.08520364583333334 0.7439013888888889 0.028740625000000002 0.05817314814814815
0 0.11609635416666667 0.7980319444444445 0.008234375 0.03310092592592593
0 0.08432369791666666 0.7864407407407408 0.0196890625 0.0376962962962963
0 0.05002083333333333 0.832388888888889 0.026083333333333333 0.03514814814814815
0 0.15920520833333332 0.6493148148148148 0.018410416666666665 0.024555555555555556
0 0.33465416666666664 0.5731217592592592 0.012016666666666667 0.022169444444444446
0 0.073703125 0.6316476851851851 0.011989583333333333 0.03366574074074074
0 0.39427552083333334 0.3552666666666667 0.007301041666666667 0.014237037037037036
0 0.28970182291666663 0.3780263888888889 0.0085703125 0.024571296296296296
0 0.21808906249999999 0.39955 0.008053125 0.026877777777777778
0 0.27037265625 0.3073037037037037 0.0094953125 0.014607407407407407
0 0.25786822916666663 0.30211435185185187 0.009486458333333333 0.02089537037037037
0 0.21838984374999998 0.3109375 0.0180296875 0.057060185185185186
0 0.027815364583333335 0.5406277777777778 0.0045890625 0.012737037037037038
0 0.3657239583333334 0.5690782407407408 0.006447916666666667 0.01963796296296296
0 0.11614010416666667 0.7449810185185186 0.012488541666666667 0.021443518518518518
