1 0.5 0.4892087962962963 1.0 0.9784175925925926
0 0.65759765625 0.7235166666666667 0.018320312499999998 0.048885185185185184
0 0.6001385416666667 0.26340092592592595 0.01902708333333333 0.030505555555555553
0 0.8852354166666667 0.1393912037037037 0.0027625 0.0047083333333333335
0 0.88264375 0.13495648148148146 0.0027875 0.0069500000000000004
0 0.4469359375 0.1520111111111111 0.025121875000000002 0.022540740740740743
0 0.49513125 0.23324259259259258 0.006929166666666667 0.02204074074074074
0 0.44129817708333335 0.2137851851851852 0.0190546875 0.02757037037037037
0 0.4046518229166667 0.10629953703703704 0.008261979166666666 0.018154629629629628
0 0.7037416666666666 0.28496064814814814 0.008525 0.014365740740740741
0 0.36544947916666665 0.7453370370370371 0.009023958333333333 0.024007407407407408
0 0.34428307291666665 0.847175 0.012524479166666666 0.027683333333333334
0 0.1069671875 0.36213518518518517 0.009767708333333335 0.09278888888888889
0 0.10962812499999999 0.344675 0.00675625 0.059720370370370375
0 0.24842526041666665 0.4661462962962963 0.009350520833333332 0.030440740740740737
0 0.18609088541666666 0.6836287037037037 0.0138484375 0.03392407407407407
0 0.07947447916666667 0.42433564814814817 0.006865625 0.01904166666666667
0 0.09737578125 0.48037268518518517 0.0041265625 0.016300925925925927
0 0.11338098958333333 0.6314412037037037 0.0038453125 0.02584537037037037
0 0.30411223958333333 0.14200509259259259 0.0071828125 0.013639814814814815
0 0.15707265625 0.08288055555555555 0.0047703125 0.010205555555555556
0 0.38126171875000003 0.14539212962962964 0.004190104166666667 0.009302777777777778
0 0.2970453125 0.6967074074074073 0.004507291666666666 0.013785185185185185
1 0.49973958333333335 0.5143518518518518 0.9994791666666667 0.9694444444444444
0 0.35859375 0.24351851851851852 0.0203125 0.046296296296296294
0 0.3846354166666667 0.7134259259259259 0.0171875 0.03425925925925926
0 0.09259661458333333 0.774537037037037 0.0029015625 0.004629629629629629
0 0.09556588541666668 0.778501388888889 0.0025901041666666668 0.007002777777777778
0 0.5283854166666667 0.8564814814814815 0.024479166666666666 0.024074074074074074
0 0.4861979166666667 0.7662037037037037 0.0078125 0.021296296296296296
0 0.5388020833333333 0.7962962962962963 0.019270833333333334 0.027777777777777776
0 0.56796875 0.9111111111111111 0.0078125 0.018518518518518517
0 0.2833333333333333 0.6689814814814815 0.008333333333333333 0.01574074074074074
0 0.6502604166666667 0.2851851851851852 0.0078125 0.024074074074074074
0 0.6778645833333333 0.18888888888888888 0.011979166666666667 0.027777777777777776
0 0.8807291666666667 0.7217592592592592 0.0125 0.09166666666666666
0 0.87734375 0.7388888888888889 0.0067708333333333336 0.05925925925925926
0 0.7471354166666667 0.5884259259259259 0.008854166666666666 0.030555555555555555
0 0.8239583333333333 0.38564814814814813 0.011458333333333333 0.03611111111111111
0 0.9122395833333333 0.6662037037037037 0.0078125 0.017592592592592594
0 0.8981770833333333 0.6069444444444444 0.0036458333333333334 0.01574074074074074
0 0.8927083333333333 0.4537037037037037 0.003125 0.025925925925925925
0 0.66953125 0.8976851851851851 0.0078125 0.012037037037037037
0 0.8122395833333333 0.9879629629629629 0.0046875 0.009259259259259259
0 0.5932291666666667 0.8768518518518519 0.004166666666666667 0.009259259259259259
0 0.7145833333333333 0.34953703703703703 0.004166666666666667 0.013888888888888888
1 0.5 0.5 1.0 1.0
0 0.6199625 0.21183564814814815 0.022216666666666666 0.044041666666666666
0 0.6311864583333333 0.682849074074074 0.015497916666666667 0.03792037037037037
0 0.9249416666666667 0.6707462962962962 0.0030083333333333333 0.0044555555555555555
0 0.9222658854166668 0.6756893518518519 0.002865104166666667 0.006934259259259259
0 0.5001908854166667 0.8613328703703704 0.023298437499999998 0.028221296296296296
0 0.5343531250000001 0.7605444444444445 0.009331250000000001 0.02108888888888889
0 0.4847549479166667 0.8026425925925926 0.019509895833333336 0.027507407407407408
0 0.46451588541666666 0.924112962962963 0.0071567708333333336 0.018596296296296295
0 0.72741875 0.614187037037037 0.0079625 0.017262962962962963
0 0.3347515625 0.3248185185185185 0.007003125 0.02371111111111111
0 0.29960885416666666 0.23603287037037038 0.011717708333333333 0.027621296296296297
0 0.14055598958333335 0.8138009259259259 0.018611979166666667 0.08871296296296297
0 0.14518281249999998 0.8306777777777777 0.011198958333333333 0.05765185185185186
0 0.26297109375 0.6483981481481481 0.009275520833333334 0.030129629629629628
0 0.17062317708333333 0.46651944444444443 0.0089546875 0.038594444444444445
0 0.10489635416666668 0.7661421296296296 0.008751041666666666 0.015617592592592593
0 0.113621875 0.7046296296296296 0.004327083333333333 0.014814814814814815
0 0.10714088541666666 0.5510574074074075 0.004906770833333333 0.026188888888888887
0 0.36319348958333336 0.9356060185185185 0.008678645833333333 0.010100925925925926
0 0.43751588541666664 0.8962439814814814 0.0041984375 0.00915462962962963
0 0.2753421875 0.405025 0.004851041666666667 0.013753703703703704
1 0.5 0.4892087962962963 1.0 0.9784175925925926
0 0.65759765625 0.7235166666666667 0.018320312499999998 0.048885185185185184
0 0.6001385416666667 0.26340092592592595 0.01902708333333333 0.030505555555555553
0 0.8852354166666667 0.1393912037037037 0.0027625 0.0047083333333333335
0 0.88264375 0.13495648148148146 0.0027875 0.0069500000000000004
0 0.4469359375 0.1520111111111111 0.025121875000000002 0.022540740740740743
0 0.49513125 0.23324259259259258 0.006929166666666667 0.02204074074074074
0 0.44129817708333335 0.2137851851851852 0.0190546875 0.02757037037037037
0 0.4046518229166667 0.10629953703703704 0.008261979166666666 0.018154629629629628
0 0.7037416666666666 0.28496064814814814 0.008525 0.014365740740740741
0 0.36544947916666665 0.7453370370370371 0.009023958333333333 0.024007407407407408
0 0.34428307291666665 0.847175 0.012524479166666666 0.027683333333333334
0 0.1069671875 0.36213518518518517 0.009767708333333335 0.09278888888888889
0 0.10962812499999999 0.344675 0.00675625 0.059720370370370375
0 0.24842526041666665 0.4661462962962963 0.009350520833333332 0.030440740740740737
0 0.18609088541666666 0.6836287037037037 0.0138484375 0.03392407407407407
0 0.07947447916666667 0.42433564814814817 0.006865625 0.01904166666666667
0 0.09737578125 0.48037268518518517 0.0041265625 0.016300925925925927
0 0.11338098958333333 0.6314412037037037 0.0038453125 0.02584537037037037
0 0.30411223958333333 0.14200509259259259 0.0071828125 0.013639814814814815
0 0.15707265625 0.08288055555555555 0.0047703125 0.010205555555555556
0 0.38126171875000003 0.14539212962962964 0.004190104166666667 0.009302777777777778
0 0.2970453125 0.6967074074074073 0.004507291666666666 0.013785185185185185
1 0.49973958333333335 0.5143518518518518 0.9994791666666667 0.9694444444444444
0 0.35859375 0.24351851851851852 0.0203125 0.046296296296296294
0 0.3846354166666667 0.7134259259259259 0.0171875 0.03425925925925926
0 0.09259661458333333 0.774537037037037 0.0029015625 0.004629629629629629
0 0.09556588541666668 0.778501388888889 0.0025901041666666668 0.007002777777777778
0 0.5283854166666667 0.8564814814814815 0.024479166666666666 0.024074074074074074
0 0.4861979166666667 0.7662037037037037 0.0078125 0.021296296296296296
0 0.5388020833333333 0.7962962962962963 0.019270833333333334 0.027777777777777776
0 0.56796875 0.9111111111111111 0.0078125 0.018518518518518517
0 0.2833333333333333 0.6689814814814815 0.008333333333333333 0.01574074074074074
0 0.6502604166666667 0.2851851851851852 0.0078125 0.024074074074074074
0 0.6778645833333333 0.18888888888888888 0.011979166666666667 0.027777777777777776
0 0.8807291666666667 0.7217592592592592 0.0125 0.09166666666666666
0 0.87734375 0.7388888888888889 0.0067708333333333336 0.05925925925925926
0 0.7471354166666667 0.5884259259259259 0.008854166666666666 0.030555555555555555
0 0.8239583333333333 0.38564814814814813 0.011458333333333333 0.03611111111111111
0 0.9122395833333333 0.6662037037037037 0.0078125 0.017592592592592594
0 0.8981770833333333 0.6069444444444444 0.0036458333333333334 0.01574074074074074
0 0.8927083333333333 0.4537037037037037 0.003125 0.025925925925925925
0 0.66953125 0.8976851851851851 0.0078125 0.012037037037037037
0 0.8122395833333333 0.9879629629629629 0.0046875 0.009259259259259259
0 0.5932291666666667 0.8768518518518519 0.004166666666666667 0.009259259259259259
0 0.7145833333333333 0.34953703703703703 0.004166666666666667 0.013888888888888888
1 0.5 0.5 1.0 1.0
0 0.6199625 0.21183564814814815 0.022216666666666666 0.044041666666666666
0 0.6311864583333333 0.682849074074074 0.015497916666666667 0.03792037037037037
0 0.9249416666666667 0.6707462962962962 0.0030083333333333333 0.0044555555555555555
0 0.9222658854166668 0.6756893518518519 0.002865104166666667 0.006934259259259259
0 0.5001908854166667 0.8613328703703704 0.023298437499999998 0.028221296296296296
0 0.5343531250000001 0.7605444444444445 0.009331250000000001 0.02108888888888889
0 0.4847549479166667 0.8026425925925926 0.019509895833333336 0.027507407407407408
0 0.46451588541666666 0.924112962962963 0.0071567708333333336 0.018596296296296295
0 0.72741875 0.614187037037037 0.0079625 0.017262962962962963
0 0.3347515625 0.3248185185185185 0.007003125 0.02371111111111111
0 0.29960885416666666 0.23603287037037038 0.011717708333333333 0.027621296296296297
0 0.14055598958333335 0.8138009259259259 0.018611979166666667 0.08871296296296297
0 0.14518281249999998 0.8306777777777777 0.011198958333333333 0.05765185185185186
0 0.26297109375 0.6483981481481481 0.009275520833333334 0.030129629629629628
0 0.17062317708333333 0.46651944444444443 0.0089546875 0.038594444444444445
0 0.10489635416666668 0.7661421296296296 0.008751041666666666 0.015617592592592593
0 0.113621875 0.7046296296296296 0.004327083333333333 0.014814814814814815
0 0.10714088541666666 0.5510574074074075 0.004906770833333333 0.026188888888888887
0 0.36319348958333336 0.9356060185185185 0.008678645833333333 0.010100925925925926
0 0.43751588541666664 0.8962439814814814 0.0041984375 0.00915462962962963
0 0.2753421875 0.405025 0.004851041666666667 0.013753703703703704
1 0.5 0.4892087962962963 1.0 0.9784175925925926
0 0.65759765625 0.7235166666666667 0.018320312499999998 0.048885185185185184
0 0.6001385416666667 0.26340092592592595 0.01902708333333333 0.030505555555555553
0 0.8852354166666667 0.1393912037037037 0.0027625 0.0047083333333333335
0 0.88264375 0.13495648148148146 0.0027875 0.0069500000000000004
0 0.4469359375 0.1520111111111111 0.025121875000000002 0.022540740740740743
0 0.49513125 0.23324259259259258 0.006929166666666667 0.02204074074074074
0 0.44129817708333335 0.2137851851851852 0.0190546875 0.02757037037037037
0 0.4046518229166667 0.10629953703703704 0.008261979166666666 0.018154629629629628
0 0.7037416666666666 0.28496064814814814 0.008525 0.014365740740740741
0 0.36544947916666665 0.7453370370370371 0.009023958333333333 0.024007407407407408
0 0.34428307291666665 0.847175 0.012524479166666666 0.027683333333333334
0 0.1069671875 0.36213518518518517 0.009767708333333335 0.09278888888888889
0 0.10962812499999999 0.344675 0.00675625 0.059720370370370375
0 0.24842526041666665 0.4661462962962963 0.009350520833333332 0.030440740740740737
0 0.18609088541666666 0.6836287037037037 0.0138484375 0.03392407407407407
0 0.07947447916666667 0.42433564814814817 0.006865625 0.01904166666666667
0 0.09737578125 0.48037268518518517 0.0041265625 0.016300925925925927
0 0.11338098958333333 0.6314412037037037 0.0038453125 0.02584537037037037
0 0.30411223958333333 0.14200509259259259 0.0071828125 0.013639814814814815
0 0.15707265625 0.08288055555555555 0.0047703125 0.010205555555555556
0 0.38126171875000003 0.14539212962962964 0.004190104166666667 0.009302777777777778
0 0.2970453125 0.6967074074074073 0.004507291666666666 0.013785185185185185
1 0.49973958333333335 0.5143518518518518 0.9994791666666667 0.9694444444444444
0 0.35859375 0.24351851851851852 0.0203125 0.046296296296296294
0 0.3846354166666667 0.7134259259259259 0.0171875 0.03425925925925926
0 0.09259661458333333 0.774537037037037 0.0029015625 0.004629629629629629
0 0.09556588541666668 0.778501388888889 0.0025901041666666668 0.007002777777777778
0 0.5283854166666667 0.8564814814814815 0.024479166666666666 0.024074074074074074
0 0.4861979166666667 0.7662037037037037 0.0078125 0.021296296296296296
0 0.5388020833333333 0.7962962962962963 0.019270833333333334 0.027777777777777776
0 0.56796875 0.9111111111111111 0.0078125 0.018518518518518517
0 0.2833333333333333 0.6689814814814815 0.008333333333333333 0.01574074074074074
0 0.6502604166666667 0.2851851851851852 0.0078125 0.024074074074074074
0 0.6778645833333333 0.18888888888888888 0.011979166666666667 0.027777777777777776
0 0.8807291666666667 0.7217592592592592 0.0125 0.09166666666666666
0 0.87734375 0.7388888888888889 0.0067708333333333336 0.05925925925925926
0 0.7471354166666667 0.5884259259259259 0.008854166666666666 0.030555555555555555
0 0.8239583333333333 0.38564814814814813 0.011458333333333333 0.03611111111111111
0 0.9122395833333333 0.6662037037037037 0.0078125 0.017592592592592594
0 0.8981770833333333 0.6069444444444444 0.0036458333333333334 0.01574074074074074
0 0.8927083333333333 0.4537037037037037 0.003125 0.025925925925925925
0 0.66953125 0.8976851851851851 0.0078125 0.012037037037037037
0 0.8122395833333333 0.9879629629629629 0.0046875 0.009259259259259259
0 0.5932291666666667 0.8768518518518519 0.004166666666666667 0.009259259259259259
0 0.7145833333333333 0.34953703703703703 0.004166666666666667 0.013888888888888888
1 0.5 0.5 1.0 1.0
0 0.6199625 0.21183564814814815 0.022216666666666666 0.044041666666666666
0 0.6311864583333333 0.682849074074074 0.015497916666666667 0.03792037037037037
0 0.9249416666666667 0.6707462962962962 0.0030083333333333333 0.0044555555555555555
0 0.9222658854166668 0.6756893518518519 0.002865104166666667 0.006934259259259259
0 0.5001908854166667 0.8613328703703704 0.023298437499999998 0.028221296296296296
0 0.5343531250000001 0.7605444444444445 0.009331250000000001 0.02108888888888889
0 0.4847549479166667 0.8026425925925926 0.019509895833333336 0.027507407407407408
0 0.46451588541666666 0.924112962962963 0.0071567708333333336 0.018596296296296295
0 0.72741875 0.614187037037037 0.0079625 0.017262962962962963
0 0.3347515625 0.3248185185185185 0.007003125 0.02371111111111111
0 0.29960885416666666 0.23603287037037038 0.011717708333333333 0.027621296296296297
0 0.14055598958333335 0.8138009259259259 0.018611979166666667 0.08871296296296297
0 0.14518281249999998 0.8306777777777777 0.011198958333333333 0.05765185185185186
0 0.26297109375 0.6483981481481481 0.009275520833333334 0.030129629629629628
0 0.17062317708333333 0.46651944444444443 0.0089546875 0.038594444444444445
0 0.10489635416666668 0.7661421296296296 0.008751041666666666 0.015617592592592593
0 0.113621875 0.7046296296296296 0.004327083333333333 0.014814814814814815
0 0.10714088541666666 0.5510574074074075 0.004906770833333333 0.026188888888888887
0 0.36319348958333336 0.9356060185185185 0.008678645833333333 0.010100925925925926
0 0.43751588541666664 0.8962439814814814 0.0041984375 0.00915462962962963
0 0.2753421875 0.405025 0.004851041666666667 0.013753703703703704
