1 0.49973958333333335 0.5486111111111112 0.9994791666666667 0.9009259259259259
0 0.315625 0.9847222222222223 0.029166666666666667 0.028703703703703703
0 0.27109375 0.7888888888888889 0.0140625 0.020370370370370372
0 0.2557291666666667 0.575462962962963 0.016666666666666666 0.03796296296296296
0 0.49270833333333336 0.41759259259259257 0.016666666666666666 0.024074074074074074
0 0.7166666666666667 0.24722222222222223 0.00625 0.016666666666666666
0 0.4161458333333333 0.26064814814814813 0.007291666666666667 0.019444444444444445
0 0.37005208333333334 0.986574074074074 0.0140625 0.025
0 0.93203125 0.9745370370370371 0.008854166666666666 0.03425925925925926
0 0.45651041666666664 0.10046296296296296 0.018229166666666668 0.012037037037037037
0 0.20833333333333334 0.8782407407407408 0.009375 0.01574074074074074
0 0.5140625 0.4083333333333333 0.008333333333333333 0.014814814814814815
1 0.5 0.47008472222222225 1.0 0.9401694444444445
0 0.7163041666666667 0.05785324074074074 0.028441666666666664 0.030521296296296296
0 0.7469515624999999 0.2631458333333333 0.013694791666666668 0.022587962962962962
0 0.7477088541666668 0.4781324074074074 0.015209375 0.039598148148148146
0 0.5014958333333334 0.582825462962963 0.016533333333333334 0.024910185185185185
0 0.2677484375 0.7035851851851851 0.0063302083333333335 0.01642962962962963
0 0.56668984375 0.7559458333333333 0.0083796875 0.019299074074074073
0 0.6627901041666667 0.04515277777777778 0.015163541666666667 0.02549074074074074
0 0.5157856770833333 0.9059421296296296 0.0180296875 0.013736111111111112
0 0.8153231770833334 0.1874976851851852 0.009813020833333333 0.01573611111111111
0 0.4799552083333333 0.5879078703703704 0.007827083333333333 0.01470462962962963
1 0.5 0.5489310185185186 1.0 0.9015657407407408
0 0.7138888020833334 0.8227287037037038 0.014235937499999999 0.019531481481481483
0 0.7395075520833333 0.6129097222222222 0.017556770833333336 0.03693055555555556
0 0.5115401041666667 0.41847268518518516 0.016830208333333332 0.023982407407407407
0 0.296296875 0.21482361111111112 0.006135416666666667 0.016684259259259256
0 0.5952986979166667 0.2738967592592592 0.0072640625 0.02001574074074074
0 0.6050911458333333 0.995686111111111 0.012265625 0.008038888888888889
0 0.045986197916666666 0.9054712962962963 0.0086390625 0.03501666666666666
0 0.5627484375 0.10918055555555556 0.018205208333333334 0.010953703703703703
0 0.7721963541666667 0.9218504629629629 0.008976041666666667 0.015923148148148148
0 0.49024713541666665 0.40677592592592593 0.008619270833333333 0.015403703703703702
1 0.49973958333333335 0.5486111111111112 0.9994791666666667 0.9009259259259259
0 0.315625 0.9847222222222223 0.029166666666666667 0.028703703703703703
0 0.27109375 0.7888888888888889 0.0140625 0.020370370370370372
0 0.2557291666666667 0.575462962962963 0.016666666666666666 0.03796296296296296
0 0.49270833333333336 0.41759259259259257 0.016666666666666666 0.024074074074074074
0 0.7166666666666667 0.24722222222222223 0.00625 0.016666666666666666
0 0.4161458333333333 0.26064814814814813 0.007291666666666667 0.019444444444444445
0 0.37005208333333334 0.986574074074074 0.0140625 0.025
0 0.93203125 0.9745370370370371 0.008854166666666666 0.03425925925925926
0 0.45651041666666664 0.10046296296296296 0.018229166666666668 0.012037037037037037
0 0.20833333333333334 0.8782407407407408 0.009375 0.01574074074074074
0 0.5140625 0.4083333333333333 0.008333333333333333 0.014814814814814815
1 0.5 0.47008472222222225 1.0 0.9401694444444445
0 0.7163041666666667 0.05785324074074074 0.028441666666666664 0.030521296296296296
0 0.7469515624999999 0.2631458333333333 0.013694791666666668 0.022587962962962962
0 0.7477088541666668 0.4781324074074074 0.015209375 0.039598148148148146
0 0.5014958333333334 0.582825462962963 0.016533333333333334 0.024910185185185185
0 0.2677484375 0.7035851851851851 0.0063302083333333335 0.01642962962962963
0 0.56668984375 0.7559458333333333 0.0083796875 0.019299074074074073
0 0.6627901041666667 0.04515277777777778 0.015163541666666667 0.02549074074074074
0 0.5157856770833333 0.9059421296296296 0.0180296875 0.013736111111111112
0 0.8153231770833334 0.1874976851851852 0.009813020833333333 0.01573611111111111
0 0.4799552083333333 0.5879078703703704 0.007827083333333333 0.01470462962962963
1 0.5 0.5489310185185186 1.0 0.9015657407407408
0 0.7138888020833334 0.8227287037037038 0.014235937499999999 0.019531481481481483
0 0.7395075520833333 0.6129097222222222 0.017556770833333336 0.03693055555555556
0 0.5115401041666667 0.41847268518518516 0.016830208333333332 0.023982407407407407
0 0.296296875 0.21482361111111112 0.006135416666666667 0.016684259259259256
0 0.5952986979166667 0.2738967592592592 0.0072640625 0.02001574074074074
0 0.6050911458333333 0.995686111111111 0.012265625 0.008038888888888889
0 0.045986197916666666 0.9054712962962963 0.0086390625 0.03501666666666666
0 0.5627484375 0.10918055555555556 0.018205208333333334 0.010953703703703703
0 0.7721963541666667 0.9218504629629629 0.008976041666666667 0.015923148148148148
0 0.49024713541666665 0.40677592592592593 0.008619270833333333 0.015403703703703702
