1 0.49973958333333335 0.5375 0.9994791666666667 0.9231481481481482
0 0.8049479166666667 0.2550925925925926 0.0109375 0.028703703703703703
0 0.8119791666666667 0.21805555555555556 0.013541666666666667 0.05277777777777778
0 0.8903645833333333 0.36666666666666664 0.011979166666666667 0.05
0 0.8864583333333333 0.6620370370370371 0.013541666666666667 0.03333333333333333
0 0.7848958333333333 0.8490740740740741 0.019791666666666666 0.018518518518518517
0 0.9916666666666667 0.5791666666666667 0.015625 0.03981481481481482
0 0.9794270833333333 0.6736111111111112 0.005729166666666666 0.023148148148148147
0 0.9947916666666666 0.42916666666666664 0.009375 0.04351851851851852
0 0.6591145833333333 0.8189814814814815 0.015104166666666667 0.032407407407407406
0 0.6838541666666667 0.8009259259259259 0.013541666666666667 0.03148148148148148
0 0.6432291666666666 0.9203703703703704 0.025 0.03148148148148148
0 0.6109375 0.8722222222222222 0.016666666666666666 0.025925925925925925
0 0.5434895833333333 0.6805555555555556 0.011979166666666667 0.025925925925925925
0 0.5533854166666666 0.7518518518518519 0.0067708333333333336 0.014814814814814815
0 0.42630208333333336 0.9375 0.0171875 0.030555555555555555
0 0.38255208333333335 0.9050925925925926 0.008854166666666666 0.021296296296296296
0 0.3763020833333333 0.7439814814814815 0.0067708333333333336 0.01574074074074074
0 0.38385416666666666 0.7013888888888888 0.016666666666666666 0.026851851851851852
0 0.05182291666666667 0.9824074074074074 0.008854166666666666 0.018518518518518517
0 0.07942708333333333 0.9884259259259259 0.016145833333333335 0.021296296296296296
0 0.050520833333333334 0.8393518518518519 0.011458333333333333 0.05092592592592592
0 0.05572916666666667 0.7865740740740741 0.009375 0.028703703703703703
0 0.15625 0.4398148148148148 0.004166666666666667 0.020370370370370372
0 0.027864583333333335 0.3425925925925926 0.005729166666666666 0.02962962962962963
0 0.03359375 0.30694444444444446 0.0109375 0.013888888888888888
0 0.28203125 0.4300925925925926 0.009895833333333333 0.012037037037037037
0 0.4083333333333333 0.3421296296296296 0.009375 0.01574074074074074
0 0.34296875 0.24166666666666667 0.0109375 0.016666666666666666
0 0.47291666666666665 0.22685185185185186 0.008333333333333333 0.014814814814814815
0 0.5963541666666666 0.6666666666666666 0.030208333333333334 0.05
0 0.9067708333333333 0.25833333333333336 0.00625 0.011111111111111112
1 0.5 0.534749537037037 1.0 0.9306101851851851
0 0.18416067708333334 0.30379120370370366 0.009988020833333333 0.02980462962962963
0 0.17527057291666667 0.26767268518518517 0.015124479166666668 0.05201203703703704
0 0.10416874999999999 0.4272814814814815 0.012504166666666667 0.05085925925925926
0 0.12291484375 0.7212712962962963 0.014579687499999999 0.03143148148148148
0 0.23347734375 0.8921134259259259 0.0200796875 0.017560185185185186
0 0.013740104166666666 0.6550953703703704 0.017063541666666668 0.03796851851851852
0 0.031002604166666666 0.7474796296296297 0.006796875 0.022737037037037038
0 0.004178125 0.5070634259259259 0.00835625 0.04375648148148148
0 0.35702630208333336 0.8421060185185185 0.0161359375 0.030508333333333332
0 0.33182500000000004 0.8283634259259259 0.012608333333333333 0.03265277777777778
0 0.3778958333333333 0.9413666666666667 0.024541666666666666 0.03273333333333333
0 0.4075765625 0.8874546296296296 0.016194791666666666 0.02676111111111111
0 0.46547786458333335 0.6871087962962963 0.012205729166666667 0.026069444444444447
0 0.4591471354166667 0.7593115740740741 0.0068359375 0.014919444444444444
0 0.5946109375 0.9243601851851851 0.016305208333333335 0.0320537037037037
0 0.6367473958333334 0.8850046296296296 0.008911458333333334 0.02186111111111111
0 0.6349617187500001 0.7239041666666667 0.006381770833333333 0.01632685185185185
0 0.6256013020833334 0.6827407407407408 0.0157859375 0.028444444444444442
0 0.97023828125 0.9107550925925926 0.008184895833333334 0.019658333333333333
0 0.9430276041666666 0.9217208333333333 0.015221875 0.023071296296296298
0 0.96420078125 0.7691671296296296 0.0127765625 0.05129722222222222
0 0.95643515625 0.7167541666666667 0.008703645833333332 0.02980462962962963
0 0.8393268229166666 0.38639537037037036 0.004695312500000001 0.02093888888888889
0 0.9627851562499999 0.2703138888888889 0.0057786458333333336 0.029516666666666667
0 0.9548591145833334 0.23550046296296295 0.010759895833333333 0.013593518518518517
0 0.7137833333333333 0.39597175925925926 0.009858333333333334 0.012313888888888888
0 0.5835424479166667 0.32833194444444447 0.009793229166666667 0.015923148148148148
0 0.6440252604166666 0.2184462962962963 0.0109671875 0.016522222222222223
0 0.51352578125 0.22388425925925926 0.0083015625 0.014435185185185185
0 0.41165052083333337 0.6814476851851852 0.030592708333333333 0.04808055555555556
0 0.08289140625 0.32199953703703704 0.0064078125 0.010665740740740741
1 0.5 0.46557731481481485 1.0 0.9311546296296297
0 0.20260885416666669 0.7725203703703704 0.011467708333333333 0.028374074074074072
0 0.19664765625 0.8108060185185185 0.013086979166666667 0.05309351851851852
0 0.11446458333333333 0.6694828703703705 0.0122625 0.05007685185185185
0 0.10955937499999999 0.37458425925925926 0.01286875 0.0343537037037037
0 0.20508567708333333 0.17810416666666665 0.01954635416666667 0.019171296296296294
0 0.007232291666666666 0.4667814814814815 0.014464583333333333 0.040970370370370365
0 0.015758854166666666 0.3718402777777778 0.005476041666666666 0.023310185185185187
0 0.00758515625 0.6173662037037037 0.009961979166666666 0.04399166666666667
0 0.33169375 0.1963439814814815 0.014429166666666667 0.033428703703703704
0 0.3075958333333333 0.21630601851851852 0.01415 0.030760185185185182
0 0.3443627604166667 0.0940837962962963 0.02518385416666667 0.030760185185185182
0 0.37839973958333334 0.13872592592592595 0.01721614583333333 0.0256
0 0.45121197916666667 0.3240078703703704 0.011798958333333333 0.025793518518518518
0 0.4394138020833333 0.25366944444444445 0.006952604166666667 0.014746296296296297
0 0.5609106770833333 0.055925 0.0176546875 0.03036851851851852
0 0.6054354166666667 0.08480462962962963 0.0087875 0.02146111111111111
0 0.6165106770833333 0.2448722222222222 0.0069796875 0.01567037037037037
0 0.6101296875000001 0.28828657407407404 0.017134375 0.02657314814814815
0 0.9383674479166667 0.11972731481481481 0.0121515625 0.05056574074074074
0 0.93521640625 0.17230185185185187 0.010016145833333333 0.027937037037037038
0 0.8450885416666666 0.5285685185185186 0.004760416666666667 0.0201
0 0.9763390624999999 0.6129912037037036 0.005803125 0.02968611111111111
0 0.9716479166666667 0.6496972222222223 0.011004166666666667 0.01420925925925926
0 0.7195927083333333 0.549625925925926 0.01001875 0.012214814814814815
0 0.59634765625 0.6487458333333334 0.009361979166666668 0.016010185185185186
0 0.6643291666666666 0.7436041666666666 0.01095 0.01683796296296296
0 0.5354109375 0.7706023148148148 0.008321875 0.015278703703703704
0 0.39930859375 0.34235925925925925 0.0298671875 0.051385185185185187
0 0.1009828125 0.7788898148148148 0.006132291666666666 0.011483333333333333
1 0.49973958333333335 0.5375 0.9994791666666667 0.9231481481481482
0 0.8049479166666667 0.2550925925925926 0.0109375 0.028703703703703703
0 0.8119791666666667 0.21805555555555556 0.013541666666666667 0.05277777777777778
0 0.8903645833333333 0.36666666666666664 0.011979166666666667 0.05
0 0.8864583333333333 0.6620370370370371 0.013541666666666667 0.03333333333333333
0 0.7848958333333333 0.8490740740740741 0.019791666666666666 0.018518518518518517
0 0.9916666666666667 0.5791666666666667 0.015625 0.03981481481481482
0 0.9794270833333333 0.6736111111111112 0.005729166666666666 0.023148148148148147
0 0.9947916666666666 0.42916666666666664 0.009375 0.04351851851851852
0 0.6591145833333333 0.8189814814814815 0.015104166666666667 0.032407407407407406
0 0.6838541666666667 0.8009259259259259 0.013541666666666667 0.03148148148148148
0 0.6432291666666666 0.9203703703703704 0.025 0.03148148148148148
0 0.6109375 0.8722222222222222 0.016666666666666666 0.025925925925925925
0 0.5434895833333333 0.6805555555555556 0.011979166666666667 0.025925925925925925
0 0.5533854166666666 0.7518518518518519 0.0067708333333333336 0.014814814814814815
0 0.42630208333333336 0.9375 0.0171875 0.030555555555555555
0 0.38255208333333335 0.9050925925925926 0.008854166666666666 0.021296296296296296
0 0.3763020833333333 0.7439814814814815 0.0067708333333333336 0.01574074074074074
0 0.38385416666666666 0.7013888888888888 0.016666666666666666 0.026851851851851852
0 0.05182291666666667 0.9824074074074074 0.008854166666666666 0.018518518518518517
0 0.07942708333333333 0.9884259259259259 0.016145833333333335 0.021296296296296296
0 0.050520833333333334 0.8393518518518519 0.011458333333333333 0.05092592592592592
0 0.05572916666666667 0.7865740740740741 0.009375 0.028703703703703703
0 0.15625 0.4398148148148148 0.004166666666666667 0.020370370370370372
0 0.027864583333333335 0.3425925925925926 0.005729166666666666 0.02962962962962963
0 0.03359375 0.30694444444444446 0.0109375 0.013888888888888888
0 0.28203125 0.4300925925925926 0.009895833333333333 0.012037037037037037
0 0.4083333333333333 0.3421296296296296 0.009375 0.01574074074074074
0 0.34296875 0.24166666666666667 0.0109375 0.016666666666666666
0 0.47291666666666665 0.22685185185185186 0.008333333333333333 0.014814814814814815
0 0.5963541666666666 0.6666666666666666 0.030208333333333334 0.05
0 0.9067708333333333 0.25833333333333336 0.00625 0.011111111111111112
1 0.5 0.534749537037037 1.0 0.9306101851851851
0 0.18416067708333334 0.30379120370370366 0.009988020833333333 0.02980462962962963
0 0.17527057291666667 0.26767268518518517 0.015124479166666668 0.05201203703703704
0 0.10416874999999999 0.4272814814814815 0.012504166666666667 0.05085925925925926
0 0.12291484375 0.7212712962962963 0.014579687499999999 0.03143148148148148
0 0.23347734375 0.8921134259259259 0.0200796875 0.017560185185185186
0 0.013740104166666666 0.6550953703703704 0.017063541666666668 0.03796851851851852
0 0.031002604166666666 0.7474796296296297 0.006796875 0.022737037037037038
0 0.004178125 0.5070634259259259 0.00835625 0.04375648148148148
0 0.35702630208333336 0.8421060185185185 0.0161359375 0.030508333333333332
0 0.33182500000000004 0.8283634259259259 0.012608333333333333 0.03265277777777778
0 0.3778958333333333 0.9413666666666667 0.024541666666666666 0.03273333333333333
0 0.4075765625 0.8874546296296296 0.016194791666666666 0.02676111111111111
0 0.46547786458333335 0.6871087962962963 0.012205729166666667 0.026069444444444447
0 0.4591471354166667 0.7593115740740741 0.0068359375 0.014919444444444444
0 0.5946109375 0.9243601851851851 0.016305208333333335 0.0320537037037037
0 0.6367473958333334 0.8850046296296296 0.008911458333333334 0.02186111111111111
0 0.6349617187500001 0.7239041666666667 0.006381770833333333 0.01632685185185185
0 0.6256013020833334 0.6827407407407408 0.0157859375 0.028444444444444442
0 0.97023828125 0.9107550925925926 0.008184895833333334 0.019658333333333333
0 0.9430276041666666 0.9217208333333333 0.015221875 0.023071296296296298
0 0.96420078125 0.7691671296296296 0.0127765625 0.05129722222222222
0 0.95643515625 0.7167541666666667 0.008703645833333332 0.02980462962962963
0 0.8393268229166666 0.38639537037037036 0.004695312500000001 0.02093888888888889
0 0.9627851562499999 0.2703138888888889 0.0057786458333333336 0.029516666666666667
0 0.9548591145833334 0.23550046296296295 0.010759895833333333 0.013593518518518517
0 0.7137833333333333 0.39597175925925926 0.009858333333333334 0.012313888888888888
0 0.5835424479166667 0.32833194444444447 0.009793229166666667 0.015923148148148148
0 0.6440252604166666 0.2184462962962963 0.0109671875 0.016522222222222223
0 0.51352578125 0.22388425925925926 0.0083015625 0.014435185185185185
0 0.41165052083333337 0.6814476851851852 0.030592708333333333 0.04808055555555556
0 0.08289140625 0.32199953703703704 0.0064078125 0.010665740740740741
1 0.5 0.46557731481481485 1.0 0.9311546296296297
0 0.20260885416666669 0.7725203703703704 0.011467708333333333 0.028374074074074072
0 0.19664765625 0.8108060185185185 0.013086979166666667 0.05309351851851852
0 0.11446458333333333 0.6694828703703705 0.0122625 0.05007685185185185
0 0.10955937499999999 0.37458425925925926 0.01286875 0.0343537037037037
0 0.20508567708333333 0.17810416666666665 0.01954635416666667 0.019171296296296294
0 0.007232291666666666 0.4667814814814815 0.014464583333333333 0.040970370370370365
0 0.015758854166666666 0.3718402777777778 0.005476041666666666 0.023310185185185187
0 0.00758515625 0.6173662037037037 0.009961979166666666 0.04399166666666667
0 0.33169375 0.1963439814814815 0.014429166666666667 0.033428703703703704
0 0.3075958333333333 0.21630601851851852 0.01415 0.030760185185185182
0 0.3443627604166667 0.0940837962962963 0.02518385416666667 0.030760185185185182
0 0.37839973958333334 0.13872592592592595 0.01721614583333333 0.0256
0 0.45121197916666667 0.3240078703703704 0.011798958333333333 0.025793518518518518
0 0.4394138020833333 0.25366944444444445 0.006952604166666667 0.014746296296296297
0 0.5609106770833333 0.055925 0.0176546875 0.03036851851851852
0 0.6054354166666667 0.08480462962962963 0.0087875 0.02146111111111111
0 0.6165106770833333 0.2448722222222222 0.0069796875 0.01567037037037037
0 0.6101296875000001 0.28828657407407404 0.017134375 0.02657314814814815
0 0.9383674479166667 0.11972731481481481 0.0121515625 0.05056574074074074
0 0.93521640625 0.17230185185185187 0.010016145833333333 0.027937037037037038
0 0.8450885416666666 0.5285685185185186 0.004760416666666667 0.0201
0 0.9763390624999999 0.6129912037037036 0.005803125 0.02968611111111111
0 0.9716479166666667 0.6496972222222223 0.011004166666666667 0.01420925925925926
0 0.7195927083333333 0.549625925925926 0.01001875 0.012214814814814815
0 0.59634765625 0.6487458333333334 0.009361979166666668 0.016010185185185186
0 0.6643291666666666 0.7436041666666666 0.01095 0.01683796296296296
0 0.5354109375 0.7706023148148148 0.008321875 0.015278703703703704
0 0.39930859375 0.34235925925925925 0.0298671875 0.051385185185185187
0 0.1009828125 0.7788898148148148 0.006132291666666666 0.011483333333333333
1 0.49973958333333335 0.5375 0.9994791666666667 0.9231481481481482
0 0.8049479166666667 0.2550925925925926 0.0109375 0.028703703703703703
0 0.8119791666666667 0.21805555555555556 0.013541666666666667 0.05277777777777778
0 0.8903645833333333 0.36666666666666664 0.011979166666666667 0.05
0 0.8864583333333333 0.6620370370370371 0.013541666666666667 0.03333333333333333
0 0.7848958333333333 0.8490740740740741 0.019791666666666666 0.018518518518518517
0 0.9916666666666667 0.5791666666666667 0.015625 0.03981481481481482
0 0.9794270833333333 0.6736111111111112 0.005729166666666666 0.023148148148148147
0 0.9947916666666666 0.42916666666666664 0.009375 0.04351851851851852
0 0.6591145833333333 0.8189814814814815 0.015104166666666667 0.032407407407407406
0 0.6838541666666667 0.8009259259259259 0.013541666666666667 0.03148148148148148
0 0.6432291666666666 0.9203703703703704 0.025 0.03148148148148148
0 0.6109375 0.8722222222222222 0.016666666666666666 0.025925925925925925
0 0.5434895833333333 0.6805555555555556 0.011979166666666667 0.025925925925925925
0 0.5533854166666666 0.7518518518518519 0.0067708333333333336 0.014814814814814815
0 0.42630208333333336 0.9375 0.0171875 0.030555555555555555
0 0.38255208333333335 0.9050925925925926 0.008854166666666666 0.021296296296296296
0 0.3763020833333333 0.7439814814814815 0.0067708333333333336 0.01574074074074074
0 0.38385416666666666 0.7013888888888888 0.016666666666666666 0.026851851851851852
0 0.05182291666666667 0.9824074074074074 0.008854166666666666 0.018518518518518517
0 0.07942708333333333 0.9884259259259259 0.016145833333333335 0.021296296296296296
0 0.050520833333333334 0.8393518518518519 0.011458333333333333 0.05092592592592592
0 0.05572916666666667 0.7865740740740741 0.009375 0.028703703703703703
0 0.15625 0.4398148148148148 0.004166666666666667 0.020370370370370372
0 0.027864583333333335 0.3425925925925926 0.005729166666666666 0.02962962962962963
0 0.03359375 0.30694444444444446 0.0109375 0.013888888888888888
0 0.28203125 0.4300925925925926 0.009895833333333333 0.012037037037037037
0 0.4083333333333333 0.3421296296296296 0.009375 0.01574074074074074
0 0.34296875 0.24166666666666667 0.0109375 0.016666666666666666
0 0.47291666666666665 0.22685185185185186 0.008333333333333333 0.014814814814814815
0 0.5963541666666666 0.6666666666666666 0.030208333333333334 0.05
0 0.9067708333333333 0.25833333333333336 0.00625 0.011111111111111112
1 0.5 0.534749537037037 1.0 0.9306101851851851
0 0.18416067708333334 0.30379120370370366 0.009988020833333333 0.02980462962962963
0 0.17527057291666667 0.26767268518518517 0.015124479166666668 0.05201203703703704
0 0.10416874999999999 0.4272814814814815 0.012504166666666667 0.05085925925925926
0 0.12291484375 0.7212712962962963 0.014579687499999999 0.03143148148148148
0 0.23347734375 0.8921134259259259 0.0200796875 0.017560185185185186
0 0.013740104166666666 0.6550953703703704 0.017063541666666668 0.03796851851851852
0 0.031002604166666666 0.7474796296296297 0.006796875 0.022737037037037038
0 0.004178125 0.5070634259259259 0.00835625 0.04375648148148148
0 0.35702630208333336 0.8421060185185185 0.0161359375 0.030508333333333332
0 0.33182500000000004 0.8283634259259259 0.012608333333333333 0.03265277777777778
0 0.3778958333333333 0.9413666666666667 0.024541666666666666 0.03273333333333333
0 0.4075765625 0.8874546296296296 0.016194791666666666 0.02676111111111111
0 0.46547786458333335 0.6871087962962963 0.012205729166666667 0.026069444444444447
0 0.4591471354166667 0.7593115740740741 0.0068359375 0.014919444444444444
0 0.5946109375 0.9243601851851851 0.016305208333333335 0.0320537037037037
0 0.6367473958333334 0.8850046296296296 0.008911458333333334 0.02186111111111111
0 0.6349617187500001 0.7239041666666667 0.006381770833333333 0.01632685185185185
0 0.6256013020833334 0.6827407407407408 0.0157859375 0.028444444444444442
0 0.97023828125 0.9107550925925926 0.008184895833333334 0.019658333333333333
0 0.9430276041666666 0.9217208333333333 0.015221875 0.023071296296296298
0 0.96420078125 0.7691671296296296 0.0127765625 0.05129722222222222
0 0.95643515625 0.7167541666666667 0.008703645833333332 0.02980462962962963
0 0.8393268229166666 0.38639537037037036 0.004695312500000001 0.02093888888888889
0 0.9627851562499999 0.2703138888888889 0.0057786458333333336 0.029516666666666667
0 0.9548591145833334 0.23550046296296295 0.010759895833333333 0.013593518518518517
0 0.7137833333333333 0.39597175925925926 0.009858333333333334 0.012313888888888888
0 0.5835424479166667 0.32833194444444447 0.009793229166666667 0.015923148148148148
0 0.6440252604166666 0.2184462962962963 0.0109671875 0.016522222222222223
0 0.51352578125 0.22388425925925926 0.0083015625 0.014435185185185185
0 0.41165052083333337 0.6814476851851852 0.030592708333333333 0.04808055555555556
0 0.08289140625 0.32199953703703704 0.0064078125 0.010665740740740741
1 0.5 0.46557731481481485 1.0 0.9311546296296297
0 0.20260885416666669 0.7725203703703704 0.011467708333333333 0.028374074074074072
0 0.19664765625 0.8108060185185185 0.013086979166666667 0.05309351851851852
0 0.11446458333333333 0.6694828703703705 0.0122625 0.05007685185185185
0 0.10955937499999999 0.37458425925925926 0.01286875 0.0343537037037037
0 0.20508567708333333 0.17810416666666665 0.01954635416666667 0.019171296296296294
0 0.007232291666666666 0.4667814814814815 0.014464583333333333 0.040970370370370365
0 0.015758854166666666 0.3718402777777778 0.005476041666666666 0.023310185185185187
0 0.00758515625 0.6173662037037037 0.009961979166666666 0.04399166666666667
0 0.33169375 0.1963439814814815 0.014429166666666667 0.033428703703703704
0 0.3075958333333333 0.21630601851851852 0.01415 0.030760185185185182
0 0.3443627604166667 0.0940837962962963 0.02518385416666667 0.030760185185185182
0 0.37839973958333334 0.13872592592592595 0.01721614583333333 0.0256
0 0.45121197916666667 0.3240078703703704 0.011798958333333333 0.025793518518518518
0 0.4394138020833333 0.25366944444444445 0.006952604166666667 0.014746296296296297
0 0.5609106770833333 0.055925 0.0176546875 0.03036851851851852
0 0.6054354166666667 0.08480462962962963 0.0087875 0.02146111111111111
0 0.6165106770833333 0.2448722222222222 0.0069796875 0.01567037037037037
0 0.6101296875000001 0.28828657407407404 0.017134375 0.02657314814814815
0 0.9383674479166667 0.11972731481481481 0.0121515625 0.05056574074074074
0 0.93521640625 0.17230185185185187 0.010016145833333333 0.027937037037037038
0 0.8450885416666666 0.5285685185185186 0.004760416666666667 0.0201
0 0.9763390624999999 0.6129912037037036 0.005803125 0.02968611111111111
0 0.9716479166666667 0.6496972222222223 0.011004166666666667 0.01420925925925926
0 0.7195927083333333 0.549625925925926 0.01001875 0.012214814814814815
0 0.59634765625 0.6487458333333334 0.009361979166666668 0.016010185185185186
0 0.6643291666666666 0.7436041666666666 0.01095 0.01683796296296296
0 0.5354109375 0.7706023148148148 0.008321875 0.015278703703703704
0 0.39930859375 0.34235925925925925 0.0298671875 0.051385185185185187
0 0.1009828125 0.7788898148148148 0.006132291666666666 0.011483333333333333
