1 0.49672499999999997 0.40869259259259255 0.9934499999999999 0.8173851851851851
0 0.023330729166666668 0.7009231481481482 0.010203125 0.03888333333333333
0 0.058556510416666666 0.7157296296296297 0.010863020833333332 0.03701481481481481
0 0.11551744791666667 0.5785050925925925 0.023743229166666668 0.05886203703703703
0 0.10997682291666666 0.5638222222222222 0.0116203125 0.029496296296296298
0 0.12012239583333333 0.15990462962962962 0.030869791666666667 0.045735185185185184
0 0.21367734375 0.34621018518518515 0.008604687500000001 0.0683462962962963
0 0.11281875 0.4684435185185185 0.008970833333333334 0.03133148148148148
1 0.49713541666666666 0.5921296296296297 0.9942708333333333 0.8138888888888889
0 0.021614583333333333 0.3138888888888889 0.009895833333333333 0.03888888888888889
0 0.05651041666666667 0.29814814814814816 0.0109375 0.037037037037037035
0 0.11484375 0.43333333333333335 0.0234375 0.05925925925925926
0 0.109375 0.44814814814814813 0.011458333333333333 0.02962962962962963
0 0.12369791666666667 0.8523148148148149 0.030729166666666665 0.04537037037037037
0 0.21510416666666668 0.662962962962963 0.008333333333333333 0.06851851851851852
0 0.11328125 0.5435185185185185 0.008854166666666666 0.03148148148148148
1 0.5034958333333334 0.40869259259259255 0.9934499999999999 0.8173851851851851
0 0.9764557291666667 0.7009231481481482 0.010203125 0.03888333333333333
0 0.9413690104166667 0.7157296296296297 0.010863020833333332 0.03701481481481481
0 0.88478828125 0.5785050925925925 0.023743229166666668 0.05886203703703703
0 0.89018515625 0.5638222222222222 0.0116203125 0.029496296296296298
0 0.8794973958333333 0.15990462962962962 0.030869791666666667 0.045735185185185184
0 0.7865940104166668 0.34621018518518515 0.008604687500000001 0.0683462962962963
0 0.8872979166666667 0.4684435185185185 0.008970833333333334 0.03133148148148148
1 0.49672499999999997 0.40869259259259255 0.9934499999999999 0.8173851851851851
0 0.023330729166666668 0.7009231481481482 0.010203125 0.03888333333333333
0 0.058556510416666666 0.7157296296296297 0.010863020833333332 0.03701481481481481
0 0.11551744791666667 0.5785050925925925 0.023743229166666668 0.05886203703703703
0 0.10997682291666666 0.5638222222222222 0.0116203125 0.029496296296296298
0 0.12012239583333333 0.15990462962962962 0.030869791666666667 0.045735185185185184
0 0.21367734375 0.34621018518518515 0.008604687500000001 0.0683462962962963
0 0.11281875 0.4684435185185185 0.008970833333333334 0.03133148148148148
1 0.49713541666666666 0.5921296296296297 0.9942708333333333 0.8138888888888889
0 0.021614583333333333 0.3138888888888889 0.009895833333333333 0.03888888888888889
0 0.05651041666666667 0.29814814814814816 0.0109375 0.037037037037037035
0 0.11484375 0.43333333333333335 0.0234375 0.05925925925925926
0 0.109375 0.44814814814814813 0.011458333333333333 0.02962962962962963
0 0.12369791666666667 0.8523148148148149 0.030729166666666665 0.04537037037037037
0 0.21510416666666668 0.662962962962963 0.008333333333333333 0.06851851851851852
0 0.11328125 0.5435185185185185 0.008854166666666666 0.03148148148148148
1 0.5034958333333334 0.40869259259259255 0.9934499999999999 0.8173851851851851
0 0.9764557291666667 0.7009231481481482 0.010203125 0.03888333333333333
0 0.9413690104166667 0.7157296296296297 0.010863020833333332 0.03701481481481481
0 0.88478828125 0.5785050925925925 0.023743229166666668 0.05886203703703703
0 0.89018515625 0.5638222222222222 0.0116203125 0.029496296296296298
0 0.8794973958333333 0.15990462962962962 0.030869791666666667 0.045735185185185184
0 0.7865940104166668 0.34621018518518515 0.008604687500000001 0.0683462962962963
0 0.8872979166666667 0.4684435185185185 0.008970833333333334 0.03133148148148148
