1 0.5 0.45975648148148146 1.0 0.9195129629629629
0 0.5433554687500001 0.34069583333333336 0.015877604166666667 0.03694722222222222
0 0.61018046875 0.09979953703703703 0.009944270833333333 0.023673148148148148
0 0.7571851562499999 0.7823546296296296 0.008120312499999999 0.01656111111111111
0 0.38485182291666664 0.7497763888888889 0.006161979166666666 0.016219444444444443
0 0.5580802083333333 0.2703157407407407 0.00886875 0.01840925925925926
0 0.5308140625 0.21811990740740742 0.019961458333333335 0.026980555555555556
0 0.28086223958333334 0.5632625 0.025266145833333333 0.017265740740740738
0 0.006163020833333334 0.40009537037037035 0.0071177083333333335 0.027968518518518518
0 0.23492213541666668 0.7181009259259259 0.0083859375 0.01583148148148148
0 0.98714765625 0.7851421296296296 0.006586979166666667 0.035099074074074074
0 0.23852760416666668 0.7411731481481482 0.011430208333333334 0.02493888888888889
1 0.49973958333333335 0.5486111111111112 0.9994791666666667 0.9009259259259259
0 0.4630208333333333 0.6648148148148149 0.015625 0.037037037037037035
0 0.40598958333333335 0.9125 0.009895833333333333 0.023148148148148147
0 0.23255208333333333 0.25 0.0078125 0.016666666666666666
0 0.6052083333333333 0.23657407407407408 0.00625 0.01574074074074074
0 0.4513020833333333 0.7361111111111112 0.008854166666666666 0.018518518518518517
0 0.48020833333333335 0.7847222222222222 0.019791666666666666 0.026851851851851852
0 0.7161458333333334 0.4097222222222222 0.025 0.019444444444444445
0 0.99609375 0.537962962962963 0.0067708333333333336 0.027777777777777776
0 0.7557291666666667 0.24953703703703703 0.008333333333333333 0.01574074074074074
0 0.002864583333333333 0.2759259259259259 0.005729166666666666 0.03518518518518519
0 0.7515625 0.2273148148148148 0.011458333333333333 0.025
1 0.5 0.5484611111111111 1.0 0.9024777777777778
0 0.52895546875 0.6696967592592593 0.015202604166666666 0.03754166666666667
0 0.5734760416666667 0.9251365740740741 0.01049375 0.02249537037037037
0 0.7784841145833333 0.29260138888888887 0.008009895833333332 0.016684259259259256
0 0.40784609374999997 0.22108564814814816 0.0063171875 0.016245370370370372
0 0.5368835937499999 0.7428800925925927 0.009183854166666667 0.019093518518518517
0 0.5060760416666666 0.7864041666666667 0.01944375 0.028363888888888886
0 0.28892421875 0.3759125 0.0247234375 0.02219537037037037
0 0.003766145833333333 0.460374537037037 0.007532291666666666 0.02815648148148148
0 0.2573666666666667 0.21073935185185186 0.008483333333333334 0.015923148148148148
0 0.26299895833333337 0.18930416666666666 0.011414583333333334 0.024904629629629627
1 0.5 0.45975648148148146 1.0 0.9195129629629629
0 0.5433554687500001 0.34069583333333336 0.015877604166666667 0.03694722222222222
0 0.61018046875 0.09979953703703703 0.009944270833333333 0.023673148148148148
0 0.7571851562499999 0.7823546296296296 0.008120312499999999 0.01656111111111111
0 0.38485182291666664 0.7497763888888889 0.006161979166666666 0.016219444444444443
0 0.5580802083333333 0.2703157407407407 0.00886875 0.01840925925925926
0 0.5308140625 0.21811990740740742 0.019961458333333335 0.026980555555555556
0 0.28086223958333334 0.5632625 0.025266145833333333 0.017265740740740738
0 0.006163020833333334 0.40009537037037035 0.0071177083333333335 0.027968518518518518
0 0.23492213541666668 0.7181009259259259 0.0083859375 0.01583148148148148
0 0.98714765625 0.7851421296296296 0.006586979166666667 0.035099074074074074
0 0.23852760416666668 0.7411731481481482 0.011430208333333334 0.02493888888888889
1 0.49973958333333335 0.5486111111111112 0.9994791666666667 0.9009259259259259
0 0.4630208333333333 0.6648148148148149 0.015625 0.037037037037037035
0 0.40598958333333335 0.9125 0.009895833333333333 0.023148148148148147
0 0.23255208333333333 0.25 0.0078125 0.016666666666666666
0 0.6052083333333333 0.23657407407407408 0.00625 0.01574074074074074
0 0.4513020833333333 0.7361111111111112 0.008854166666666666 0.018518518518518517
0 0.48020833333333335 0.7847222222222222 0.019791666666666666 0.026851851851851852
0 0.7161458333333334 0.4097222222222222 0.025 0.019444444444444445
0 0.99609375 0.537962962962963 0.0067708333333333336 0.027777777777777776
0 0.7557291666666667 0.24953703703703703 0.008333333333333333 0.01574074074074074
0 0.002864583333333333 0.2759259259259259 0.005729166666666666 0.03518518518518519
0 0.7515625 0.2273148148148148 0.011458333333333333 0.025
1 0.5 0.5484611111111111 1.0 0.9024777777777778
0 0.52895546875 0.6696967592592593 0.015202604166666666 0.03754166666666667
0 0.5734760416666667 0.9251365740740741 0.01049375 0.02249537037037037
0 0.7784841145833333 0.29260138888888887 0.008009895833333332 0.016684259259259256
0 0.40784609374999997 0.22108564814814816 0.0063171875 0.016245370370370372
0 0.5368835937499999 0.7428800925925927 0.009183854166666667 0.019093518518518517
0 0.5060760416666666 0.7864041666666667 0.01944375 0.028363888888888886
0 0.28892421875 0.3759125 0.0247234375 0.02219537037037037
0 0.003766145833333333 0.460374537037037 0.007532291666666666 0.02815648148148148
0 0.2573666666666667 0.21073935185185186 0.008483333333333334 0.015923148148148148
0 0.26299895833333337 0.18930416666666666 0.011414583333333334 0.024904629629629627
