1 0.5 0.5235486111111111 1.0 0.9526527777777778
0 0.76603828125 0.5530740740740742 0.015409895833333333 0.035777777777777776
0 0.7740921875000001 0.6338453703703704 0.011726041666666666 0.028801851851851853
0 0.3113080729166667 0.9214171296296296 0.012199479166666666 0.033575
0 0.12993463541666667 0.9566495370370369 0.017160937499999997 0.039225
0 0.062409374999999996 0.9715203703703703 0.022735416666666668 0.057855555555555556
1 0.5 0.48048148148148145 1.0 0.9609629629629629
0 0.23324921875000001 0.4558949074074074 0.015456770833333333 0.03586388888888888
0 0.22453020833333334 0.37467546296296295 0.011560416666666667 0.028980555555555555
0 0.6846578124999999 0.0724449074074074 0.012023958333333333 0.03377870370370371
0 0.8657575520833334 0.0325912037037037 0.016931770833333335 0.03925648148148148
0 0.9334841145833334 0.022129166666666665 0.0221765625 0.04425833333333333
1 0.49973958333333335 0.5375 0.9994791666666667 0.9231481481481482
0 0.2375 0.5944444444444444 0.015625 0.03518518518518519
0 0.23385416666666667 0.675 0.0125 0.027777777777777776
0 0.7091145833333333 0.8912037037037037 0.013020833333333334 0.032407407407407406
0 0.8908854166666667 0.8981481481481481 0.018229166666666668 0.03888888888888889
0 0.9596354166666666 0.9097222222222222 0.021354166666666667 0.075
1 0.5 0.5235486111111111 1.0 0.9526527777777778
0 0.76603828125 0.5530740740740742 0.015409895833333333 0.035777777777777776
0 0.7740921875000001 0.6338453703703704 0.011726041666666666 0.028801851851851853
0 0.3113080729166667 0.9214171296296296 0.012199479166666666 0.033575
0 0.12993463541666667 0.9566495370370369 0.017160937499999997 0.039225
0 0.062409374999999996 0.9715203703703703 0.022735416666666668 0.057855555555555556
1 0.5 0.48048148148148145 1.0 0.9609629629629629
0 0.23324921875000001 0.4558949074074074 0.015456770833333333 0.03586388888888888
0 0.22453020833333334 0.37467546296296295 0.011560416666666667 0.028980555555555555
0 0.6846578124999999 0.0724449074074074 0.012023958333333333 0.03377870370370371
0 0.8657575520833334 0.0325912037037037 0.016931770833333335 0.03925648148148148
0 0.9334841145833334 0.022129166666666665 0.0221765625 0.04425833333333333
1 0.49973958333333335 0.5375 0.9994791666666667 0.9231481481481482
0 0.2375 0.5944444444444444 0.015625 0.03518518518518519
0 0.23385416666666667 0.675 0.0125 0.027777777777777776
0 0.7091145833333333 0.8912037037037037 0.013020833333333334 0.032407407407407406
0 0.8908854166666667 0.8981481481481481 0.018229166666666668 0.03888888888888889
0 0.9596354166666666 0.9097222222222222 0.021354166666666667 0.075
1 0.5 0.5235486111111111 1.0 0.9526527777777778
0 0.76603828125 0.5530740740740742 0.015409895833333333 0.035777777777777776
0 0.7740921875000001 0.6338453703703704 0.011726041666666666 0.028801851851851853
0 0.3113080729166667 0.9214171296296296 0.012199479166666666 0.033575
0 0.12993463541666667 0.9566495370370369 0.017160937499999997 0.039225
0 0.062409374999999996 0.9715203703703703 0.022735416666666668 0.057855555555555556
1 0.5 0.48048148148148145 1.0 0.9609629629629629
0 0.23324921875000001 0.4558949074074074 0.015456770833333333 0.03586388888888888
0 0.22453020833333334 0.37467546296296295 0.011560416666666667 0.028980555555555555
0 0.6846578124999999 0.0724449074074074 0.012023958333333333 0.03377870370370371
0 0.8657575520833334 0.0325912037037037 0.016931770833333335 0.03925648148148148
0 0.9334841145833334 0.022129166666666665 0.0221765625 0.04425833333333333
1 0.49973958333333335 0.5375 0.9994791666666667 0.9231481481481482
0 0.2375 0.5944444444444444 0.015625 0.03518518518518519
0 0.23385416666666667 0.675 0.0125 0.027777777777777776
0 0.7091145833333333 0.8912037037037037 0.013020833333333334 0.032407407407407406
0 0.8908854166666667 0.8981481481481481 0.018229166666666668 0.03888888888888889
0 0.9596354166666666 0.9097222222222222 0.021354166666666667 0.075
