1 0.5 0.4756796296296297 1.0 0.9513592592592593
0 0.1331125 0.536487962962963 0.008933333333333333 0.022975925925925927
0 0.20385572916666667 0.2253009259259259 0.017086458333333332 0.03023148148148148
0 0.05575703125 0.23983796296296295 0.008389062499999999 0.011157407407407408
0 0.15464270833333332 0.4439018518518518 0.00824375 0.034100000000000005
0 0.33821901041666663 0.5634055555555555 0.012896354166666667 0.024959259259259257
0 0.40908098958333333 0.4076300925925926 0.015036979166666666 0.020815740740740742
0 0.51603359375 0.6258222222222223 0.009150520833333333 0.02757037037037037
0 0.5448757812499999 0.44376064814814814 0.0116265625 0.026410185185185186
0 0.5483390625 0.07557361111111112 0.023761458333333332 0.028925
0 0.37159322916666665 0.19202592592592593 0.012978125 0.008125925925925925
0 0.2222796875 0.10008055555555556 0.010184374999999999 0.026087037037037037
0 0.1866143229166667 0.002999074074074074 0.004478645833333334 0.005998148148148148
0 0.17226041666666667 0.024082407407407407 0.0080625 0.012979629629629631
0 0.044250000000000005 0.10953796296296296 0.010375 0.033890740740740735
0 0.7476914062500001 0.0901462962962963 0.008924479166666667 0.01547777777777778
0 0.8939151041666666 0.4354513888888889 0.010746875 0.05238425925925926
0 0.9455119791666667 0.42293842592592595 0.007690625 0.038469444444444445
0 0.9630338541666668 0.273050462962963 0.006276041666666667 0.023878703703703704
0 0.7292145833333333 0.2623736111111111 0.018845833333333332 0.03585833333333333
0 0.72178046875 0.36653425925925925 0.02272760416666667 0.03306851851851852
0 0.7191994791666667 0.36127731481481484 0.01652395833333333 0.02070277777777778
0 0.6909908854166668 0.23792731481481483 0.0059401041666666664 0.007336111111111111
0 0.70541640625 0.1743861111111111 0.006666145833333333 0.009883333333333333
0 0.781415625 0.5104986111111111 0.0044979166666666666 0.024700925925925925
0 0.59903515625 0.5283537037037037 0.0074453125 0.045596296296296294
0 0.57994140625 0.6148032407407407 0.007799479166666666 0.020347222222222225
0 0.59317734375 0.4011814814814815 0.004063020833333333 0.022733333333333335
0 0.6049622395833333 0.42517731481481486 0.0047161458333333335 0.013317592592592591
0 0.6707854166666666 0.28274953703703704 0.010320833333333333 0.03216574074074074
0 0.9344377604166667 0.7735398148148148 0.006375520833333333 0.03411666666666666
0 0.8974385416666667 0.910725462962963 0.010502083333333334 0.027006481481481482
0 0.7814036458333333 0.9007138888888888 0.013848958333333333 0.03476111111111111
0 0.9078286458333333 0.8027375 0.011490625 0.02584537037037037
0 0.9303955729166666 0.803124537037037 0.009749479166666667 0.013656481481481481
0 0.7428559895833333 0.8872856481481481 0.004461979166666667 0.011608333333333333
0 0.5041625 0.8050625 0.014575000000000001 0.03605092592592593
0 0.3419453125 0.7323796296296297 0.0036822916666666666 0.0073518518518518525
0 0.43341302083333333 0.7294810185185185 0.004326041666666666 0.0071101851851851855
0 0.5574666666666667 0.7503740740740741 0.004516666666666667 0.006303703703703704
0 0.4097572916666667 0.8581435185185184 0.0028479166666666666 0.005175925925925926
0 0.90894609375 0.6657291666666666 0.018933854166666667 0.08145833333333333
1 0.49973958333333335 0.5319444444444444 0.9994791666666667 0.9342592592592592
0 0.13828125 0.3837962962962963 0.009895833333333333 0.023148148148148147
0 0.18723958333333332 0.7083333333333334 0.015104166666666667 0.03148148148148148
0 0.04088541666666667 0.6625 0.0078125 0.012037037037037037
0 0.15364583333333334 0.48055555555555557 0.007291666666666667 0.03333333333333333
0 0.34375 0.4023148148148148 0.011458333333333333 0.026851851851851852
0 0.40338541666666666 0.5722222222222222 0.0140625 0.022222222222222223
0 0.5247395833333334 0.3787037037037037 0.0078125 0.027777777777777776
0 0.5408854166666667 0.5648148148148148 0.011979166666666667 0.025925925925925925
0 0.1734375 0.9476851851851852 0.008333333333333333 0.01574074074074074
0 0.5190104166666667 0.9319444444444445 0.0234375 0.030555555555555555
0 0.3515625 0.7782407407407408 0.0125 0.008333333333333333
0 0.19661458333333334 0.836574074074074 0.008854166666666666 0.026851851851851852
0 0.15520833333333334 0.9296296296296296 0.005208333333333333 0.014814814814814815
0 0.1421875 0.9018518518518519 0.007291666666666667 0.012962962962962963
0 0.020572916666666666 0.788425925925926 0.008854166666666666 0.03425925925925926
0 0.7177083333333333 0.9606481481481481 0.009375 0.013888888888888888
0 0.8859375 0.649537037037037 0.008333333333333333 0.05277777777777778
0 0.93671875 0.6726851851851852 0.009895833333333333 0.03796296296296296
0 0.9440104166666666 0.825462962962963 0.0067708333333333336 0.023148148148148147
0 0.7109375 0.7851851851851852 0.017708333333333333 0.037037037037037035
0 0.7109375 0.6805555555555556 0.021875 0.03333333333333333
0 0.7083333333333334 0.6851851851851852 0.015625 0.022222222222222223
0 0.6716145833333333 0.8013888888888889 0.005729166666666666 0.006481481481481481
0 0.6817708333333333 0.8680555555555556 0.007291666666666667 0.010185185185185186
0 0.7802083333333333 0.5504629629629629 0.003125 0.025
0 0.6005208333333333 0.49398148148148147 0.005208333333333333 0.04537037037037037
0 0.5872395833333334 0.40324074074074073 0.0067708333333333336 0.021296296296296296
0 0.5856770833333333 0.6185185185185185 0.0036458333333333334 0.022222222222222223
0 0.5994791666666667 0.5967592592592592 0.005208333333333333 0.013888888888888888
0 0.6546875 0.7523148148148148 0.009375 0.032407407407407406
0 0.95 0.3226851851851852 0.007291666666666667 0.03425925925925926
0 0.9223958333333333 0.17777777777777778 0.009375 0.027777777777777776
0 0.8067708333333333 0.16342592592592592 0.015625 0.032407407407407406
0 0.92578125 0.287962962962963 0.0109375 0.025925925925925925
0 0.9479166666666666 0.2916666666666667 0.009375 0.012962962962962963
0 0.7674479166666667 0.16805555555555557 0.0046875 0.012037037037037037
0 0.525 0.19814814814814816 0.016666666666666666 0.03518518518518519
0 0.35911458333333335 0.23425925925925925 0.0036458333333333334 0.007407407407407408
0 0.44947916666666665 0.25787037037037036 0.004166666666666667 0.006481481481481481
0 0.5739583333333333 0.2638888888888889 0.004166666666666667 0.005555555555555556
0 0.4348958333333333 0.125 0.003125 0.005555555555555556
0 0.9193286458333334 0.42314814814814816 0.016782291666666668 0.08333333333333333
1 0.5002604166666667 0.5319444444444444 0.9994791666666667 0.9342592592592592
0 0.86171875 0.3837962962962963 0.009895833333333333 0.023148148148148147
0 0.8127604166666667 0.7083333333333334 0.015104166666666667 0.03148148148148148
0 0.9591145833333333 0.6625 0.0078125 0.012037037037037037
0 0.8463541666666666 0.48055555555555557 0.007291666666666667 0.03333333333333333
0 0.65625 0.4023148148148148 0.011458333333333333 0.026851851851851852
0 0.5966145833333333 0.5722222222222222 0.0140625 0.022222222222222223
0 0.4752604166666667 0.3787037037037037 0.0078125 0.027777777777777776
0 0.4591145833333333 0.5648148148148148 0.011979166666666667 0.025925925925925925
0 0.8265625 0.9476851851851852 0.008333333333333333 0.01574074074074074
0 0.48098958333333336 0.9319444444444445 0.0234375 0.030555555555555555
0 0.6484375 0.7782407407407408 0.0125 0.008333333333333333
0 0.8033854166666666 0.836574074074074 0.008854166666666666 0.026851851851851852
0 0.8447916666666667 0.9296296296296296 0.005208333333333333 0.014814814814814815
0 0.8578125 0.9018518518518519 0.007291666666666667 0.012962962962962963
0 0.9794270833333333 0.788425925925926 0.008854166666666666 0.03425925925925926
0 0.28229166666666666 0.9606481481481481 0.009375 0.013888888888888888
0 0.1140625 0.649537037037037 0.008333333333333333 0.05277777777777778
0 0.06328125 0.6726851851851852 0.009895833333333333 0.03796296296296296
0 0.055989583333333336 0.825462962962963 0.0067708333333333336 0.023148148148148147
0 0.2890625 0.7851851851851852 0.017708333333333333 0.037037037037037035
0 0.2890625 0.6805555555555556 0.021875 0.03333333333333333
0 0.2916666666666667 0.6851851851851852 0.015625 0.022222222222222223
0 0.32838541666666665 0.8013888888888889 0.005729166666666666 0.006481481481481481
0 0.3182291666666667 0.8680555555555556 0.007291666666666667 0.010185185185185186
0 0.21979166666666666 0.5504629629629629 0.003125 0.025
0 0.39947916666666666 0.49398148148148147 0.005208333333333333 0.04537037037037037
0 0.4127604166666667 0.40324074074074073 0.0067708333333333336 0.021296296296296296
0 0.41432291666666665 0.6185185185185185 0.0036458333333333334 0.022222222222222223
0 0.4005208333333333 0.5967592592592592 0.005208333333333333 0.013888888888888888
0 0.3453125 0.7523148148148148 0.009375 0.032407407407407406
0 0.05 0.3226851851851852 0.007291666666666667 0.03425925925925926
0 0.07760416666666667 0.17777777777777778 0.009375 0.027777777777777776
0 0.19322916666666667 0.16342592592592592 0.015625 0.032407407407407406
0 0.07421875 0.287962962962963 0.0109375 0.025925925925925925
0 0.052083333333333336 0.2916666666666667 0.009375 0.012962962962962963
0 0.23255208333333333 0.16805555555555557 0.0046875 0.012037037037037037
0 0.475 0.19814814814814816 0.016666666666666666 0.03518518518518519
0 0.6408854166666667 0.23425925925925925 0.0036458333333333334 0.007407407407407408
0 0.5505208333333333 0.25787037037037036 0.004166666666666667 0.006481481481481481
0 0.42604166666666665 0.2638888888888889 0.004166666666666667 0.005555555555555556
0 0.5651041666666666 0.125 0.003125 0.005555555555555556
0 0.08078697916666666 0.42314814814814816 0.016782291666666668 0.08333333333333333
1 0.5 0.4756796296296297 1.0 0.9513592592592593
0 0.1331125 0.536487962962963 0.008933333333333333 0.022975925925925927
0 0.20385572916666667 0.2253009259259259 0.017086458333333332 0.03023148148148148
0 0.05575703125 0.23983796296296295 0.008389062499999999 0.011157407407407408
0 0.15464270833333332 0.4439018518518518 0.00824375 0.034100000000000005
0 0.33821901041666663 0.5634055555555555 0.012896354166666667 0.024959259259259257
0 0.40908098958333333 0.4076300925925926 0.015036979166666666 0.020815740740740742
0 0.51603359375 0.6258222222222223 0.009150520833333333 0.02757037037037037
0 0.5448757812499999 0.44376064814814814 0.0116265625 0.026410185185185186
0 0.5483390625 0.07557361111111112 0.023761458333333332 0.028925
0 0.37159322916666665 0.19202592592592593 0.012978125 0.008125925925925925
0 0.2222796875 0.10008055555555556 0.010184374999999999 0.026087037037037037
0 0.1866143229166667 0.002999074074074074 0.004478645833333334 0.005998148148148148
0 0.17226041666666667 0.024082407407407407 0.0080625 0.012979629629629631
0 0.044250000000000005 0.10953796296296296 0.010375 0.033890740740740735
0 0.7476914062500001 0.0901462962962963 0.008924479166666667 0.01547777777777778
0 0.8939151041666666 0.4354513888888889 0.010746875 0.05238425925925926
0 0.9455119791666667 0.42293842592592595 0.007690625 0.038469444444444445
0 0.9630338541666668 0.273050462962963 0.006276041666666667 0.023878703703703704
0 0.7292145833333333 0.2623736111111111 0.018845833333333332 0.03585833333333333
0 0.72178046875 0.36653425925925925 0.02272760416666667 0.03306851851851852
0 0.7191994791666667 0.36127731481481484 0.01652395833333333 0.02070277777777778
0 0.6909908854166668 0.23792731481481483 0.0059401041666666664 0.007336111111111111
0 0.70541640625 0.1743861111111111 0.006666145833333333 0.009883333333333333
0 0.781415625 0.5104986111111111 0.0044979166666666666 0.024700925925925925
0 0.59903515625 0.5283537037037037 0.0074453125 0.045596296296296294
0 0.57994140625 0.6148032407407407 0.007799479166666666 0.020347222222222225
0 0.59317734375 0.4011814814814815 0.004063020833333333 0.022733333333333335
0 0.6049622395833333 0.42517731481481486 0.0047161458333333335 0.013317592592592591
0 0.6707854166666666 0.28274953703703704 0.010320833333333333 0.03216574074074074
0 0.9344377604166667 0.7735398148148148 0.006375520833333333 0.03411666666666666
0 0.8974385416666667 0.910725462962963 0.010502083333333334 0.027006481481481482
0 0.7814036458333333 0.9007138888888888 0.013848958333333333 0.03476111111111111
0 0.9078286458333333 0.8027375 0.011490625 0.02584537037037037
0 0.9303955729166666 0.803124537037037 0.009749479166666667 0.013656481481481481
0 0.7428559895833333 0.8872856481481481 0.004461979166666667 0.011608333333333333
0 0.5041625 0.8050625 0.014575000000000001 0.03605092592592593
0 0.3419453125 0.7323796296296297 0.0036822916666666666 0.0073518518518518525
0 0.43341302083333333 0.7294810185185185 0.004326041666666666 0.0071101851851851855
0 0.5574666666666667 0.7503740740740741 0.004516666666666667 0.006303703703703704
0 0.4097572916666667 0.8581435185185184 0.0028479166666666666 0.005175925925925926
0 0.90894609375 0.6657291666666666 0.018933854166666667 0.08145833333333333
1 0.49973958333333335 0.5319444444444444 0.9994791666666667 0.9342592592592592
0 0.13828125 0.3837962962962963 0.009895833333333333 0.023148148148148147
0 0.18723958333333332 0.7083333333333334 0.015104166666666667 0.03148148148148148
0 0.04088541666666667 0.6625 0.0078125 0.012037037037037037
0 0.15364583333333334 0.48055555555555557 0.007291666666666667 0.03333333333333333
0 0.34375 0.4023148148148148 0.011458333333333333 0.026851851851851852
0 0.40338541666666666 0.5722222222222222 0.0140625 0.022222222222222223
0 0.5247395833333334 0.3787037037037037 0.0078125 0.027777777777777776
0 0.5408854166666667 0.5648148148148148 0.011979166666666667 0.025925925925925925
0 0.1734375 0.9476851851851852 0.008333333333333333 0.01574074074074074
0 0.5190104166666667 0.9319444444444445 0.0234375 0.030555555555555555
0 0.3515625 0.7782407407407408 0.0125 0.008333333333333333
0 0.19661458333333334 0.836574074074074 0.008854166666666666 0.026851851851851852
0 0.15520833333333334 0.9296296296296296 0.005208333333333333 0.014814814814814815
0 0.1421875 0.9018518518518519 0.007291666666666667 0.012962962962962963
0 0.020572916666666666 0.788425925925926 0.008854166666666666 0.03425925925925926
0 0.7177083333333333 0.9606481481481481 0.009375 0.013888888888888888
0 0.8859375 0.649537037037037 0.008333333333333333 0.05277777777777778
0 0.93671875 0.6726851851851852 0.009895833333333333 0.03796296296296296
0 0.9440104166666666 0.825462962962963 0.0067708333333333336 0.023148148148148147
0 0.7109375 0.7851851851851852 0.017708333333333333 0.037037037037037035
0 0.7109375 0.6805555555555556 0.021875 0.03333333333333333
0 0.7083333333333334 0.6851851851851852 0.015625 0.022222222222222223
0 0.6716145833333333 0.8013888888888889 0.005729166666666666 0.006481481481481481
0 0.6817708333333333 0.8680555555555556 0.007291666666666667 0.010185185185185186
0 0.7802083333333333 0.5504629629629629 0.003125 0.025
0 0.6005208333333333 0.49398148148148147 0.005208333333333333 0.04537037037037037
0 0.5872395833333334 0.40324074074074073 0.0067708333333333336 0.021296296296296296
0 0.5856770833333333 0.6185185185185185 0.0036458333333333334 0.022222222222222223
0 0.5994791666666667 0.5967592592592592 0.005208333333333333 0.013888888888888888
0 0.6546875 0.7523148148148148 0.009375 0.032407407407407406
0 0.95 0.3226851851851852 0.007291666666666667 0.03425925925925926
0 0.9223958333333333 0.17777777777777778 0.009375 0.027777777777777776
0 0.8067708333333333 0.16342592592592592 0.015625 0.032407407407407406
0 0.92578125 0.287962962962963 0.0109375 0.025925925925925925
0 0.9479166666666666 0.2916666666666667 0.009375 0.012962962962962963
0 0.7674479166666667 0.16805555555555557 0.0046875 0.012037037037037037
0 0.525 0.19814814814814816 0.016666666666666666 0.03518518518518519
0 0.35911458333333335 0.23425925925925925 0.0036458333333333334 0.007407407407407408
0 0.44947916666666665 0.25787037037037036 0.004166666666666667 0.006481481481481481
0 0.5739583333333333 0.2638888888888889 0.004166666666666667 0.005555555555555556
0 0.4348958333333333 0.125 0.003125 0.005555555555555556
0 0.9193286458333334 0.42314814814814816 0.016782291666666668 0.08333333333333333
1 0.5002604166666667 0.5319444444444444 0.9994791666666667 0.9342592592592592
0 0.86171875 0.3837962962962963 0.009895833333333333 0.023148148148148147
0 0.8127604166666667 0.7083333333333334 0.015104166666666667 0.03148148148148148
0 0.9591145833333333 0.6625 0.0078125 0.012037037037037037
0 0.8463541666666666 0.48055555555555557 0.007291666666666667 0.03333333333333333
0 0.65625 0.4023148148148148 0.011458333333333333 0.026851851851851852
0 0.5966145833333333 0.5722222222222222 0.0140625 0.022222222222222223
0 0.4752604166666667 0.3787037037037037 0.0078125 0.027777777777777776
0 0.4591145833333333 0.5648148148148148 0.011979166666666667 0.025925925925925925
0 0.8265625 0.9476851851851852 0.008333333333333333 0.01574074074074074
0 0.48098958333333336 0.9319444444444445 0.0234375 0.030555555555555555
0 0.6484375 0.7782407407407408 0.0125 0.008333333333333333
0 0.8033854166666666 0.836574074074074 0.008854166666666666 0.026851851851851852
0 0.8447916666666667 0.9296296296296296 0.005208333333333333 0.014814814814814815
0 0.8578125 0.9018518518518519 0.007291666666666667 0.012962962962962963
0 0.9794270833333333 0.788425925925926 0.008854166666666666 0.03425925925925926
0 0.28229166666666666 0.9606481481481481 0.009375 0.013888888888888888
0 0.1140625 0.649537037037037 0.008333333333333333 0.05277777777777778
0 0.06328125 0.6726851851851852 0.009895833333333333 0.03796296296296296
0 0.055989583333333336 0.825462962962963 0.0067708333333333336 0.023148148148148147
0 0.2890625 0.7851851851851852 0.017708333333333333 0.037037037037037035
0 0.2890625 0.6805555555555556 0.021875 0.03333333333333333
0 0.2916666666666667 0.6851851851851852 0.015625 0.022222222222222223
0 0.32838541666666665 0.8013888888888889 0.005729166666666666 0.006481481481481481
0 0.3182291666666667 0.8680555555555556 0.007291666666666667 0.010185185185185186
0 0.21979166666666666 0.5504629629629629 0.003125 0.025
0 0.39947916666666666 0.49398148148148147 0.005208333333333333 0.04537037037037037
0 0.4127604166666667 0.40324074074074073 0.0067708333333333336 0.021296296296296296
0 0.41432291666666665 0.6185185185185185 0.0036458333333333334 0.022222222222222223
0 0.4005208333333333 0.5967592592592592 0.005208333333333333 0.013888888888888888
0 0.3453125 0.7523148148148148 0.009375 0.032407407407407406
0 0.05 0.3226851851851852 0.007291666666666667 0.03425925925925926
0 0.07760416666666667 0.17777777777777778 0.009375 0.027777777777777776
0 0.19322916666666667 0.16342592592592592 0.015625 0.032407407407407406
0 0.07421875 0.287962962962963 0.0109375 0.025925925925925925
0 0.052083333333333336 0.2916666666666667 0.009375 0.012962962962962963
0 0.23255208333333333 0.16805555555555557 0.0046875 0.012037037037037037
0 0.475 0.19814814814814816 0.016666666666666666 0.03518518518518519
0 0.6408854166666667 0.23425925925925925 0.0036458333333333334 0.007407407407407408
0 0.5505208333333333 0.25787037037037036 0.004166666666666667 0.006481481481481481
0 0.42604166666666665 0.2638888888888889 0.004166666666666667 0.005555555555555556
0 0.5651041666666666 0.125 0.003125 0.005555555555555556
0 0.08078697916666666 0.42314814814814816 0.016782291666666668 0.08333333333333333
1 0.5 0.4756796296296297 1.0 0.9513592592592593
0 0.1331125 0.536487962962963 0.008933333333333333 0.022975925925925927
0 0.20385572916666667 0.2253009259259259 0.017086458333333332 0.03023148148148148
0 0.05575703125 0.23983796296296295 0.008389062499999999 0.011157407407407408
0 0.15464270833333332 0.4439018518518518 0.00824375 0.034100000000000005
0 0.33821901041666663 0.5634055555555555 0.012896354166666667 0.024959259259259257
0 0.40908098958333333 0.4076300925925926 0.015036979166666666 0.020815740740740742
0 0.51603359375 0.6258222222222223 0.009150520833333333 0.02757037037037037
0 0.5448757812499999 0.44376064814814814 0.0116265625 0.026410185185185186
0 0.5483390625 0.07557361111111112 0.023761458333333332 0.028925
0 0.37159322916666665 0.19202592592592593 0.012978125 0.008125925925925925
0 0.2222796875 0.10008055555555556 0.010184374999999999 0.026087037037037037
0 0.1866143229166667 0.002999074074074074 0.004478645833333334 0.005998148148148148
0 0.17226041666666667 0.024082407407407407 0.0080625 0.012979629629629631
0 0.044250000000000005 0.10953796296296296 0.010375 0.033890740740740735
0 0.7476914062500001 0.0901462962962963 0.008924479166666667 0.01547777777777778
0 0.8939151041666666 0.4354513888888889 0.010746875 0.05238425925925926
0 0.9455119791666667 0.42293842592592595 0.007690625 0.038469444444444445
0 0.9630338541666668 0.273050462962963 0.006276041666666667 0.023878703703703704
0 0.7292145833333333 0.2623736111111111 0.018845833333333332 0.03585833333333333
0 0.72178046875 0.36653425925925925 0.02272760416666667 0.03306851851851852
0 0.7191994791666667 0.36127731481481484 0.01652395833333333 0.02070277777777778
0 0.6909908854166668 0.23792731481481483 0.0059401041666666664 0.007336111111111111
0 0.70541640625 0.1743861111111111 0.006666145833333333 0.009883333333333333
0 0.781415625 0.5104986111111111 0.0044979166666666666 0.024700925925925925
0 0.59903515625 0.5283537037037037 0.0074453125 0.045596296296296294
0 0.57994140625 0.6148032407407407 0.007799479166666666 0.020347222222222225
0 0.59317734375 0.4011814814814815 0.004063020833333333 0.022733333333333335
0 0.6049622395833333 0.42517731481481486 0.0047161458333333335 0.013317592592592591
0 0.6707854166666666 0.28274953703703704 0.010320833333333333 0.03216574074074074
0 0.9344377604166667 0.7735398148148148 0.006375520833333333 0.03411666666666666
0 0.8974385416666667 0.910725462962963 0.010502083333333334 0.027006481481481482
0 0.7814036458333333 0.9007138888888888 0.013848958333333333 0.03476111111111111
0 0.9078286458333333 0.8027375 0.011490625 0.02584537037037037
0 0.9303955729166666 0.803124537037037 0.009749479166666667 0.013656481481481481
0 0.7428559895833333 0.8872856481481481 0.004461979166666667 0.011608333333333333
0 0.5041625 0.8050625 0.014575000000000001 0.03605092592592593
0 0.3419453125 0.7323796296296297 0.0036822916666666666 0.0073518518518518525
0 0.43341302083333333 0.7294810185185185 0.004326041666666666 0.0071101851851851855
0 0.5574666666666667 0.7503740740740741 0.004516666666666667 0.006303703703703704
0 0.4097572916666667 0.8581435185185184 0.0028479166666666666 0.005175925925925926
0 0.90894609375 0.6657291666666666 0.018933854166666667 0.08145833333333333
1 0.49973958333333335 0.5319444444444444 0.9994791666666667 0.9342592592592592
0 0.13828125 0.3837962962962963 0.009895833333333333 0.023148148148148147
0 0.18723958333333332 0.7083333333333334 0.015104166666666667 0.03148148148148148
0 0.04088541666666667 0.6625 0.0078125 0.012037037037037037
0 0.15364583333333334 0.48055555555555557 0.007291666666666667 0.03333333333333333
0 0.34375 0.4023148148148148 0.011458333333333333 0.026851851851851852
0 0.40338541666666666 0.5722222222222222 0.0140625 0.022222222222222223
0 0.5247395833333334 0.3787037037037037 0.0078125 0.027777777777777776
0 0.5408854166666667 0.5648148148148148 0.011979166666666667 0.025925925925925925
0 0.1734375 0.9476851851851852 0.008333333333333333 0.01574074074074074
0 0.5190104166666667 0.9319444444444445 0.0234375 0.030555555555555555
0 0.3515625 0.7782407407407408 0.0125 0.008333333333333333
0 0.19661458333333334 0.836574074074074 0.008854166666666666 0.026851851851851852
0 0.15520833333333334 0.9296296296296296 0.005208333333333333 0.014814814814814815
0 0.1421875 0.9018518518518519 0.007291666666666667 0.012962962962962963
0 0.020572916666666666 0.788425925925926 0.008854166666666666 0.03425925925925926
0 0.7177083333333333 0.9606481481481481 0.009375 0.013888888888888888
0 0.8859375 0.649537037037037 0.008333333333333333 0.05277777777777778
0 0.93671875 0.6726851851851852 0.009895833333333333 0.03796296296296296
0 0.9440104166666666 0.825462962962963 0.0067708333333333336 0.023148148148148147
0 0.7109375 0.7851851851851852 0.017708333333333333 0.037037037037037035
0 0.7109375 0.6805555555555556 0.021875 0.03333333333333333
0 0.7083333333333334 0.6851851851851852 0.015625 0.022222222222222223
0 0.6716145833333333 0.8013888888888889 0.005729166666666666 0.006481481481481481
0 0.6817708333333333 0.8680555555555556 0.007291666666666667 0.010185185185185186
0 0.7802083333333333 0.5504629629629629 0.003125 0.025
0 0.6005208333333333 0.49398148148148147 0.005208333333333333 0.04537037037037037
0 0.5872395833333334 0.40324074074074073 0.0067708333333333336 0.021296296296296296
0 0.5856770833333333 0.6185185185185185 0.0036458333333333334 0.022222222222222223
0 0.5994791666666667 0.5967592592592592 0.005208333333333333 0.013888888888888888
0 0.6546875 0.7523148148148148 0.009375 0.032407407407407406
0 0.95 0.3226851851851852 0.007291666666666667 0.03425925925925926
0 0.9223958333333333 0.17777777777777778 0.009375 0.027777777777777776
0 0.8067708333333333 0.16342592592592592 0.015625 0.032407407407407406
0 0.92578125 0.287962962962963 0.0109375 0.025925925925925925
0 0.9479166666666666 0.2916666666666667 0.009375 0.012962962962962963
0 0.7674479166666667 0.16805555555555557 0.0046875 0.012037037037037037
0 0.525 0.19814814814814816 0.016666666666666666 0.03518518518518519
0 0.35911458333333335 0.23425925925925925 0.0036458333333333334 0.007407407407407408
0 0.44947916666666665 0.25787037037037036 0.004166666666666667 0.006481481481481481
0 0.5739583333333333 0.2638888888888889 0.004166666666666667 0.005555555555555556
0 0.4348958333333333 0.125 0.003125 0.005555555555555556
0 0.9193286458333334 0.42314814814814816 0.016782291666666668 0.08333333333333333
1 0.5002604166666667 0.5319444444444444 0.9994791666666667 0.9342592592592592
0 0.86171875 0.3837962962962963 0.009895833333333333 0.023148148148148147
0 0.8127604166666667 0.7083333333333334 0.015104166666666667 0.03148148148148148
0 0.9591145833333333 0.6625 0.0078125 0.012037037037037037
0 0.8463541666666666 0.48055555555555557 0.007291666666666667 0.03333333333333333
0 0.65625 0.4023148148148148 0.011458333333333333 0.026851851851851852
0 0.5966145833333333 0.5722222222222222 0.0140625 0.022222222222222223
0 0.4752604166666667 0.3787037037037037 0.0078125 0.027777777777777776
0 0.4591145833333333 0.5648148148148148 0.011979166666666667 0.025925925925925925
0 0.8265625 0.9476851851851852 0.008333333333333333 0.01574074074074074
0 0.48098958333333336 0.9319444444444445 0.0234375 0.030555555555555555
0 0.6484375 0.7782407407407408 0.0125 0.008333333333333333
0 0.8033854166666666 0.836574074074074 0.008854166666666666 0.026851851851851852
0 0.8447916666666667 0.9296296296296296 0.005208333333333333 0.014814814814814815
0 0.8578125 0.9018518518518519 0.007291666666666667 0.012962962962962963
0 0.9794270833333333 0.788425925925926 0.008854166666666666 0.03425925925925926
0 0.28229166666666666 0.9606481481481481 0.009375 0.013888888888888888
0 0.1140625 0.649537037037037 0.008333333333333333 0.05277777777777778
0 0.06328125 0.6726851851851852 0.009895833333333333 0.03796296296296296
0 0.055989583333333336 0.825462962962963 0.0067708333333333336 0.023148148148148147
0 0.2890625 0.7851851851851852 0.017708333333333333 0.037037037037037035
0 0.2890625 0.6805555555555556 0.021875 0.03333333333333333
0 0.2916666666666667 0.6851851851851852 0.015625 0.022222222222222223
0 0.32838541666666665 0.8013888888888889 0.005729166666666666 0.006481481481481481
0 0.3182291666666667 0.8680555555555556 0.007291666666666667 0.010185185185185186
0 0.21979166666666666 0.5504629629629629 0.003125 0.025
0 0.39947916666666666 0.49398148148148147 0.005208333333333333 0.04537037037037037
0 0.4127604166666667 0.40324074074074073 0.0067708333333333336 0.021296296296296296
0 0.41432291666666665 0.6185185185185185 0.0036458333333333334 0.022222222222222223
0 0.4005208333333333 0.5967592592592592 0.005208333333333333 0.013888888888888888
0 0.3453125 0.7523148148148148 0.009375 0.032407407407407406
0 0.05 0.3226851851851852 0.007291666666666667 0.03425925925925926
0 0.07760416666666667 0.17777777777777778 0.009375 0.027777777777777776
0 0.19322916666666667 0.16342592592592592 0.015625 0.032407407407407406
0 0.07421875 0.287962962962963 0.0109375 0.025925925925925925
0 0.052083333333333336 0.2916666666666667 0.009375 0.012962962962962963
0 0.23255208333333333 0.16805555555555557 0.0046875 0.012037037037037037
0 0.475 0.19814814814814816 0.016666666666666666 0.03518518518518519
0 0.6408854166666667 0.23425925925925925 0.0036458333333333334 0.007407407407407408
0 0.5505208333333333 0.25787037037037036 0.004166666666666667 0.006481481481481481
0 0.42604166666666665 0.2638888888888889 0.004166666666666667 0.005555555555555556
0 0.5651041666666666 0.125 0.003125 0.005555555555555556
0 0.08078697916666666 0.42314814814814816 0.016782291666666668 0.08333333333333333
