1 0.5 0.537112962962963 1.0 0.9260777777777778
1 0.09124609374999999 0.17734074074074074 0.03457552083333334 0.026903703703703704
0 0.9184502604166667 0.7554810185185185 0.0191921875 0.03503611111111111
0 0.36051276041666663 0.9167930555555556 0.0189421875 0.028030555555555555
0 0.3957979166666667 0.9747407407407408 0.030137499999999998 0.02725925925925926
0 0.5953302083333334 0.630225462962963 0.012535416666666667 0.021562037037037036
0 0.38206119791666665 0.39985787037037035 0.019330729166666668 0.0626787037037037
0 0.19369765625 0.17209907407407407 0.016561979166666668 0.03493888888888889
0 0.2993986979166667 0.6185689814814814 0.014422395833333332 0.035286111111111115
0 0.11696250000000001 0.5838583333333334 0.007883333333333332 0.015864814814814814
0 0.09532265625 0.9210717592592593 0.005228645833333333 0.008810185185185187
0 0.02254010416666667 0.9868305555555555 0.008621875 0.018105555555555555
0 0.4753125 0.656086574074074 0.0037500000000000003 0.0066175925925925925
0 0.49687135416666667 0.7306740740740741 0.005201041666666667 0.003940740740740741
0 0.43282317708333334 0.7365694444444445 0.0041880208333333335 0.006472222222222222
1 0.5 0.46933240740740745 1.0 0.9386648148148149
1 0.1165453125 0.9072810185185186 0.03517395833333334 0.023821296296296295
0 0.8977531249999999 0.1563537037037037 0.02050625 0.033077777777777775
0 0.3332377604166667 0.1164388888888889 0.01855885416666667 0.02732222222222222
0 0.36405052083333334 0.050696759259259254 0.029142708333333333 0.03102314814814815
0 0.5858018229166666 0.3496282407407407 0.011186979166666666 0.023330555555555556
0 0.38993385416666665 0.6239768518518518 0.021534374999999998 0.060916666666666675
0 0.21826328125 0.8916037037037037 0.016734895833333333 0.03320740740740741
0 0.2938661458333333 0.4259356481481481 0.013773958333333334 0.03705648148148148
0 0.11453151041666666 0.49980833333333335 0.008229687500000001 0.016283333333333334
0 0.06939166666666667 0.16972361111111112 0.00545 0.009817592592592593
0 0.46476666666666666 0.35055185185185184 0.0034916666666666664 0.00665925925925926
0 0.48124375 0.2714532407407408 0.0051958333333333336 0.004017592592592593
0 0.41729140625 0.27915879629629625 0.004374479166666666 0.006465740740740741
1 0.49973958333333335 0.5370370370370371 0.9994791666666667 0.924074074074074
1 0.8986979166666667 0.14027777777777778 0.034895833333333334 0.025
0 0.08958333333333333 0.7939814814814815 0.019791666666666666 0.03425925925925926
0 0.6515625 0.9037037037037037 0.01875 0.027777777777777776
0 0.61796875 0.9643518518518519 0.0296875 0.028703703703703703
0 0.40859375 0.6388888888888888 0.011979166666666667 0.022222222222222223
0 0.61484375 0.38935185185185184 0.0203125 0.062037037037037036
0 0.7963541666666667 0.1439814814814815 0.016666666666666666 0.03425925925925926
0 0.7033854166666667 0.5995370370370371 0.0140625 0.03611111111111111
0 0.8846354166666667 0.5486111111111112 0.0078125 0.01574074074074074
0 0.9166666666666666 0.8824074074074074 0.005208333333333333 0.009259259259259259
0 0.9911458333333333 0.9416666666666667 0.008333333333333333 0.018518518518518517
0 0.5294270833333333 0.6532407407407408 0.0036458333333333334 0.006481481481481481
0 0.5098958333333333 0.7305555555555555 0.005208333333333333 0.003703703703703704
0 0.5739583333333333 0.7300925925925926 0.004166666666666667 0.006481481481481481
1 0.5 0.537112962962963 1.0 0.9260777777777778
1 0.09124609374999999 0.17734074074074074 0.03457552083333334 0.026903703703703704
0 0.9184502604166667 0.7554810185185185 0.0191921875 0.03503611111111111
0 0.36051276041666663 0.9167930555555556 0.0189421875 0.028030555555555555
0 0.3957979166666667 0.9747407407407408 0.030137499999999998 0.02725925925925926
0 0.5953302083333334 0.630225462962963 0.012535416666666667 0.021562037037037036
0 0.38206119791666665 0.39985787037037035 0.019330729166666668 0.0626787037037037
0 0.19369765625 0.17209907407407407 0.016561979166666668 0.03493888888888889
0 0.2993986979166667 0.6185689814814814 0.014422395833333332 0.035286111111111115
0 0.11696250000000001 0.5838583333333334 0.007883333333333332 0.015864814814814814
0 0.09532265625 0.9210717592592593 0.005228645833333333 0.008810185185185187
0 0.02254010416666667 0.9868305555555555 0.008621875 0.018105555555555555
0 0.4753125 0.656086574074074 0.0037500000000000003 0.0066175925925925925
0 0.49687135416666667 0.7306740740740741 0.005201041666666667 0.003940740740740741
0 0.43282317708333334 0.7365694444444445 0.0041880208333333335 0.006472222222222222
1 0.5 0.46933240740740745 1.0 0.9386648148148149
1 0.1165453125 0.9072810185185186 0.03517395833333334 0.023821296296296295
0 0.8977531249999999 0.1563537037037037 0.02050625 0.033077777777777775
0 0.3332377604166667 0.1164388888888889 0.01855885416666667 0.02732222222222222
0 0.36405052083333334 0.050696759259259254 0.029142708333333333 0.03102314814814815
0 0.5858018229166666 0.3496282407407407 0.011186979166666666 0.023330555555555556
0 0.38993385416666665 0.6239768518518518 0.021534374999999998 0.060916666666666675
0 0.21826328125 0.8916037037037037 0.016734895833333333 0.03320740740740741
0 0.2938661458333333 0.4259356481481481 0.013773958333333334 0.03705648148148148
0 0.11453151041666666 0.49980833333333335 0.008229687500000001 0.016283333333333334
0 0.06939166666666667 0.16972361111111112 0.00545 0.009817592592592593
0 0.46476666666666666 0.35055185185185184 0.0034916666666666664 0.00665925925925926
0 0.48124375 0.2714532407407408 0.0051958333333333336 0.004017592592592593
0 0.41729140625 0.27915879629629625 0.004374479166666666 0.006465740740740741
1 0.49973958333333335 0.5370370370370371 0.9994791666666667 0.924074074074074
1 0.8986979166666667 0.14027777777777778 0.034895833333333334 0.025
0 0.08958333333333333 0.7939814814814815 0.019791666666666666 0.03425925925925926
0 0.6515625 0.9037037037037037 0.01875 0.027777777777777776
0 0.61796875 0.9643518518518519 0.0296875 0.028703703703703703
0 0.40859375 0.6388888888888888 0.011979166666666667 0.022222222222222223
0 0.61484375 0.38935185185185184 0.0203125 0.062037037037037036
0 0.7963541666666667 0.1439814814814815 0.016666666666666666 0.03425925925925926
0 0.7033854166666667 0.5995370370370371 0.0140625 0.03611111111111111
0 0.8846354166666667 0.5486111111111112 0.0078125 0.01574074074074074
0 0.9166666666666666 0.8824074074074074 0.005208333333333333 0.009259259259259259
0 0.9911458333333333 0.9416666666666667 0.008333333333333333 0.018518518518518517
0 0.5294270833333333 0.6532407407407408 0.0036458333333333334 0.006481481481481481
0 0.5098958333333333 0.7305555555555555 0.005208333333333333 0.003703703703703704
0 0.5739583333333333 0.7300925925925926 0.004166666666666667 0.006481481481481481
