1 0.5 0.4575814814814815 1.0 0.915162962962963
0 0.6561916666666666 0.6538898148148148 0.018633333333333335 0.020742592592592594
0 0.6456091145833334 0.6961805555555556 0.009968229166666667 0.018287037037037036
0 0.6287354166666667 0.6548046296296296 0.012679166666666667 0.011461111111111111
0 0.6860153645833333 0.6492805555555555 0.013697395833333332 0.03745
0 0.61069453125 0.5650041666666668 0.013055729166666667 0.02815648148148148
0 0.6145940104166667 0.5981833333333333 0.0114796875 0.014885185185185185
0 0.6738036458333333 0.3668398148148148 0.011148958333333332 0.02442037037037037
0 0.6657234375000001 0.37316759259259263 0.025196875 0.035224074074074074
0 0.7160864583333333 0.38882175925925927 0.01238125 0.03505092592592592
0 0.7099609375 0.29873194444444445 0.008463541666666666 0.030797222222222226
0 0.7049270833333333 0.3096449074074074 0.010895833333333334 0.01928981481481481
0 0.7803057291666666 0.21285925925925928 0.013736458333333333 0.023866666666666668
0 0.62736640625 0.08038148148148148 0.012024479166666666 0.02742962962962963
0 0.48821328125 0.07880370370370371 0.006634895833333334 0.01131111111111111
0 0.30077890625 0.042366666666666664 0.018224479166666665 0.027325925925925927
0 0.14920494791666666 0.19489305555555556 0.014034895833333333 0.028675000000000003
0 0.079834375 0.19584351851851853 0.00654375 0.01576111111111111
0 0.17212734375000002 0.3249037037037037 0.0161296875 0.02017777777777778
0 0.4966885416666667 0.4066148148148148 0.009002083333333332 0.015081481481481482
0 0.18157630208333334 0.6493402777777778 0.013152604166666667 0.03016203703703704
0 0.16521848958333332 0.41536712962962963 0.0168953125 0.02888240740740741
0 0.1412869791666667 0.4897689814814815 0.009657291666666668 0.023982407407407407
0 0.13850520833333332 0.3821597222222222 0.0072187499999999995 0.023578703703703702
0 0.043340625 0.3911351851851852 0.006472916666666667 0.026714814814814816
1 0.49973958333333335 0.5310185185185186 0.9994791666666667 0.9361111111111111
0 0.3515625 0.3226851851851852 0.01875 0.019444444444444445
0 0.3645833333333333 0.2824074074074074 0.010416666666666666 0.018518518518518517
0 0.3796875 0.32592592592592595 0.0125 0.012962962962962963
0 0.32265625 0.32222222222222224 0.013020833333333334 0.03888888888888889
0 0.39296875 0.4185185185185185 0.0140625 0.027777777777777776
0 0.39036458333333335 0.3837962962962963 0.011979166666666667 0.013888888888888888
0 0.3203125 0.6060185185185185 0.010416666666666666 0.025
0 0.32890625 0.600462962962963 0.025520833333333333 0.03425925925925926
0 0.27890625 0.5768518518518518 0.013020833333333334 0.03518518518518519
0 0.28098958333333335 0.6675925925925926 0.0078125 0.03148148148148148
0 0.28671875 0.6578703703703703 0.0109375 0.019444444444444445
0 0.20703125 0.7430555555555556 0.0140625 0.023148148148148147
0 0.3528645833333333 0.8981481481481481 0.011979166666666667 0.027777777777777776
0 0.49114583333333334 0.9212962962962963 0.00625 0.011111111111111112
0 0.6755208333333333 0.986574074074074 0.01875 0.025
0 0.834375 0.8578703703703704 0.013541666666666667 0.028703703703703703
0 0.9036458333333334 0.8680555555555556 0.00625 0.01574074074074074
0 0.81796875 0.725462962962963 0.016145833333333335 0.019444444444444445
0 0.4986979166666667 0.5935185185185186 0.008854166666666666 0.014814814814814815
0 0.8244791666666667 0.4 0.013541666666666667 0.02962962962962963
0 0.8294270833333334 0.6356481481481482 0.0171875 0.028703703703703703
0 0.8572916666666667 0.5657407407407408 0.009375 0.024074074074074074
0 0.8541666666666666 0.6731481481481482 0.007291666666666667 0.024074074074074074
0 0.9497395833333333 0.6787037037037037 0.0067708333333333336 0.025925925925925925
1 0.5 0.4570898148148148 1.0 0.9141796296296296
0 0.6577338541666666 0.6484546296296296 0.018592708333333333 0.020983333333333333
0 0.647696875 0.6915189814814815 0.009977083333333333 0.018223148148148148
0 0.6297893229166667 0.6509453703703704 0.012703645833333332 0.01115
0 0.6876395833333333 0.643563425925926 0.013820833333333334 0.037126851851851855
0 0.61110859375 0.5613254629629629 0.0128421875 0.02820648148148148
0 0.61558046875 0.5945726851851852 0.011369270833333334 0.015071296296296298
0 0.6723091145833333 0.3612152777777778 0.011284895833333334 0.02428240740740741
0 0.6646377604166667 0.36778518518518516 0.02510885416666667 0.03557037037037037
0 0.714975 0.3823111111111111 0.012241666666666668 0.034992592592592596
0 0.7079390624999999 0.29216759259259256 0.008586458333333333 0.030631481481481482
0 0.7028346354166667 0.3031388888888889 0.010877604166666667 0.019240740740740742
0 0.7771419270833333 0.20458703703703704 0.013658854166666668 0.02398888888888889
0 0.6231986979166667 0.07663055555555555 0.012022395833333333 0.027335185185185185
0 0.48408203125 0.07881851851851851 0.006705729166666666 0.01134074074074074
0 0.29655156250000003 0.04814259259259259 0.018103125 0.027766666666666665
0 0.14664375 0.20598842592592592 0.014120833333333332 0.028643518518518516
0 0.0767359375 0.2088013888888889 0.006596875 0.015750925925925925
0 0.17055598958333332 0.33515277777777774 0.016111979166666665 0.020305555555555556
0 0.49565755208333334 0.4066342592592593 0.0090234375 0.015120370370370369
0 0.18314609375 0.6595652777777778 0.0131671875 0.030241666666666667
0 0.16466067708333335 0.42565 0.016821354166666667 0.02907777777777778
0 0.14131067708333334 0.5008601851851852 0.0097046875 0.02394259259259259
0 0.13693203125 0.39321064814814816 0.007197395833333333 0.023458333333333335
0 0.04226614583333333 0.40601666666666664 0.006407291666666666 0.026848148148148145
1 0.5 0.4575814814814815 1.0 0.915162962962963
0 0.6561916666666666 0.6538898148148148 0.018633333333333335 0.020742592592592594
0 0.6456091145833334 0.6961805555555556 0.009968229166666667 0.018287037037037036
0 0.6287354166666667 0.6548046296296296 0.012679166666666667 0.011461111111111111
0 0.6860153645833333 0.6492805555555555 0.013697395833333332 0.03745
0 0.61069453125 0.5650041666666668 0.013055729166666667 0.02815648148148148
0 0.6145940104166667 0.5981833333333333 0.0114796875 0.014885185185185185
0 0.6738036458333333 0.3668398148148148 0.011148958333333332 0.02442037037037037
0 0.6657234375000001 0.37316759259259263 0.025196875 0.035224074074074074
0 0.7160864583333333 0.38882175925925927 0.01238125 0.03505092592592592
0 0.7099609375 0.29873194444444445 0.008463541666666666 0.030797222222222226
0 0.7049270833333333 0.3096449074074074 0.010895833333333334 0.01928981481481481
0 0.7803057291666666 0.21285925925925928 0.013736458333333333 0.023866666666666668
0 0.62736640625 0.08038148148148148 0.012024479166666666 0.02742962962962963
0 0.48821328125 0.07880370370370371 0.006634895833333334 0.01131111111111111
0 0.30077890625 0.042366666666666664 0.018224479166666665 0.027325925925925927
0 0.14920494791666666 0.19489305555555556 0.014034895833333333 0.028675000000000003
0 0.079834375 0.19584351851851853 0.00654375 0.01576111111111111
0 0.17212734375000002 0.3249037037037037 0.0161296875 0.02017777777777778
0 0.4966885416666667 0.4066148148148148 0.009002083333333332 0.015081481481481482
0 0.18157630208333334 0.6493402777777778 0.013152604166666667 0.03016203703703704
0 0.16521848958333332 0.41536712962962963 0.0168953125 0.02888240740740741
0 0.1412869791666667 0.4897689814814815 0.009657291666666668 0.023982407407407407
0 0.13850520833333332 0.3821597222222222 0.0072187499999999995 0.023578703703703702
0 0.043340625 0.3911351851851852 0.006472916666666667 0.026714814814814816
1 0.49973958333333335 0.5310185185185186 0.9994791666666667 0.9361111111111111
0 0.3515625 0.3226851851851852 0.01875 0.019444444444444445
0 0.3645833333333333 0.2824074074074074 0.010416666666666666 0.018518518518518517
0 0.3796875 0.32592592592592595 0.0125 0.012962962962962963
0 0.32265625 0.32222222222222224 0.013020833333333334 0.03888888888888889
0 0.39296875 0.4185185185185185 0.0140625 0.027777777777777776
0 0.39036458333333335 0.3837962962962963 0.011979166666666667 0.013888888888888888
0 0.3203125 0.6060185185185185 0.010416666666666666 0.025
0 0.32890625 0.600462962962963 0.025520833333333333 0.03425925925925926
0 0.27890625 0.5768518518518518 0.013020833333333334 0.03518518518518519
0 0.28098958333333335 0.6675925925925926 0.0078125 0.03148148148148148
0 0.28671875 0.6578703703703703 0.0109375 0.019444444444444445
0 0.20703125 0.7430555555555556 0.0140625 0.023148148148148147
0 0.3528645833333333 0.8981481481481481 0.011979166666666667 0.027777777777777776
0 0.49114583333333334 0.9212962962962963 0.00625 0.011111111111111112
0 0.6755208333333333 0.986574074074074 0.01875 0.025
0 0.834375 0.8578703703703704 0.013541666666666667 0.028703703703703703
0 0.9036458333333334 0.8680555555555556 0.00625 0.01574074074074074
0 0.81796875 0.725462962962963 0.016145833333333335 0.019444444444444445
0 0.4986979166666667 0.5935185185185186 0.008854166666666666 0.014814814814814815
0 0.8244791666666667 0.4 0.013541666666666667 0.02962962962962963
0 0.8294270833333334 0.6356481481481482 0.0171875 0.028703703703703703
0 0.8572916666666667 0.5657407407407408 0.009375 0.024074074074074074
0 0.8541666666666666 0.6731481481481482 0.007291666666666667 0.024074074074074074
0 0.9497395833333333 0.6787037037037037 0.0067708333333333336 0.025925925925925925
1 0.5 0.4570898148148148 1.0 0.9141796296296296
0 0.6577338541666666 0.6484546296296296 0.018592708333333333 0.020983333333333333
0 0.647696875 0.6915189814814815 0.009977083333333333 0.018223148148148148
0 0.6297893229166667 0.6509453703703704 0.012703645833333332 0.01115
0 0.6876395833333333 0.643563425925926 0.013820833333333334 0.037126851851851855
0 0.61110859375 0.5613254629629629 0.0128421875 0.02820648148148148
0 0.61558046875 0.5945726851851852 0.011369270833333334 0.015071296296296298
0 0.6723091145833333 0.3612152777777778 0.011284895833333334 0.02428240740740741
0 0.6646377604166667 0.36778518518518516 0.02510885416666667 0.03557037037037037
0 0.714975 0.3823111111111111 0.012241666666666668 0.034992592592592596
0 0.7079390624999999 0.29216759259259256 0.008586458333333333 0.030631481481481482
0 0.7028346354166667 0.3031388888888889 0.010877604166666667 0.019240740740740742
0 0.7771419270833333 0.20458703703703704 0.013658854166666668 0.02398888888888889
0 0.6231986979166667 0.07663055555555555 0.012022395833333333 0.027335185185185185
0 0.48408203125 0.07881851851851851 0.006705729166666666 0.01134074074074074
0 0.29655156250000003 0.04814259259259259 0.018103125 0.027766666666666665
0 0.14664375 0.20598842592592592 0.014120833333333332 0.028643518518518516
0 0.0767359375 0.2088013888888889 0.006596875 0.015750925925925925
0 0.17055598958333332 0.33515277777777774 0.016111979166666665 0.020305555555555556
0 0.49565755208333334 0.4066342592592593 0.0090234375 0.015120370370370369
0 0.18314609375 0.6595652777777778 0.0131671875 0.030241666666666667
0 0.16466067708333335 0.42565 0.016821354166666667 0.02907777777777778
0 0.14131067708333334 0.5008601851851852 0.0097046875 0.02394259259259259
0 0.13693203125 0.39321064814814816 0.007197395833333333 0.023458333333333335
0 0.04226614583333333 0.40601666666666664 0.006407291666666666 0.026848148148148145
1 0.5 0.4575814814814815 1.0 0.915162962962963
0 0.6561916666666666 0.6538898148148148 0.018633333333333335 0.020742592592592594
0 0.6456091145833334 0.6961805555555556 0.009968229166666667 0.018287037037037036
0 0.6287354166666667 0.6548046296296296 0.012679166666666667 0.011461111111111111
0 0.6860153645833333 0.6492805555555555 0.013697395833333332 0.03745
0 0.61069453125 0.5650041666666668 0.013055729166666667 0.02815648148148148
0 0.6145940104166667 0.5981833333333333 0.0114796875 0.014885185185185185
0 0.6738036458333333 0.3668398148148148 0.011148958333333332 0.02442037037037037
0 0.6657234375000001 0.37316759259259263 0.025196875 0.035224074074074074
0 0.7160864583333333 0.38882175925925927 0.01238125 0.03505092592592592
0 0.7099609375 0.29873194444444445 0.008463541666666666 0.030797222222222226
0 0.7049270833333333 0.3096449074074074 0.010895833333333334 0.01928981481481481
0 0.7803057291666666 0.21285925925925928 0.013736458333333333 0.023866666666666668
0 0.62736640625 0.08038148148148148 0.012024479166666666 0.02742962962962963
0 0.48821328125 0.07880370370370371 0.006634895833333334 0.01131111111111111
0 0.30077890625 0.042366666666666664 0.018224479166666665 0.027325925925925927
0 0.14920494791666666 0.19489305555555556 0.014034895833333333 0.028675000000000003
0 0.079834375 0.19584351851851853 0.00654375 0.01576111111111111
0 0.17212734375000002 0.3249037037037037 0.0161296875 0.02017777777777778
0 0.4966885416666667 0.4066148148148148 0.009002083333333332 0.015081481481481482
0 0.18157630208333334 0.6493402777777778 0.013152604166666667 0.03016203703703704
0 0.16521848958333332 0.41536712962962963 0.0168953125 0.02888240740740741
0 0.1412869791666667 0.4897689814814815 0.009657291666666668 0.023982407407407407
0 0.13850520833333332 0.3821597222222222 0.0072187499999999995 0.023578703703703702
0 0.043340625 0.3911351851851852 0.006472916666666667 0.026714814814814816
1 0.49973958333333335 0.5310185185185186 0.9994791666666667 0.9361111111111111
0 0.3515625 0.3226851851851852 0.01875 0.019444444444444445
0 0.3645833333333333 0.2824074074074074 0.010416666666666666 0.018518518518518517
0 0.3796875 0.32592592592592595 0.0125 0.012962962962962963
0 0.32265625 0.32222222222222224 0.013020833333333334 0.03888888888888889
0 0.39296875 0.4185185185185185 0.0140625 0.027777777777777776
0 0.39036458333333335 0.3837962962962963 0.011979166666666667 0.013888888888888888
0 0.3203125 0.6060185185185185 0.010416666666666666 0.025
0 0.32890625 0.600462962962963 0.025520833333333333 0.03425925925925926
0 0.27890625 0.5768518518518518 0.013020833333333334 0.03518518518518519
0 0.28098958333333335 0.6675925925925926 0.0078125 0.03148148148148148
0 0.28671875 0.6578703703703703 0.0109375 0.019444444444444445
0 0.20703125 0.7430555555555556 0.0140625 0.023148148148148147
0 0.3528645833333333 0.8981481481481481 0.011979166666666667 0.027777777777777776
0 0.49114583333333334 0.9212962962962963 0.00625 0.011111111111111112
0 0.6755208333333333 0.986574074074074 0.01875 0.025
0 0.834375 0.8578703703703704 0.013541666666666667 0.028703703703703703
0 0.9036458333333334 0.8680555555555556 0.00625 0.01574074074074074
0 0.81796875 0.725462962962963 0.016145833333333335 0.019444444444444445
0 0.4986979166666667 0.5935185185185186 0.008854166666666666 0.014814814814814815
0 0.8244791666666667 0.4 0.013541666666666667 0.02962962962962963
0 0.8294270833333334 0.6356481481481482 0.0171875 0.028703703703703703
0 0.8572916666666667 0.5657407407407408 0.009375 0.024074074074074074
0 0.8541666666666666 0.6731481481481482 0.007291666666666667 0.024074074074074074
0 0.9497395833333333 0.6787037037037037 0.0067708333333333336 0.025925925925925925
1 0.5 0.4570898148148148 1.0 0.9141796296296296
0 0.6577338541666666 0.6484546296296296 0.018592708333333333 0.020983333333333333
0 0.647696875 0.6915189814814815 0.009977083333333333 0.018223148148148148
0 0.6297893229166667 0.6509453703703704 0.012703645833333332 0.01115
0 0.6876395833333333 0.643563425925926 0.013820833333333334 0.037126851851851855
0 0.61110859375 0.5613254629629629 0.0128421875 0.02820648148148148
0 0.61558046875 0.5945726851851852 0.011369270833333334 0.015071296296296298
0 0.6723091145833333 0.3612152777777778 0.011284895833333334 0.02428240740740741
0 0.6646377604166667 0.36778518518518516 0.02510885416666667 0.03557037037037037
0 0.714975 0.3823111111111111 0.012241666666666668 0.034992592592592596
0 0.7079390624999999 0.29216759259259256 0.008586458333333333 0.030631481481481482
0 0.7028346354166667 0.3031388888888889 0.010877604166666667 0.019240740740740742
0 0.7771419270833333 0.20458703703703704 0.013658854166666668 0.02398888888888889
0 0.6231986979166667 0.07663055555555555 0.012022395833333333 0.027335185185185185
0 0.48408203125 0.07881851851851851 0.006705729166666666 0.01134074074074074
0 0.29655156250000003 0.04814259259259259 0.018103125 0.027766666666666665
0 0.14664375 0.20598842592592592 0.014120833333333332 0.028643518518518516
0 0.0767359375 0.2088013888888889 0.006596875 0.015750925925925925
0 0.17055598958333332 0.33515277777777774 0.016111979166666665 0.020305555555555556
0 0.49565755208333334 0.4066342592592593 0.0090234375 0.015120370370370369
0 0.18314609375 0.6595652777777778 0.0131671875 0.030241666666666667
0 0.16466067708333335 0.42565 0.016821354166666667 0.02907777777777778
0 0.14131067708333334 0.5008601851851852 0.0097046875 0.02394259259259259
0 0.13693203125 0.39321064814814816 0.007197395833333333 0.023458333333333335
0 0.04226614583333333 0.40601666666666664 0.006407291666666666 0.026848148148148145
