0 0.51318671875 0.5451476851851852 0.9732484375 0.9088138888888889
0 0.5129223958333333 0.5455486111111111 0.9737614583333334 0.9096157407407407
0 0.5129223958333333 0.5454680555555556 0.9737614583333334 0.9094546296296296
0 0.51313359375 0.5454680555555556 0.9741838541666666 0.9094546296296296
1 0.51313359375 0.5455486111111111 0.9741838541666666 0.9096157407407407
0 0.12215286458333334 0.5506550925925926 0.003680729166666667 0.006865740740740741
0 0.13611718750000001 0.49148842592592595 0.004526041666666666 0.008902777777777779
0 0.3044502604166667 0.616887962962963 0.008900520833333333 0.01710925925925926
0 0.37537265625 0.941400462962963 0.0132453125 0.02724537037037037
0 0.48670416666666666 0.9748800925925926 0.09111666666666667 0.049760185185185185
0 0.5119343749999999 0.9802449074074074 0.03949375 0.040119444444444444
0 0.48549609375 0.9840662037037038 0.009533854166666666 0.014428703703703704
0 0.5506723958333333 0.5359037037037037 0.018011458333333334 0.019955555555555556
0 0.4791111979166667 0.8427217592592593 0.007180729166666667 0.011369444444444444
0 0.5010078124999999 0.8030638888888889 0.010348958333333333 0.022794444444444444
0 0.45919088541666664 0.8912069444444445 0.007965104166666665 0.010191666666666667
0 0.67963984375 0.6619708333333333 0.023863020833333335 0.04060833333333333
0 0.6732158854166667 0.5573717592592593 0.008931770833333333 0.022150925925925925
0 0.7066026041666666 0.5219087962962964 0.005913541666666666 0.012336111111111112
0 0.8172721354166667 0.8068847222222223 0.012669270833333333 0.03599166666666667
0 0.80835390625 0.7702194444444445 0.005249479166666667 0.008957407407407407
0 0.83124609375 0.9840564814814814 0.03332552083333333 0.031075925925925924
0 0.8812104166666667 0.8209166666666667 0.005129166666666667 0.010351851851851852
0 0.6026192708333333 0.3348833333333333 0.794821875 0.48828518518518516
0 0.8916552083333333 0.5158106481481481 0.011435416666666667 0.02976944444444445
0 0.8697776041666666 0.6334291666666667 0.015596875000000001 0.033525
0 0.8870765625 0.5787277777777777 0.0012364583333333333 0.0074555555555555555
0 0.8881307291666667 0.5733828703703704 0.0075114583333333335 0.018987962962962963
0 0.8850744791666667 0.5629587962962963 0.006607291666666667 0.011102777777777777
0 0.8729674479166667 0.6856777777777778 0.005309895833333333 0.010244444444444445
0 0.96609765625 0.7581787037037037 0.006153645833333333 0.020061111111111113
0 0.9167403645833333 0.4984393518518518 0.004314062499999999 0.011693518518518518
0 0.9289072916666666 0.4932851851851852 0.005731249999999999 0.0162
0 0.8170653645833333 0.5949245370370371 0.003922395833333333 0.008367592592592593
0 0.9010924479166668 0.8479972222222222 0.005309895833333333 0.008957407407407407
0 0.8069122395833334 0.5254782407407407 0.005491145833333333 0.012067592592592592
0 0.47741666666666666 0.5814111111111111 0.9548333333333333 0.8368962962962962
0 0.4773630208333334 0.5815259259259259 0.9547260416666667 0.8371259259259259
0 0.4772283854166667 0.5815083333333333 0.9544567708333334 0.8370907407407407
0 0.47748749999999995 0.580799074074074 0.9549749999999999 0.837524074074074
1 0.47800546875 0.5808986111111111 0.9560109375 0.8377231481481482
0 0.8553601562500001 0.7329976851851853 0.0044703125 0.006736111111111111
0 0.8512450520833333 0.6699629629629629 0.005615104166666667 0.006592592592592593
0 0.6698307291666666 0.7083175925925925 0.010494791666666666 0.014783333333333332
0 0.5510966145833333 0.985512962962963 0.014693229166666665 0.022877777777777775
0 0.4359395833333333 0.9604569444444444 0.09375416666666667 0.06535833333333334
0 0.41426666666666667 0.9573689814814814 0.03999166666666667 0.05733055555555556
0 0.43883229166666665 0.9724236111111111 0.008914583333333333 0.015217592592592592
0 0.44541692708333336 0.5100694444444445 0.016875520833333334 0.023842592592592592
0 0.46639817708333337 0.8399347222222222 0.007796354166666667 0.009499074074074075
0 0.45193932291666666 0.7909032407407408 0.012211979166666666 0.02069537037037037
0 0.478803125 0.8960472222222222 0.007606249999999999 0.010612962962962963
0 0.3252419270833334 0.9614041666666666 0.006733854166666667 0.017252777777777777
0 0.30258151041666664 0.5671138888888888 0.018704687499999997 0.049042592592592596
0 0.3254783854166667 0.47021759259259255 0.010331770833333333 0.020064814814814817
0 0.29785833333333334 0.4197777777777778 0.0061333333333333335 0.011777777777777778
0 0.147809375 0.6399736111111112 0.009160416666666667 0.03920648148148149
0 0.16173307291666666 0.608598148148148 0.0047161458333333335 0.009788888888888889
0 0.10996171874999999 0.8359444444444445 0.036590104166666665 0.10337037037037038
0 0.10975546875 0.8646703703703704 0.011177604166666666 0.025637037037037035
0 0.09747630208333334 0.8345708333333334 0.010577604166666667 0.019141666666666664
0 0.084003125 0.6218282407407407 0.00550625 0.010323148148148147
0 0.41812499999999997 0.27925879629629635 0.8206249999999999 0.23444351851851852
0 0.12116979166666668 0.3226981481481482 0.012131250000000001 0.03058148148148148
0 0.12376536458333334 0.44853564814814817 0.015239062500000001 0.035960185185185185
0 0.11614296874999999 0.3861393518518519 0.0010359375 0.007463888888888889
0 0.11553645833333334 0.3811587962962963 0.007114583333333333 0.019725
0 0.11996510416666667 0.37238518518518515 0.006596875 0.011437037037037037
0 0.11264895833333334 0.4950546296296296 0.00550625 0.008627777777777778
0 0.01200546875 0.5212888888888888 0.005260937500000001 0.020355555555555557
0 0.0031380208333333334 0.8129425925925925 0.005234375 0.007366666666666667
0 0.00348671875 0.8172101851851852 0.0069734375 0.017753703703703702
0 0.00981875 0.7752166666666667 0.002970833333333333 0.009692592592592593
0 0.09960390625 0.2939967592592593 0.004416145833333333 0.012067592592592592
0 0.08866640625 0.28316111111111114 0.004416145833333333 0.018174074074074075
0 0.18025130208333331 0.43572222222222223 0.004252604166666666 0.008481481481481482
0 0.060977604166666664 0.638912037037037 0.005288541666666666 0.009305555555555556
0 0.20091848958333333 0.3746310185185185 0.004961979166666667 0.010373148148148147
0 0.52109375 0.5805555555555556 0.9567708333333333 0.837037037037037
0 0.5208333333333334 0.5805555555555556 0.9572916666666667 0.837037037037037
0 0.52109375 0.5805555555555556 0.9567708333333333 0.837037037037037
0 0.5208333333333334 0.5800925925925926 0.9572916666666667 0.8379629629629629
1 0.5208333333333334 0.5800925925925926 0.9572916666666667 0.8379629629629629
0 0.1328125 0.6662037037037037 0.004166666666666667 0.006481481481481481
0 0.140625 0.6037037037037037 0.005208333333333333 0.007407407407407408
0 0.3190104166666667 0.6754629629629629 0.009895833333333333 0.01574074074074074
0 0.4205729166666667 0.9731481481481481 0.0140625 0.024074074074074074
0 0.5356770833333333 0.9694444444444444 0.09427083333333333 0.05185185185185185
0 0.5580729166666667 0.9717592592592592 0.0390625 0.05462962962962963
0 0.5330729166666667 0.9814814814814815 0.008854166666666666 0.014814814814814815
0 0.5533854166666666 0.5203703703703704 0.0171875 0.022222222222222223
0 0.5135416666666667 0.8435185185185186 0.007291666666666667 0.009259259259259259
0 0.5307291666666667 0.7986111111111112 0.011458333333333333 0.021296296296296296
0 0.49765625 0.8976851851851851 0.0078125 0.010185185185185186
0 0.64609375 0.9907407407407407 0.0067708333333333336 0.016666666666666666
0 0.6927083333333334 0.6037037037037037 0.020833333333333332 0.046296296296296294
0 0.67578125 0.5027777777777778 0.009895833333333333 0.020370370370370372
0 0.70546875 0.45787037037037037 0.005729166666666666 0.012037037037037037
0 0.8424479166666666 0.7050925925925926 0.009895833333333333 0.03796296296296296
0 0.8299479166666667 0.6712962962962963 0.0046875 0.009259259259259259
0 0.8692708333333333 0.9078703703703703 0.03958333333333333 0.09907407407407408
0 0.8666666666666667 0.9356481481481481 0.011458333333333333 0.025
0 0.8807291666666667 0.9069444444444444 0.010416666666666666 0.017592592592592594
0 0.9067708333333333 0.6986111111111111 0.005208333333333333 0.010185185185185186
0 0.59140625 0.29305555555555557 0.8161458333333333 0.262037037037037
0 0.8872395833333333 0.3939814814814815 0.011979166666666667 0.030555555555555555
0 0.87734375 0.5185185185185185 0.015104166666666667 0.03518518518518519
0 0.8885416666666667 0.4583333333333333 0.0010416666666666667 0.007407407407407408
0 0.8893229166666666 0.4532407407407407 0.0067708333333333336 0.019444444444444445
0 0.8854166666666666 0.44351851851851853 0.00625 0.011111111111111112
0 0.8854166666666666 0.5675925925925925 0.005208333333333333 0.009259259259259259
0 0.9846354166666667 0.6111111111111112 0.0046875 0.020370370370370372
0 0.9755208333333333 0.9037037037037037 0.005208333333333333 0.007407407407407408
0 0.97578125 0.9083333333333333 0.0078125 0.018518518518518517
0 0.9716145833333333 0.8648148148148148 0.0026041666666666665 0.009259259259259259
0 0.9104166666666667 0.3699074074074074 0.004166666666666667 0.012037037037037037
0 0.921875 0.36064814814814816 0.004166666666666667 0.017592592592592594
0 0.821875 0.49583333333333335 0.004166666666666667 0.008333333333333333
0 0.9286458333333333 0.7194444444444444 0.005208333333333333 0.009259259259259259
0 0.8046875 0.4305555555555556 0.005208333333333333 0.011111111111111112
0 0.51318671875 0.5451476851851852 0.9732484375 0.9088138888888889
0 0.5129223958333333 0.5455486111111111 0.9737614583333334 0.9096157407407407
0 0.5129223958333333 0.5454680555555556 0.9737614583333334 0.9094546296296296
0 0.51313359375 0.5454680555555556 0.9741838541666666 0.9094546296296296
1 0.51313359375 0.5455486111111111 0.9741838541666666 0.9096157407407407
0 0.12215286458333334 0.5506550925925926 0.003680729166666667 0.006865740740740741
0 0.13611718750000001 0.49148842592592595 0.004526041666666666 0.008902777777777779
0 0.3044502604166667 0.616887962962963 0.008900520833333333 0.01710925925925926
0 0.37537265625 0.941400462962963 0.0132453125 0.02724537037037037
0 0.48670416666666666 0.9748800925925926 0.09111666666666667 0.049760185185185185
0 0.5119343749999999 0.9802449074074074 0.03949375 0.040119444444444444
0 0.48549609375 0.9840662037037038 0.009533854166666666 0.014428703703703704
0 0.5506723958333333 0.5359037037037037 0.018011458333333334 0.019955555555555556
0 0.4791111979166667 0.8427217592592593 0.007180729166666667 0.011369444444444444
0 0.5010078124999999 0.8030638888888889 0.010348958333333333 0.022794444444444444
0 0.45919088541666664 0.8912069444444445 0.007965104166666665 0.010191666666666667
0 0.67963984375 0.6619708333333333 0.023863020833333335 0.04060833333333333
0 0.6732158854166667 0.5573717592592593 0.008931770833333333 0.022150925925925925
0 0.7066026041666666 0.5219087962962964 0.005913541666666666 0.012336111111111112
0 0.8172721354166667 0.8068847222222223 0.012669270833333333 0.03599166666666667
0 0.80835390625 0.7702194444444445 0.005249479166666667 0.008957407407407407
0 0.83124609375 0.9840564814814814 0.03332552083333333 0.031075925925925924
0 0.8812104166666667 0.8209166666666667 0.005129166666666667 0.010351851851851852
0 0.6026192708333333 0.3348833333333333 0.794821875 0.48828518518518516
0 0.8916552083333333 0.5158106481481481 0.011435416666666667 0.02976944444444445
0 0.8697776041666666 0.6334291666666667 0.015596875000000001 0.033525
0 0.8870765625 0.5787277777777777 0.0012364583333333333 0.0074555555555555555
0 0.8881307291666667 0.5733828703703704 0.0075114583333333335 0.018987962962962963
0 0.8850744791666667 0.5629587962962963 0.006607291666666667 0.011102777777777777
0 0.8729674479166667 0.6856777777777778 0.005309895833333333 0.010244444444444445
0 0.96609765625 0.7581787037037037 0.006153645833333333 0.020061111111111113
0 0.9167403645833333 0.4984393518518518 0.004314062499999999 0.011693518518518518
0 0.9289072916666666 0.4932851851851852 0.005731249999999999 0.0162
0 0.8170653645833333 0.5949245370370371 0.003922395833333333 0.008367592592592593
0 0.9010924479166668 0.8479972222222222 0.005309895833333333 0.008957407407407407
0 0.8069122395833334 0.5254782407407407 0.005491145833333333 0.012067592592592592
0 0.47741666666666666 0.5814111111111111 0.9548333333333333 0.8368962962962962
0 0.4773630208333334 0.5815259259259259 0.9547260416666667 0.8371259259259259
0 0.4772283854166667 0.5815083333333333 0.9544567708333334 0.8370907407407407
0 0.47748749999999995 0.580799074074074 0.9549749999999999 0.837524074074074
1 0.47800546875 0.5808986111111111 0.9560109375 0.8377231481481482
0 0.8553601562500001 0.7329976851851853 0.0044703125 0.006736111111111111
0 0.8512450520833333 0.6699629629629629 0.005615104166666667 0.006592592592592593
0 0.6698307291666666 0.7083175925925925 0.010494791666666666 0.014783333333333332
0 0.5510966145833333 0.985512962962963 0.014693229166666665 0.022877777777777775
0 0.4359395833333333 0.9604569444444444 0.09375416666666667 0.06535833333333334
0 0.41426666666666667 0.9573689814814814 0.03999166666666667 0.05733055555555556
0 0.43883229166666665 0.9724236111111111 0.008914583333333333 0.015217592592592592
0 0.44541692708333336 0.5100694444444445 0.016875520833333334 0.023842592592592592
0 0.46639817708333337 0.8399347222222222 0.007796354166666667 0.009499074074074075
0 0.45193932291666666 0.7909032407407408 0.012211979166666666 0.02069537037037037
0 0.478803125 0.8960472222222222 0.007606249999999999 0.010612962962962963
0 0.3252419270833334 0.9614041666666666 0.006733854166666667 0.017252777777777777
0 0.30258151041666664 0.5671138888888888 0.018704687499999997 0.049042592592592596
0 0.3254783854166667 0.47021759259259255 0.010331770833333333 0.020064814814814817
0 0.29785833333333334 0.4197777777777778 0.0061333333333333335 0.011777777777777778
0 0.147809375 0.6399736111111112 0.009160416666666667 0.03920648148148149
0 0.16173307291666666 0.608598148148148 0.0047161458333333335 0.009788888888888889
0 0.10996171874999999 0.8359444444444445 0.036590104166666665 0.10337037037037038
0 0.10975546875 0.8646703703703704 0.011177604166666666 0.025637037037037035
0 0.09747630208333334 0.8345708333333334 0.010577604166666667 0.019141666666666664
0 0.084003125 0.6218282407407407 0.00550625 0.010323148148148147
0 0.41812499999999997 0.27925879629629635 0.8206249999999999 0.23444351851851852
0 0.12116979166666668 0.3226981481481482 0.012131250000000001 0.03058148148148148
0 0.12376536458333334 0.44853564814814817 0.015239062500000001 0.035960185185185185
0 0.11614296874999999 0.3861393518518519 0.0010359375 0.007463888888888889
0 0.11553645833333334 0.3811587962962963 0.007114583333333333 0.019725
0 0.11996510416666667 0.37238518518518515 0.006596875 0.011437037037037037
0 0.11264895833333334 0.4950546296296296 0.00550625 0.008627777777777778
0 0.01200546875 0.5212888888888888 0.005260937500000001 0.020355555555555557
0 0.0031380208333333334 0.8129425925925925 0.005234375 0.007366666666666667
0 0.00348671875 0.8172101851851852 0.0069734375 0.017753703703703702
0 0.00981875 0.7752166666666667 0.002970833333333333 0.009692592592592593
0 0.09960390625 0.2939967592592593 0.004416145833333333 0.012067592592592592
0 0.08866640625 0.28316111111111114 0.004416145833333333 0.018174074074074075
0 0.18025130208333331 0.43572222222222223 0.004252604166666666 0.008481481481481482
0 0.060977604166666664 0.638912037037037 0.005288541666666666 0.009305555555555556
0 0.20091848958333333 0.3746310185185185 0.004961979166666667 0.010373148148148147
0 0.52109375 0.5805555555555556 0.9567708333333333 0.837037037037037
0 0.5208333333333334 0.5805555555555556 0.9572916666666667 0.837037037037037
0 0.52109375 0.5805555555555556 0.9567708333333333 0.837037037037037
0 0.5208333333333334 0.5800925925925926 0.9572916666666667 0.8379629629629629
1 0.5208333333333334 0.5800925925925926 0.9572916666666667 0.8379629629629629
0 0.1328125 0.6662037037037037 0.004166666666666667 0.006481481481481481
0 0.140625 0.6037037037037037 0.005208333333333333 0.007407407407407408
0 0.3190104166666667 0.6754629629629629 0.009895833333333333 0.01574074074074074
0 0.4205729166666667 0.9731481481481481 0.0140625 0.024074074074074074
0 0.5356770833333333 0.9694444444444444 0.09427083333333333 0.05185185185185185
0 0.5580729166666667 0.9717592592592592 0.0390625 0.05462962962962963
0 0.5330729166666667 0.9814814814814815 0.008854166666666666 0.014814814814814815
0 0.5533854166666666 0.5203703703703704 0.0171875 0.022222222222222223
0 0.5135416666666667 0.8435185185185186 0.007291666666666667 0.009259259259259259
0 0.5307291666666667 0.7986111111111112 0.011458333333333333 0.021296296296296296
0 0.49765625 0.8976851851851851 0.0078125 0.010185185185185186
0 0.64609375 0.9907407407407407 0.0067708333333333336 0.016666666666666666
0 0.6927083333333334 0.6037037037037037 0.020833333333333332 0.046296296296296294
0 0.67578125 0.5027777777777778 0.009895833333333333 0.020370370370370372
0 0.70546875 0.45787037037037037 0.005729166666666666 0.012037037037037037
0 0.8424479166666666 0.7050925925925926 0.009895833333333333 0.03796296296296296
0 0.8299479166666667 0.6712962962962963 0.0046875 0.009259259259259259
0 0.8692708333333333 0.9078703703703703 0.03958333333333333 0.09907407407407408
0 0.8666666666666667 0.9356481481481481 0.011458333333333333 0.025
0 0.8807291666666667 0.9069444444444444 0.010416666666666666 0.017592592592592594
0 0.9067708333333333 0.6986111111111111 0.005208333333333333 0.010185185185185186
0 0.59140625 0.29305555555555557 0.8161458333333333 0.262037037037037
0 0.8872395833333333 0.3939814814814815 0.011979166666666667 0.030555555555555555
0 0.87734375 0.5185185185185185 0.015104166666666667 0.03518518518518519
0 0.8885416666666667 0.4583333333333333 0.0010416666666666667 0.007407407407407408
0 0.8893229166666666 0.4532407407407407 0.0067708333333333336 0.019444444444444445
0 0.8854166666666666 0.44351851851851853 0.00625 0.011111111111111112
0 0.8854166666666666 0.5675925925925925 0.005208333333333333 0.009259259259259259
0 0.9846354166666667 0.6111111111111112 0.0046875 0.020370370370370372
0 0.9755208333333333 0.9037037037037037 0.005208333333333333 0.007407407407407408
0 0.97578125 0.9083333333333333 0.0078125 0.018518518518518517
0 0.9716145833333333 0.8648148148148148 0.0026041666666666665 0.009259259259259259
0 0.9104166666666667 0.3699074074074074 0.004166666666666667 0.012037037037037037
0 0.921875 0.36064814814814816 0.004166666666666667 0.017592592592592594
0 0.821875 0.49583333333333335 0.004166666666666667 0.008333333333333333
0 0.9286458333333333 0.7194444444444444 0.005208333333333333 0.009259259259259259
0 0.8046875 0.4305555555555556 0.005208333333333333 0.011111111111111112
