1 0.5167330729166667 0.5987263888888888 0.9667994791666668 0.8030083333333333
1 0.9133510416666667 0.8825481481481482 0.16732708333333332 0.23546666666666666
1 0.9727549479166666 0.9733027777777777 0.04446822916666667 0.054012962962962964
0 0.7514184895833333 0.30282916666666665 0.023670312500000002 0.0686212962962963
0 0.41884921875000003 0.31428518518518517 0.010615104166666667 0.02671851851851852
0 0.41560625 0.49396435185185184 0.008295833333333334 0.01570648148148148
0 0.3607130208333333 0.7995601851851851 0.0068427083333333335 0.012083333333333335
0 0.7903723958333334 0.5972194444444444 0.018244791666666666 0.037031481481481485
0 0.8607674479166667 0.7074138888888888 0.007993229166666666 0.022235185185185184
0 0.9090861979166667 0.8051069444444444 0.0129640625 0.021325
0 0.783359375 0.7750222222222222 0.014635416666666668 0.02597037037037037
0 0.84428828125 0.9579337962962964 0.009409895833333333 0.015867592592592593
0 0.9930682291666667 0.8736092592592593 0.005928125 0.021292592592592592
0 0.96460078125 0.40843703703703704 0.0104515625 0.016874074074074073
0 0.8541796875000001 0.42412824074074074 0.008359375 0.031589814814814814
0 0.8112291666666667 0.382 0.005791666666666666 0.010296296296296295
0 0.8309208333333333 0.3579902777777778 0.008716666666666668 0.01968425925925926
0 0.9611973958333333 0.6505023148148148 0.007811458333333333 0.012115740740740741
0 0.8380291666666667 0.6569189814814814 0.009391666666666666 0.017541666666666667
0 0.87509140625 0.024818055555555555 0.0533078125 0.023710185185185185
0 0.5065106770833333 0.011873148148148148 0.1151046875 0.014487037037037038
0 0.7409117187500001 0.24955972222222222 0.012031770833333334 0.019489814814814814
1 0.5171875 0.5986111111111111 0.965625 0.8027777777777778
1 0.9158854166666667 0.8740740740740741 0.1671875 0.25
1 0.9731770833333333 0.9648148148148148 0.05260416666666667 0.06851851851851852
0 0.74921875 0.29444444444444445 0.0234375 0.06851851851851852
0 0.4171875 0.31712962962962965 0.010416666666666666 0.026851851851851852
0 0.415625 0.49675925925925923 0.008333333333333333 0.01574074074074074
0 0.36380208333333336 0.8041666666666667 0.0067708333333333336 0.012037037037037037
0 0.79140625 0.5879629629629629 0.018229166666666668 0.037037037037037035
0 0.8627604166666667 0.6962962962962963 0.0078125 0.022222222222222223
0 0.91171875 0.7921296296296296 0.013020833333333334 0.021296296296296296
0 0.7859375 0.7657407407407407 0.014583333333333334 0.025925925925925925
0 0.8489583333333334 0.9476851851851852 0.009375 0.01574074074074074
0 0.9966145833333333 0.8578703703703704 0.005729166666666666 0.021296296296296296
0 0.9635416666666666 0.39444444444444443 0.010416666666666666 0.016666666666666666
0 0.853125 0.412962962962963 0.008333333333333333 0.03148148148148148
0 0.81015625 0.3726851851851852 0.005729166666666666 0.010185185185185186
0 0.8294270833333334 0.3476851851851852 0.008854166666666666 0.019444444444444445
0 0.9627604166666667 0.6365740740740741 0.0078125 0.012037037037037037
0 0.8395833333333333 0.6467592592592593 0.009375 0.017592592592592594
0 0.8703125 0.013425925925925926 0.053125 0.023148148148148147
0 0.5013020833333334 0.011111111111111112 0.11510416666666666 0.012962962962962963
0 0.73828125 0.24212962962962964 0.011979166666666667 0.019444444444444445
1 0.4833997395833334 0.5987263888888888 0.9667994791666668 0.8030083333333333
1 0.08678854166666666 0.8825481481481482 0.16732708333333332 0.23546666666666666
1 0.026921614583333333 0.9733027777777777 0.04446822916666667 0.054012962962962964
0 0.24881432291666666 0.30282916666666665 0.023670312500000002 0.0686212962962963
0 0.5808283854166666 0.31428518518518517 0.010615104166666667 0.02671851851851852
0 0.58435625 0.49396435185185184 0.008295833333333334 0.01570648148148148
0 0.6393588541666666 0.7995601851851851 0.0068427083333333335 0.012083333333333335
0 0.20964322916666667 0.5972194444444444 0.018244791666666666 0.037031481481481485
0 0.13941328125 0.7074138888888888 0.007993229166666666 0.022235185185185184
0 0.09137786458333334 0.8051069444444444 0.0129640625 0.021325
0 0.21669270833333334 0.7750222222222222 0.014635416666666668 0.02597037037037037
0 0.15574661458333333 0.9579337962962964 0.009409895833333333 0.015867592592592593
0 0.007130729166666666 0.8736092592592593 0.005928125 0.021292592592592592
0 0.035434114583333336 0.40843703703703704 0.0104515625 0.016874074074074073
0 0.14584635416666666 0.42412824074074074 0.008359375 0.031589814814814814
0 0.18883333333333333 0.382 0.005791666666666666 0.010296296296296295
0 0.16894166666666666 0.3579902777777778 0.008716666666666668 0.01968425925925926
0 0.0388015625 0.6505023148148148 0.007811458333333333 0.012115740740740741
0 0.1619875 0.6569189814814814 0.009391666666666666 0.017541666666666667
0 0.12457057291666666 0.024818055555555555 0.0533078125 0.023710185185185185
0 0.49348984375 0.011873148148148148 0.1151046875 0.014487037037037038
0 0.2591408854166667 0.24955972222222222 0.012031770833333334 0.019489814814814814
1 0.5167330729166667 0.5987263888888888 0.9667994791666668 0.8030083333333333
1 0.9133510416666667 0.8825481481481482 0.16732708333333332 0.23546666666666666
1 0.9727549479166666 0.9733027777777777 0.04446822916666667 0.054012962962962964
0 0.7514184895833333 0.30282916666666665 0.023670312500000002 0.0686212962962963
0 0.41884921875000003 0.31428518518518517 0.010615104166666667 0.02671851851851852
0 0.41560625 0.49396435185185184 0.008295833333333334 0.01570648148148148
0 0.3607130208333333 0.7995601851851851 0.0068427083333333335 0.012083333333333335
0 0.7903723958333334 0.5972194444444444 0.018244791666666666 0.037031481481481485
0 0.8607674479166667 0.7074138888888888 0.007993229166666666 0.022235185185185184
0 0.9090861979166667 0.8051069444444444 0.0129640625 0.021325
0 0.783359375 0.7750222222222222 0.014635416666666668 0.02597037037037037
0 0.84428828125 0.9579337962962964 0.009409895833333333 0.015867592592592593
0 0.9930682291666667 0.8736092592592593 0.005928125 0.021292592592592592
0 0.96460078125 0.40843703703703704 0.0104515625 0.016874074074074073
0 0.8541796875000001 0.42412824074074074 0.008359375 0.031589814814814814
0 0.8112291666666667 0.382 0.005791666666666666 0.010296296296296295
0 0.8309208333333333 0.3579902777777778 0.008716666666666668 0.01968425925925926
0 0.9611973958333333 0.6505023148148148 0.007811458333333333 0.012115740740740741
0 0.8380291666666667 0.6569189814814814 0.009391666666666666 0.017541666666666667
0 0.87509140625 0.024818055555555555 0.0533078125 0.023710185185185185
0 0.5065106770833333 0.011873148148148148 0.1151046875 0.014487037037037038
0 0.7409117187500001 0.24955972222222222 0.012031770833333334 0.019489814814814814
1 0.5171875 0.5986111111111111 0.965625 0.8027777777777778
1 0.9158854166666667 0.8740740740740741 0.1671875 0.25
1 0.9731770833333333 0.9648148148148148 0.05260416666666667 0.06851851851851852
0 0.74921875 0.29444444444444445 0.0234375 0.06851851851851852
0 0.4171875 0.31712962962962965 0.010416666666666666 0.026851851851851852
0 0.415625 0.49675925925925923 0.008333333333333333 0.01574074074074074
0 0.36380208333333336 0.8041666666666667 0.0067708333333333336 0.012037037037037037
0 0.79140625 0.5879629629629629 0.018229166666666668 0.037037037037037035
0 0.8627604166666667 0.6962962962962963 0.0078125 0.022222222222222223
0 0.91171875 0.7921296296296296 0.013020833333333334 0.021296296296296296
0 0.7859375 0.7657407407407407 0.014583333333333334 0.025925925925925925
0 0.8489583333333334 0.9476851851851852 0.009375 0.01574074074074074
0 0.9966145833333333 0.8578703703703704 0.005729166666666666 0.021296296296296296
0 0.9635416666666666 0.39444444444444443 0.010416666666666666 0.016666666666666666
0 0.853125 0.412962962962963 0.008333333333333333 0.03148148148148148
0 0.81015625 0.3726851851851852 0.005729166666666666 0.010185185185185186
0 0.8294270833333334 0.3476851851851852 0.008854166666666666 0.019444444444444445
0 0.9627604166666667 0.6365740740740741 0.0078125 0.012037037037037037
0 0.8395833333333333 0.6467592592592593 0.009375 0.017592592592592594
0 0.8703125 0.013425925925925926 0.053125 0.023148148148148147
0 0.5013020833333334 0.011111111111111112 0.11510416666666666 0.012962962962962963
0 0.73828125 0.24212962962962964 0.011979166666666667 0.019444444444444445
1 0.4833997395833334 0.5987263888888888 0.9667994791666668 0.8030083333333333
1 0.08678854166666666 0.8825481481481482 0.16732708333333332 0.23546666666666666
1 0.026921614583333333 0.9733027777777777 0.04446822916666667 0.054012962962962964
0 0.24881432291666666 0.30282916666666665 0.023670312500000002 0.0686212962962963
0 0.5808283854166666 0.31428518518518517 0.010615104166666667 0.02671851851851852
0 0.58435625 0.49396435185185184 0.008295833333333334 0.01570648148148148
0 0.6393588541666666 0.7995601851851851 0.0068427083333333335 0.012083333333333335
0 0.20964322916666667 0.5972194444444444 0.018244791666666666 0.037031481481481485
0 0.13941328125 0.7074138888888888 0.007993229166666666 0.022235185185185184
0 0.09137786458333334 0.8051069444444444 0.0129640625 0.021325
0 0.21669270833333334 0.7750222222222222 0.014635416666666668 0.02597037037037037
0 0.15574661458333333 0.9579337962962964 0.009409895833333333 0.015867592592592593
0 0.007130729166666666 0.8736092592592593 0.005928125 0.021292592592592592
0 0.035434114583333336 0.40843703703703704 0.0104515625 0.016874074074074073
0 0.14584635416666666 0.42412824074074074 0.008359375 0.031589814814814814
0 0.18883333333333333 0.382 0.005791666666666666 0.010296296296296295
0 0.16894166666666666 0.3579902777777778 0.008716666666666668 0.01968425925925926
0 0.0388015625 0.6505023148148148 0.007811458333333333 0.012115740740740741
0 0.1619875 0.6569189814814814 0.009391666666666666 0.017541666666666667
0 0.12457057291666666 0.024818055555555555 0.0533078125 0.023710185185185185
0 0.49348984375 0.011873148148148148 0.1151046875 0.014487037037037038
0 0.2591408854166667 0.24955972222222222 0.012031770833333334 0.019489814814814814
1 0.5167330729166667 0.5987263888888888 0.9667994791666668 0.8030083333333333
1 0.9133510416666667 0.8825481481481482 0.16732708333333332 0.23546666666666666
1 0.9727549479166666 0.9733027777777777 0.04446822916666667 0.054012962962962964
0 0.7514184895833333 0.30282916666666665 0.023670312500000002 0.0686212962962963
0 0.41884921875000003 0.31428518518518517 0.010615104166666667 0.02671851851851852
0 0.41560625 0.49396435185185184 0.008295833333333334 0.01570648148148148
0 0.3607130208333333 0.7995601851851851 0.0068427083333333335 0.012083333333333335
0 0.7903723958333334 0.5972194444444444 0.018244791666666666 0.037031481481481485
0 0.8607674479166667 0.7074138888888888 0.007993229166666666 0.022235185185185184
0 0.9090861979166667 0.8051069444444444 0.0129640625 0.021325
0 0.783359375 0.7750222222222222 0.014635416666666668 0.02597037037037037
0 0.84428828125 0.9579337962962964 0.009409895833333333 0.015867592592592593
0 0.9930682291666667 0.8736092592592593 0.005928125 0.021292592592592592
0 0.96460078125 0.40843703703703704 0.0104515625 0.016874074074074073
0 0.8541796875000001 0.42412824074074074 0.008359375 0.031589814814814814
0 0.8112291666666667 0.382 0.005791666666666666 0.010296296296296295
0 0.8309208333333333 0.3579902777777778 0.008716666666666668 0.01968425925925926
0 0.9611973958333333 0.6505023148148148 0.007811458333333333 0.012115740740740741
0 0.8380291666666667 0.6569189814814814 0.009391666666666666 0.017541666666666667
0 0.87509140625 0.024818055555555555 0.0533078125 0.023710185185185185
0 0.5065106770833333 0.011873148148148148 0.1151046875 0.014487037037037038
0 0.7409117187500001 0.24955972222222222 0.012031770833333334 0.019489814814814814
1 0.5171875 0.5986111111111111 0.965625 0.8027777777777778
1 0.9158854166666667 0.8740740740740741 0.1671875 0.25
1 0.9731770833333333 0.9648148148148148 0.05260416666666667 0.06851851851851852
0 0.74921875 0.29444444444444445 0.0234375 0.06851851851851852
0 0.4171875 0.31712962962962965 0.010416666666666666 0.026851851851851852
0 0.415625 0.49675925925925923 0.008333333333333333 0.01574074074074074
0 0.36380208333333336 0.8041666666666667 0.0067708333333333336 0.012037037037037037
0 0.79140625 0.5879629629629629 0.018229166666666668 0.037037037037037035
0 0.8627604166666667 0.6962962962962963 0.0078125 0.022222222222222223
0 0.91171875 0.7921296296296296 0.013020833333333334 0.021296296296296296
0 0.7859375 0.7657407407407407 0.014583333333333334 0.025925925925925925
0 0.8489583333333334 0.9476851851851852 0.009375 0.01574074074074074
0 0.9966145833333333 0.8578703703703704 0.005729166666666666 0.021296296296296296
0 0.9635416666666666 0.39444444444444443 0.010416666666666666 0.016666666666666666
0 0.853125 0.412962962962963 0.008333333333333333 0.03148148148148148
0 0.81015625 0.3726851851851852 0.005729166666666666 0.010185185185185186
0 0.8294270833333334 0.3476851851851852 0.008854166666666666 0.019444444444444445
0 0.9627604166666667 0.6365740740740741 0.0078125 0.012037037037037037
0 0.8395833333333333 0.6467592592592593 0.009375 0.017592592592592594
0 0.8703125 0.013425925925925926 0.053125 0.023148148148148147
0 0.5013020833333334 0.011111111111111112 0.11510416666666666 0.012962962962962963
0 0.73828125 0.24212962962962964 0.011979166666666667 0.019444444444444445
1 0.4833997395833334 0.5987263888888888 0.9667994791666668 0.8030083333333333
1 0.08678854166666666 0.8825481481481482 0.16732708333333332 0.23546666666666666
1 0.026921614583333333 0.9733027777777777 0.04446822916666667 0.054012962962962964
0 0.24881432291666666 0.30282916666666665 0.023670312500000002 0.0686212962962963
0 0.5808283854166666 0.31428518518518517 0.010615104166666667 0.02671851851851852
0 0.58435625 0.49396435185185184 0.008295833333333334 0.01570648148148148
0 0.6393588541666666 0.7995601851851851 0.0068427083333333335 0.012083333333333335
0 0.20964322916666667 0.5972194444444444 0.018244791666666666 0.037031481481481485
0 0.13941328125 0.7074138888888888 0.007993229166666666 0.022235185185185184
0 0.09137786458333334 0.8051069444444444 0.0129640625 0.021325
0 0.21669270833333334 0.7750222222222222 0.014635416666666668 0.02597037037037037
0 0.15574661458333333 0.9579337962962964 0.009409895833333333 0.015867592592592593
0 0.007130729166666666 0.8736092592592593 0.005928125 0.021292592592592592
0 0.035434114583333336 0.40843703703703704 0.0104515625 0.016874074074074073
0 0.14584635416666666 0.42412824074074074 0.008359375 0.031589814814814814
0 0.18883333333333333 0.382 0.005791666666666666 0.010296296296296295
0 0.16894166666666666 0.3579902777777778 0.008716666666666668 0.01968425925925926
0 0.0388015625 0.6505023148148148 0.007811458333333333 0.012115740740740741
0 0.1619875 0.6569189814814814 0.009391666666666666 0.017541666666666667
0 0.12457057291666666 0.024818055555555555 0.0533078125 0.023710185185185185
0 0.49348984375 0.011873148148148148 0.1151046875 0.014487037037037038
0 0.2591408854166667 0.24955972222222222 0.012031770833333334 0.019489814814814814
