1 0.49973958333333335 0.537962962962963 0.9994791666666667 0.9222222222222223
0 0.3026041666666667 0.7388888888888889 0.009375 0.014814814814814815
0 0.32838541666666665 0.7050925925925926 0.0171875 0.028703703703703703
0 0.005729166666666666 0.5578703703703703 0.011458333333333333 0.026851851851851852
0 0.1859375 0.6365740740740741 0.009375 0.030555555555555555
0 0.024739583333333332 0.8407407407407408 0.009895833333333333 0.03518518518518519
0 0.052083333333333336 0.8296296296296296 0.014583333333333334 0.022222222222222223
0 0.020572916666666666 0.7944444444444444 0.0067708333333333336 0.014814814814814815
0 0.24401041666666667 0.8652777777777778 0.0046875 0.017592592592592594
0 0.33125 0.9388888888888889 0.010416666666666666 0.022222222222222223
0 0.38255208333333335 0.9078703703703703 0.09010416666666667 0.10092592592592593
0 0.4197916666666667 0.9078703703703703 0.015625 0.030555555555555555
0 0.4109375 0.7078703703703704 0.022916666666666665 0.030555555555555555
0 0.3671875 0.6509259259259259 0.020833333333333332 0.022222222222222223
0 0.2791666666666667 0.9777777777777777 0.015625 0.04259259259259259
0 0.10703125 0.8648148148148148 0.0078125 0.016666666666666666
0 0.11328125 0.7888888888888889 0.0078125 0.024074074074074074
0 0.15546875 0.7018518518518518 0.0067708333333333336 0.018518518518518517
0 0.03723958333333333 0.6768518518518518 0.0067708333333333336 0.009259259259259259
0 0.103125 0.43472222222222223 0.008333333333333333 0.062037037037037036
0 0.025 0.5138888888888888 0.007291666666666667 0.03888888888888889
0 0.0515625 0.537962962962963 0.003125 0.018518518518518517
0 0.06510416666666667 0.5828703703703704 0.009375 0.05277777777777778
0 0.3098958333333333 0.48055555555555557 0.013541666666666667 0.025925925925925925
0 0.3888020833333333 0.587037037037037 0.008854166666666666 0.05555555555555555
0 0.4515625 0.5574074074074075 0.019791666666666666 0.02962962962962963
0 0.4549479166666667 0.6759259259259259 0.008854166666666666 0.020370370370370372
0 0.4609375 0.6884259259259259 0.004166666666666667 0.006481481481481481
0 0.4908854166666667 0.7865740740740741 0.009895833333333333 0.019444444444444445
0 0.5138020833333333 0.8194444444444444 0.024479166666666666 0.03148148148148148
0 0.5700520833333333 0.7708333333333334 0.009895833333333333 0.028703703703703703
0 0.5385416666666667 0.6324074074074074 0.013541666666666667 0.03518518518518519
0 0.49270833333333336 0.5050925925925925 0.013541666666666667 0.023148148148148147
0 0.26458333333333334 0.32592592592592595 0.021875 0.040740740740740744
0 0.26796875 0.31296296296296294 0.013020833333333334 0.014814814814814815
0 0.33541666666666664 0.38657407407407407 0.015625 0.025
0 0.33619791666666665 0.35509259259259257 0.009895833333333333 0.019444444444444445
0 0.32734375 0.4222222222222222 0.0109375 0.025925925925925925
0 0.32578125 0.31157407407407406 0.016145833333333335 0.030555555555555555
0 0.3346354166666667 0.4699074074074074 0.008854166666666666 0.019444444444444445
0 0.11328125 0.16666666666666666 0.011979166666666667 0.024074074074074074
0 0.05703125 0.2967592592592593 0.008854166666666666 0.023148148148148147
0 0.12630208333333334 0.28703703703703703 0.0140625 0.03333333333333333
0 0.06770833333333333 0.39675925925925926 0.00625 0.019444444444444445
0 0.08489583333333334 0.48703703703703705 0.010416666666666666 0.020370370370370372
0 0.6682291666666667 0.16620370370370371 0.009375 0.019444444444444445
0 0.6174479166666667 0.31712962962962965 0.0203125 0.025
0 0.61875 0.25815000000000005 0.009375 0.03667037037037037
0 0.66796875 0.48148148148148145 0.0171875 0.020370370370370372
0 0.7475833333333333 0.3351851851851852 0.008708333333333334 0.009259259259259259
0 0.7651041666666667 0.13564814814814816 0.00625 0.017592592592592594
0 0.7200520833333334 0.6125 0.0067708333333333336 0.019444444444444445
0 0.71328125 0.7097222222222223 0.008854166666666666 0.021296296296296296
0 0.865625 0.6976851851851852 0.015625 0.06388888888888888
0 0.8690104166666667 0.5601851851851852 0.0078125 0.03888888888888889
0 0.8885416666666667 0.5782407407407407 0.007291666666666667 0.021296296296296296
0 0.9791666666666666 0.21342592592592594 0.011458333333333333 0.03425925925925926
0 0.9291666666666667 0.19537037037037036 0.005208333333333333 0.022222222222222223
0 0.9859375 0.4699074074074074 0.007291666666666667 0.013888888888888888
0 0.6432291666666666 0.8384259259259259 0.028125 0.032407407407407406
0 0.6473958333333333 0.8625 0.0125 0.021296296296296296
0 0.7666666666666667 0.8652777777777778 0.016666666666666666 0.08611111111111111
0 0.76640625 0.8416666666666667 0.0171875 0.037037037037037035
0 0.81875 0.6907407407407408 0.010416666666666666 0.040740740740740744
0 0.8416666666666667 0.8712962962962963 0.013541666666666667 0.027777777777777776
0 0.9817708333333334 0.6018518518518519 0.008333333333333333 0.018518518518518517
0 0.6859375 0.9800925925925926 0.010416666666666666 0.03796296296296296
0 0.71796875 0.9611111111111111 0.0078125 0.011111111111111112
0 0.65703125 0.9189814814814815 0.05260416666666667 0.03981481481481482
0 0.9776041666666667 0.9319444444444445 0.00625 0.013888888888888888
0 0.97265625 0.8310185185185185 0.0046875 0.013888888888888888
0 0.8846354166666667 0.6935185185185185 0.0078125 0.016666666666666666
0 0.9302083333333333 0.7277777777777777 0.007291666666666667 0.009259259259259259
0 0.9236979166666667 0.7041666666666667 0.0078125 0.010185185185185186
0 0.7408854166666666 0.6648148148148149 0.005729166666666666 0.016666666666666666
0 0.7575520833333333 0.6162037037037037 0.0036458333333333334 0.006481481481481481
0 0.7552083333333334 0.637962962962963 0.008333333333333333 0.024074074074074074
0 0.62734375 0.6296296296296297 0.0078125 0.018518518518518517
0 0.42864583333333334 0.9550925925925926 0.007291666666666667 0.012037037037037037
0 0.2390625 0.2361111111111111 0.004166666666666667 0.016666666666666666
0 0.2421875 0.4828703703703704 0.021875 0.04722222222222222
1 0.5 0.4891884259259259 1.0 0.9783768518518517
0 0.3290502604166667 0.20391296296296296 0.009142187500000001 0.015233333333333335
0 0.3509890625 0.24617824074074074 0.018644791666666667 0.02939351851851852
0 0.018684895833333333 0.2914819444444444 0.012369791666666666 0.027408333333333333
0 0.20401822916666665 0.2684694444444444 0.011161458333333334 0.027679629629629627
0 0.06530963541666666 0.01789074074074074 0.0129109375 0.032077777777777775
0 0.091328125 0.036856018518518524 0.01598958333333333 0.020008333333333336
0 0.0570015625 0.06144212962962963 0.007753125 0.013625
0 0.28317291666666666 0.06136018518518519 0.0048875 0.017164814814814817
0 0.3767010416666666 0.015935185185185188 0.011735416666666667 0.020759259259259262
0 0.42353125 0.06652962962962963 0.09289583333333334 0.09231851851851851
0 0.460771875 0.07273564814814815 0.01737708333333333 0.02880462962962963
0 0.43312890625 0.2659300925925926 0.022507812500000002 0.031860185185185186
0 0.38358203124999996 0.3096115740740741 0.021330729166666666 0.024778703703703702
0 0.148365625 0.019076851851851852 0.00923125 0.01593148148148148
0 0.14707447916666666 0.09573842592592594 0.009773958333333332 0.022958333333333334
0 0.1804390625 0.1947736111111111 0.007753125 0.017325
0 0.06189348958333333 0.1826851851851852 0.0071203125 0.009814814814814814
0 0.10296640625 0.44270648148148145 0.014266145833333332 0.05948703703703703
0 0.03368333333333333 0.3393851851851852 0.010075 0.038029629629629635
0 0.06216614583333333 0.32469861111111115 0.0034989583333333335 0.017915740740740742
0 0.08088984375000001 0.2850865740740741 0.010738020833333334 0.05165462962962963
0 0.3107809895833333 0.4609944444444445 0.0142703125 0.025692592592592593
0 0.39899713541666665 0.38001435185185184 0.012577604166666667 0.0526212962962963
0 0.4580489583333333 0.42795185185185186 0.017139583333333333 0.03368148148148148
0 0.47280651041666666 0.3124476851851852 0.010196354166666668 0.017487962962962962
0 0.4796708333333333 0.30327175925925925 0.0041333333333333335 0.006543518518518519
0 0.5187528645833334 0.21468935185185184 0.0114640625 0.01641574074074074
0 0.5448411458333333 0.18950092592592593 0.027182291666666667 0.023446296296296295
0 0.5949083333333333 0.2557199074074074 0.01065 0.028106481481481482
0 0.5509973958333333 0.38228842592592593 0.015536458333333333 0.03309537037037037
0 0.49283307291666667 0.493400925925926 0.0117078125 0.02569074074074074
0 0.2511174479166666 0.5998486111111111 0.019943229166666666 0.04414166666666667
0 0.25327942708333334 0.6130226851851851 0.0117671875 0.016786111111111113
0 0.32693437500000005 0.5616643518518518 0.015327083333333333 0.027032407407407408
0 0.3242723958333333 0.5925861111111111 0.008961458333333333 0.018505555555555556
0 0.3232296875 0.5228291666666667 0.011042708333333335 0.027139814814814815
0 0.30953619791666664 0.631551388888889 0.014905729166666666 0.02976944444444445
0 0.33437187500000004 0.4780930555555556 0.008327083333333334 0.019149074074074075
0 0.08619739583333333 0.7087134259259259 0.011978125000000001 0.02483425925925926
0 0.0435796875 0.5632763888888889 0.010076041666666667 0.022849074074074074
0 0.11138411458333333 0.5935328703703704 0.0154765625 0.03336203703703704
0 0.06403854166666666 0.4687532407407407 0.0051604166666666665 0.018987962962962963
0 0.09035651041666666 0.3842652777777778 0.010921354166666668 0.020382407407407408
0 0.6327179687500001 0.8808708333333334 0.010227604166666666 0.019149074074074075
0 0.59775 0.7154925925925926 0.021541666666666667 0.021725925925925926
0 0.592509375 0.7740564814814814 0.007935416666666667 0.037001851851851855
0 0.6642375 0.5704180555555556 0.017016666666666666 0.01861388888888889
0 0.7277002604166667 0.7390180555555556 0.008525520833333333 0.011369444444444444
0 0.7256760416666667 0.9412726851851851 0.007602083333333333 0.015878703703703704
0 0.7279184895833333 0.4568231481481482 0.006878645833333334 0.019201851851851852
0 0.7302424479166666 0.3586347222222222 0.009443229166666667 0.020973148148148147
0 0.8798065104166667 0.41934166666666667 0.0200296875 0.06275740740740741
0 0.8692877604166667 0.5549800925925926 0.0114921875 0.03588611111111111
0 0.8895278645833333 0.5428939814814815 0.007180729166666667 0.020973148148148147
0 0.94351015625 0.9295787037037038 0.013061979166666666 0.03137962962962963
0 0.8927125 0.9323606481481481 0.0073 0.02027685185185185
0 0.9760315104166666 0.6793023148148147 0.007271354166666666 0.014160185185185184
0 0.6741283854166666 0.20946666666666666 0.02950677083333333 0.02634074074074074
0 0.6798872395833333 0.18824907407407407 0.0118578125 0.022794444444444444
0 0.7982091145833333 0.2233050925925926 0.01933489583333333 0.08549907407407407
0 0.7956013020833334 0.2462949074074074 0.01620260416666667 0.038886111111111114
0 0.83268203125 0.41023611111111113 0.007030729166666667 0.042694444444444445
0 0.8725588541666667 0.24031203703703702 0.010742708333333333 0.03062407407407407
0 0.9842213541666667 0.5482874999999999 0.008026041666666667 0.020649074074074073
0 0.7297005208333334 0.08463333333333332 0.008359375 0.03963703703703704
0 0.7595526041666666 0.11305324074074073 0.008688541666666666 0.009439814814814816
0 0.6952317708333333 0.1341453703703704 0.05400520833333333 0.029401851851851853
0 0.9972354166666667 0.3195189814814815 0.0048875 0.01496388888888889
0 0.8976570312500001 0.42728796296296295 0.0078140625 0.01753888888888889
0 0.9460945312500001 0.4083435185185185 0.0078140625 0.009279629629629629
0 0.9371802083333333 0.4289134259259259 0.00769375 0.011530555555555554
0 0.7534020833333333 0.41183009259259257 0.0057625 0.01625277777777778
0 0.7651325520833333 0.4652287037037037 0.0042234375 0.006383333333333334
0 0.765178125 0.4427699074074074 0.006397916666666667 0.026280555555555554
0 0.637475 0.4116550925925926 0.007241666666666666 0.01775462962962963
0 0.47443854166666666 0.029637962962962963 0.007210416666666666 0.012979629629629631
0 0.2174203125 0.6795833333333334 0.003590625 0.016574074074074074
0 0.24444140625 0.4375074074074074 0.025341145833333335 0.04168148148148148
1 0.5 0.46159212962962964 1.0 0.9231842592592593
0 0.7020895833333333 0.27307916666666665 0.0093875 0.014676851851851852
0 0.6756033854166666 0.3049708333333333 0.016831770833333332 0.028460185185185182
0 0.9948341145833334 0.4725800925925926 0.0105015625 0.026641666666666668
0 0.8165276041666666 0.38310324074074076 0.009096875 0.031021296296296297
0 0.9817101562499999 0.18913657407407405 0.009253645833333332 0.035680555555555556
0 0.9539986979166667 0.19841620370370372 0.014247395833333334 0.022758333333333335
0 0.9850450520833333 0.23537453703703703 0.0065484375000000004 0.015193518518518518
0 0.7628588541666667 0.15047361111111113 0.004884375 0.017613888888888887
0 0.6774645833333334 0.07140277777777777 0.010137499999999999 0.022435185185185186
0 0.6253721354166667 0.09836527777777777 0.0892859375 0.1022861111111111
0 0.5883369791666666 0.09708935185185184 0.015215625 0.031215740740740742
0 0.5932856770833334 0.29842407407407406 0.0230296875 0.03018148148148148
0 0.6359583333333333 0.35714814814814816 0.020874999999999998 0.021703703703703704
0 0.7306606770833334 0.036486111111111115 0.015488020833333333 0.04334259259259259
0 0.8997372395833333 0.16029305555555556 0.0078078125 0.01688240740740741
0 0.8922364583333333 0.23531805555555554 0.007389583333333334 0.024339814814814814
0 0.8480658854166666 0.31955185185185186 0.0065484375000000004 0.01873333333333333
0 0.9659197916666666 0.35197824074074074 0.006839583333333333 0.009512037037037038
0 0.8954401041666666 0.5895916666666666 0.007546875 0.06251666666666666
0 0.9754914062500001 0.5157611111111111 0.0072328125000000005 0.038929629629629627
0 0.9491028645833333 0.4898416666666667 0.0034140625 0.018572222222222223
0 0.9363192708333333 0.44411064814814816 0.009096875 0.05303611111111112
0 0.689515625 0.5314574074074074 0.01340625 0.025877777777777777
0 0.6125760416666667 0.4196375 0.008485416666666667 0.05594166666666667
0 0.5497093750000001 0.44583472222222226 0.020252083333333334 0.028706481481481482
0 0.54856796875 0.32710416666666664 0.008594270833333334 0.020875
0 0.5427252604166667 0.3143337962962963 0.004200520833333333 0.00644537037037037
0 0.51466796875 0.21462037037037035 0.009544270833333333 0.01998148148148148
0 0.4927885416666667 0.1794537037037037 0.02411875 0.03298148148148148
0 0.43513515625000004 0.22454444444444446 0.009853645833333334 0.028718518518518518
0 0.46387656250000003 0.3650300925925926 0.013169791666666668 0.035615740740740746
0 0.5074875 0.49553564814814816 0.013933333333333332 0.022552777777777776
0 0.7315158854166667 0.6884726851851852 0.022406770833333332 0.03990833333333333
0 0.7279877604166667 0.7008888888888889 0.0132671875 0.01474074074074074
0 0.6625135416666666 0.6235226851851852 0.015652083333333334 0.02482314814814815
0 0.6607830729166667 0.6551513888888889 0.0101078125 0.019562037037037038
0 0.6710632812499999 0.5880037037037037 0.010876562499999999 0.02600740740740741
0 0.6701471354166666 0.6995601851851851 0.016335937499999998 0.03060185185185185
0 0.6648955729166667 0.5402717592592593 0.0089578125 0.019432407407407405
0 0.8799260416666667 0.857287037037037 0.011935416666666667 0.02383333333333333
0 0.9388721354166666 0.7310921296296297 0.008994270833333333 0.02329537037037037
0 0.8695359375 0.7361171296296296 0.014071875000000001 0.033345370370370365
0 0.9297856770833334 0.6301027777777778 0.006446354166666667 0.019464814814814813
0 0.9145346354166667 0.539012037037037 0.010319270833333333 0.020616666666666665
0 0.32497890625000003 0.8226791666666667 0.0093328125 0.019432407407407405
0 0.37874557291666666 0.6758592592592593 0.019991145833333335 0.025792592592592593
0 0.37635703125000003 0.7339749999999999 0.010005729166666666 0.03646851851851852
0 0.3320169270833333 0.5084726851851852 0.017158854166666668 0.020649074074074073
0 0.24918463541666666 0.6488449074074074 0.0087859375 0.008800925925925927
0 0.22758411458333333 0.847825462962963 0.006209895833333334 0.01787314814814815
0 0.2821927083333333 0.3736537037037037 0.007093749999999999 0.01952962962962963
0 0.290928125 0.2773083333333333 0.008939583333333334 0.021283333333333335
0 0.13830052083333333 0.2791634259259259 0.015142708333333334 0.0638824074074074
0 0.1323953125 0.41689722222222225 0.007498958333333333 0.039349999999999996
0 0.11311848958333333 0.3976787037037037 0.007486979166666667 0.021283333333333335
0 0.015666927083333334 0.7571763888888888 0.0115421875 0.03472314814814815
0 0.06500260416666667 0.7779324074074074 0.005005208333333333 0.022531481481481482
0 0.014051302083333333 0.49948425925925927 0.007269270833333333 0.013783333333333333
0 0.3633877604166667 0.15290277777777778 0.0278171875 0.03358333333333333
0 0.36005572916666667 0.1281375 0.012819791666666667 0.021089814814814815
0 0.240271875 0.11806157407407408 0.01700208333333333 0.08612314814814816
0 0.24043203125 0.14165555555555556 0.017322395833333334 0.03701481481481481
0 0.18528333333333336 0.28954398148148147 0.011191666666666666 0.040199074074074075
0 0.165884375 0.10756064814814814 0.014060416666666666 0.02808425925925926
0 0.020391666666666666 0.36827037037037036 0.008491666666666666 0.01802222222222222
0 0.32362526041666667 0.013736111111111112 0.0107921875 0.027472222222222224
0 0.2913674479166667 0.02608425925925926 0.007734895833333334 0.011427777777777778
0 0.35111328125 0.07196851851851852 0.052226562500000004 0.042085185185185184
0 0.03132083333333333 0.03827638888888889 0.006391666666666667 0.013589814814814815
0 0.03421302083333333 0.14014444444444443 0.004884375 0.013622222222222221
0 0.11967421874999999 0.28245092592592597 0.0080984375 0.016753703703703705
0 0.07444973958333333 0.24535138888888885 0.0072328125000000005 0.009221296296296295
0 0.08055729166666666 0.2698236111111111 0.007989583333333333 0.010017592592592594
0 0.26277682291666665 0.3203814814814815 0.005761979166666667 0.01668888888888889
0 0.24508723958333334 0.3681666666666667 0.003716145833333333 0.006703703703703704
0 0.2476296875 0.34611111111111115 0.008801041666666667 0.023703703703703706
0 0.3753942708333333 0.3630060185185185 0.008080208333333333 0.01860462962962963
0 0.5802059895833334 0.04942037037037037 0.007286979166666666 0.011803703703703703
0 0.7558005208333333 0.7796083333333333 0.004309375 0.016624074074074076
0 0.75742421875 0.5333407407407408 0.0210984375 0.04816296296296296
1 0.49973958333333335 0.537962962962963 0.9994791666666667 0.9222222222222223
0 0.3026041666666667 0.7388888888888889 0.009375 0.014814814814814815
0 0.32838541666666665 0.7050925925925926 0.0171875 0.028703703703703703
0 0.005729166666666666 0.5578703703703703 0.011458333333333333 0.026851851851851852
0 0.1859375 0.6365740740740741 0.009375 0.030555555555555555
0 0.024739583333333332 0.8407407407407408 0.009895833333333333 0.03518518518518519
0 0.052083333333333336 0.8296296296296296 0.014583333333333334 0.022222222222222223
0 0.020572916666666666 0.7944444444444444 0.0067708333333333336 0.014814814814814815
0 0.24401041666666667 0.8652777777777778 0.0046875 0.017592592592592594
0 0.33125 0.9388888888888889 0.010416666666666666 0.022222222222222223
0 0.38255208333333335 0.9078703703703703 0.09010416666666667 0.10092592592592593
0 0.4197916666666667 0.9078703703703703 0.015625 0.030555555555555555
0 0.4109375 0.7078703703703704 0.022916666666666665 0.030555555555555555
0 0.3671875 0.6509259259259259 0.020833333333333332 0.022222222222222223
0 0.2791666666666667 0.9777777777777777 0.015625 0.04259259259259259
0 0.10703125 0.8648148148148148 0.0078125 0.016666666666666666
0 0.11328125 0.7888888888888889 0.0078125 0.024074074074074074
0 0.15546875 0.7018518518518518 0.0067708333333333336 0.018518518518518517
0 0.03723958333333333 0.6768518518518518 0.0067708333333333336 0.009259259259259259
0 0.103125 0.43472222222222223 0.008333333333333333 0.062037037037037036
0 0.025 0.5138888888888888 0.007291666666666667 0.03888888888888889
0 0.0515625 0.537962962962963 0.003125 0.018518518518518517
0 0.06510416666666667 0.5828703703703704 0.009375 0.05277777777777778
0 0.3098958333333333 0.48055555555555557 0.013541666666666667 0.025925925925925925
0 0.3888020833333333 0.587037037037037 0.008854166666666666 0.05555555555555555
0 0.4515625 0.5574074074074075 0.019791666666666666 0.02962962962962963
0 0.4549479166666667 0.6759259259259259 0.008854166666666666 0.020370370370370372
0 0.4609375 0.6884259259259259 0.004166666666666667 0.006481481481481481
0 0.4908854166666667 0.7865740740740741 0.009895833333333333 0.019444444444444445
0 0.5138020833333333 0.8194444444444444 0.024479166666666666 0.03148148148148148
0 0.5700520833333333 0.7708333333333334 0.009895833333333333 0.028703703703703703
0 0.5385416666666667 0.6324074074074074 0.013541666666666667 0.03518518518518519
0 0.49270833333333336 0.5050925925925925 0.013541666666666667 0.023148148148148147
0 0.26458333333333334 0.32592592592592595 0.021875 0.040740740740740744
0 0.26796875 0.31296296296296294 0.013020833333333334 0.014814814814814815
0 0.33541666666666664 0.38657407407407407 0.015625 0.025
0 0.33619791666666665 0.35509259259259257 0.009895833333333333 0.019444444444444445
0 0.32734375 0.4222222222222222 0.0109375 0.025925925925925925
0 0.32578125 0.31157407407407406 0.016145833333333335 0.030555555555555555
0 0.3346354166666667 0.4699074074074074 0.008854166666666666 0.019444444444444445
0 0.11328125 0.16666666666666666 0.011979166666666667 0.024074074074074074
0 0.05703125 0.2967592592592593 0.008854166666666666 0.023148148148148147
0 0.12630208333333334 0.28703703703703703 0.0140625 0.03333333333333333
0 0.06770833333333333 0.39675925925925926 0.00625 0.019444444444444445
0 0.08489583333333334 0.48703703703703705 0.010416666666666666 0.020370370370370372
0 0.6682291666666667 0.16620370370370371 0.009375 0.019444444444444445
0 0.6174479166666667 0.31712962962962965 0.0203125 0.025
0 0.61875 0.25815000000000005 0.009375 0.03667037037037037
0 0.66796875 0.48148148148148145 0.0171875 0.020370370370370372
0 0.7475833333333333 0.3351851851851852 0.008708333333333334 0.009259259259259259
0 0.7651041666666667 0.13564814814814816 0.00625 0.017592592592592594
0 0.7200520833333334 0.6125 0.0067708333333333336 0.019444444444444445
0 0.71328125 0.7097222222222223 0.008854166666666666 0.021296296296296296
0 0.865625 0.6976851851851852 0.015625 0.06388888888888888
0 0.8690104166666667 0.5601851851851852 0.0078125 0.03888888888888889
0 0.8885416666666667 0.5782407407407407 0.007291666666666667 0.021296296296296296
0 0.9791666666666666 0.21342592592592594 0.011458333333333333 0.03425925925925926
0 0.9291666666666667 0.19537037037037036 0.005208333333333333 0.022222222222222223
0 0.9859375 0.4699074074074074 0.007291666666666667 0.013888888888888888
0 0.6432291666666666 0.8384259259259259 0.028125 0.032407407407407406
0 0.6473958333333333 0.8625 0.0125 0.021296296296296296
0 0.7666666666666667 0.8652777777777778 0.016666666666666666 0.08611111111111111
0 0.76640625 0.8416666666666667 0.0171875 0.037037037037037035
0 0.81875 0.6907407407407408 0.010416666666666666 0.040740740740740744
0 0.8416666666666667 0.8712962962962963 0.013541666666666667 0.027777777777777776
0 0.9817708333333334 0.6018518518518519 0.008333333333333333 0.018518518518518517
0 0.6859375 0.9800925925925926 0.010416666666666666 0.03796296296296296
0 0.71796875 0.9611111111111111 0.0078125 0.011111111111111112
0 0.65703125 0.9189814814814815 0.05260416666666667 0.03981481481481482
0 0.9776041666666667 0.9319444444444445 0.00625 0.013888888888888888
0 0.97265625 0.8310185185185185 0.0046875 0.013888888888888888
0 0.8846354166666667 0.6935185185185185 0.0078125 0.016666666666666666
0 0.9302083333333333 0.7277777777777777 0.007291666666666667 0.009259259259259259
0 0.9236979166666667 0.7041666666666667 0.0078125 0.010185185185185186
0 0.7408854166666666 0.6648148148148149 0.005729166666666666 0.016666666666666666
0 0.7575520833333333 0.6162037037037037 0.0036458333333333334 0.006481481481481481
0 0.7552083333333334 0.637962962962963 0.008333333333333333 0.024074074074074074
0 0.62734375 0.6296296296296297 0.0078125 0.018518518518518517
0 0.42864583333333334 0.9550925925925926 0.007291666666666667 0.012037037037037037
0 0.2390625 0.2361111111111111 0.004166666666666667 0.016666666666666666
0 0.2421875 0.4828703703703704 0.021875 0.04722222222222222
1 0.5 0.4891884259259259 1.0 0.9783768518518517
0 0.3290502604166667 0.20391296296296296 0.009142187500000001 0.015233333333333335
0 0.3509890625 0.24617824074074074 0.018644791666666667 0.02939351851851852
0 0.018684895833333333 0.2914819444444444 0.012369791666666666 0.027408333333333333
0 0.20401822916666665 0.2684694444444444 0.011161458333333334 0.027679629629629627
0 0.06530963541666666 0.01789074074074074 0.0129109375 0.032077777777777775
0 0.091328125 0.036856018518518524 0.01598958333333333 0.020008333333333336
0 0.0570015625 0.06144212962962963 0.007753125 0.013625
0 0.28317291666666666 0.06136018518518519 0.0048875 0.017164814814814817
0 0.3767010416666666 0.015935185185185188 0.011735416666666667 0.020759259259259262
0 0.42353125 0.06652962962962963 0.09289583333333334 0.09231851851851851
0 0.460771875 0.07273564814814815 0.01737708333333333 0.02880462962962963
0 0.43312890625 0.2659300925925926 0.022507812500000002 0.031860185185185186
0 0.38358203124999996 0.3096115740740741 0.021330729166666666 0.024778703703703702
0 0.148365625 0.019076851851851852 0.00923125 0.01593148148148148
0 0.14707447916666666 0.09573842592592594 0.009773958333333332 0.022958333333333334
0 0.1804390625 0.1947736111111111 0.007753125 0.017325
0 0.06189348958333333 0.1826851851851852 0.0071203125 0.009814814814814814
0 0.10296640625 0.44270648148148145 0.014266145833333332 0.05948703703703703
0 0.03368333333333333 0.3393851851851852 0.010075 0.038029629629629635
0 0.06216614583333333 0.32469861111111115 0.0034989583333333335 0.017915740740740742
0 0.08088984375000001 0.2850865740740741 0.010738020833333334 0.05165462962962963
0 0.3107809895833333 0.4609944444444445 0.0142703125 0.025692592592592593
0 0.39899713541666665 0.38001435185185184 0.012577604166666667 0.0526212962962963
0 0.4580489583333333 0.42795185185185186 0.017139583333333333 0.03368148148148148
0 0.47280651041666666 0.3124476851851852 0.010196354166666668 0.017487962962962962
0 0.4796708333333333 0.30327175925925925 0.0041333333333333335 0.006543518518518519
0 0.5187528645833334 0.21468935185185184 0.0114640625 0.01641574074074074
0 0.5448411458333333 0.18950092592592593 0.027182291666666667 0.023446296296296295
0 0.5949083333333333 0.2557199074074074 0.01065 0.028106481481481482
0 0.5509973958333333 0.38228842592592593 0.015536458333333333 0.03309537037037037
0 0.49283307291666667 0.493400925925926 0.0117078125 0.02569074074074074
0 0.2511174479166666 0.5998486111111111 0.019943229166666666 0.04414166666666667
0 0.25327942708333334 0.6130226851851851 0.0117671875 0.016786111111111113
0 0.32693437500000005 0.5616643518518518 0.015327083333333333 0.027032407407407408
0 0.3242723958333333 0.5925861111111111 0.008961458333333333 0.018505555555555556
0 0.3232296875 0.5228291666666667 0.011042708333333335 0.027139814814814815
0 0.30953619791666664 0.631551388888889 0.014905729166666666 0.02976944444444445
0 0.33437187500000004 0.4780930555555556 0.008327083333333334 0.019149074074074075
0 0.08619739583333333 0.7087134259259259 0.011978125000000001 0.02483425925925926
0 0.0435796875 0.5632763888888889 0.010076041666666667 0.022849074074074074
0 0.11138411458333333 0.5935328703703704 0.0154765625 0.03336203703703704
0 0.06403854166666666 0.4687532407407407 0.0051604166666666665 0.018987962962962963
0 0.09035651041666666 0.3842652777777778 0.010921354166666668 0.020382407407407408
0 0.6327179687500001 0.8808708333333334 0.010227604166666666 0.019149074074074075
0 0.59775 0.7154925925925926 0.021541666666666667 0.021725925925925926
0 0.592509375 0.7740564814814814 0.007935416666666667 0.037001851851851855
0 0.6642375 0.5704180555555556 0.017016666666666666 0.01861388888888889
0 0.7277002604166667 0.7390180555555556 0.008525520833333333 0.011369444444444444
0 0.7256760416666667 0.9412726851851851 0.007602083333333333 0.015878703703703704
0 0.7279184895833333 0.4568231481481482 0.006878645833333334 0.019201851851851852
0 0.7302424479166666 0.3586347222222222 0.009443229166666667 0.020973148148148147
0 0.8798065104166667 0.41934166666666667 0.0200296875 0.06275740740740741
0 0.8692877604166667 0.5549800925925926 0.0114921875 0.03588611111111111
0 0.8895278645833333 0.5428939814814815 0.007180729166666667 0.020973148148148147
0 0.94351015625 0.9295787037037038 0.013061979166666666 0.03137962962962963
0 0.8927125 0.9323606481481481 0.0073 0.02027685185185185
0 0.9760315104166666 0.6793023148148147 0.007271354166666666 0.014160185185185184
0 0.6741283854166666 0.20946666666666666 0.02950677083333333 0.02634074074074074
0 0.6798872395833333 0.18824907407407407 0.0118578125 0.022794444444444444
0 0.7982091145833333 0.2233050925925926 0.01933489583333333 0.08549907407407407
0 0.7956013020833334 0.2462949074074074 0.01620260416666667 0.038886111111111114
0 0.83268203125 0.41023611111111113 0.007030729166666667 0.042694444444444445
0 0.8725588541666667 0.24031203703703702 0.010742708333333333 0.03062407407407407
0 0.9842213541666667 0.5482874999999999 0.008026041666666667 0.020649074074074073
0 0.7297005208333334 0.08463333333333332 0.008359375 0.03963703703703704
0 0.7595526041666666 0.11305324074074073 0.008688541666666666 0.009439814814814816
0 0.6952317708333333 0.1341453703703704 0.05400520833333333 0.029401851851851853
0 0.9972354166666667 0.3195189814814815 0.0048875 0.01496388888888889
0 0.8976570312500001 0.42728796296296295 0.0078140625 0.01753888888888889
0 0.9460945312500001 0.4083435185185185 0.0078140625 0.009279629629629629
0 0.9371802083333333 0.4289134259259259 0.00769375 0.011530555555555554
0 0.7534020833333333 0.41183009259259257 0.0057625 0.01625277777777778
0 0.7651325520833333 0.4652287037037037 0.0042234375 0.006383333333333334
0 0.765178125 0.4427699074074074 0.006397916666666667 0.026280555555555554
0 0.637475 0.4116550925925926 0.007241666666666666 0.01775462962962963
0 0.47443854166666666 0.029637962962962963 0.007210416666666666 0.012979629629629631
0 0.2174203125 0.6795833333333334 0.003590625 0.016574074074074074
0 0.24444140625 0.4375074074074074 0.025341145833333335 0.04168148148148148
1 0.5 0.46159212962962964 1.0 0.9231842592592593
0 0.7020895833333333 0.27307916666666665 0.0093875 0.014676851851851852
0 0.6756033854166666 0.3049708333333333 0.016831770833333332 0.028460185185185182
0 0.9948341145833334 0.4725800925925926 0.0105015625 0.026641666666666668
0 0.8165276041666666 0.38310324074074076 0.009096875 0.031021296296296297
0 0.9817101562499999 0.18913657407407405 0.009253645833333332 0.035680555555555556
0 0.9539986979166667 0.19841620370370372 0.014247395833333334 0.022758333333333335
0 0.9850450520833333 0.23537453703703703 0.0065484375000000004 0.015193518518518518
0 0.7628588541666667 0.15047361111111113 0.004884375 0.017613888888888887
0 0.6774645833333334 0.07140277777777777 0.010137499999999999 0.022435185185185186
0 0.6253721354166667 0.09836527777777777 0.0892859375 0.1022861111111111
0 0.5883369791666666 0.09708935185185184 0.015215625 0.031215740740740742
0 0.5932856770833334 0.29842407407407406 0.0230296875 0.03018148148148148
0 0.6359583333333333 0.35714814814814816 0.020874999999999998 0.021703703703703704
0 0.7306606770833334 0.036486111111111115 0.015488020833333333 0.04334259259259259
0 0.8997372395833333 0.16029305555555556 0.0078078125 0.01688240740740741
0 0.8922364583333333 0.23531805555555554 0.007389583333333334 0.024339814814814814
0 0.8480658854166666 0.31955185185185186 0.0065484375000000004 0.01873333333333333
0 0.9659197916666666 0.35197824074074074 0.006839583333333333 0.009512037037037038
0 0.8954401041666666 0.5895916666666666 0.007546875 0.06251666666666666
0 0.9754914062500001 0.5157611111111111 0.0072328125000000005 0.038929629629629627
0 0.9491028645833333 0.4898416666666667 0.0034140625 0.018572222222222223
0 0.9363192708333333 0.44411064814814816 0.009096875 0.05303611111111112
0 0.689515625 0.5314574074074074 0.01340625 0.025877777777777777
0 0.6125760416666667 0.4196375 0.008485416666666667 0.05594166666666667
0 0.5497093750000001 0.44583472222222226 0.020252083333333334 0.028706481481481482
0 0.54856796875 0.32710416666666664 0.008594270833333334 0.020875
0 0.5427252604166667 0.3143337962962963 0.004200520833333333 0.00644537037037037
0 0.51466796875 0.21462037037037035 0.009544270833333333 0.01998148148148148
0 0.4927885416666667 0.1794537037037037 0.02411875 0.03298148148148148
0 0.43513515625000004 0.22454444444444446 0.009853645833333334 0.028718518518518518
0 0.46387656250000003 0.3650300925925926 0.013169791666666668 0.035615740740740746
0 0.5074875 0.49553564814814816 0.013933333333333332 0.022552777777777776
0 0.7315158854166667 0.6884726851851852 0.022406770833333332 0.03990833333333333
0 0.7279877604166667 0.7008888888888889 0.0132671875 0.01474074074074074
0 0.6625135416666666 0.6235226851851852 0.015652083333333334 0.02482314814814815
0 0.6607830729166667 0.6551513888888889 0.0101078125 0.019562037037037038
0 0.6710632812499999 0.5880037037037037 0.010876562499999999 0.02600740740740741
0 0.6701471354166666 0.6995601851851851 0.016335937499999998 0.03060185185185185
0 0.6648955729166667 0.5402717592592593 0.0089578125 0.019432407407407405
0 0.8799260416666667 0.857287037037037 0.011935416666666667 0.02383333333333333
0 0.9388721354166666 0.7310921296296297 0.008994270833333333 0.02329537037037037
0 0.8695359375 0.7361171296296296 0.014071875000000001 0.033345370370370365
0 0.9297856770833334 0.6301027777777778 0.006446354166666667 0.019464814814814813
0 0.9145346354166667 0.539012037037037 0.010319270833333333 0.020616666666666665
0 0.32497890625000003 0.8226791666666667 0.0093328125 0.019432407407407405
0 0.37874557291666666 0.6758592592592593 0.019991145833333335 0.025792592592592593
0 0.37635703125000003 0.7339749999999999 0.010005729166666666 0.03646851851851852
0 0.3320169270833333 0.5084726851851852 0.017158854166666668 0.020649074074074073
0 0.24918463541666666 0.6488449074074074 0.0087859375 0.008800925925925927
0 0.22758411458333333 0.847825462962963 0.006209895833333334 0.01787314814814815
0 0.2821927083333333 0.3736537037037037 0.007093749999999999 0.01952962962962963
0 0.290928125 0.2773083333333333 0.008939583333333334 0.021283333333333335
0 0.13830052083333333 0.2791634259259259 0.015142708333333334 0.0638824074074074
0 0.1323953125 0.41689722222222225 0.007498958333333333 0.039349999999999996
0 0.11311848958333333 0.3976787037037037 0.007486979166666667 0.021283333333333335
0 0.015666927083333334 0.7571763888888888 0.0115421875 0.03472314814814815
0 0.06500260416666667 0.7779324074074074 0.005005208333333333 0.022531481481481482
0 0.014051302083333333 0.49948425925925927 0.007269270833333333 0.013783333333333333
0 0.3633877604166667 0.15290277777777778 0.0278171875 0.03358333333333333
0 0.36005572916666667 0.1281375 0.012819791666666667 0.021089814814814815
0 0.240271875 0.11806157407407408 0.01700208333333333 0.08612314814814816
0 0.24043203125 0.14165555555555556 0.017322395833333334 0.03701481481481481
0 0.18528333333333336 0.28954398148148147 0.011191666666666666 0.040199074074074075
0 0.165884375 0.10756064814814814 0.014060416666666666 0.02808425925925926
0 0.020391666666666666 0.36827037037037036 0.008491666666666666 0.01802222222222222
0 0.32362526041666667 0.013736111111111112 0.0107921875 0.027472222222222224
0 0.2913674479166667 0.02608425925925926 0.007734895833333334 0.011427777777777778
0 0.35111328125 0.07196851851851852 0.052226562500000004 0.042085185185185184
0 0.03132083333333333 0.03827638888888889 0.006391666666666667 0.013589814814814815
0 0.03421302083333333 0.14014444444444443 0.004884375 0.013622222222222221
0 0.11967421874999999 0.28245092592592597 0.0080984375 0.016753703703703705
0 0.07444973958333333 0.24535138888888885 0.0072328125000000005 0.009221296296296295
0 0.08055729166666666 0.2698236111111111 0.007989583333333333 0.010017592592592594
0 0.26277682291666665 0.3203814814814815 0.005761979166666667 0.01668888888888889
0 0.24508723958333334 0.3681666666666667 0.003716145833333333 0.006703703703703704
0 0.2476296875 0.34611111111111115 0.008801041666666667 0.023703703703703706
0 0.3753942708333333 0.3630060185185185 0.008080208333333333 0.01860462962962963
0 0.5802059895833334 0.04942037037037037 0.007286979166666666 0.011803703703703703
0 0.7558005208333333 0.7796083333333333 0.004309375 0.016624074074074076
0 0.75742421875 0.5333407407407408 0.0210984375 0.04816296296296296
