1 0.5 0.5 1.0 1.0
0 0.5704203125 0.6521421296296296 0.03354895833333334 0.03206203703703704
0 0.6929468750000001 0.8603689814814814 0.019227083333333332 0.04110833333333333
0 0.75906484375 0.890425 0.0150046875 0.03085
0 0.8599330729166667 0.5368925925925926 0.0146578125 0.0386
0 0.8748739583333334 0.20222592592592592 0.028914583333333334 0.04519259259259259
0 0.868409375 0.20960648148148148 0.010777083333333333 0.022916666666666665
0 0.6182341145833333 0.0916824074074074 0.028134895833333333 0.05929074074074075
0 0.6156916666666666 0.08031620370370371 0.022008333333333335 0.03470648148148148
0 0.20822447916666667 0.3942277777777778 0.011240625 0.034751851851851846
0 0.20227473958333334 0.421925 0.020174479166666665 0.019775925925925926
0 0.27530885416666667 0.2695560185185185 0.018326041666666668 0.03726018518518519
0 0.2724729166666667 0.4867680555555556 0.015779166666666667 0.03649907407407407
0 0.04629661458333333 0.6349875 0.0071765625 0.019975
0 0.12721640625 0.1285287037037037 0.009641145833333333 0.02002037037037037
0 0.21377942708333333 0.33099814814814815 0.0077671875 0.023107407407407406
0 0.23370234375 0.4108833333333334 0.006988020833333333 0.032877777777777784
0 0.29018593750000005 0.3244898148148148 0.019955208333333332 0.023053703703703705
0 0.5855143229166667 0.3098689814814815 0.0314453125 0.041960185185185184
0 0.5749294270833333 0.46258611111111114 0.011317187499999999 0.017764814814814813
0 0.6127296875 0.36056666666666665 0.011917708333333334 0.02483703703703704
0 0.6423205729166667 0.3140800925925926 0.011724479166666666 0.024456481481481482
0 0.7187416666666666 0.44212083333333335 0.0104 0.021278703703703706
0 0.3453450520833333 0.6370680555555556 0.010481770833333333 0.018580555555555555
0 0.7827674479166667 0.6730226851851852 0.009284895833333334 0.020119444444444443
0 0.9426145833333333 0.28400416666666667 0.0091875 0.03282314814814814
0 0.93310234375 0.2523287037037037 0.008913020833333334 0.025027777777777777
0 0.92317421875 0.13630277777777777 0.016140104166666665 0.059642592592592594
0 0.911740625 0.04401296296296296 0.025564583333333335 0.08802592592592592
1 0.5 0.5 1.0 1.0
0 0.4426966145833333 0.32963518518518514 0.03330989583333333 0.03149259259259259
0 0.33730625000000003 0.09634166666666667 0.0183625 0.04083148148148148
0 0.27404817708333334 0.0494699074074074 0.013721354166666666 0.03227314814814815
0 0.14653958333333333 0.3744935185185185 0.011829166666666667 0.03972777777777778
0 0.10440208333333333 0.7031564814814815 0.0296375 0.0470537037037037
0 0.1125265625 0.6968624999999999 0.010469791666666667 0.021502777777777777
0 0.35125911458333337 0.8739078703703704 0.02751822916666667 0.06263055555555556
0 0.35279921875000003 0.8870101851851852 0.023306770833333334 0.03513148148148148
0 0.7805497395833334 0.6777749999999999 0.0100578125 0.03517962962962963
0 0.7883434895833333 0.6508032407407407 0.019395312499999998 0.02197685185185185
0 0.7046177083333334 0.7838824074074073 0.019652083333333334 0.036283333333333334
0 0.7243822916666667 0.5692296296296296 0.017514583333333333 0.032903703703703706
0 0.95914140625 0.4786939814814815 0.006824479166666666 0.020350925925925925
0 0.99219140625 0.7932273148148149 0.0156328125 0.07719537037037037
0 0.8404138020833333 0.9605898148148148 0.008952604166666666 0.021179629629629628
0 0.7705177083333333 0.7389518518518519 0.00874375 0.022348148148148148
0 0.7559526041666668 0.6532865740740741 0.006696875000000001 0.03249907407407407
0 0.69377109375 0.7258837962962963 0.019833854166666668 0.023989814814814815
0 0.40020234375 0.667737037037037 0.0285296875 0.04658518518518518
0 0.42239505208333333 0.5185898148148148 0.011456770833333333 0.01680925925925926
0 0.3773520833333333 0.6101106481481481 0.010954166666666666 0.02577685185185185
0 0.344503125 0.6486981481481482 0.011922916666666667 0.02332222222222222
0 0.27870885416666663 0.5028407407407407 0.009501041666666666 0.020496296296296297
0 0.6638377604166668 0.4018666666666667 0.0099671875 0.018548148148148147
0 0.23356562500000003 0.25925787037037035 0.009839583333333334 0.020367592592592593
0 0.04975260416666667 0.9966782407407406 0.006796875 0.006319444444444444
0 0.041496614583333334 0.9662018518518519 0.007993229166666666 0.024996296296296294
0 0.044959375 0.6041074074074074 0.0065854166666666665 0.03414074074074074
0 0.05165729166666667 0.6379287037037037 0.00748125 0.025857407407407405
0 0.05348098958333333 0.7552013888888889 0.0152953125 0.05855092592592592
0 0.05671223958333334 0.8544361111111111 0.0186328125 0.10331666666666665
1 0.49973958333333335 0.49953703703703706 0.9994791666666667 0.9990740740740741
0 0.44427083333333334 0.3277777777777778 0.03333333333333333 0.03148148148148148
0 0.34140625 0.09166666666666666 0.018229166666666668 0.040740740740740744
0 0.2786458333333333 0.043055555555555555 0.013541666666666667 0.032407407407407406
0 0.14791666666666667 0.36342592592592593 0.011458333333333333 0.03981481481481482
0 0.10234375 0.6912037037037037 0.0296875 0.04722222222222222
0 0.11041666666666666 0.6847222222222222 0.010416666666666666 0.021296296296296296
0 0.34765625 0.8694444444444445 0.027604166666666666 0.06296296296296296
0 0.34921875 0.8824074074074074 0.0234375 0.03518518518518519
0 0.77890625 0.6861111111111111 0.009895833333333333 0.03518518518518519
0 0.78671875 0.6601851851851852 0.019270833333333334 0.022222222222222223
0 0.7015625 0.7902777777777777 0.019791666666666666 0.03611111111111111
0 0.7234375 0.5763888888888888 0.017708333333333333 0.032407407407407406
0 0.9591145833333333 0.4925925925925926 0.0067708333333333336 0.020370370370370372
0 0.9903645833333333 0.8087962962962963 0.018229166666666668 0.07685185185185185
0 0.8356770833333333 0.9708333333333333 0.008854166666666666 0.021296296296296296
0 0.76796875 0.7472222222222222 0.008854166666666666 0.022222222222222223
0 0.7544270833333333 0.6615740740740741 0.0067708333333333336 0.032407407407407406
0 0.6916666666666667 0.7314814814814815 0.019791666666666666 0.024074074074074074
0 0.3984375 0.6643518518518519 0.028125 0.04722222222222222
0 0.42239583333333336 0.5157407407407407 0.011458333333333333 0.016666666666666666
0 0.3763020833333333 0.6064814814814815 0.0109375 0.025925925925925925
0 0.34296875 0.6439814814814815 0.011979166666666667 0.023148148148148147
0 0.2786458333333333 0.4962962962962963 0.009375 0.020370370370370372
0 0.66484375 0.4074074074074074 0.009895833333333333 0.018518518518518517
0 0.23619791666666667 0.25092592592592594 0.009895833333333333 0.020370370370370372
0 0.04635416666666667 0.9893518518518518 0.009375 0.019444444444444445
0 0.03671875 0.9523148148148148 0.0078125 0.025
0 0.04375 0.5902777777777778 0.00625 0.03425925925925926
0 0.050520833333333334 0.6240740740740741 0.007291666666666667 0.025925925925925925
0 0.051041666666666666 0.7412037037037037 0.015625 0.058333333333333334
0 0.053125 0.8407407407407408 0.017708333333333333 0.1037037037037037
1 0.5 0.5 1.0 1.0
0 0.5704203125 0.6521421296296296 0.03354895833333334 0.03206203703703704
0 0.6929468750000001 0.8603689814814814 0.019227083333333332 0.04110833333333333
0 0.75906484375 0.890425 0.0150046875 0.03085
0 0.8599330729166667 0.5368925925925926 0.0146578125 0.0386
0 0.8748739583333334 0.20222592592592592 0.028914583333333334 0.04519259259259259
0 0.868409375 0.20960648148148148 0.010777083333333333 0.022916666666666665
0 0.6182341145833333 0.0916824074074074 0.028134895833333333 0.05929074074074075
0 0.6156916666666666 0.08031620370370371 0.022008333333333335 0.03470648148148148
0 0.20822447916666667 0.3942277777777778 0.011240625 0.034751851851851846
0 0.20227473958333334 0.421925 0.020174479166666665 0.019775925925925926
0 0.27530885416666667 0.2695560185185185 0.018326041666666668 0.03726018518518519
0 0.2724729166666667 0.4867680555555556 0.015779166666666667 0.03649907407407407
0 0.04629661458333333 0.6349875 0.0071765625 0.019975
0 0.12721640625 0.1285287037037037 0.009641145833333333 0.02002037037037037
0 0.21377942708333333 0.33099814814814815 0.0077671875 0.023107407407407406
0 0.23370234375 0.4108833333333334 0.006988020833333333 0.032877777777777784
0 0.29018593750000005 0.3244898148148148 0.019955208333333332 0.023053703703703705
0 0.5855143229166667 0.3098689814814815 0.0314453125 0.041960185185185184
0 0.5749294270833333 0.46258611111111114 0.011317187499999999 0.017764814814814813
0 0.6127296875 0.36056666666666665 0.011917708333333334 0.02483703703703704
0 0.6423205729166667 0.3140800925925926 0.011724479166666666 0.024456481481481482
0 0.7187416666666666 0.44212083333333335 0.0104 0.021278703703703706
0 0.3453450520833333 0.6370680555555556 0.010481770833333333 0.018580555555555555
0 0.7827674479166667 0.6730226851851852 0.009284895833333334 0.020119444444444443
0 0.9426145833333333 0.28400416666666667 0.0091875 0.03282314814814814
0 0.93310234375 0.2523287037037037 0.008913020833333334 0.025027777777777777
0 0.92317421875 0.13630277777777777 0.016140104166666665 0.059642592592592594
0 0.911740625 0.04401296296296296 0.025564583333333335 0.08802592592592592
1 0.5 0.5 1.0 1.0
0 0.4426966145833333 0.32963518518518514 0.03330989583333333 0.03149259259259259
0 0.33730625000000003 0.09634166666666667 0.0183625 0.04083148148148148
0 0.27404817708333334 0.0494699074074074 0.013721354166666666 0.03227314814814815
0 0.14653958333333333 0.3744935185185185 0.011829166666666667 0.03972777777777778
0 0.10440208333333333 0.7031564814814815 0.0296375 0.0470537037037037
0 0.1125265625 0.6968624999999999 0.010469791666666667 0.021502777777777777
0 0.35125911458333337 0.8739078703703704 0.02751822916666667 0.06263055555555556
0 0.35279921875000003 0.8870101851851852 0.023306770833333334 0.03513148148148148
0 0.7805497395833334 0.6777749999999999 0.0100578125 0.03517962962962963
0 0.7883434895833333 0.6508032407407407 0.019395312499999998 0.02197685185185185
0 0.7046177083333334 0.7838824074074073 0.019652083333333334 0.036283333333333334
0 0.7243822916666667 0.5692296296296296 0.017514583333333333 0.032903703703703706
0 0.95914140625 0.4786939814814815 0.006824479166666666 0.020350925925925925
0 0.99219140625 0.7932273148148149 0.0156328125 0.07719537037037037
0 0.8404138020833333 0.9605898148148148 0.008952604166666666 0.021179629629629628
0 0.7705177083333333 0.7389518518518519 0.00874375 0.022348148148148148
0 0.7559526041666668 0.6532865740740741 0.006696875000000001 0.03249907407407407
0 0.69377109375 0.7258837962962963 0.019833854166666668 0.023989814814814815
0 0.40020234375 0.667737037037037 0.0285296875 0.04658518518518518
0 0.42239505208333333 0.5185898148148148 0.011456770833333333 0.01680925925925926
0 0.3773520833333333 0.6101106481481481 0.010954166666666666 0.02577685185185185
0 0.344503125 0.6486981481481482 0.011922916666666667 0.02332222222222222
0 0.27870885416666663 0.5028407407407407 0.009501041666666666 0.020496296296296297
0 0.6638377604166668 0.4018666666666667 0.0099671875 0.018548148148148147
0 0.23356562500000003 0.25925787037037035 0.009839583333333334 0.020367592592592593
0 0.04975260416666667 0.9966782407407406 0.006796875 0.006319444444444444
0 0.041496614583333334 0.9662018518518519 0.007993229166666666 0.024996296296296294
0 0.044959375 0.6041074074074074 0.0065854166666666665 0.03414074074074074
0 0.05165729166666667 0.6379287037037037 0.00748125 0.025857407407407405
0 0.05348098958333333 0.7552013888888889 0.0152953125 0.05855092592592592
0 0.05671223958333334 0.8544361111111111 0.0186328125 0.10331666666666665
1 0.49973958333333335 0.49953703703703706 0.9994791666666667 0.9990740740740741
0 0.44427083333333334 0.3277777777777778 0.03333333333333333 0.03148148148148148
0 0.34140625 0.09166666666666666 0.018229166666666668 0.040740740740740744
0 0.2786458333333333 0.043055555555555555 0.013541666666666667 0.032407407407407406
0 0.14791666666666667 0.36342592592592593 0.011458333333333333 0.03981481481481482
0 0.10234375 0.6912037037037037 0.0296875 0.04722222222222222
0 0.11041666666666666 0.6847222222222222 0.010416666666666666 0.021296296296296296
0 0.34765625 0.8694444444444445 0.027604166666666666 0.06296296296296296
0 0.34921875 0.8824074074074074 0.0234375 0.03518518518518519
0 0.77890625 0.6861111111111111 0.009895833333333333 0.03518518518518519
0 0.78671875 0.6601851851851852 0.019270833333333334 0.022222222222222223
0 0.7015625 0.7902777777777777 0.019791666666666666 0.03611111111111111
0 0.7234375 0.5763888888888888 0.017708333333333333 0.032407407407407406
0 0.9591145833333333 0.4925925925925926 0.0067708333333333336 0.020370370370370372
0 0.9903645833333333 0.8087962962962963 0.018229166666666668 0.07685185185185185
0 0.8356770833333333 0.9708333333333333 0.008854166666666666 0.021296296296296296
0 0.76796875 0.7472222222222222 0.008854166666666666 0.022222222222222223
0 0.7544270833333333 0.6615740740740741 0.0067708333333333336 0.032407407407407406
0 0.6916666666666667 0.7314814814814815 0.019791666666666666 0.024074074074074074
0 0.3984375 0.6643518518518519 0.028125 0.04722222222222222
0 0.42239583333333336 0.5157407407407407 0.011458333333333333 0.016666666666666666
0 0.3763020833333333 0.6064814814814815 0.0109375 0.025925925925925925
0 0.34296875 0.6439814814814815 0.011979166666666667 0.023148148148148147
0 0.2786458333333333 0.4962962962962963 0.009375 0.020370370370370372
0 0.66484375 0.4074074074074074 0.009895833333333333 0.018518518518518517
0 0.23619791666666667 0.25092592592592594 0.009895833333333333 0.020370370370370372
0 0.04635416666666667 0.9893518518518518 0.009375 0.019444444444444445
0 0.03671875 0.9523148148148148 0.0078125 0.025
0 0.04375 0.5902777777777778 0.00625 0.03425925925925926
0 0.050520833333333334 0.6240740740740741 0.007291666666666667 0.025925925925925925
0 0.051041666666666666 0.7412037037037037 0.015625 0.058333333333333334
0 0.053125 0.8407407407407408 0.017708333333333333 0.1037037037037037
1 0.5 0.5 1.0 1.0
0 0.5704203125 0.6521421296296296 0.03354895833333334 0.03206203703703704
0 0.6929468750000001 0.8603689814814814 0.019227083333333332 0.04110833333333333
0 0.75906484375 0.890425 0.0150046875 0.03085
0 0.8599330729166667 0.5368925925925926 0.0146578125 0.0386
0 0.8748739583333334 0.20222592592592592 0.028914583333333334 0.04519259259259259
0 0.868409375 0.20960648148148148 0.010777083333333333 0.022916666666666665
0 0.6182341145833333 0.0916824074074074 0.028134895833333333 0.05929074074074075
0 0.6156916666666666 0.08031620370370371 0.022008333333333335 0.03470648148148148
0 0.20822447916666667 0.3942277777777778 0.011240625 0.034751851851851846
0 0.20227473958333334 0.421925 0.020174479166666665 0.019775925925925926
0 0.27530885416666667 0.2695560185185185 0.018326041666666668 0.03726018518518519
0 0.2724729166666667 0.4867680555555556 0.015779166666666667 0.03649907407407407
0 0.04629661458333333 0.6349875 0.0071765625 0.019975
0 0.12721640625 0.1285287037037037 0.009641145833333333 0.02002037037037037
0 0.21377942708333333 0.33099814814814815 0.0077671875 0.023107407407407406
0 0.23370234375 0.4108833333333334 0.006988020833333333 0.032877777777777784
0 0.29018593750000005 0.3244898148148148 0.019955208333333332 0.023053703703703705
0 0.5855143229166667 0.3098689814814815 0.0314453125 0.041960185185185184
0 0.5749294270833333 0.46258611111111114 0.011317187499999999 0.017764814814814813
0 0.6127296875 0.36056666666666665 0.011917708333333334 0.02483703703703704
0 0.6423205729166667 0.3140800925925926 0.011724479166666666 0.024456481481481482
0 0.7187416666666666 0.44212083333333335 0.0104 0.021278703703703706
0 0.3453450520833333 0.6370680555555556 0.010481770833333333 0.018580555555555555
0 0.7827674479166667 0.6730226851851852 0.009284895833333334 0.020119444444444443
0 0.9426145833333333 0.28400416666666667 0.0091875 0.03282314814814814
0 0.93310234375 0.2523287037037037 0.008913020833333334 0.025027777777777777
0 0.92317421875 0.13630277777777777 0.016140104166666665 0.059642592592592594
0 0.911740625 0.04401296296296296 0.025564583333333335 0.08802592592592592
1 0.5 0.5 1.0 1.0
0 0.4426966145833333 0.32963518518518514 0.03330989583333333 0.03149259259259259
0 0.33730625000000003 0.09634166666666667 0.0183625 0.04083148148148148
0 0.27404817708333334 0.0494699074074074 0.013721354166666666 0.03227314814814815
0 0.14653958333333333 0.3744935185185185 0.011829166666666667 0.03972777777777778
0 0.10440208333333333 0.7031564814814815 0.0296375 0.0470537037037037
0 0.1125265625 0.6968624999999999 0.010469791666666667 0.021502777777777777
0 0.35125911458333337 0.8739078703703704 0.02751822916666667 0.06263055555555556
0 0.35279921875000003 0.8870101851851852 0.023306770833333334 0.03513148148148148
0 0.7805497395833334 0.6777749999999999 0.0100578125 0.03517962962962963
0 0.7883434895833333 0.6508032407407407 0.019395312499999998 0.02197685185185185
0 0.7046177083333334 0.7838824074074073 0.019652083333333334 0.036283333333333334
0 0.7243822916666667 0.5692296296296296 0.017514583333333333 0.032903703703703706
0 0.95914140625 0.4786939814814815 0.006824479166666666 0.020350925925925925
0 0.99219140625 0.7932273148148149 0.0156328125 0.07719537037037037
0 0.8404138020833333 0.9605898148148148 0.008952604166666666 0.021179629629629628
0 0.7705177083333333 0.7389518518518519 0.00874375 0.022348148148148148
0 0.7559526041666668 0.6532865740740741 0.006696875000000001 0.03249907407407407
0 0.69377109375 0.7258837962962963 0.019833854166666668 0.023989814814814815
0 0.40020234375 0.667737037037037 0.0285296875 0.04658518518518518
0 0.42239505208333333 0.5185898148148148 0.011456770833333333 0.01680925925925926
0 0.3773520833333333 0.6101106481481481 0.010954166666666666 0.02577685185185185
0 0.344503125 0.6486981481481482 0.011922916666666667 0.02332222222222222
0 0.27870885416666663 0.5028407407407407 0.009501041666666666 0.020496296296296297
0 0.6638377604166668 0.4018666666666667 0.0099671875 0.018548148148148147
0 0.23356562500000003 0.25925787037037035 0.009839583333333334 0.020367592592592593
0 0.04975260416666667 0.9966782407407406 0.006796875 0.006319444444444444
0 0.041496614583333334 0.9662018518518519 0.007993229166666666 0.024996296296296294
0 0.044959375 0.6041074074074074 0.0065854166666666665 0.03414074074074074
0 0.05165729166666667 0.6379287037037037 0.00748125 0.025857407407407405
0 0.05348098958333333 0.7552013888888889 0.0152953125 0.05855092592592592
0 0.05671223958333334 0.8544361111111111 0.0186328125 0.10331666666666665
1 0.49973958333333335 0.49953703703703706 0.9994791666666667 0.9990740740740741
0 0.44427083333333334 0.3277777777777778 0.03333333333333333 0.03148148148148148
0 0.34140625 0.09166666666666666 0.018229166666666668 0.040740740740740744
0 0.2786458333333333 0.043055555555555555 0.013541666666666667 0.032407407407407406
0 0.14791666666666667 0.36342592592592593 0.011458333333333333 0.03981481481481482
0 0.10234375 0.6912037037037037 0.0296875 0.04722222222222222
0 0.11041666666666666 0.6847222222222222 0.010416666666666666 0.021296296296296296
0 0.34765625 0.8694444444444445 0.027604166666666666 0.06296296296296296
0 0.34921875 0.8824074074074074 0.0234375 0.03518518518518519
0 0.77890625 0.6861111111111111 0.009895833333333333 0.03518518518518519
0 0.78671875 0.6601851851851852 0.019270833333333334 0.022222222222222223
0 0.7015625 0.7902777777777777 0.019791666666666666 0.03611111111111111
0 0.7234375 0.5763888888888888 0.017708333333333333 0.032407407407407406
0 0.9591145833333333 0.4925925925925926 0.0067708333333333336 0.020370370370370372
0 0.9903645833333333 0.8087962962962963 0.018229166666666668 0.07685185185185185
0 0.8356770833333333 0.9708333333333333 0.008854166666666666 0.021296296296296296
0 0.76796875 0.7472222222222222 0.008854166666666666 0.022222222222222223
0 0.7544270833333333 0.6615740740740741 0.0067708333333333336 0.032407407407407406
0 0.6916666666666667 0.7314814814814815 0.019791666666666666 0.024074074074074074
0 0.3984375 0.6643518518518519 0.028125 0.04722222222222222
0 0.42239583333333336 0.5157407407407407 0.011458333333333333 0.016666666666666666
0 0.3763020833333333 0.6064814814814815 0.0109375 0.025925925925925925
0 0.34296875 0.6439814814814815 0.011979166666666667 0.023148148148148147
0 0.2786458333333333 0.4962962962962963 0.009375 0.020370370370370372
0 0.66484375 0.4074074074074074 0.009895833333333333 0.018518518518518517
0 0.23619791666666667 0.25092592592592594 0.009895833333333333 0.020370370370370372
0 0.04635416666666667 0.9893518518518518 0.009375 0.019444444444444445
0 0.03671875 0.9523148148148148 0.0078125 0.025
0 0.04375 0.5902777777777778 0.00625 0.03425925925925926
0 0.050520833333333334 0.6240740740740741 0.007291666666666667 0.025925925925925925
0 0.051041666666666666 0.7412037037037037 0.015625 0.058333333333333334
0 0.053125 0.8407407407407408 0.017708333333333333 0.1037037037037037
