1 0.5 0.5167060185185185 1.0 0.9667453703703704
0 0.8121924479166667 0.511724537037037 0.021259895833333334 0.03826388888888889
0 0.72933046875 0.4268560185185185 0.01595260416666667 0.05371203703703704
0 0.7325971354166666 0.08006712962962963 0.0068609375 0.013837962962962963
0 0.7952893229166667 0.15325601851851853 0.006203645833333333 0.012067592592592592
0 0.8604158854166666 0.3911939814814815 0.0093734375 0.023128703703703703
0 0.8506015625 0.8453763888888889 0.013703125 0.025937962962962965
0 0.9391981770833334 0.8595902777777777 0.010688020833333334 0.03399537037037037
0 0.74980703125 0.8948578703703703 0.011072395833333333 0.013789814814814816
0 0.70068359375 0.8516717592592593 0.011783854166666666 0.03297314814814815
0 0.6668244791666668 0.8914777777777778 0.015940625 0.042214814814814816
0 0.65768828125 0.7042935185185185 0.018501562500000002 0.03266111111111111
0 0.689321875 0.6551555555555555 0.011977083333333333 0.023274074074074072
0 0.6443851562499999 0.6050972222222222 0.009603645833333334 0.043527777777777776
0 0.6383986979166667 0.5749569444444445 0.0090890625 0.03695092592592592
0 0.5855809895833333 0.6495273148148148 0.0076203125 0.023128703703703703
0 0.6731989583333333 0.39814675925925924 0.012022916666666666 0.020367592592592593
0 0.4621296875 0.5018495370370369 0.009676041666666666 0.029625000000000002
0 0.26091692708333336 0.6357851851851852 0.03225052083333333 0.03638518518518519
0 0.20016770833333333 0.8098967592592592 0.022210416666666667 0.0438675925925926
0 0.22693515625000002 0.4612273148148148 0.019495312499999997 0.06875092592592592
0 0.021979947916666666 0.7668416666666666 0.0137515625 0.03738703703703704
0 0.32059010416666667 0.12879120370370373 0.012013541666666665 0.016841666666666668
0 0.5367911458333333 0.42775231481481485 0.004832291666666667 0.018467592592592594
0 0.5981809895833333 0.566275 0.009903645833333334 0.015883333333333333
1 0.5 0.5100675925925926 1.0 0.9793944444444446
0 0.18840286458333333 0.4733671296296296 0.02159739583333333 0.037475
0 0.27423203125 0.3980870370370371 0.017214062500000002 0.05358148148148149
0 0.28465807291666667 0.05237777777777777 0.006816145833333333 0.014014814814814813
0 0.21933463541666667 0.11733935185185185 0.006377604166666666 0.012456481481481482
0 0.14478515625000002 0.3467675925925926 0.009361979166666668 0.023164814814814815
0 0.13701067708333334 0.8008837962962964 0.013604687499999999 0.025841666666666666
0 0.04732057291666667 0.8045310185185185 0.010266145833333332 0.034987962962962964
0 0.23508072916666667 0.8629990740740741 0.010786458333333334 0.014887037037037037
0 0.2859598958333333 0.8255101851851853 0.010461458333333333 0.0343537037037037
0 0.31774140624999997 0.8699726851851852 0.014649479166666667 0.04364907407407407
0 0.33420937500000003 0.6843125 0.019460416666666664 0.031587962962962964
0 0.3049395833333334 0.6317347222222223 0.0119625 0.022728703703703706
0 0.3517315104166666 0.5865199074074074 0.0107546875 0.04341018518518519
0 0.35894192708333333 0.5575032407407408 0.009550520833333333 0.0372287037037037
0 0.40835364583333333 0.6384342592592592 0.008373958333333332 0.023164814814814815
0 0.33102213541666664 0.37683796296296296 0.012044270833333334 0.020342592592592593
0 0.5375598958333333 0.506461111111111 0.010536458333333333 0.029588888888888887
0 0.7330221354166666 0.6657587962962963 0.0327109375 0.038925
0 0.7864552083333333 0.8461962962962963 0.022910416666666666 0.04239259259259259
0 0.7743856770833334 0.4949601851851852 0.018563020833333332 0.06769814814814815
0 0.9663390625 0.8253675925925926 0.014969791666666668 0.035920370370370366
0 0.6934950520833334 0.15157407407407406 0.011990104166666666 0.01611111111111111
0 0.46618489583333333 0.42320833333333335 0.004244791666666667 0.01863888888888889
0 0.39937552083333333 0.553937962962963 0.010209375 0.015283333333333333
1 0.5002604166666667 0.5162037037037037 0.9994791666666667 0.9675925925925926
0 0.18776041666666668 0.5023148148148148 0.021354166666666667 0.03796296296296296
0 0.2716145833333333 0.41944444444444445 0.016145833333333335 0.053703703703703705
0 0.2716145833333333 0.07268518518518519 0.0067708333333333336 0.013888888888888888
0 0.20833333333333334 0.1439814814814815 0.00625 0.012037037037037037
0 0.140625 0.3800925925925926 0.009375 0.023148148148148147
0 0.14635416666666667 0.8342592592592593 0.013541666666666667 0.025925925925925925
0 0.057291666666666664 0.8458333333333333 0.010416666666666666 0.03425925925925926
0 0.24609375 0.8875 0.0109375 0.013888888888888888
0 0.29583333333333334 0.8453703703703703 0.011458333333333333 0.03333333333333333
0 0.32916666666666666 0.8861111111111111 0.015625 0.04259259259259259
0 0.34010416666666665 0.6995370370370371 0.01875 0.032407407407407406
0 0.30911458333333336 0.649537037037037 0.011979166666666667 0.023148148148148147
0 0.35442708333333334 0.600462962962963 0.009895833333333333 0.04351851851851852
0 0.3606770833333333 0.5703703703703704 0.008854166666666666 0.037037037037037035
0 0.4127604166666667 0.6467592592592593 0.0078125 0.023148148148148147
0 0.32786458333333335 0.3925925925925926 0.011979166666666667 0.020370370370370372
0 0.5377604166666666 0.5027777777777778 0.009895833333333333 0.02962962962962963
0 0.7375 0.6435185185185185 0.03229166666666667 0.037037037037037035
0 0.7966145833333333 0.8189814814814815 0.022395833333333334 0.04351851851851852
0 0.7736979166666667 0.46944444444444444 0.019270833333333334 0.06851851851851852
0 0.9752604166666666 0.7814814814814814 0.0140625 0.037037037037037035
0 0.6830729166666667 0.13425925925925927 0.011979166666666667 0.016666666666666666
0 0.46380208333333334 0.42685185185185187 0.0046875 0.018518518518518517
0 0.40130208333333334 0.5634259259259259 0.009895833333333333 0.01574074074074074
1 0.5 0.5167060185185185 1.0 0.9667453703703704
0 0.8121924479166667 0.511724537037037 0.021259895833333334 0.03826388888888889
0 0.72933046875 0.4268560185185185 0.01595260416666667 0.05371203703703704
0 0.7325971354166666 0.08006712962962963 0.0068609375 0.013837962962962963
0 0.7952893229166667 0.15325601851851853 0.006203645833333333 0.012067592592592592
0 0.8604158854166666 0.3911939814814815 0.0093734375 0.023128703703703703
0 0.8506015625 0.8453763888888889 0.013703125 0.025937962962962965
0 0.9391981770833334 0.8595902777777777 0.010688020833333334 0.03399537037037037
0 0.74980703125 0.8948578703703703 0.011072395833333333 0.013789814814814816
0 0.70068359375 0.8516717592592593 0.011783854166666666 0.03297314814814815
0 0.6668244791666668 0.8914777777777778 0.015940625 0.042214814814814816
0 0.65768828125 0.7042935185185185 0.018501562500000002 0.03266111111111111
0 0.689321875 0.6551555555555555 0.011977083333333333 0.023274074074074072
0 0.6443851562499999 0.6050972222222222 0.009603645833333334 0.043527777777777776
0 0.6383986979166667 0.5749569444444445 0.0090890625 0.03695092592592592
0 0.5855809895833333 0.6495273148148148 0.0076203125 0.023128703703703703
0 0.6731989583333333 0.39814675925925924 0.012022916666666666 0.020367592592592593
0 0.4621296875 0.5018495370370369 0.009676041666666666 0.029625000000000002
0 0.26091692708333336 0.6357851851851852 0.03225052083333333 0.03638518518518519
0 0.20016770833333333 0.8098967592592592 0.022210416666666667 0.0438675925925926
0 0.22693515625000002 0.4612273148148148 0.019495312499999997 0.06875092592592592
0 0.021979947916666666 0.7668416666666666 0.0137515625 0.03738703703703704
0 0.32059010416666667 0.12879120370370373 0.012013541666666665 0.016841666666666668
0 0.5367911458333333 0.42775231481481485 0.004832291666666667 0.018467592592592594
0 0.5981809895833333 0.566275 0.009903645833333334 0.015883333333333333
1 0.5 0.5100675925925926 1.0 0.9793944444444446
0 0.18840286458333333 0.4733671296296296 0.02159739583333333 0.037475
0 0.27423203125 0.3980870370370371 0.017214062500000002 0.05358148148148149
0 0.28465807291666667 0.05237777777777777 0.006816145833333333 0.014014814814814813
0 0.21933463541666667 0.11733935185185185 0.006377604166666666 0.012456481481481482
0 0.14478515625000002 0.3467675925925926 0.009361979166666668 0.023164814814814815
0 0.13701067708333334 0.8008837962962964 0.013604687499999999 0.025841666666666666
0 0.04732057291666667 0.8045310185185185 0.010266145833333332 0.034987962962962964
0 0.23508072916666667 0.8629990740740741 0.010786458333333334 0.014887037037037037
0 0.2859598958333333 0.8255101851851853 0.010461458333333333 0.0343537037037037
0 0.31774140624999997 0.8699726851851852 0.014649479166666667 0.04364907407407407
0 0.33420937500000003 0.6843125 0.019460416666666664 0.031587962962962964
0 0.3049395833333334 0.6317347222222223 0.0119625 0.022728703703703706
0 0.3517315104166666 0.5865199074074074 0.0107546875 0.04341018518518519
0 0.35894192708333333 0.5575032407407408 0.009550520833333333 0.0372287037037037
0 0.40835364583333333 0.6384342592592592 0.008373958333333332 0.023164814814814815
0 0.33102213541666664 0.37683796296296296 0.012044270833333334 0.020342592592592593
0 0.5375598958333333 0.506461111111111 0.010536458333333333 0.029588888888888887
0 0.7330221354166666 0.6657587962962963 0.0327109375 0.038925
0 0.7864552083333333 0.8461962962962963 0.022910416666666666 0.04239259259259259
0 0.7743856770833334 0.4949601851851852 0.018563020833333332 0.06769814814814815
0 0.9663390625 0.8253675925925926 0.014969791666666668 0.035920370370370366
0 0.6934950520833334 0.15157407407407406 0.011990104166666666 0.01611111111111111
0 0.46618489583333333 0.42320833333333335 0.004244791666666667 0.01863888888888889
0 0.39937552083333333 0.553937962962963 0.010209375 0.015283333333333333
1 0.5002604166666667 0.5162037037037037 0.9994791666666667 0.9675925925925926
0 0.18776041666666668 0.5023148148148148 0.021354166666666667 0.03796296296296296
0 0.2716145833333333 0.41944444444444445 0.016145833333333335 0.053703703703703705
0 0.2716145833333333 0.07268518518518519 0.0067708333333333336 0.013888888888888888
0 0.20833333333333334 0.1439814814814815 0.00625 0.012037037037037037
0 0.140625 0.3800925925925926 0.009375 0.023148148148148147
0 0.14635416666666667 0.8342592592592593 0.013541666666666667 0.025925925925925925
0 0.057291666666666664 0.8458333333333333 0.010416666666666666 0.03425925925925926
0 0.24609375 0.8875 0.0109375 0.013888888888888888
0 0.29583333333333334 0.8453703703703703 0.011458333333333333 0.03333333333333333
0 0.32916666666666666 0.8861111111111111 0.015625 0.04259259259259259
0 0.34010416666666665 0.6995370370370371 0.01875 0.032407407407407406
0 0.30911458333333336 0.649537037037037 0.011979166666666667 0.023148148148148147
0 0.35442708333333334 0.600462962962963 0.009895833333333333 0.04351851851851852
0 0.3606770833333333 0.5703703703703704 0.008854166666666666 0.037037037037037035
0 0.4127604166666667 0.6467592592592593 0.0078125 0.023148148148148147
0 0.32786458333333335 0.3925925925925926 0.011979166666666667 0.020370370370370372
0 0.5377604166666666 0.5027777777777778 0.009895833333333333 0.02962962962962963
0 0.7375 0.6435185185185185 0.03229166666666667 0.037037037037037035
0 0.7966145833333333 0.8189814814814815 0.022395833333333334 0.04351851851851852
0 0.7736979166666667 0.46944444444444444 0.019270833333333334 0.06851851851851852
0 0.9752604166666666 0.7814814814814814 0.0140625 0.037037037037037035
0 0.6830729166666667 0.13425925925925927 0.011979166666666667 0.016666666666666666
0 0.46380208333333334 0.42685185185185187 0.0046875 0.018518518518518517
0 0.40130208333333334 0.5634259259259259 0.009895833333333333 0.01574074074074074
1 0.5 0.5167060185185185 1.0 0.9667453703703704
0 0.8121924479166667 0.511724537037037 0.021259895833333334 0.03826388888888889
0 0.72933046875 0.4268560185185185 0.01595260416666667 0.05371203703703704
0 0.7325971354166666 0.08006712962962963 0.0068609375 0.013837962962962963
0 0.7952893229166667 0.15325601851851853 0.006203645833333333 0.012067592592592592
0 0.8604158854166666 0.3911939814814815 0.0093734375 0.023128703703703703
0 0.8506015625 0.8453763888888889 0.013703125 0.025937962962962965
0 0.9391981770833334 0.8595902777777777 0.010688020833333334 0.03399537037037037
0 0.74980703125 0.8948578703703703 0.011072395833333333 0.013789814814814816
0 0.70068359375 0.8516717592592593 0.011783854166666666 0.03297314814814815
0 0.6668244791666668 0.8914777777777778 0.015940625 0.042214814814814816
0 0.65768828125 0.7042935185185185 0.018501562500000002 0.03266111111111111
0 0.689321875 0.6551555555555555 0.011977083333333333 0.023274074074074072
0 0.6443851562499999 0.6050972222222222 0.009603645833333334 0.043527777777777776
0 0.6383986979166667 0.5749569444444445 0.0090890625 0.03695092592592592
0 0.5855809895833333 0.6495273148148148 0.0076203125 0.023128703703703703
0 0.6731989583333333 0.39814675925925924 0.012022916666666666 0.020367592592592593
0 0.4621296875 0.5018495370370369 0.009676041666666666 0.029625000000000002
0 0.26091692708333336 0.6357851851851852 0.03225052083333333 0.03638518518518519
0 0.20016770833333333 0.8098967592592592 0.022210416666666667 0.0438675925925926
0 0.22693515625000002 0.4612273148148148 0.019495312499999997 0.06875092592592592
0 0.021979947916666666 0.7668416666666666 0.0137515625 0.03738703703703704
0 0.32059010416666667 0.12879120370370373 0.012013541666666665 0.016841666666666668
0 0.5367911458333333 0.42775231481481485 0.004832291666666667 0.018467592592592594
0 0.5981809895833333 0.566275 0.009903645833333334 0.015883333333333333
1 0.5 0.5100675925925926 1.0 0.9793944444444446
0 0.18840286458333333 0.4733671296296296 0.02159739583333333 0.037475
0 0.27423203125 0.3980870370370371 0.017214062500000002 0.05358148148148149
0 0.28465807291666667 0.05237777777777777 0.006816145833333333 0.014014814814814813
0 0.21933463541666667 0.11733935185185185 0.006377604166666666 0.012456481481481482
0 0.14478515625000002 0.3467675925925926 0.009361979166666668 0.023164814814814815
0 0.13701067708333334 0.8008837962962964 0.013604687499999999 0.025841666666666666
0 0.04732057291666667 0.8045310185185185 0.010266145833333332 0.034987962962962964
0 0.23508072916666667 0.8629990740740741 0.010786458333333334 0.014887037037037037
0 0.2859598958333333 0.8255101851851853 0.010461458333333333 0.0343537037037037
0 0.31774140624999997 0.8699726851851852 0.014649479166666667 0.04364907407407407
0 0.33420937500000003 0.6843125 0.019460416666666664 0.031587962962962964
0 0.3049395833333334 0.6317347222222223 0.0119625 0.022728703703703706
0 0.3517315104166666 0.5865199074074074 0.0107546875 0.04341018518518519
0 0.35894192708333333 0.5575032407407408 0.009550520833333333 0.0372287037037037
0 0.40835364583333333 0.6384342592592592 0.008373958333333332 0.023164814814814815
0 0.33102213541666664 0.37683796296296296 0.012044270833333334 0.020342592592592593
0 0.5375598958333333 0.506461111111111 0.010536458333333333 0.029588888888888887
0 0.7330221354166666 0.6657587962962963 0.0327109375 0.038925
0 0.7864552083333333 0.8461962962962963 0.022910416666666666 0.04239259259259259
0 0.7743856770833334 0.4949601851851852 0.018563020833333332 0.06769814814814815
0 0.9663390625 0.8253675925925926 0.014969791666666668 0.035920370370370366
0 0.6934950520833334 0.15157407407407406 0.011990104166666666 0.01611111111111111
0 0.46618489583333333 0.42320833333333335 0.004244791666666667 0.01863888888888889
0 0.39937552083333333 0.553937962962963 0.010209375 0.015283333333333333
1 0.5002604166666667 0.5162037037037037 0.9994791666666667 0.9675925925925926
0 0.18776041666666668 0.5023148148148148 0.021354166666666667 0.03796296296296296
0 0.2716145833333333 0.41944444444444445 0.016145833333333335 0.053703703703703705
0 0.2716145833333333 0.07268518518518519 0.0067708333333333336 0.013888888888888888
0 0.20833333333333334 0.1439814814814815 0.00625 0.012037037037037037
0 0.140625 0.3800925925925926 0.009375 0.023148148148148147
0 0.14635416666666667 0.8342592592592593 0.013541666666666667 0.025925925925925925
0 0.057291666666666664 0.8458333333333333 0.010416666666666666 0.03425925925925926
0 0.24609375 0.8875 0.0109375 0.013888888888888888
0 0.29583333333333334 0.8453703703703703 0.011458333333333333 0.03333333333333333
0 0.32916666666666666 0.8861111111111111 0.015625 0.04259259259259259
0 0.34010416666666665 0.6995370370370371 0.01875 0.032407407407407406
0 0.30911458333333336 0.649537037037037 0.011979166666666667 0.023148148148148147
0 0.35442708333333334 0.600462962962963 0.009895833333333333 0.04351851851851852
0 0.3606770833333333 0.5703703703703704 0.008854166666666666 0.037037037037037035
0 0.4127604166666667 0.6467592592592593 0.0078125 0.023148148148148147
0 0.32786458333333335 0.3925925925925926 0.011979166666666667 0.020370370370370372
0 0.5377604166666666 0.5027777777777778 0.009895833333333333 0.02962962962962963
0 0.7375 0.6435185185185185 0.03229166666666667 0.037037037037037035
0 0.7966145833333333 0.8189814814814815 0.022395833333333334 0.04351851851851852
0 0.7736979166666667 0.46944444444444444 0.019270833333333334 0.06851851851851852
0 0.9752604166666666 0.7814814814814814 0.0140625 0.037037037037037035
0 0.6830729166666667 0.13425925925925927 0.011979166666666667 0.016666666666666666
0 0.46380208333333334 0.42685185185185187 0.0046875 0.018518518518518517
0 0.40130208333333334 0.5634259259259259 0.009895833333333333 0.01574074074074074
