1 0.5 0.5341074074074074 1.0 0.9311777777777778
0 0.037590625 0.3433819444444445 0.014764583333333333 0.04972685185185185
0 0.06649895833333333 0.3091347222222222 0.010081250000000002 0.023825000000000002
0 0.19438020833333333 0.275325 0.007510416666666667 0.026575925925925926
0 0.16755651041666667 0.30538101851851857 0.022613020833333334 0.03853981481481481
0 0.15008307291666664 0.3739 0.0105828125 0.0440962962962963
0 0.14873828125 0.3610643518518519 0.005809895833333333 0.011017592592592591
0 0.12671041666666666 0.3803375 0.018004166666666665 0.06623055555555556
0 0.12873411458333334 0.3620157407407407 0.012676562499999999 0.027735185185185186
0 0.12338098958333334 0.29149444444444444 0.004053645833333334 0.007062962962962963
0 0.9835549479166666 0.7856967592592593 0.011901562499999999 0.08435648148148149
0 0.6637403645833333 0.41726157407407405 0.019147395833333334 0.021560185185185186
0 0.5254828125000001 0.3184296296296296 0.013465625 0.0313037037037037
0 0.5178364583333334 0.8038907407407407 0.016922916666666666 0.02815185185185185
0 0.6436234375000001 0.7901814814814815 0.009121875 0.021103703703703704
0 0.5563044270833333 0.8269041666666667 0.026150520833333336 0.01121574074074074
0 0.46567708333333335 0.9871972222222222 0.012604166666666666 0.018838888888888888
0 0.332771875 0.8216013888888889 0.008252083333333333 0.032091666666666664
0 0.24150390625 0.9518472222222221 0.009049479166666667 0.011101851851851852
0 0.24842890625 0.9515773148148149 0.008316145833333333 0.016117592592592593
0 0.214265625 0.7524060185185185 0.010822916666666666 0.01962685185185185
0 0.13241796875 0.9877453703703705 0.010669270833333333 0.016231481481481482
0 0.13192838541666668 0.9558055555555556 0.011773437500000001 0.030129629629629628
0 0.10910859375 0.8709680555555556 0.007800520833333334 0.012306481481481482
0 0.030808333333333333 0.8643097222222222 0.005366666666666667 0.010100925925925926
0 0.07229375 0.9274625 0.024795833333333333 0.04381388888888889
0 0.04260208333333334 0.8041171296296297 0.004995833333333334 0.010086111111111112
0 0.04626145833333333 0.7845527777777778 0.00398125 0.007994444444444445
0 0.07820494791666667 0.7633851851851852 0.012659895833333332 0.023066666666666666
0 0.14867864583333334 0.7413560185185185 0.008815624999999999 0.023452777777777777
0 0.16313515625 0.587400462962963 0.014811979166666666 0.04517129629629629
0 0.20120520833333336 0.5088199074074073 0.009702083333333333 0.02319537037037037
0 0.23512161458333333 0.5318856481481482 0.011909895833333333 0.02673425925925926
0 0.06749869791666667 0.5201796296296296 0.006872395833333334 0.04035925925925926
0 0.055817708333333334 0.478612037037037 0.0043437499999999995 0.005372222222222222
0 0.02097994791666667 0.4734865740740741 0.006543229166666667 0.013639814814814815
0 0.020351302083333335 0.4726175925925926 0.0052859375 0.013753703703703704
0 0.017614583333333333 0.5276504629629629 0.005020833333333334 0.012708333333333334
0 0.08077031250000001 0.35788981481481486 0.007373958333333333 0.019483333333333335
0 0.08829192708333333 0.40129722222222225 0.007833854166666666 0.03037222222222222
0 0.1549515625 0.9959902777777777 0.005736458333333333 0.008647222222222223
0 0.07227447916666667 0.8948412037037037 0.008090625 0.026719444444444445
0 0.11863359375 0.9211763888888889 0.007058854166666667 0.012723148148148148
0 0.6132533854166666 0.11636666666666667 0.017131770833333334 0.034585185185185184
0 0.6594591145833333 0.14035694444444444 0.012668229166666666 0.010343518518518518
0 0.6719835937499999 0.9052125 0.008550520833333334 0.012276851851851853
0 0.5096919270833333 0.6402203703703704 0.010008854166666666 0.024885185185185187
0 0.5656307291666667 0.6113134259259259 0.006261458333333333 0.013367592592592592
0 0.6561598958333333 0.49175324074074067 0.009194791666666667 0.03535833333333333
1 0.5 0.465225 1.0 0.93045
0 0.056942187500000005 0.7836712962962963 0.017009375 0.04697222222222222
0 0.08853645833333333 0.8088592592592593 0.009364583333333334 0.023274074074074072
0 0.21800911458333333 0.8073490740740741 0.007893229166666666 0.025809259259259257
0 0.18827942708333334 0.7843773148148149 0.0223921875 0.040976851851851855
0 0.16580130208333335 0.7215782407407407 0.013894270833333333 0.04130462962962963
0 0.16506276041666668 0.7347777777777778 0.005125520833333333 0.012148148148148148
0 0.14228593750000001 0.7215685185185186 0.01998854166666667 0.0635074074074074
0 0.14511015624999998 0.7397481481481482 0.013136979166666667 0.025792592592592593
0 0.1463583333333333 0.8106476851851852 0.004175 0.006480555555555555
0 0.9514783854166667 0.08332685185185185 0.011290104166666667 0.08517222222222223
0 0.66926953125 0.5360773148148148 0.018747395833333333 0.018450925925925926
0 0.54159765625 0.6722115740740742 0.012361979166666667 0.03146018518518518
0 0.4903223958333333 0.1953277777777778 0.016061458333333334 0.027692592592592595
0 0.6166114583333333 0.17418564814814813 0.008222916666666667 0.02244537037037037
0 0.5270903645833334 0.16323935185185184 0.026055729166666666 0.007960185185185185
0 0.42319427083333333 0.02830416666666667 0.013055208333333334 0.017719444444444444
0 0.30714869791666666 0.22823842592592594 0.0090890625 0.03240277777777777
0 0.20520312500000001 0.12559166666666668 0.008322916666666668 0.010442592592592594
0 0.21220260416666664 0.12416990740740741 0.007738541666666667 0.016858333333333333
0 0.19637604166666664 0.3295472222222222 0.010460416666666666 0.018353703703703702
0 0.09395520833333333 0.1199787037037037 0.009785416666666666 0.015883333333333333
0 0.0963578125 0.1523773148148148 0.011465625 0.030680555555555555
0 0.08151901041666668 0.24170601851851853 0.0078296875 0.013041666666666667
0 0.12459973958333333 0.042083333333333334 0.04711614583333333 0.04898148148148148
0 0.004709895833333333 0.2704259259259259 0.005253125 0.011222222222222222
0 0.03997057291666666 0.19752546296296294 0.022649479166666667 0.048754629629629634
0 0.02597265625 0.11395185185185185 0.012361979166666667 0.0242
0 0.0219109375 0.32691574074074076 0.0042385416666666665 0.011238888888888889
0 0.0270921875 0.3449231481481481 0.004184375000000001 0.008364814814814816
0 0.06062630208333333 0.3574541666666667 0.011877604166666667 0.02416759259259259
0 0.131715625 0.35835555555555554 0.00718125 0.02411851851851852
0 0.15973411458333334 0.5055439814814814 0.016343229166666667 0.0444212962962963
0 0.2038875 0.5750384259259259 0.008816666666666667 0.024150925925925923
0 0.23543385416666668 0.5426388888888889 0.011492708333333332 0.027870370370370372
0 0.07116171875 0.6005162037037037 0.0037817708333333336 0.04177314814814815
0 0.06352760416666667 0.6453782407407408 0.004138541666666666 0.005571296296296296
0 0.02916171875 0.6602486111111111 0.006240104166666666 0.014941666666666667
0 0.02842604166666667 0.6602486111111111 0.00476875 0.014941666666666667
0 0.021134114583333332 0.606488425925926 0.005809895833333333 0.012976851851851852
0 0.09852317708333333 0.7569027777777778 0.0085046875 0.01750925925925926
0 0.1021734375 0.7110444444444445 0.009555208333333334 0.029496296296296298
0 0.11660260416666667 0.10147638888888888 0.006121875 0.019619444444444443
0 0.042653125 0.22918055555555555 0.00718125 0.026879629629629632
0 0.08645338541666667 0.19035740740740742 0.006240104166666666 0.014048148148148148
0 0.28386302083333337 0.02036898148148148 0.004184375000000001 0.016663888888888888
0 0.6458231770833333 0.847811574074074 0.015604687499999999 0.03636388888888889
0 0.6890434895833334 0.8117185185185185 0.012461979166666666 0.012325925925925926
0 0.6341638020833333 0.052720370370370376 0.008952604166666666 0.010996296296296296
0 0.49734973958333334 0.3587861111111111 0.0092828125 0.02497962962962963
0 0.5557242187500001 0.3708564814814815 0.006240104166666666 0.013935185185185186
0 0.6544627604166667 0.4653074074074074 0.008925520833333334 0.036170370370370374
1 0.49973958333333335 0.5365740740740741 0.9994791666666667 0.925
0 0.05416666666666667 0.2300925925925926 0.016666666666666666 0.04722222222222222
0 0.08541666666666667 0.20416666666666666 0.009375 0.023148148148148147
0 0.21484375 0.20185185185185187 0.0078125 0.025925925925925925
0 0.18567708333333333 0.225 0.022395833333333334 0.040740740740740744
0 0.16354166666666667 0.2884259259259259 0.013541666666666667 0.041666666666666664
0 0.16302083333333334 0.27546296296296297 0.005208333333333333 0.012037037037037037
0 0.14010416666666667 0.28935185185185186 0.019791666666666666 0.06388888888888888
0 0.14296875 0.2712962962962963 0.013020833333333334 0.025925925925925925
0 0.14322916666666666 0.20046296296296295 0.004166666666666667 0.006481481481481481
0 0.95546875 0.9027777777777778 0.0109375 0.08518518518518518
0 0.66875 0.4583333333333333 0.01875 0.018518518518518517
0 0.5401041666666667 0.32685185185185184 0.0125 0.03148148148148148
0 0.4934895833333333 0.8046296296296296 0.016145833333333335 0.027777777777777776
0 0.6197916666666666 0.8222222222222222 0.008333333333333333 0.022222222222222223
0 0.5302083333333333 0.8356481481481481 0.026041666666666668 0.008333333333333333
0 0.4278645833333333 0.9745370370370371 0.013020833333333334 0.017592592592592594
0 0.30963541666666666 0.7773148148148148 0.008854166666666666 0.032407407407407406
0 0.20885416666666667 0.8837962962962963 0.008333333333333333 0.010185185185185186
0 0.21588541666666666 0.8851851851851852 0.0078125 0.016666666666666666
0 0.19791666666666666 0.6796296296296296 0.010416666666666666 0.018518518518518517
0 0.09765625 0.8921296296296296 0.009895833333333333 0.01574074074074074
0 0.1 0.8597222222222223 0.011458333333333333 0.030555555555555555
0 0.08411458333333334 0.7712962962962963 0.0078125 0.012962962962962963
0 0.12942708333333333 0.9694444444444444 0.04739583333333333 0.04814814814814815
0 0.007291666666666667 0.7444444444444445 0.005208333333333333 0.011111111111111112
0 0.043229166666666666 0.8166666666666667 0.022916666666666665 0.04814814814814815
0 0.0296875 0.9009259259259259 0.0125 0.024074074074074074
0 0.0234375 0.687962962962963 0.004166666666666667 0.011111111111111112
0 0.028645833333333332 0.6699074074074074 0.004166666666666667 0.008333333333333333
0 0.062239583333333334 0.6564814814814814 0.011979166666666667 0.024074074074074074
0 0.13333333333333333 0.6527777777777778 0.007291666666666667 0.024074074074074074
0 0.15963541666666667 0.5046296296296297 0.016145833333333335 0.044444444444444446
0 0.20338541666666668 0.43425925925925923 0.008854166666666666 0.024074074074074074
0 0.23489583333333333 0.46574074074074073 0.011458333333333333 0.027777777777777776
0 0.07005208333333333 0.4125 0.0036458333333333334 0.041666666666666664
0 0.06197916666666667 0.3685185185185185 0.004166666666666667 0.005555555555555556
0 0.027604166666666666 0.35462962962962963 0.00625 0.014814814814814815
0 0.026822916666666665 0.35462962962962963 0.0046875 0.014814814814814815
0 0.020052083333333335 0.4083333333333333 0.005729166666666666 0.012962962962962963
0 0.09583333333333334 0.2550925925925926 0.008333333333333333 0.017592592592592594
0 0.1 0.30092592592592593 0.009375 0.02962962962962963
0 0.1203125 0.9106481481481481 0.00625 0.019444444444444445
0 0.0453125 0.7847222222222222 0.007291666666666667 0.026851851851851852
0 0.08958333333333333 0.8226851851851852 0.00625 0.013888888888888888
0 0.28854166666666664 0.9861111111111112 0.004166666666666667 0.016666666666666666
0 0.6421875 0.1476851851851852 0.015625 0.03611111111111111
0 0.6859375 0.18287037037037038 0.0125 0.012037037037037037
0 0.6388020833333333 0.9435185185185185 0.008854166666666666 0.011111111111111112
0 0.49895833333333334 0.6412037037037037 0.009375 0.025
0 0.5567708333333333 0.6273148148148148 0.00625 0.013888888888888888
0 0.6549479166666666 0.5300925925925926 0.008854166666666666 0.03611111111111111
1 0.5 0.5341074074074074 1.0 0.9311777777777778
0 0.037590625 0.3433819444444445 0.014764583333333333 0.04972685185185185
0 0.06649895833333333 0.3091347222222222 0.010081250000000002 0.023825000000000002
0 0.19438020833333333 0.275325 0.007510416666666667 0.026575925925925926
0 0.16755651041666667 0.30538101851851857 0.022613020833333334 0.03853981481481481
0 0.15008307291666664 0.3739 0.0105828125 0.0440962962962963
0 0.14873828125 0.3610643518518519 0.005809895833333333 0.011017592592592591
0 0.12671041666666666 0.3803375 0.018004166666666665 0.06623055555555556
0 0.12873411458333334 0.3620157407407407 0.012676562499999999 0.027735185185185186
0 0.12338098958333334 0.29149444444444444 0.004053645833333334 0.007062962962962963
0 0.9835549479166666 0.7856967592592593 0.011901562499999999 0.08435648148148149
0 0.6637403645833333 0.41726157407407405 0.019147395833333334 0.021560185185185186
0 0.5254828125000001 0.3184296296296296 0.013465625 0.0313037037037037
0 0.5178364583333334 0.8038907407407407 0.016922916666666666 0.02815185185185185
0 0.6436234375000001 0.7901814814814815 0.009121875 0.021103703703703704
0 0.5563044270833333 0.8269041666666667 0.026150520833333336 0.01121574074074074
0 0.46567708333333335 0.9871972222222222 0.012604166666666666 0.018838888888888888
0 0.332771875 0.8216013888888889 0.008252083333333333 0.032091666666666664
0 0.24150390625 0.9518472222222221 0.009049479166666667 0.011101851851851852
0 0.24842890625 0.9515773148148149 0.008316145833333333 0.016117592592592593
0 0.214265625 0.7524060185185185 0.010822916666666666 0.01962685185185185
0 0.13241796875 0.9877453703703705 0.010669270833333333 0.016231481481481482
0 0.13192838541666668 0.9558055555555556 0.011773437500000001 0.030129629629629628
0 0.10910859375 0.8709680555555556 0.007800520833333334 0.012306481481481482
0 0.030808333333333333 0.8643097222222222 0.005366666666666667 0.010100925925925926
0 0.07229375 0.9274625 0.024795833333333333 0.04381388888888889
0 0.04260208333333334 0.8041171296296297 0.004995833333333334 0.010086111111111112
0 0.04626145833333333 0.7845527777777778 0.00398125 0.007994444444444445
0 0.07820494791666667 0.7633851851851852 0.012659895833333332 0.023066666666666666
0 0.14867864583333334 0.7413560185185185 0.008815624999999999 0.023452777777777777
0 0.16313515625 0.587400462962963 0.014811979166666666 0.04517129629629629
0 0.20120520833333336 0.5088199074074073 0.009702083333333333 0.02319537037037037
0 0.23512161458333333 0.5318856481481482 0.011909895833333333 0.02673425925925926
0 0.06749869791666667 0.5201796296296296 0.006872395833333334 0.04035925925925926
0 0.055817708333333334 0.478612037037037 0.0043437499999999995 0.005372222222222222
0 0.02097994791666667 0.4734865740740741 0.006543229166666667 0.013639814814814815
0 0.020351302083333335 0.4726175925925926 0.0052859375 0.013753703703703704
0 0.017614583333333333 0.5276504629629629 0.005020833333333334 0.012708333333333334
0 0.08077031250000001 0.35788981481481486 0.007373958333333333 0.019483333333333335
0 0.08829192708333333 0.40129722222222225 0.007833854166666666 0.03037222222222222
0 0.1549515625 0.9959902777777777 0.005736458333333333 0.008647222222222223
0 0.07227447916666667 0.8948412037037037 0.008090625 0.026719444444444445
0 0.11863359375 0.9211763888888889 0.007058854166666667 0.012723148148148148
0 0.6132533854166666 0.11636666666666667 0.017131770833333334 0.034585185185185184
0 0.6594591145833333 0.14035694444444444 0.012668229166666666 0.010343518518518518
0 0.6719835937499999 0.9052125 0.008550520833333334 0.012276851851851853
0 0.5096919270833333 0.6402203703703704 0.010008854166666666 0.024885185185185187
0 0.5656307291666667 0.6113134259259259 0.006261458333333333 0.013367592592592592
0 0.6561598958333333 0.49175324074074067 0.009194791666666667 0.03535833333333333
1 0.5 0.465225 1.0 0.93045
0 0.056942187500000005 0.7836712962962963 0.017009375 0.04697222222222222
0 0.08853645833333333 0.8088592592592593 0.009364583333333334 0.023274074074074072
0 0.21800911458333333 0.8073490740740741 0.007893229166666666 0.025809259259259257
0 0.18827942708333334 0.7843773148148149 0.0223921875 0.040976851851851855
0 0.16580130208333335 0.7215782407407407 0.013894270833333333 0.04130462962962963
0 0.16506276041666668 0.7347777777777778 0.005125520833333333 0.012148148148148148
0 0.14228593750000001 0.7215685185185186 0.01998854166666667 0.0635074074074074
0 0.14511015624999998 0.7397481481481482 0.013136979166666667 0.025792592592592593
0 0.1463583333333333 0.8106476851851852 0.004175 0.006480555555555555
0 0.9514783854166667 0.08332685185185185 0.011290104166666667 0.08517222222222223
0 0.66926953125 0.5360773148148148 0.018747395833333333 0.018450925925925926
0 0.54159765625 0.6722115740740742 0.012361979166666667 0.03146018518518518
0 0.4903223958333333 0.1953277777777778 0.016061458333333334 0.027692592592592595
0 0.6166114583333333 0.17418564814814813 0.008222916666666667 0.02244537037037037
0 0.5270903645833334 0.16323935185185184 0.026055729166666666 0.007960185185185185
0 0.42319427083333333 0.02830416666666667 0.013055208333333334 0.017719444444444444
0 0.30714869791666666 0.22823842592592594 0.0090890625 0.03240277777777777
0 0.20520312500000001 0.12559166666666668 0.008322916666666668 0.010442592592592594
0 0.21220260416666664 0.12416990740740741 0.007738541666666667 0.016858333333333333
0 0.19637604166666664 0.3295472222222222 0.010460416666666666 0.018353703703703702
0 0.09395520833333333 0.1199787037037037 0.009785416666666666 0.015883333333333333
0 0.0963578125 0.1523773148148148 0.011465625 0.030680555555555555
0 0.08151901041666668 0.24170601851851853 0.0078296875 0.013041666666666667
0 0.12459973958333333 0.042083333333333334 0.04711614583333333 0.04898148148148148
0 0.004709895833333333 0.2704259259259259 0.005253125 0.011222222222222222
0 0.03997057291666666 0.19752546296296294 0.022649479166666667 0.048754629629629634
0 0.02597265625 0.11395185185185185 0.012361979166666667 0.0242
0 0.0219109375 0.32691574074074076 0.0042385416666666665 0.011238888888888889
0 0.0270921875 0.3449231481481481 0.004184375000000001 0.008364814814814816
0 0.06062630208333333 0.3574541666666667 0.011877604166666667 0.02416759259259259
0 0.131715625 0.35835555555555554 0.00718125 0.02411851851851852
0 0.15973411458333334 0.5055439814814814 0.016343229166666667 0.0444212962962963
0 0.2038875 0.5750384259259259 0.008816666666666667 0.024150925925925923
0 0.23543385416666668 0.5426388888888889 0.011492708333333332 0.027870370370370372
0 0.07116171875 0.6005162037037037 0.0037817708333333336 0.04177314814814815
0 0.06352760416666667 0.6453782407407408 0.004138541666666666 0.005571296296296296
0 0.02916171875 0.6602486111111111 0.006240104166666666 0.014941666666666667
0 0.02842604166666667 0.6602486111111111 0.00476875 0.014941666666666667
0 0.021134114583333332 0.606488425925926 0.005809895833333333 0.012976851851851852
0 0.09852317708333333 0.7569027777777778 0.0085046875 0.01750925925925926
0 0.1021734375 0.7110444444444445 0.009555208333333334 0.029496296296296298
0 0.11660260416666667 0.10147638888888888 0.006121875 0.019619444444444443
0 0.042653125 0.22918055555555555 0.00718125 0.026879629629629632
0 0.08645338541666667 0.19035740740740742 0.006240104166666666 0.014048148148148148
0 0.28386302083333337 0.02036898148148148 0.004184375000000001 0.016663888888888888
0 0.6458231770833333 0.847811574074074 0.015604687499999999 0.03636388888888889
0 0.6890434895833334 0.8117185185185185 0.012461979166666666 0.012325925925925926
0 0.6341638020833333 0.052720370370370376 0.008952604166666666 0.010996296296296296
0 0.49734973958333334 0.3587861111111111 0.0092828125 0.02497962962962963
0 0.5557242187500001 0.3708564814814815 0.006240104166666666 0.013935185185185186
0 0.6544627604166667 0.4653074074074074 0.008925520833333334 0.036170370370370374
1 0.49973958333333335 0.5365740740740741 0.9994791666666667 0.925
0 0.05416666666666667 0.2300925925925926 0.016666666666666666 0.04722222222222222
0 0.08541666666666667 0.20416666666666666 0.009375 0.023148148148148147
0 0.21484375 0.20185185185185187 0.0078125 0.025925925925925925
0 0.18567708333333333 0.225 0.022395833333333334 0.040740740740740744
0 0.16354166666666667 0.2884259259259259 0.013541666666666667 0.041666666666666664
0 0.16302083333333334 0.27546296296296297 0.005208333333333333 0.012037037037037037
0 0.14010416666666667 0.28935185185185186 0.019791666666666666 0.06388888888888888
0 0.14296875 0.2712962962962963 0.013020833333333334 0.025925925925925925
0 0.14322916666666666 0.20046296296296295 0.004166666666666667 0.006481481481481481
0 0.95546875 0.9027777777777778 0.0109375 0.08518518518518518
0 0.66875 0.4583333333333333 0.01875 0.018518518518518517
0 0.5401041666666667 0.32685185185185184 0.0125 0.03148148148148148
0 0.4934895833333333 0.8046296296296296 0.016145833333333335 0.027777777777777776
0 0.6197916666666666 0.8222222222222222 0.008333333333333333 0.022222222222222223
0 0.5302083333333333 0.8356481481481481 0.026041666666666668 0.008333333333333333
0 0.4278645833333333 0.9745370370370371 0.013020833333333334 0.017592592592592594
0 0.30963541666666666 0.7773148148148148 0.008854166666666666 0.032407407407407406
0 0.20885416666666667 0.8837962962962963 0.008333333333333333 0.010185185185185186
0 0.21588541666666666 0.8851851851851852 0.0078125 0.016666666666666666
0 0.19791666666666666 0.6796296296296296 0.010416666666666666 0.018518518518518517
0 0.09765625 0.8921296296296296 0.009895833333333333 0.01574074074074074
0 0.1 0.8597222222222223 0.011458333333333333 0.030555555555555555
0 0.08411458333333334 0.7712962962962963 0.0078125 0.012962962962962963
0 0.12942708333333333 0.9694444444444444 0.04739583333333333 0.04814814814814815
0 0.007291666666666667 0.7444444444444445 0.005208333333333333 0.011111111111111112
0 0.043229166666666666 0.8166666666666667 0.022916666666666665 0.04814814814814815
0 0.0296875 0.9009259259259259 0.0125 0.024074074074074074
0 0.0234375 0.687962962962963 0.004166666666666667 0.011111111111111112
0 0.028645833333333332 0.6699074074074074 0.004166666666666667 0.008333333333333333
0 0.062239583333333334 0.6564814814814814 0.011979166666666667 0.024074074074074074
0 0.13333333333333333 0.6527777777777778 0.007291666666666667 0.024074074074074074
0 0.15963541666666667 0.5046296296296297 0.016145833333333335 0.044444444444444446
0 0.20338541666666668 0.43425925925925923 0.008854166666666666 0.024074074074074074
0 0.23489583333333333 0.46574074074074073 0.011458333333333333 0.027777777777777776
0 0.07005208333333333 0.4125 0.0036458333333333334 0.041666666666666664
0 0.06197916666666667 0.3685185185185185 0.004166666666666667 0.005555555555555556
0 0.027604166666666666 0.35462962962962963 0.00625 0.014814814814814815
0 0.026822916666666665 0.35462962962962963 0.0046875 0.014814814814814815
0 0.020052083333333335 0.4083333333333333 0.005729166666666666 0.012962962962962963
0 0.09583333333333334 0.2550925925925926 0.008333333333333333 0.017592592592592594
0 0.1 0.30092592592592593 0.009375 0.02962962962962963
0 0.1203125 0.9106481481481481 0.00625 0.019444444444444445
0 0.0453125 0.7847222222222222 0.007291666666666667 0.026851851851851852
0 0.08958333333333333 0.8226851851851852 0.00625 0.013888888888888888
0 0.28854166666666664 0.9861111111111112 0.004166666666666667 0.016666666666666666
0 0.6421875 0.1476851851851852 0.015625 0.03611111111111111
0 0.6859375 0.18287037037037038 0.0125 0.012037037037037037
0 0.6388020833333333 0.9435185185185185 0.008854166666666666 0.011111111111111112
0 0.49895833333333334 0.6412037037037037 0.009375 0.025
0 0.5567708333333333 0.6273148148148148 0.00625 0.013888888888888888
0 0.6549479166666666 0.5300925925925926 0.008854166666666666 0.03611111111111111
