1 0.49214791666666663 0.4836208333333334 0.9842958333333333 0.9672416666666668
0 0.7819109375 0.029497685185185186 0.009655208333333333 0.0349212962962963
0 0.6228385416666666 0.012627777777777778 0.010260416666666666 0.0197
0 0.49321640625 0.4325907407407407 0.0301828125 0.06332962962962962
0 0.40639453125 0.1527263888888889 0.0127890625 0.03878611111111111
0 0.69332890625 0.6498407407407407 0.0210328125 0.042274074074074075
0 0.5257489583333333 0.599600462962963 0.0067062499999999995 0.014015740740740742
0 0.5638877604166667 0.4965583333333333 0.024650520833333335 0.06163518518518519
0 0.41689036458333334 0.6037185185185184 0.0056557291666666665 0.014844444444444445
0 0.6197252604166666 0.9000041666666667 0.019658854166666666 0.05371203703703704
0 0.030211979166666666 0.788513425925926 0.010423958333333334 0.01591574074074074
0 0.04240625 0.4112226851851852 0.010854166666666666 0.018741666666666667
0 0.0452984375 0.30561064814814815 0.004138541666666666 0.016776851851851852
0 0.08254661458333333 0.09163981481481481 0.010926562499999999 0.03142777777777778
0 0.04342994791666667 0.15652824074074073 0.008734895833333334 0.02046388888888889
0 0.033058854166666665 0.22316342592592595 0.005701041666666667 0.012993518518518519
0 0.441378125 0.13483425925925926 0.01088125 0.014112962962962964
0 0.25625416666666667 0.3310180555555556 0.004175 0.008332407407407408
0 0.07857682291666666 0.2894069444444445 0.012361979166666667 0.01770277777777778
1 0.5080729166666667 0.5162037037037037 0.9828125 0.9657407407407408
0 0.21354166666666666 0.962037037037037 0.009375 0.03518518518518519
0 0.3723958333333333 0.9837962962962963 0.010416666666666666 0.019444444444444445
0 0.5059895833333333 0.5680555555555555 0.0296875 0.06388888888888888
0 0.5901041666666667 0.85 0.0125 0.03888888888888889
0 0.30807291666666664 0.3439814814814815 0.021354166666666667 0.041666666666666664
0 0.4752604166666667 0.399537037037037 0.0067708333333333336 0.013888888888888888
0 0.4359375 0.5018518518518519 0.025 0.06111111111111111
0 0.5841145833333333 0.3990740740740741 0.005729166666666666 0.014814814814814815
0 0.3841145833333333 0.0962962962962963 0.019270833333333334 0.053703703703703705
0 0.9723958333333333 0.2263888888888889 0.010416666666666666 0.01574074074074074
0 0.9565104166666667 0.6027777777777777 0.0109375 0.018518518518518517
0 0.9526041666666667 0.7083333333333334 0.004166666666666667 0.016666666666666666
0 0.91328125 0.9212962962962963 0.0109375 0.03148148148148148
0 0.9528645833333333 0.8574074074074074 0.008854166666666666 0.020370370370370372
0 0.9643229166666667 0.7916666666666666 0.005729166666666666 0.012962962962962963
0 0.5549479166666667 0.8671296296296296 0.0109375 0.013888888888888888
0 0.7421875 0.6763888888888889 0.004166666666666667 0.008333333333333333
0 0.9192708333333334 0.7236111111111111 0.0125 0.017592592592592594
1 0.49314895833333333 0.515538425925926 0.9862979166666667 0.9681138888888889
0 0.7685234375000001 0.9898958333333334 0.008921875 0.02053240740740741
0 0.6084291666666667 0.9939138888888888 0.009566666666666666 0.011901851851851851
0 0.4913276041666667 0.5668796296296297 0.03161354166666667 0.06153703703703703
0 0.3963994791666667 0.8377217592592593 0.013632291666666666 0.03840648148148148
0 0.6975153645833333 0.36830601851851846 0.020030729166666667 0.044019444444444444
0 0.5287708333333333 0.4025564814814815 0.006500000000000001 0.014372222222222222
0 0.5635361979166666 0.5093245370370371 0.023947395833333333 0.06309351851851852
0 0.4198997395833333 0.3889356481481481 0.005424479166666666 0.014908333333333332
0 0.6317471354166667 0.1120037037037037 0.0207859375 0.05363703703703703
0 0.03958880208333334 0.16839166666666666 0.010427604166666667 0.016412962962962963
0 0.04070859375 0.5458000000000001 0.010583854166666667 0.01937777777777778
0 0.04056536458333333 0.6520574074074074 0.004047395833333333 0.01707777777777778
0 0.07106223958333334 0.8683833333333334 0.010874479166666668 0.03121111111111111
0 0.03438854166666667 0.8001689814814815 0.008360416666666667 0.020708333333333332
0 0.025198958333333334 0.7333819444444445 0.005606249999999999 0.013060185185185185
0 0.43086718749999997 0.8592314814814815 0.010692708333333334 0.014759259259259258
0 0.25157552083333334 0.6458231481481482 0.004192708333333334 0.008312962962962963
0 0.07314973958333333 0.6710379629629629 0.011924479166666667 0.018001851851851852
1 0.49214791666666663 0.4836208333333334 0.9842958333333333 0.9672416666666668
0 0.7819109375 0.029497685185185186 0.009655208333333333 0.0349212962962963
0 0.6228385416666666 0.012627777777777778 0.010260416666666666 0.0197
0 0.49321640625 0.4325907407407407 0.0301828125 0.06332962962962962
0 0.40639453125 0.1527263888888889 0.0127890625 0.03878611111111111
0 0.69332890625 0.6498407407407407 0.0210328125 0.042274074074074075
0 0.5257489583333333 0.599600462962963 0.0067062499999999995 0.014015740740740742
0 0.5638877604166667 0.4965583333333333 0.024650520833333335 0.06163518518518519
0 0.41689036458333334 0.6037185185185184 0.0056557291666666665 0.014844444444444445
0 0.6197252604166666 0.9000041666666667 0.019658854166666666 0.05371203703703704
0 0.030211979166666666 0.788513425925926 0.010423958333333334 0.01591574074074074
0 0.04240625 0.4112226851851852 0.010854166666666666 0.018741666666666667
0 0.0452984375 0.30561064814814815 0.004138541666666666 0.016776851851851852
0 0.08254661458333333 0.09163981481481481 0.010926562499999999 0.03142777777777778
0 0.04342994791666667 0.15652824074074073 0.008734895833333334 0.02046388888888889
0 0.033058854166666665 0.22316342592592595 0.005701041666666667 0.012993518518518519
0 0.441378125 0.13483425925925926 0.01088125 0.014112962962962964
0 0.25625416666666667 0.3310180555555556 0.004175 0.008332407407407408
0 0.07857682291666666 0.2894069444444445 0.012361979166666667 0.01770277777777778
1 0.5080729166666667 0.5162037037037037 0.9828125 0.9657407407407408
0 0.21354166666666666 0.962037037037037 0.009375 0.03518518518518519
0 0.3723958333333333 0.9837962962962963 0.010416666666666666 0.019444444444444445
0 0.5059895833333333 0.5680555555555555 0.0296875 0.06388888888888888
0 0.5901041666666667 0.85 0.0125 0.03888888888888889
0 0.30807291666666664 0.3439814814814815 0.021354166666666667 0.041666666666666664
0 0.4752604166666667 0.399537037037037 0.0067708333333333336 0.013888888888888888
0 0.4359375 0.5018518518518519 0.025 0.06111111111111111
0 0.5841145833333333 0.3990740740740741 0.005729166666666666 0.014814814814814815
0 0.3841145833333333 0.0962962962962963 0.019270833333333334 0.053703703703703705
0 0.9723958333333333 0.2263888888888889 0.010416666666666666 0.01574074074074074
0 0.9565104166666667 0.6027777777777777 0.0109375 0.018518518518518517
0 0.9526041666666667 0.7083333333333334 0.004166666666666667 0.016666666666666666
0 0.91328125 0.9212962962962963 0.0109375 0.03148148148148148
0 0.9528645833333333 0.8574074074074074 0.008854166666666666 0.020370370370370372
0 0.9643229166666667 0.7916666666666666 0.005729166666666666 0.012962962962962963
0 0.5549479166666667 0.8671296296296296 0.0109375 0.013888888888888888
0 0.7421875 0.6763888888888889 0.004166666666666667 0.008333333333333333
0 0.9192708333333334 0.7236111111111111 0.0125 0.017592592592592594
1 0.49314895833333333 0.515538425925926 0.9862979166666667 0.9681138888888889
0 0.7685234375000001 0.9898958333333334 0.008921875 0.02053240740740741
0 0.6084291666666667 0.9939138888888888 0.009566666666666666 0.011901851851851851
0 0.4913276041666667 0.5668796296296297 0.03161354166666667 0.06153703703703703
0 0.3963994791666667 0.8377217592592593 0.013632291666666666 0.03840648148148148
0 0.6975153645833333 0.36830601851851846 0.020030729166666667 0.044019444444444444
0 0.5287708333333333 0.4025564814814815 0.006500000000000001 0.014372222222222222
0 0.5635361979166666 0.5093245370370371 0.023947395833333333 0.06309351851851852
0 0.4198997395833333 0.3889356481481481 0.005424479166666666 0.014908333333333332
0 0.6317471354166667 0.1120037037037037 0.0207859375 0.05363703703703703
0 0.03958880208333334 0.16839166666666666 0.010427604166666667 0.016412962962962963
0 0.04070859375 0.5458000000000001 0.010583854166666667 0.01937777777777778
0 0.04056536458333333 0.6520574074074074 0.004047395833333333 0.01707777777777778
0 0.07106223958333334 0.8683833333333334 0.010874479166666668 0.03121111111111111
0 0.03438854166666667 0.8001689814814815 0.008360416666666667 0.020708333333333332
0 0.025198958333333334 0.7333819444444445 0.005606249999999999 0.013060185185185185
0 0.43086718749999997 0.8592314814814815 0.010692708333333334 0.014759259259259258
0 0.25157552083333334 0.6458231481481482 0.004192708333333334 0.008312962962962963
0 0.07314973958333333 0.6710379629629629 0.011924479166666667 0.018001851851851852
1 0.49214791666666663 0.4836208333333334 0.9842958333333333 0.9672416666666668
0 0.7819109375 0.029497685185185186 0.009655208333333333 0.0349212962962963
0 0.6228385416666666 0.012627777777777778 0.010260416666666666 0.0197
0 0.49321640625 0.4325907407407407 0.0301828125 0.06332962962962962
0 0.40639453125 0.1527263888888889 0.0127890625 0.03878611111111111
0 0.69332890625 0.6498407407407407 0.0210328125 0.042274074074074075
0 0.5257489583333333 0.599600462962963 0.0067062499999999995 0.014015740740740742
0 0.5638877604166667 0.4965583333333333 0.024650520833333335 0.06163518518518519
0 0.41689036458333334 0.6037185185185184 0.0056557291666666665 0.014844444444444445
0 0.6197252604166666 0.9000041666666667 0.019658854166666666 0.05371203703703704
0 0.030211979166666666 0.788513425925926 0.010423958333333334 0.01591574074074074
0 0.04240625 0.4112226851851852 0.010854166666666666 0.018741666666666667
0 0.0452984375 0.30561064814814815 0.004138541666666666 0.016776851851851852
0 0.08254661458333333 0.09163981481481481 0.010926562499999999 0.03142777777777778
0 0.04342994791666667 0.15652824074074073 0.008734895833333334 0.02046388888888889
0 0.033058854166666665 0.22316342592592595 0.005701041666666667 0.012993518518518519
0 0.441378125 0.13483425925925926 0.01088125 0.014112962962962964
0 0.25625416666666667 0.3310180555555556 0.004175 0.008332407407407408
0 0.07857682291666666 0.2894069444444445 0.012361979166666667 0.01770277777777778
1 0.5080729166666667 0.5162037037037037 0.9828125 0.9657407407407408
0 0.21354166666666666 0.962037037037037 0.009375 0.03518518518518519
0 0.3723958333333333 0.9837962962962963 0.010416666666666666 0.019444444444444445
0 0.5059895833333333 0.5680555555555555 0.0296875 0.06388888888888888
0 0.5901041666666667 0.85 0.0125 0.03888888888888889
0 0.30807291666666664 0.3439814814814815 0.021354166666666667 0.041666666666666664
0 0.4752604166666667 0.399537037037037 0.0067708333333333336 0.013888888888888888
0 0.4359375 0.5018518518518519 0.025 0.06111111111111111
0 0.5841145833333333 0.3990740740740741 0.005729166666666666 0.014814814814814815
0 0.3841145833333333 0.0962962962962963 0.019270833333333334 0.053703703703703705
0 0.9723958333333333 0.2263888888888889 0.010416666666666666 0.01574074074074074
0 0.9565104166666667 0.6027777777777777 0.0109375 0.018518518518518517
0 0.9526041666666667 0.7083333333333334 0.004166666666666667 0.016666666666666666
0 0.91328125 0.9212962962962963 0.0109375 0.03148148148148148
0 0.9528645833333333 0.8574074074074074 0.008854166666666666 0.020370370370370372
0 0.9643229166666667 0.7916666666666666 0.005729166666666666 0.012962962962962963
0 0.5549479166666667 0.8671296296296296 0.0109375 0.013888888888888888
0 0.7421875 0.6763888888888889 0.004166666666666667 0.008333333333333333
0 0.9192708333333334 0.7236111111111111 0.0125 0.017592592592592594
1 0.49314895833333333 0.515538425925926 0.9862979166666667 0.9681138888888889
0 0.7685234375000001 0.9898958333333334 0.008921875 0.02053240740740741
0 0.6084291666666667 0.9939138888888888 0.009566666666666666 0.011901851851851851
0 0.4913276041666667 0.5668796296296297 0.03161354166666667 0.06153703703703703
0 0.3963994791666667 0.8377217592592593 0.013632291666666666 0.03840648148148148
0 0.6975153645833333 0.36830601851851846 0.020030729166666667 0.044019444444444444
0 0.5287708333333333 0.4025564814814815 0.006500000000000001 0.014372222222222222
0 0.5635361979166666 0.5093245370370371 0.023947395833333333 0.06309351851851852
0 0.4198997395833333 0.3889356481481481 0.005424479166666666 0.014908333333333332
0 0.6317471354166667 0.1120037037037037 0.0207859375 0.05363703703703703
0 0.03958880208333334 0.16839166666666666 0.010427604166666667 0.016412962962962963
0 0.04070859375 0.5458000000000001 0.010583854166666667 0.01937777777777778
0 0.04056536458333333 0.6520574074074074 0.004047395833333333 0.01707777777777778
0 0.07106223958333334 0.8683833333333334 0.010874479166666668 0.03121111111111111
0 0.03438854166666667 0.8001689814814815 0.008360416666666667 0.020708333333333332
0 0.025198958333333334 0.7333819444444445 0.005606249999999999 0.013060185185185185
0 0.43086718749999997 0.8592314814814815 0.010692708333333334 0.014759259259259258
0 0.25157552083333334 0.6458231481481482 0.004192708333333334 0.008312962962962963
0 0.07314973958333333 0.6710379629629629 0.011924479166666667 0.018001851851851852
