1 0.5 0.5354518518518518 1.0 0.9283111111111111
0 0.5401648437500001 0.1919685185185185 0.02928802083333333 0.028381481481481483
0 0.7657705729166667 0.541175462962963 0.028416145833333333 0.0601287037037037
0 0.7723171875 0.6388504629629629 0.019634375 0.03140462962962963
0 0.7974934895833333 0.3925675925925926 0.0095703125 0.02032037037037037
0 0.6897033854166666 0.6595069444444445 0.0210734375 0.035680555555555556
0 0.89252421875 0.6625851851851852 0.012131770833333333 0.017762962962962963
0 0.24238125000000002 0.9063222222222223 0.05455416666666667 0.09597777777777779
0 0.27951510416666664 0.6112689814814815 0.006946875 0.011426851851851851
0 0.30577473958333334 0.5914819444444445 0.0073828125000000005 0.010741666666666667
0 0.17781458333333333 0.8827777777777778 0.006670833333333333 0.022962962962962963
0 0.9476815104166667 0.741410648148148 0.004738020833333333 0.01615462962962963
0 0.8733598958333334 0.7330916666666667 0.014428125000000002 0.012479629629629629
0 0.7699083333333333 0.7017949074074074 0.0044 0.02025648148148148
1 0.5 0.5148361111111112 1.0 0.970412962962963
0 0.5009651041666666 0.18307037037037038 0.030055208333333337 0.021696296296296293
0 0.7634013020833332 0.4346601851851852 0.032010937499999996 0.056357407407407405
0 0.7824510416666667 0.525473611111111 0.021152083333333335 0.03428055555555556
0 0.7763505208333333 0.27765231481481484 0.009992708333333333 0.020119444444444443
0 0.7041070312500001 0.5807736111111111 0.0207140625 0.03562129629629629
0 0.9041497395833333 0.5027291666666667 0.011424479166666666 0.020273148148148148
0 0.3004130208333333 0.9752708333333333 0.056034375 0.04868981481481482
0 0.29928020833333335 0.6964111111111111 0.007935416666666667 0.013192592592592593
0 0.32274947916666663 0.6666819444444444 0.006957291666666667 0.009289814814814815
0 0.23431354166666668 0.9947347222222221 0.006127083333333333 0.009839814814814815
0 0.9672114583333333 0.5560435185185185 0.0052562500000000005 0.01579074074074074
0 0.8926783854166668 0.5774009259259258 0.013481770833333333 0.014061111111111111
0 0.7890393229166667 0.5879101851851851 0.0041203125 0.020264814814814815
1 0.49973958333333335 0.5393518518518519 0.9994791666666667 0.9194444444444444
0 0.5283854166666667 0.18703703703703703 0.0296875 0.025925925925925925
0 0.76640625 0.5083333333333333 0.0296875 0.05925925925925926
0 0.7770833333333333 0.6037037037037037 0.019791666666666666 0.03148148148148148
0 0.7927083333333333 0.35648148148148145 0.009375 0.020370370370370372
0 0.6953125 0.6351851851851852 0.020833333333333332 0.03518518518518519
0 0.8981770833333333 0.6138888888888889 0.011979166666666667 0.018518518518518517
0 0.2591145833333333 0.937037037037037 0.0546875 0.0962962962962963
0 0.284375 0.638425925925926 0.007291666666666667 0.012037037037037037
0 0.3098958333333333 0.6152777777777778 0.007291666666666667 0.010185185185185186
0 0.19375 0.9217592592592593 0.00625 0.023148148148148147
0 0.95625 0.6856481481481481 0.004166666666666667 0.01574074074074074
0 0.8815104166666666 0.6861111111111111 0.0140625 0.012962962962962963
0 0.77734375 0.6675925925925926 0.0036458333333333334 0.020370370370370372
1 0.5 0.5354518518518518 1.0 0.9283111111111111
0 0.5401648437500001 0.1919685185185185 0.02928802083333333 0.028381481481481483
0 0.7657705729166667 0.541175462962963 0.028416145833333333 0.0601287037037037
0 0.7723171875 0.6388504629629629 0.019634375 0.03140462962962963
0 0.7974934895833333 0.3925675925925926 0.0095703125 0.02032037037037037
0 0.6897033854166666 0.6595069444444445 0.0210734375 0.035680555555555556
0 0.89252421875 0.6625851851851852 0.012131770833333333 0.017762962962962963
0 0.24238125000000002 0.9063222222222223 0.05455416666666667 0.09597777777777779
0 0.27951510416666664 0.6112689814814815 0.006946875 0.011426851851851851
0 0.30577473958333334 0.5914819444444445 0.0073828125000000005 0.010741666666666667
0 0.17781458333333333 0.8827777777777778 0.006670833333333333 0.022962962962962963
0 0.9476815104166667 0.741410648148148 0.004738020833333333 0.01615462962962963
0 0.8733598958333334 0.7330916666666667 0.014428125000000002 0.012479629629629629
0 0.7699083333333333 0.7017949074074074 0.0044 0.02025648148148148
1 0.5 0.5148361111111112 1.0 0.970412962962963
0 0.5009651041666666 0.18307037037037038 0.030055208333333337 0.021696296296296293
0 0.7634013020833332 0.4346601851851852 0.032010937499999996 0.056357407407407405
0 0.7824510416666667 0.525473611111111 0.021152083333333335 0.03428055555555556
0 0.7763505208333333 0.27765231481481484 0.009992708333333333 0.020119444444444443
0 0.7041070312500001 0.5807736111111111 0.0207140625 0.03562129629629629
0 0.9041497395833333 0.5027291666666667 0.011424479166666666 0.020273148148148148
0 0.3004130208333333 0.9752708333333333 0.056034375 0.04868981481481482
0 0.29928020833333335 0.6964111111111111 0.007935416666666667 0.013192592592592593
0 0.32274947916666663 0.6666819444444444 0.006957291666666667 0.009289814814814815
0 0.23431354166666668 0.9947347222222221 0.006127083333333333 0.009839814814814815
0 0.9672114583333333 0.5560435185185185 0.0052562500000000005 0.01579074074074074
0 0.8926783854166668 0.5774009259259258 0.013481770833333333 0.014061111111111111
0 0.7890393229166667 0.5879101851851851 0.0041203125 0.020264814814814815
1 0.49973958333333335 0.5393518518518519 0.9994791666666667 0.9194444444444444
0 0.5283854166666667 0.18703703703703703 0.0296875 0.025925925925925925
0 0.76640625 0.5083333333333333 0.0296875 0.05925925925925926
0 0.7770833333333333 0.6037037037037037 0.019791666666666666 0.03148148148148148
0 0.7927083333333333 0.35648148148148145 0.009375 0.020370370370370372
0 0.6953125 0.6351851851851852 0.020833333333333332 0.03518518518518519
0 0.8981770833333333 0.6138888888888889 0.011979166666666667 0.018518518518518517
0 0.2591145833333333 0.937037037037037 0.0546875 0.0962962962962963
0 0.284375 0.638425925925926 0.007291666666666667 0.012037037037037037
0 0.3098958333333333 0.6152777777777778 0.007291666666666667 0.010185185185185186
0 0.19375 0.9217592592592593 0.00625 0.023148148148148147
0 0.95625 0.6856481481481481 0.004166666666666667 0.01574074074074074
0 0.8815104166666666 0.6861111111111111 0.0140625 0.012962962962962963
0 0.77734375 0.6675925925925926 0.0036458333333333334 0.020370370370370372
