1 0.5 0.5 1.0 1.0
0 0.15500989583333336 0.0872300925925926 0.008978125 0.035571296296296295
0 0.15763307291666667 0.22185648148148146 0.014224479166666667 0.0344537037037037
0 0.3486356770833333 0.38812731481481483 0.010813020833333332 0.024402777777777777
0 0.14890078125 0.84955 0.011343229166666666 0.03428518518518518
0 0.17529010416666668 0.8607606481481481 0.009955208333333333 0.03263240740740741
0 0.6931265625 0.9527101851851851 0.025836458333333333 0.05542037037037037
0 0.09852395833333333 0.918761111111111 0.012672916666666667 0.031966666666666664
0 0.07125989583333332 0.6530782407407407 0.007103125 0.019119444444444446
0 0.17316197916666667 0.39743333333333336 0.0077822916666666665 0.02079259259259259
0 0.8733770833333333 0.625724537037037 0.016545833333333333 0.05885648148148148
0 0.81746796875 0.5162125 0.008894270833333334 0.019462037037037035
0 0.8779716145833334 0.4384550925925926 0.012193229166666668 0.02135462962962963
0 0.9517377604166666 0.5647861111111112 0.015975520833333333 0.031424074074074076
0 0.9878515625 0.6347435185185185 0.016328125000000002 0.04356111111111111
0 0.8292450520833333 0.9788578703703704 0.015781770833333333 0.042900925925925926
0 0.5778015624999999 0.9071226851851851 0.012894791666666666 0.029060185185185185
0 0.8347518229166667 0.6136643518518519 0.019503645833333336 0.03288425925925926
0 0.5115783854166667 0.26056944444444446 0.010656770833333332 0.03780555555555555
0 0.4384927083333333 0.8330171296296296 0.01031875 0.012330555555555556
0 0.47302864583333337 0.7045523148148148 0.012723958333333334 0.036882407407407405
0 0.024958593749999997 0.6247828703703704 0.004083854166666667 0.010676851851851852
0 0.040653645833333335 0.602524074074074 0.006307291666666667 0.014307407407407408
0 0.40826484375 0.4618597222222222 0.011321354166666665 0.03112685185185185
0 0.7978611979166667 0.10968055555555556 0.0155140625 0.03417592592592592
1 0.5 0.5 1.0 1.0
0 0.8404869791666666 0.9232601851851852 0.009098958333333332 0.03540925925925926
0 0.8395489583333333 0.7884185185185185 0.014514583333333332 0.034244444444444445
0 0.6506341145833333 0.616862962962963 0.010643229166666665 0.024466666666666668
0 0.8544809895833333 0.16169351851851851 0.0110453125 0.03449814814814815
0 0.8283536458333334 0.14978101851851852 0.009832291666666666 0.03289537037037037
0 0.311515625 0.041561111111111104 0.02615625 0.055344444444444446
0 0.9057020833333334 0.09392546296296296 0.012445833333333333 0.03229537037037037
0 0.9300356770833333 0.3596273148148148 0.006946354166666667 0.019254629629629632
0 0.8258247395833334 0.6121768518518518 0.007899479166666666 0.020649999999999998
0 0.12830390625000002 0.3626888888888889 0.017024479166666665 0.05871111111111111
0 0.18263906249999998 0.4736143518518518 0.009028125 0.019450925925925927
0 0.12180911458333334 0.5496810185185185 0.012368229166666666 0.021584259259259258
0 0.04871588541666667 0.4211328703703704 0.016181770833333334 0.03115462962962963
0 0.013063541666666668 0.3504203703703704 0.016752083333333334 0.04343333333333334
0 0.175434375 0.016450925925925924 0.015452083333333333 0.03290185185185185
0 0.4263486979166667 0.09025787037037036 0.013114062499999999 0.028663888888888888
0 0.166609375 0.3764425925925926 0.019677083333333335 0.032514814814814816
0 0.48601822916666665 0.7392393518518519 0.010578124999999999 0.03773796296296296
0 0.5650390625 0.1691601851851852 0.010286458333333333 0.012394444444444444
0 0.5293018229166667 0.29618564814814813 0.012770312499999999 0.036815740740740746
0 0.9765091145833333 0.38965509259259257 0.004059895833333333 0.010791666666666666
0 0.9604502604166666 0.41183009259259257 0.0063171875 0.014400925925925926
0 0.5915768229166667 0.5406231481481482 0.011278645833333333 0.0312462962962963
0 0.1983625 0.8809532407407407 0.015475 0.0341287037037037
1 0.49973958333333335 0.49953703703703706 0.9994791666666667 0.9990740740740741
0 0.13958333333333334 0.1310185185185185 0.009375 0.03611111111111111
0 0.14765625 0.26481481481481484 0.013020833333333334 0.03518518518518519
0 0.34427083333333336 0.4074074074074074 0.011458333333333333 0.024074074074074074
0 0.16354166666666667 0.8916666666666667 0.0125 0.03333333333333333
0 0.19036458333333334 0.9 0.0109375 0.03148148148148148
0 0.7106770833333333 0.9277777777777778 0.024479166666666666 0.05555555555555555
0 0.11614583333333334 0.9671296296296297 0.013541666666666667 0.030555555555555555
0 0.07838541666666667 0.7064814814814815 0.0078125 0.018518518518518517
0 0.16979166666666667 0.43842592592592594 0.007291666666666667 0.021296296296296296
0 0.8768229166666667 0.5787037037037037 0.015104166666666667 0.05925925925925926
0 0.8171875 0.47638888888888886 0.008333333333333333 0.019444444444444445
0 0.8744791666666667 0.39166666666666666 0.0125 0.020370370370370372
0 0.9533854166666667 0.5087962962962963 0.015104166666666667 0.032407407407407406
0 0.9921875 0.5736111111111111 0.014583333333333334 0.04537037037037037
0 0.8494791666666667 0.9574074074074074 0.01875 0.08333333333333333
0 0.5934895833333333 0.8967592592592593 0.011979166666666667 0.030555555555555555
0 0.8385416666666666 0.5717592592592593 0.01875 0.03425925925925926
0 0.50234375 0.25972222222222224 0.0109375 0.03796296296296296
0 0.4515625 0.8393518518518519 0.010416666666666666 0.012037037037037037
0 0.48072916666666665 0.7074074074074074 0.0125 0.037037037037037035
0 0.030729166666666665 0.6837962962962963 0.004166666666666667 0.010185185185185186
0 0.04583333333333333 0.6587962962962963 0.00625 0.013888888888888888
0 0.40677083333333336 0.4736111111111111 0.011458333333333333 0.030555555555555555
0 0.7822916666666667 0.07268518518518519 0.015625 0.03425925925925926
1 0.5 0.5 1.0 1.0
0 0.15500989583333336 0.0872300925925926 0.008978125 0.035571296296296295
0 0.15763307291666667 0.22185648148148146 0.014224479166666667 0.0344537037037037
0 0.3486356770833333 0.38812731481481483 0.010813020833333332 0.024402777777777777
0 0.14890078125 0.84955 0.011343229166666666 0.03428518518518518
0 0.17529010416666668 0.8607606481481481 0.009955208333333333 0.03263240740740741
0 0.6931265625 0.9527101851851851 0.025836458333333333 0.05542037037037037
0 0.09852395833333333 0.918761111111111 0.012672916666666667 0.031966666666666664
0 0.07125989583333332 0.6530782407407407 0.007103125 0.019119444444444446
0 0.17316197916666667 0.39743333333333336 0.0077822916666666665 0.02079259259259259
0 0.8733770833333333 0.625724537037037 0.016545833333333333 0.05885648148148148
0 0.81746796875 0.5162125 0.008894270833333334 0.019462037037037035
0 0.8779716145833334 0.4384550925925926 0.012193229166666668 0.02135462962962963
0 0.9517377604166666 0.5647861111111112 0.015975520833333333 0.031424074074074076
0 0.9878515625 0.6347435185185185 0.016328125000000002 0.04356111111111111
0 0.8292450520833333 0.9788578703703704 0.015781770833333333 0.042900925925925926
0 0.5778015624999999 0.9071226851851851 0.012894791666666666 0.029060185185185185
0 0.8347518229166667 0.6136643518518519 0.019503645833333336 0.03288425925925926
0 0.5115783854166667 0.26056944444444446 0.010656770833333332 0.03780555555555555
0 0.4384927083333333 0.8330171296296296 0.01031875 0.012330555555555556
0 0.47302864583333337 0.7045523148148148 0.012723958333333334 0.036882407407407405
0 0.024958593749999997 0.6247828703703704 0.004083854166666667 0.010676851851851852
0 0.040653645833333335 0.602524074074074 0.006307291666666667 0.014307407407407408
0 0.40826484375 0.4618597222222222 0.011321354166666665 0.03112685185185185
0 0.7978611979166667 0.10968055555555556 0.0155140625 0.03417592592592592
1 0.5 0.5 1.0 1.0
0 0.8404869791666666 0.9232601851851852 0.009098958333333332 0.03540925925925926
0 0.8395489583333333 0.7884185185185185 0.014514583333333332 0.034244444444444445
0 0.6506341145833333 0.616862962962963 0.010643229166666665 0.024466666666666668
0 0.8544809895833333 0.16169351851851851 0.0110453125 0.03449814814814815
0 0.8283536458333334 0.14978101851851852 0.009832291666666666 0.03289537037037037
0 0.311515625 0.041561111111111104 0.02615625 0.055344444444444446
0 0.9057020833333334 0.09392546296296296 0.012445833333333333 0.03229537037037037
0 0.9300356770833333 0.3596273148148148 0.006946354166666667 0.019254629629629632
0 0.8258247395833334 0.6121768518518518 0.007899479166666666 0.020649999999999998
0 0.12830390625000002 0.3626888888888889 0.017024479166666665 0.05871111111111111
0 0.18263906249999998 0.4736143518518518 0.009028125 0.019450925925925927
0 0.12180911458333334 0.5496810185185185 0.012368229166666666 0.021584259259259258
0 0.04871588541666667 0.4211328703703704 0.016181770833333334 0.03115462962962963
0 0.013063541666666668 0.3504203703703704 0.016752083333333334 0.04343333333333334
0 0.175434375 0.016450925925925924 0.015452083333333333 0.03290185185185185
0 0.4263486979166667 0.09025787037037036 0.013114062499999999 0.028663888888888888
0 0.166609375 0.3764425925925926 0.019677083333333335 0.032514814814814816
0 0.48601822916666665 0.7392393518518519 0.010578124999999999 0.03773796296296296
0 0.5650390625 0.1691601851851852 0.010286458333333333 0.012394444444444444
0 0.5293018229166667 0.29618564814814813 0.012770312499999999 0.036815740740740746
0 0.9765091145833333 0.38965509259259257 0.004059895833333333 0.010791666666666666
0 0.9604502604166666 0.41183009259259257 0.0063171875 0.014400925925925926
0 0.5915768229166667 0.5406231481481482 0.011278645833333333 0.0312462962962963
0 0.1983625 0.8809532407407407 0.015475 0.0341287037037037
1 0.49973958333333335 0.49953703703703706 0.9994791666666667 0.9990740740740741
0 0.13958333333333334 0.1310185185185185 0.009375 0.03611111111111111
0 0.14765625 0.26481481481481484 0.013020833333333334 0.03518518518518519
0 0.34427083333333336 0.4074074074074074 0.011458333333333333 0.024074074074074074
0 0.16354166666666667 0.8916666666666667 0.0125 0.03333333333333333
0 0.19036458333333334 0.9 0.0109375 0.03148148148148148
0 0.7106770833333333 0.9277777777777778 0.024479166666666666 0.05555555555555555
0 0.11614583333333334 0.9671296296296297 0.013541666666666667 0.030555555555555555
0 0.07838541666666667 0.7064814814814815 0.0078125 0.018518518518518517
0 0.16979166666666667 0.43842592592592594 0.007291666666666667 0.021296296296296296
0 0.8768229166666667 0.5787037037037037 0.015104166666666667 0.05925925925925926
0 0.8171875 0.47638888888888886 0.008333333333333333 0.019444444444444445
0 0.8744791666666667 0.39166666666666666 0.0125 0.020370370370370372
0 0.9533854166666667 0.5087962962962963 0.015104166666666667 0.032407407407407406
0 0.9921875 0.5736111111111111 0.014583333333333334 0.04537037037037037
0 0.8494791666666667 0.9574074074074074 0.01875 0.08333333333333333
0 0.5934895833333333 0.8967592592592593 0.011979166666666667 0.030555555555555555
0 0.8385416666666666 0.5717592592592593 0.01875 0.03425925925925926
0 0.50234375 0.25972222222222224 0.0109375 0.03796296296296296
0 0.4515625 0.8393518518518519 0.010416666666666666 0.012037037037037037
0 0.48072916666666665 0.7074074074074074 0.0125 0.037037037037037035
0 0.030729166666666665 0.6837962962962963 0.004166666666666667 0.010185185185185186
0 0.04583333333333333 0.6587962962962963 0.00625 0.013888888888888888
0 0.40677083333333336 0.4736111111111111 0.011458333333333333 0.030555555555555555
0 0.7822916666666667 0.07268518518518519 0.015625 0.03425925925925926
1 0.5 0.5 1.0 1.0
0 0.15500989583333336 0.0872300925925926 0.008978125 0.035571296296296295
0 0.15763307291666667 0.22185648148148146 0.014224479166666667 0.0344537037037037
0 0.3486356770833333 0.38812731481481483 0.010813020833333332 0.024402777777777777
0 0.14890078125 0.84955 0.011343229166666666 0.03428518518518518
0 0.17529010416666668 0.8607606481481481 0.009955208333333333 0.03263240740740741
0 0.6931265625 0.9527101851851851 0.025836458333333333 0.05542037037037037
0 0.09852395833333333 0.918761111111111 0.012672916666666667 0.031966666666666664
0 0.07125989583333332 0.6530782407407407 0.007103125 0.019119444444444446
0 0.17316197916666667 0.39743333333333336 0.0077822916666666665 0.02079259259259259
0 0.8733770833333333 0.625724537037037 0.016545833333333333 0.05885648148148148
0 0.81746796875 0.5162125 0.008894270833333334 0.019462037037037035
0 0.8779716145833334 0.4384550925925926 0.012193229166666668 0.02135462962962963
0 0.9517377604166666 0.5647861111111112 0.015975520833333333 0.031424074074074076
0 0.9878515625 0.6347435185185185 0.016328125000000002 0.04356111111111111
0 0.8292450520833333 0.9788578703703704 0.015781770833333333 0.042900925925925926
0 0.5778015624999999 0.9071226851851851 0.012894791666666666 0.029060185185185185
0 0.8347518229166667 0.6136643518518519 0.019503645833333336 0.03288425925925926
0 0.5115783854166667 0.26056944444444446 0.010656770833333332 0.03780555555555555
0 0.4384927083333333 0.8330171296296296 0.01031875 0.012330555555555556
0 0.47302864583333337 0.7045523148148148 0.012723958333333334 0.036882407407407405
0 0.024958593749999997 0.6247828703703704 0.004083854166666667 0.010676851851851852
0 0.040653645833333335 0.602524074074074 0.006307291666666667 0.014307407407407408
0 0.40826484375 0.4618597222222222 0.011321354166666665 0.03112685185185185
0 0.7978611979166667 0.10968055555555556 0.0155140625 0.03417592592592592
1 0.5 0.5 1.0 1.0
0 0.8404869791666666 0.9232601851851852 0.009098958333333332 0.03540925925925926
0 0.8395489583333333 0.7884185185185185 0.014514583333333332 0.034244444444444445
0 0.6506341145833333 0.616862962962963 0.010643229166666665 0.024466666666666668
0 0.8544809895833333 0.16169351851851851 0.0110453125 0.03449814814814815
0 0.8283536458333334 0.14978101851851852 0.009832291666666666 0.03289537037037037
0 0.311515625 0.041561111111111104 0.02615625 0.055344444444444446
0 0.9057020833333334 0.09392546296296296 0.012445833333333333 0.03229537037037037
0 0.9300356770833333 0.3596273148148148 0.006946354166666667 0.019254629629629632
0 0.8258247395833334 0.6121768518518518 0.007899479166666666 0.020649999999999998
0 0.12830390625000002 0.3626888888888889 0.017024479166666665 0.05871111111111111
0 0.18263906249999998 0.4736143518518518 0.009028125 0.019450925925925927
0 0.12180911458333334 0.5496810185185185 0.012368229166666666 0.021584259259259258
0 0.04871588541666667 0.4211328703703704 0.016181770833333334 0.03115462962962963
0 0.013063541666666668 0.3504203703703704 0.016752083333333334 0.04343333333333334
0 0.175434375 0.016450925925925924 0.015452083333333333 0.03290185185185185
0 0.4263486979166667 0.09025787037037036 0.013114062499999999 0.028663888888888888
0 0.166609375 0.3764425925925926 0.019677083333333335 0.032514814814814816
0 0.48601822916666665 0.7392393518518519 0.010578124999999999 0.03773796296296296
0 0.5650390625 0.1691601851851852 0.010286458333333333 0.012394444444444444
0 0.5293018229166667 0.29618564814814813 0.012770312499999999 0.036815740740740746
0 0.9765091145833333 0.38965509259259257 0.004059895833333333 0.010791666666666666
0 0.9604502604166666 0.41183009259259257 0.0063171875 0.014400925925925926
0 0.5915768229166667 0.5406231481481482 0.011278645833333333 0.0312462962962963
0 0.1983625 0.8809532407407407 0.015475 0.0341287037037037
1 0.49973958333333335 0.49953703703703706 0.9994791666666667 0.9990740740740741
0 0.13958333333333334 0.1310185185185185 0.009375 0.03611111111111111
0 0.14765625 0.26481481481481484 0.013020833333333334 0.03518518518518519
0 0.34427083333333336 0.4074074074074074 0.011458333333333333 0.024074074074074074
0 0.16354166666666667 0.8916666666666667 0.0125 0.03333333333333333
0 0.19036458333333334 0.9 0.0109375 0.03148148148148148
0 0.7106770833333333 0.9277777777777778 0.024479166666666666 0.05555555555555555
0 0.11614583333333334 0.9671296296296297 0.013541666666666667 0.030555555555555555
0 0.07838541666666667 0.7064814814814815 0.0078125 0.018518518518518517
0 0.16979166666666667 0.43842592592592594 0.007291666666666667 0.021296296296296296
0 0.8768229166666667 0.5787037037037037 0.015104166666666667 0.05925925925925926
0 0.8171875 0.47638888888888886 0.008333333333333333 0.019444444444444445
0 0.8744791666666667 0.39166666666666666 0.0125 0.020370370370370372
0 0.9533854166666667 0.5087962962962963 0.015104166666666667 0.032407407407407406
0 0.9921875 0.5736111111111111 0.014583333333333334 0.04537037037037037
0 0.8494791666666667 0.9574074074074074 0.01875 0.08333333333333333
0 0.5934895833333333 0.8967592592592593 0.011979166666666667 0.030555555555555555
0 0.8385416666666666 0.5717592592592593 0.01875 0.03425925925925926
0 0.50234375 0.25972222222222224 0.0109375 0.03796296296296296
0 0.4515625 0.8393518518518519 0.010416666666666666 0.012037037037037037
0 0.48072916666666665 0.7074074074074074 0.0125 0.037037037037037035
0 0.030729166666666665 0.6837962962962963 0.004166666666666667 0.010185185185185186
0 0.04583333333333333 0.6587962962962963 0.00625 0.013888888888888888
0 0.40677083333333336 0.4736111111111111 0.011458333333333333 0.030555555555555555
0 0.7822916666666667 0.07268518518518519 0.015625 0.03425925925925926
