1 0.5 0.5140972222222222 1.0 0.9726388888888889
0 0.21545625 0.5456722222222222 0.014245833333333334 0.03764074074074074
1 0.5 0.47470462962962967 1.0 0.9494092592592593
0 0.21422916666666666 0.48096296296296304 0.013875 0.03785185185185185
1 0.49973958333333335 0.5388888888888889 0.9994791666666667 0.9203703703703704
0 0.21484375 0.4652777777777778 0.013020833333333334 0.03796296296296296
1 0.5 0.5140972222222222 1.0 0.9726388888888889
0 0.21545625 0.5456722222222222 0.014245833333333334 0.03764074074074074
1 0.5 0.47470462962962967 1.0 0.9494092592592593
0 0.21422916666666666 0.48096296296296304 0.013875 0.03785185185185185
1 0.49973958333333335 0.5388888888888889 0.9994791666666667 0.9203703703703704
0 0.21484375 0.4652777777777778 0.013020833333333334 0.03796296296296296
