1 0.5 0.5357199074074074 1.0 0.9288472222222222
1 0.1791984375 0.6758236111111111 0.358396875 0.6479435185185185
0 0.18660234375 0.36019675925925926 0.0107046875 0.018541666666666665
0 0.38487916666666666 0.3197347222222222 0.0458 0.06909907407407408
0 0.9748458333333333 0.8231597222222222 0.005941666666666666 0.018541666666666665
1 0.5 0.5347222222222222 1.0 0.9287037037037037
1 0.8263020833333333 0.65 0.3463541666666667 0.6981481481481482
0 0.80859375 0.33055555555555555 0.0109375 0.018518518518518517
0 0.61015625 0.3087962962962963 0.04635416666666667 0.06759259259259259
0 0.035416666666666666 0.8666666666666667 0.00625 0.018518518518518517
1 0.5 0.5301027777777777 1.0 0.9398351851851853
1 0.18717890625000003 0.7115805555555557 0.37435781250000005 0.5768648148148148
0 0.18176380208333331 0.39906157407407405 0.010402604166666666 0.018493518518518517
0 0.37920390625 0.33540648148148144 0.044866145833333336 0.07081296296296295
0 0.9863033854166667 0.763924537037037 0.0059401041666666664 0.018589814814814816
1 0.5 0.5357199074074074 1.0 0.9288472222222222
1 0.1791984375 0.6758236111111111 0.358396875 0.6479435185185185
0 0.18660234375 0.36019675925925926 0.0107046875 0.018541666666666665
0 0.38487916666666666 0.3197347222222222 0.0458 0.06909907407407408
0 0.9748458333333333 0.8231597222222222 0.005941666666666666 0.018541666666666665
1 0.5 0.5347222222222222 1.0 0.9287037037037037
1 0.8263020833333333 0.65 0.3463541666666667 0.6981481481481482
0 0.80859375 0.33055555555555555 0.0109375 0.018518518518518517
0 0.61015625 0.3087962962962963 0.04635416666666667 0.06759259259259259
0 0.035416666666666666 0.8666666666666667 0.00625 0.018518518518518517
1 0.5 0.5301027777777777 1.0 0.9398351851851853
1 0.18717890625000003 0.7115805555555557 0.37435781250000005 0.5768648148148148
0 0.18176380208333331 0.39906157407407405 0.010402604166666666 0.018493518518518517
0 0.37920390625 0.33540648148148144 0.044866145833333336 0.07081296296296295
0 0.9863033854166667 0.763924537037037 0.0059401041666666664 0.018589814814814816
