1 0.51484375 0.5212962962962963 0.9692708333333333 0.9574074074074074
0 0.44296875 0.8601851851851852 0.0296875 0.06111111111111111
0 0.40651041666666665 0.18703703703703703 0.018229166666666668 0.024074074074074074
0 0.4869791666666667 0.6847222222222222 0.021875 0.041666666666666664
0 0.36666666666666664 0.6394361111111111 0.028125 0.06961296296296296
0 0.9203125 0.9638888888888889 0.025 0.05740740740740741
0 0.7671875 0.8337962962962963 0.01875 0.04351851851851852
0 0.3614583333333333 0.9106481481481481 0.013541666666666667 0.028703703703703703
1 0.514046875 0.4948462962962963 0.97184375 0.9896925925925926
0 0.41499843750000004 0.1563537037037037 0.028955208333333333 0.0627074074074074
0 0.4319424479166667 0.8329583333333334 0.0180515625 0.023324074074074077
0 0.47245729166666667 0.3200509259259259 0.023039583333333332 0.040101851851851854
0 0.35623515625 0.39620046296296296 0.0280953125 0.066475
0 0.737609375 0.10372083333333333 0.01896875 0.040775
0 0.33095312499999996 0.1275212962962963 0.013989583333333333 0.027264814814814815
1 0.5125968750000001 0.5116074074074074 0.9751937500000001 0.9769185185185184
0 0.46803098958333333 0.8701425925925926 0.030853645833333332 0.06065555555555555
0 0.38612994791666666 0.2097337962962963 0.018093229166666665 0.02502314814814815
0 0.49999505208333334 0.6860569444444444 0.0208234375 0.04248425925925926
0 0.37753098958333337 0.6683699074074074 0.027978645833333333 0.071925
0 0.9497752604166667 0.8687662037037037 0.024550520833333332 0.06160648148148148
0 0.7888973958333333 0.7744643518518519 0.018419791666666668 0.045225
0 0.39032057291666666 0.936975 0.0129328125 0.029505555555555556
1 0.51484375 0.5212962962962963 0.9692708333333333 0.9574074074074074
0 0.44296875 0.8601851851851852 0.0296875 0.06111111111111111
0 0.40651041666666665 0.18703703703703703 0.018229166666666668 0.024074074074074074
0 0.4869791666666667 0.6847222222222222 0.021875 0.041666666666666664
0 0.36666666666666664 0.6394361111111111 0.028125 0.06961296296296296
0 0.9203125 0.9638888888888889 0.025 0.05740740740740741
0 0.7671875 0.8337962962962963 0.01875 0.04351851851851852
0 0.3614583333333333 0.9106481481481481 0.013541666666666667 0.028703703703703703
1 0.514046875 0.4948462962962963 0.97184375 0.9896925925925926
0 0.41499843750000004 0.1563537037037037 0.028955208333333333 0.0627074074074074
0 0.4319424479166667 0.8329583333333334 0.0180515625 0.023324074074074077
0 0.47245729166666667 0.3200509259259259 0.023039583333333332 0.040101851851851854
0 0.35623515625 0.39620046296296296 0.0280953125 0.066475
0 0.737609375 0.10372083333333333 0.01896875 0.040775
0 0.33095312499999996 0.1275212962962963 0.013989583333333333 0.027264814814814815
1 0.5125968750000001 0.5116074074074074 0.9751937500000001 0.9769185185185184
0 0.46803098958333333 0.8701425925925926 0.030853645833333332 0.06065555555555555
0 0.38612994791666666 0.2097337962962963 0.018093229166666665 0.02502314814814815
0 0.49999505208333334 0.6860569444444444 0.0208234375 0.04248425925925926
0 0.37753098958333337 0.6683699074074074 0.027978645833333333 0.071925
0 0.9497752604166667 0.8687662037037037 0.024550520833333332 0.06160648148148148
0 0.7888973958333333 0.7744643518518519 0.018419791666666668 0.045225
0 0.39032057291666666 0.936975 0.0129328125 0.029505555555555556
