1 0.5 0.533912037037037 1.0 0.9326388888888889
0 0.8705481770833334 0.2834041666666667 0.016096354166666667 0.03532685185185185
0 0.9431130208333334 0.3491125 0.010184374999999999 0.014891666666666666
0 0.48545234374999996 0.1972824074074074 0.009446354166666667 0.01863888888888889
0 0.4660890625 0.16989537037037036 0.019678124999999998 0.0527537037037037
0 0.4450958333333333 0.12539351851851852 0.01415 0.030416666666666668
0 0.4776609375 0.11784722222222223 0.016780208333333334 0.02087962962962963
0 0.660975 0.38568148148148146 0.0282 0.0546962962962963
0 0.9066796875 0.6218851851851852 0.013359375 0.028955555555555554
0 0.9714442708333333 0.611500925925926 0.006430208333333334 0.03596481481481481
0 0.9243333333333333 0.7155726851851851 0.012208333333333333 0.03299722222222222
0 0.8707583333333333 0.7758879629629629 0.008183333333333332 0.020294444444444445
0 0.8040114583333333 0.7239888888888889 0.005939583333333333 0.018348148148148148
0 0.7712515625 0.5922375 0.010211458333333335 0.019660185185185187
0 0.90577109375 0.9000555555555555 0.016750520833333334 0.02788888888888889
0 0.6108317708333334 0.8163319444444445 0.013330208333333335 0.025256481481481484
0 0.4811223958333333 0.9604453703703704 0.026828124999999998 0.04496481481481481
0 0.5165864583333334 0.7456018518518519 0.017547916666666667 0.01898148148148148
0 0.42157057291666666 0.7973856481481482 0.06084947916666667 0.05588240740740741
0 0.4173747395833333 0.8443967592592593 0.0087078125 0.03138611111111111
0 0.3798440104166667 0.7464546296296297 0.0107296875 0.016983333333333333
0 0.44143463541666667 0.6023277777777778 0.018285937500000002 0.013914814814814816
0 0.22036770833333333 0.8804685185185185 0.018860416666666668 0.0239
0 0.29388958333333337 0.8424518518518518 0.016945833333333334 0.025644444444444445
0 0.2702713541666667 0.9100157407407408 0.041584375 0.029290740740740742
0 0.27442890625 0.7932578703703703 0.013441145833333333 0.02355277777777778
0 0.28136093749999996 0.7719361111111112 0.018971875000000003 0.025353703703703705
0 0.34504557291666665 0.5414972222222222 0.027591145833333334 0.029290740740740742
0 0.259365625 0.9642828703703704 0.013522916666666666 0.026713888888888888
0 0.013852864583333334 0.9225143518518519 0.008955729166666667 0.03391759259259259
0 0.0035286458333333337 0.8395759259259259 0.0070572916666666674 0.0273
0 0.13715130208333334 0.8485421296296297 0.010760937500000001 0.026713888888888888
0 0.1260453125 0.6645337962962963 0.014590625 0.017956481481481483
0 0.050392447916666666 0.4969347222222222 0.0049515625 0.02720277777777778
0 0.14348124999999998 0.43538796296296295 0.0119625 0.022627777777777778
0 0.21928984375 0.4613847222222222 0.0104546875 0.028325
0 0.2599234375 0.2906953703703704 0.020888541666666666 0.027687037037037038
0 0.116371875 0.23353935185185185 0.008785416666666665 0.02078240740740741
0 0.34026927083333336 0.23848842592592592 0.014913541666666667 0.05290277777777778
0 0.5476052083333334 0.220725 0.01291875 0.019227777777777778
0 0.24786328124999998 0.09972453703703704 0.016559895833333334 0.04759722222222222
0 0.21738723958333334 0.10043703703703705 0.0087328125 0.03791111111111111
0 0.3646752604166667 0.17426296296296298 0.0053921875 0.007785185185185185
0 0.19208515625 0.28443611111111117 0.0247953125 0.06331666666666667
1 0.5002604166666667 0.5379439814814814 0.9994791666666667 0.9240361111111111
0 0.13619791666666667 0.24953703703703703 0.016145833333333335 0.03425925925925926
0 0.06197916666666667 0.30833333333333335 0.010416666666666666 0.014814814814814815
0 0.5236979166666667 0.19907407407407407 0.009895833333333333 0.018518518518518517
0 0.54375 0.1736111111111111 0.01875 0.05277777777777778
0 0.5661458333333333 0.1310185185185185 0.013541666666666667 0.030555555555555555
0 0.5333333333333333 0.11990740740740741 0.016666666666666666 0.021296296296296296
0 0.34270833333333334 0.3712962962962963 0.029166666666666667 0.053703703703703705
0 0.09010416666666667 0.5837962962962963 0.013541666666666667 0.028703703703703703
0 0.025520833333333333 0.5671296296296297 0.00625 0.03611111111111111
0 0.07005208333333333 0.6759259259259259 0.011979166666666667 0.03333333333333333
0 0.12161458333333333 0.7416666666666667 0.0078125 0.020370370370370372
0 0.18984375 0.6953703703703704 0.005729166666666666 0.018518518518518517
0 0.22604166666666667 0.5671296296296297 0.010416666666666666 0.019444444444444445
0 0.08307291666666666 0.861574074074074 0.016145833333333335 0.028703703703703703
0 0.37994791666666666 0.8050925925925926 0.013020833333333334 0.025
0 0.5052083333333334 0.962037037037037 0.027083333333333334 0.044444444444444446
0 0.47604166666666664 0.7430555555555556 0.017708333333333333 0.019444444444444445
0 0.56953125 0.8032407407407407 0.059895833333333336 0.06018518518518518
0 0.5723958333333333 0.8513888888888889 0.009375 0.030555555555555555
0 0.6125 0.7574074074074074 0.010416666666666666 0.016666666666666666
0 0.55546875 0.6078703703703704 0.018229166666666668 0.013888888888888888
0 0.7677083333333333 0.9060185185185186 0.01875 0.025
0 0.6955729166666667 0.8606481481481482 0.0171875 0.025
0 0.7174479166666666 0.9305555555555556 0.0421875 0.027777777777777776
0 0.7166666666666667 0.8134259259259259 0.013541666666666667 0.023148148148148147
0 0.7106770833333333 0.7921296296296296 0.019270833333333334 0.025
0 0.6536458333333334 0.5560185185185185 0.027083333333333334 0.028703703703703703
0 0.7260416666666667 0.9861111111111112 0.013541666666666667 0.025925925925925925
0 0.9731770833333333 0.9675925925925926 0.009895833333333333 0.03333333333333333
0 0.9869791666666666 0.8856481481481482 0.009375 0.026851851851851852
0 0.8520833333333333 0.8824074074074074 0.011458333333333333 0.025925925925925925
0 0.86875 0.6995370370370371 0.014583333333333334 0.017592592592592594
0 0.9489583333333333 0.538425925925926 0.004166666666666667 0.026851851851851852
0 0.8580729166666666 0.4685185185185185 0.011979166666666667 0.022222222222222223
0 0.7815104166666667 0.4875 0.009895833333333333 0.028703703703703703
0 0.74609375 0.3125 0.021354166666666667 0.026851851851851852
0 0.8911458333333333 0.26990740740740743 0.008333333333333333 0.021296296296296296
0 0.6671875 0.2537037037037037 0.013541666666666667 0.053703703703703705
0 0.46041666666666664 0.21666666666666667 0.0125 0.020370370370370372
0 0.7638020833333333 0.12314814814814815 0.016145833333333335 0.04814814814814815
0 0.79453125 0.12731481481481483 0.008854166666666666 0.03796296296296296
0 0.6447916666666667 0.18703703703703703 0.005208333333333333 0.007407407407407408
0 0.8138020833333334 0.31342592592592594 0.0234375 0.06388888888888888
1 0.5 0.46631944444444445 1.0 0.9326388888888889
0 0.8705481770833334 0.7167375 0.016096354166666667 0.03532685185185185
0 0.9431130208333334 0.6509643518518519 0.010184374999999999 0.014891666666666666
0 0.48545234374999996 0.8028379629629631 0.009446354166666667 0.01863888888888889
0 0.4660890625 0.8300805555555555 0.019678124999999998 0.0527537037037037
0 0.4450958333333333 0.8744675925925925 0.01415 0.030416666666666668
0 0.4776609375 0.882662037037037 0.016780208333333334 0.02087962962962963
0 0.660975 0.6143851851851853 0.0282 0.0546962962962963
0 0.9066796875 0.3783666666666667 0.013359375 0.028955555555555554
0 0.9714442708333333 0.38835277777777777 0.006430208333333334 0.03596481481481481
0 0.9243333333333333 0.28409120370370367 0.012208333333333333 0.03299722222222222
0 0.8707583333333333 0.2240361111111111 0.008183333333333332 0.020294444444444445
0 0.8040114583333333 0.2758407407407408 0.005939583333333333 0.018348148148148148
0 0.7712515625 0.4070523148148148 0.010211458333333335 0.019660185185185187
0 0.90577109375 0.10005555555555556 0.016750520833333334 0.02788888888888889
0 0.6108317708333334 0.18392453703703704 0.013330208333333335 0.025256481481481484
0 0.4811223958333333 0.03914907407407407 0.026828124999999998 0.04496481481481481
0 0.5165864583333334 0.2548611111111111 0.017547916666666667 0.01898148148148148
0 0.42157057291666666 0.20294120370370372 0.06084947916666667 0.05588240740740741
0 0.4173747395833333 0.15550787037037037 0.0087078125 0.03138611111111111
0 0.3798440104166667 0.2529361111111111 0.0107296875 0.016983333333333333
0 0.44143463541666667 0.39769814814814813 0.018285937500000002 0.013914814814814816
0 0.22036770833333333 0.11935740740740741 0.018860416666666668 0.0239
0 0.29388958333333337 0.1581925925925926 0.016945833333333334 0.025644444444444445
0 0.2702713541666667 0.08964537037037038 0.041584375 0.029290740740740742
0 0.27442890625 0.20714675925925927 0.013441145833333333 0.02355277777777778
0 0.28136093749999996 0.22749166666666668 0.018971875000000003 0.025353703703703705
0 0.34504557291666665 0.4590898148148148 0.027591145833333334 0.029290740740740742
0 0.259365625 0.03557916666666667 0.013522916666666666 0.026713888888888888
0 0.013852864583333334 0.07714398148148148 0.008955729166666667 0.03391759259259259
0 0.0035286458333333337 0.15994629629629628 0.0070572916666666674 0.0273
0 0.13715130208333334 0.15131990740740742 0.010760937500000001 0.026713888888888888
0 0.1260453125 0.33490416666666667 0.014590625 0.017956481481481483
0 0.050392447916666666 0.5034162037037037 0.0049515625 0.02720277777777778
0 0.14348124999999998 0.5650175925925927 0.0119625 0.022627777777777778
0 0.21928984375 0.538236574074074 0.0104546875 0.028325
0 0.2599234375 0.7101398148148148 0.020888541666666666 0.027687037037037038
0 0.116371875 0.7659467592592593 0.008785416666666665 0.02078240740740741
0 0.34026927083333336 0.761636574074074 0.014913541666666667 0.05290277777777778
0 0.5476052083333334 0.7790583333333334 0.01291875 0.019227777777777778
0 0.24786328124999998 0.9006504629629629 0.016559895833333334 0.04759722222222222
0 0.21738723958333334 0.899511111111111 0.0087328125 0.03791111111111111
0 0.3646752604166667 0.8261148148148147 0.0053921875 0.007785185185185185
0 0.19208515625 0.7159175925925926 0.0247953125 0.06331666666666667
1 0.5 0.533912037037037 1.0 0.9326388888888889
0 0.8705481770833334 0.2834041666666667 0.016096354166666667 0.03532685185185185
0 0.9431130208333334 0.3491125 0.010184374999999999 0.014891666666666666
0 0.48545234374999996 0.1972824074074074 0.009446354166666667 0.01863888888888889
0 0.4660890625 0.16989537037037036 0.019678124999999998 0.0527537037037037
0 0.4450958333333333 0.12539351851851852 0.01415 0.030416666666666668
0 0.4776609375 0.11784722222222223 0.016780208333333334 0.02087962962962963
0 0.660975 0.38568148148148146 0.0282 0.0546962962962963
0 0.9066796875 0.6218851851851852 0.013359375 0.028955555555555554
0 0.9714442708333333 0.611500925925926 0.006430208333333334 0.03596481481481481
0 0.9243333333333333 0.7155726851851851 0.012208333333333333 0.03299722222222222
0 0.8707583333333333 0.7758879629629629 0.008183333333333332 0.020294444444444445
0 0.8040114583333333 0.7239888888888889 0.005939583333333333 0.018348148148148148
0 0.7712515625 0.5922375 0.010211458333333335 0.019660185185185187
0 0.90577109375 0.9000555555555555 0.016750520833333334 0.02788888888888889
0 0.6108317708333334 0.8163319444444445 0.013330208333333335 0.025256481481481484
0 0.4811223958333333 0.9604453703703704 0.026828124999999998 0.04496481481481481
0 0.5165864583333334 0.7456018518518519 0.017547916666666667 0.01898148148148148
0 0.42157057291666666 0.7973856481481482 0.06084947916666667 0.05588240740740741
0 0.4173747395833333 0.8443967592592593 0.0087078125 0.03138611111111111
0 0.3798440104166667 0.7464546296296297 0.0107296875 0.016983333333333333
0 0.44143463541666667 0.6023277777777778 0.018285937500000002 0.013914814814814816
0 0.22036770833333333 0.8804685185185185 0.018860416666666668 0.0239
0 0.29388958333333337 0.8424518518518518 0.016945833333333334 0.025644444444444445
0 0.2702713541666667 0.9100157407407408 0.041584375 0.029290740740740742
0 0.27442890625 0.7932578703703703 0.013441145833333333 0.02355277777777778
0 0.28136093749999996 0.7719361111111112 0.018971875000000003 0.025353703703703705
0 0.34504557291666665 0.5414972222222222 0.027591145833333334 0.029290740740740742
0 0.259365625 0.9642828703703704 0.013522916666666666 0.026713888888888888
0 0.013852864583333334 0.9225143518518519 0.008955729166666667 0.03391759259259259
0 0.0035286458333333337 0.8395759259259259 0.0070572916666666674 0.0273
0 0.13715130208333334 0.8485421296296297 0.010760937500000001 0.026713888888888888
0 0.1260453125 0.6645337962962963 0.014590625 0.017956481481481483
0 0.050392447916666666 0.4969347222222222 0.0049515625 0.02720277777777778
0 0.14348124999999998 0.43538796296296295 0.0119625 0.022627777777777778
0 0.21928984375 0.4613847222222222 0.0104546875 0.028325
0 0.2599234375 0.2906953703703704 0.020888541666666666 0.027687037037037038
0 0.116371875 0.23353935185185185 0.008785416666666665 0.02078240740740741
0 0.34026927083333336 0.23848842592592592 0.014913541666666667 0.05290277777777778
0 0.5476052083333334 0.220725 0.01291875 0.019227777777777778
0 0.24786328124999998 0.09972453703703704 0.016559895833333334 0.04759722222222222
0 0.21738723958333334 0.10043703703703705 0.0087328125 0.03791111111111111
0 0.3646752604166667 0.17426296296296298 0.0053921875 0.007785185185185185
0 0.19208515625 0.28443611111111117 0.0247953125 0.06331666666666667
1 0.5002604166666667 0.5379439814814814 0.9994791666666667 0.9240361111111111
0 0.13619791666666667 0.24953703703703703 0.016145833333333335 0.03425925925925926
0 0.06197916666666667 0.30833333333333335 0.010416666666666666 0.014814814814814815
0 0.5236979166666667 0.19907407407407407 0.009895833333333333 0.018518518518518517
0 0.54375 0.1736111111111111 0.01875 0.05277777777777778
0 0.5661458333333333 0.1310185185185185 0.013541666666666667 0.030555555555555555
0 0.5333333333333333 0.11990740740740741 0.016666666666666666 0.021296296296296296
0 0.34270833333333334 0.3712962962962963 0.029166666666666667 0.053703703703703705
0 0.09010416666666667 0.5837962962962963 0.013541666666666667 0.028703703703703703
0 0.025520833333333333 0.5671296296296297 0.00625 0.03611111111111111
0 0.07005208333333333 0.6759259259259259 0.011979166666666667 0.03333333333333333
0 0.12161458333333333 0.7416666666666667 0.0078125 0.020370370370370372
0 0.18984375 0.6953703703703704 0.005729166666666666 0.018518518518518517
0 0.22604166666666667 0.5671296296296297 0.010416666666666666 0.019444444444444445
0 0.08307291666666666 0.861574074074074 0.016145833333333335 0.028703703703703703
0 0.37994791666666666 0.8050925925925926 0.013020833333333334 0.025
0 0.5052083333333334 0.962037037037037 0.027083333333333334 0.044444444444444446
0 0.47604166666666664 0.7430555555555556 0.017708333333333333 0.019444444444444445
0 0.56953125 0.8032407407407407 0.059895833333333336 0.06018518518518518
0 0.5723958333333333 0.8513888888888889 0.009375 0.030555555555555555
0 0.6125 0.7574074074074074 0.010416666666666666 0.016666666666666666
0 0.55546875 0.6078703703703704 0.018229166666666668 0.013888888888888888
0 0.7677083333333333 0.9060185185185186 0.01875 0.025
0 0.6955729166666667 0.8606481481481482 0.0171875 0.025
0 0.7174479166666666 0.9305555555555556 0.0421875 0.027777777777777776
0 0.7166666666666667 0.8134259259259259 0.013541666666666667 0.023148148148148147
0 0.7106770833333333 0.7921296296296296 0.019270833333333334 0.025
0 0.6536458333333334 0.5560185185185185 0.027083333333333334 0.028703703703703703
0 0.7260416666666667 0.9861111111111112 0.013541666666666667 0.025925925925925925
0 0.9731770833333333 0.9675925925925926 0.009895833333333333 0.03333333333333333
0 0.9869791666666666 0.8856481481481482 0.009375 0.026851851851851852
0 0.8520833333333333 0.8824074074074074 0.011458333333333333 0.025925925925925925
0 0.86875 0.6995370370370371 0.014583333333333334 0.017592592592592594
0 0.9489583333333333 0.538425925925926 0.004166666666666667 0.026851851851851852
0 0.8580729166666666 0.4685185185185185 0.011979166666666667 0.022222222222222223
0 0.7815104166666667 0.4875 0.009895833333333333 0.028703703703703703
0 0.74609375 0.3125 0.021354166666666667 0.026851851851851852
0 0.8911458333333333 0.26990740740740743 0.008333333333333333 0.021296296296296296
0 0.6671875 0.2537037037037037 0.013541666666666667 0.053703703703703705
0 0.46041666666666664 0.21666666666666667 0.0125 0.020370370370370372
0 0.7638020833333333 0.12314814814814815 0.016145833333333335 0.04814814814814815
0 0.79453125 0.12731481481481483 0.008854166666666666 0.03796296296296296
0 0.6447916666666667 0.18703703703703703 0.005208333333333333 0.007407407407407408
0 0.8138020833333334 0.31342592592592594 0.0234375 0.06388888888888888
1 0.5 0.46631944444444445 1.0 0.9326388888888889
0 0.8705481770833334 0.7167375 0.016096354166666667 0.03532685185185185
0 0.9431130208333334 0.6509643518518519 0.010184374999999999 0.014891666666666666
0 0.48545234374999996 0.8028379629629631 0.009446354166666667 0.01863888888888889
0 0.4660890625 0.8300805555555555 0.019678124999999998 0.0527537037037037
0 0.4450958333333333 0.8744675925925925 0.01415 0.030416666666666668
0 0.4776609375 0.882662037037037 0.016780208333333334 0.02087962962962963
0 0.660975 0.6143851851851853 0.0282 0.0546962962962963
0 0.9066796875 0.3783666666666667 0.013359375 0.028955555555555554
0 0.9714442708333333 0.38835277777777777 0.006430208333333334 0.03596481481481481
0 0.9243333333333333 0.28409120370370367 0.012208333333333333 0.03299722222222222
0 0.8707583333333333 0.2240361111111111 0.008183333333333332 0.020294444444444445
0 0.8040114583333333 0.2758407407407408 0.005939583333333333 0.018348148148148148
0 0.7712515625 0.4070523148148148 0.010211458333333335 0.019660185185185187
0 0.90577109375 0.10005555555555556 0.016750520833333334 0.02788888888888889
0 0.6108317708333334 0.18392453703703704 0.013330208333333335 0.025256481481481484
0 0.4811223958333333 0.03914907407407407 0.026828124999999998 0.04496481481481481
0 0.5165864583333334 0.2548611111111111 0.017547916666666667 0.01898148148148148
0 0.42157057291666666 0.20294120370370372 0.06084947916666667 0.05588240740740741
0 0.4173747395833333 0.15550787037037037 0.0087078125 0.03138611111111111
0 0.3798440104166667 0.2529361111111111 0.0107296875 0.016983333333333333
0 0.44143463541666667 0.39769814814814813 0.018285937500000002 0.013914814814814816
0 0.22036770833333333 0.11935740740740741 0.018860416666666668 0.0239
0 0.29388958333333337 0.1581925925925926 0.016945833333333334 0.025644444444444445
0 0.2702713541666667 0.08964537037037038 0.041584375 0.029290740740740742
0 0.27442890625 0.20714675925925927 0.013441145833333333 0.02355277777777778
0 0.28136093749999996 0.22749166666666668 0.018971875000000003 0.025353703703703705
0 0.34504557291666665 0.4590898148148148 0.027591145833333334 0.029290740740740742
0 0.259365625 0.03557916666666667 0.013522916666666666 0.026713888888888888
0 0.013852864583333334 0.07714398148148148 0.008955729166666667 0.03391759259259259
0 0.0035286458333333337 0.15994629629629628 0.0070572916666666674 0.0273
0 0.13715130208333334 0.15131990740740742 0.010760937500000001 0.026713888888888888
0 0.1260453125 0.33490416666666667 0.014590625 0.017956481481481483
0 0.050392447916666666 0.5034162037037037 0.0049515625 0.02720277777777778
0 0.14348124999999998 0.5650175925925927 0.0119625 0.022627777777777778
0 0.21928984375 0.538236574074074 0.0104546875 0.028325
0 0.2599234375 0.7101398148148148 0.020888541666666666 0.027687037037037038
0 0.116371875 0.7659467592592593 0.008785416666666665 0.02078240740740741
0 0.34026927083333336 0.761636574074074 0.014913541666666667 0.05290277777777778
0 0.5476052083333334 0.7790583333333334 0.01291875 0.019227777777777778
0 0.24786328124999998 0.9006504629629629 0.016559895833333334 0.04759722222222222
0 0.21738723958333334 0.899511111111111 0.0087328125 0.03791111111111111
0 0.3646752604166667 0.8261148148148147 0.0053921875 0.007785185185185185
0 0.19208515625 0.7159175925925926 0.0247953125 0.06331666666666667
1 0.5 0.533912037037037 1.0 0.9326388888888889
0 0.8705481770833334 0.2834041666666667 0.016096354166666667 0.03532685185185185
0 0.9431130208333334 0.3491125 0.010184374999999999 0.014891666666666666
0 0.48545234374999996 0.1972824074074074 0.009446354166666667 0.01863888888888889
0 0.4660890625 0.16989537037037036 0.019678124999999998 0.0527537037037037
0 0.4450958333333333 0.12539351851851852 0.01415 0.030416666666666668
0 0.4776609375 0.11784722222222223 0.016780208333333334 0.02087962962962963
0 0.660975 0.38568148148148146 0.0282 0.0546962962962963
0 0.9066796875 0.6218851851851852 0.013359375 0.028955555555555554
0 0.9714442708333333 0.611500925925926 0.006430208333333334 0.03596481481481481
0 0.9243333333333333 0.7155726851851851 0.012208333333333333 0.03299722222222222
0 0.8707583333333333 0.7758879629629629 0.008183333333333332 0.020294444444444445
0 0.8040114583333333 0.7239888888888889 0.005939583333333333 0.018348148148148148
0 0.7712515625 0.5922375 0.010211458333333335 0.019660185185185187
0 0.90577109375 0.9000555555555555 0.016750520833333334 0.02788888888888889
0 0.6108317708333334 0.8163319444444445 0.013330208333333335 0.025256481481481484
0 0.4811223958333333 0.9604453703703704 0.026828124999999998 0.04496481481481481
0 0.5165864583333334 0.7456018518518519 0.017547916666666667 0.01898148148148148
0 0.42157057291666666 0.7973856481481482 0.06084947916666667 0.05588240740740741
0 0.4173747395833333 0.8443967592592593 0.0087078125 0.03138611111111111
0 0.3798440104166667 0.7464546296296297 0.0107296875 0.016983333333333333
0 0.44143463541666667 0.6023277777777778 0.018285937500000002 0.013914814814814816
0 0.22036770833333333 0.8804685185185185 0.018860416666666668 0.0239
0 0.29388958333333337 0.8424518518518518 0.016945833333333334 0.025644444444444445
0 0.2702713541666667 0.9100157407407408 0.041584375 0.029290740740740742
0 0.27442890625 0.7932578703703703 0.013441145833333333 0.02355277777777778
0 0.28136093749999996 0.7719361111111112 0.018971875000000003 0.025353703703703705
0 0.34504557291666665 0.5414972222222222 0.027591145833333334 0.029290740740740742
0 0.259365625 0.9642828703703704 0.013522916666666666 0.026713888888888888
0 0.013852864583333334 0.9225143518518519 0.008955729166666667 0.03391759259259259
0 0.0035286458333333337 0.8395759259259259 0.0070572916666666674 0.0273
0 0.13715130208333334 0.8485421296296297 0.010760937500000001 0.026713888888888888
0 0.1260453125 0.6645337962962963 0.014590625 0.017956481481481483
0 0.050392447916666666 0.4969347222222222 0.0049515625 0.02720277777777778
0 0.14348124999999998 0.43538796296296295 0.0119625 0.022627777777777778
0 0.21928984375 0.4613847222222222 0.0104546875 0.028325
0 0.2599234375 0.2906953703703704 0.020888541666666666 0.027687037037037038
0 0.116371875 0.23353935185185185 0.008785416666666665 0.02078240740740741
0 0.34026927083333336 0.23848842592592592 0.014913541666666667 0.05290277777777778
0 0.5476052083333334 0.220725 0.01291875 0.019227777777777778
0 0.24786328124999998 0.09972453703703704 0.016559895833333334 0.04759722222222222
0 0.21738723958333334 0.10043703703703705 0.0087328125 0.03791111111111111
0 0.3646752604166667 0.17426296296296298 0.0053921875 0.007785185185185185
0 0.19208515625 0.28443611111111117 0.0247953125 0.06331666666666667
1 0.5002604166666667 0.5379439814814814 0.9994791666666667 0.9240361111111111
0 0.13619791666666667 0.24953703703703703 0.016145833333333335 0.03425925925925926
0 0.06197916666666667 0.30833333333333335 0.010416666666666666 0.014814814814814815
0 0.5236979166666667 0.19907407407407407 0.009895833333333333 0.018518518518518517
0 0.54375 0.1736111111111111 0.01875 0.05277777777777778
0 0.5661458333333333 0.1310185185185185 0.013541666666666667 0.030555555555555555
0 0.5333333333333333 0.11990740740740741 0.016666666666666666 0.021296296296296296
0 0.34270833333333334 0.3712962962962963 0.029166666666666667 0.053703703703703705
0 0.09010416666666667 0.5837962962962963 0.013541666666666667 0.028703703703703703
0 0.025520833333333333 0.5671296296296297 0.00625 0.03611111111111111
0 0.07005208333333333 0.6759259259259259 0.011979166666666667 0.03333333333333333
0 0.12161458333333333 0.7416666666666667 0.0078125 0.020370370370370372
0 0.18984375 0.6953703703703704 0.005729166666666666 0.018518518518518517
0 0.22604166666666667 0.5671296296296297 0.010416666666666666 0.019444444444444445
0 0.08307291666666666 0.861574074074074 0.016145833333333335 0.028703703703703703
0 0.37994791666666666 0.8050925925925926 0.013020833333333334 0.025
0 0.5052083333333334 0.962037037037037 0.027083333333333334 0.044444444444444446
0 0.47604166666666664 0.7430555555555556 0.017708333333333333 0.019444444444444445
0 0.56953125 0.8032407407407407 0.059895833333333336 0.06018518518518518
0 0.5723958333333333 0.8513888888888889 0.009375 0.030555555555555555
0 0.6125 0.7574074074074074 0.010416666666666666 0.016666666666666666
0 0.55546875 0.6078703703703704 0.018229166666666668 0.013888888888888888
0 0.7677083333333333 0.9060185185185186 0.01875 0.025
0 0.6955729166666667 0.8606481481481482 0.0171875 0.025
0 0.7174479166666666 0.9305555555555556 0.0421875 0.027777777777777776
0 0.7166666666666667 0.8134259259259259 0.013541666666666667 0.023148148148148147
0 0.7106770833333333 0.7921296296296296 0.019270833333333334 0.025
0 0.6536458333333334 0.5560185185185185 0.027083333333333334 0.028703703703703703
0 0.7260416666666667 0.9861111111111112 0.013541666666666667 0.025925925925925925
0 0.9731770833333333 0.9675925925925926 0.009895833333333333 0.03333333333333333
0 0.9869791666666666 0.8856481481481482 0.009375 0.026851851851851852
0 0.8520833333333333 0.8824074074074074 0.011458333333333333 0.025925925925925925
0 0.86875 0.6995370370370371 0.014583333333333334 0.017592592592592594
0 0.9489583333333333 0.538425925925926 0.004166666666666667 0.026851851851851852
0 0.8580729166666666 0.4685185185185185 0.011979166666666667 0.022222222222222223
0 0.7815104166666667 0.4875 0.009895833333333333 0.028703703703703703
0 0.74609375 0.3125 0.021354166666666667 0.026851851851851852
0 0.8911458333333333 0.26990740740740743 0.008333333333333333 0.021296296296296296
0 0.6671875 0.2537037037037037 0.013541666666666667 0.053703703703703705
0 0.46041666666666664 0.21666666666666667 0.0125 0.020370370370370372
0 0.7638020833333333 0.12314814814814815 0.016145833333333335 0.04814814814814815
0 0.79453125 0.12731481481481483 0.008854166666666666 0.03796296296296296
0 0.6447916666666667 0.18703703703703703 0.005208333333333333 0.007407407407407408
0 0.8138020833333334 0.31342592592592594 0.0234375 0.06388888888888888
1 0.5 0.46631944444444445 1.0 0.9326388888888889
0 0.8705481770833334 0.7167375 0.016096354166666667 0.03532685185185185
0 0.9431130208333334 0.6509643518518519 0.010184374999999999 0.014891666666666666
0 0.48545234374999996 0.8028379629629631 0.009446354166666667 0.01863888888888889
0 0.4660890625 0.8300805555555555 0.019678124999999998 0.0527537037037037
0 0.4450958333333333 0.8744675925925925 0.01415 0.030416666666666668
0 0.4776609375 0.882662037037037 0.016780208333333334 0.02087962962962963
0 0.660975 0.6143851851851853 0.0282 0.0546962962962963
0 0.9066796875 0.3783666666666667 0.013359375 0.028955555555555554
0 0.9714442708333333 0.38835277777777777 0.006430208333333334 0.03596481481481481
0 0.9243333333333333 0.28409120370370367 0.012208333333333333 0.03299722222222222
0 0.8707583333333333 0.2240361111111111 0.008183333333333332 0.020294444444444445
0 0.8040114583333333 0.2758407407407408 0.005939583333333333 0.018348148148148148
0 0.7712515625 0.4070523148148148 0.010211458333333335 0.019660185185185187
0 0.90577109375 0.10005555555555556 0.016750520833333334 0.02788888888888889
0 0.6108317708333334 0.18392453703703704 0.013330208333333335 0.025256481481481484
0 0.4811223958333333 0.03914907407407407 0.026828124999999998 0.04496481481481481
0 0.5165864583333334 0.2548611111111111 0.017547916666666667 0.01898148148148148
0 0.42157057291666666 0.20294120370370372 0.06084947916666667 0.05588240740740741
0 0.4173747395833333 0.15550787037037037 0.0087078125 0.03138611111111111
0 0.3798440104166667 0.2529361111111111 0.0107296875 0.016983333333333333
0 0.44143463541666667 0.39769814814814813 0.018285937500000002 0.013914814814814816
0 0.22036770833333333 0.11935740740740741 0.018860416666666668 0.0239
0 0.29388958333333337 0.1581925925925926 0.016945833333333334 0.025644444444444445
0 0.2702713541666667 0.08964537037037038 0.041584375 0.029290740740740742
0 0.27442890625 0.20714675925925927 0.013441145833333333 0.02355277777777778
0 0.28136093749999996 0.22749166666666668 0.018971875000000003 0.025353703703703705
0 0.34504557291666665 0.4590898148148148 0.027591145833333334 0.029290740740740742
0 0.259365625 0.03557916666666667 0.013522916666666666 0.026713888888888888
0 0.013852864583333334 0.07714398148148148 0.008955729166666667 0.03391759259259259
0 0.0035286458333333337 0.15994629629629628 0.0070572916666666674 0.0273
0 0.13715130208333334 0.15131990740740742 0.010760937500000001 0.026713888888888888
0 0.1260453125 0.33490416666666667 0.014590625 0.017956481481481483
0 0.050392447916666666 0.5034162037037037 0.0049515625 0.02720277777777778
0 0.14348124999999998 0.5650175925925927 0.0119625 0.022627777777777778
0 0.21928984375 0.538236574074074 0.0104546875 0.028325
0 0.2599234375 0.7101398148148148 0.020888541666666666 0.027687037037037038
0 0.116371875 0.7659467592592593 0.008785416666666665 0.02078240740740741
0 0.34026927083333336 0.761636574074074 0.014913541666666667 0.05290277777777778
0 0.5476052083333334 0.7790583333333334 0.01291875 0.019227777777777778
0 0.24786328124999998 0.9006504629629629 0.016559895833333334 0.04759722222222222
0 0.21738723958333334 0.899511111111111 0.0087328125 0.03791111111111111
0 0.3646752604166667 0.8261148148148147 0.0053921875 0.007785185185185185
0 0.19208515625 0.7159175925925926 0.0247953125 0.06331666666666667
