1 0.5 0.48951018518518524 1.0 0.9790203703703705
0 0.061122916666666666 0.32794953703703705 0.025370833333333336 0.04849166666666667
0 0.18200833333333336 0.4915319444444445 0.010891666666666666 0.03861944444444445
0 0.15846328125 0.06597638888888889 0.016926562500000002 0.0504712962962963
0 0.154559375 0.10842916666666666 0.01849375 0.033525
0 0.055384375 0.0433875 0.010768749999999999 0.031219444444444442
0 0.16341927083333332 0.011409722222222222 0.021630208333333335 0.022819444444444444
0 0.207434375 0.17672222222222222 0.021118750000000002 0.059
0 0.18629505208333336 0.33023842592592595 0.011131770833333334 0.023439814814814816
0 0.21466927083333334 0.25315601851851854 0.012671874999999999 0.02853425925925926
0 0.25697734375 0.16317962962962965 0.010829687499999999 0.03191481481481482
0 0.17375104166666666 0.04032685185185185 0.006877083333333334 0.03250555555555556
0 0.31607265625000003 0.14196574074074075 0.013395312500000001 0.028375925925925926
0 0.2977307291666667 0.012166666666666668 0.012128125 0.015074074074074075
0 0.1511203125 0.1888138888888889 0.013698958333333334 0.01651666666666667
0 0.3318302083333334 0.3004601851851852 0.02199375 0.03240185185185185
0 0.37691979166666667 0.29863657407407407 0.013214583333333333 0.021347222222222222
0 0.38462005208333333 0.34608611111111115 0.011948437499999999 0.023653703703703705
0 0.38487682291666664 0.6096837962962962 0.010378645833333333 0.011960185185185185
0 0.43603177083333333 0.18120092592592593 0.029355208333333334 0.025364814814814812
0 0.4413526041666667 0.21242037037037037 0.012913541666666667 0.017433333333333332
0 0.41851901041666667 0.21887175925925925 0.0099546875 0.024780555555555556
0 0.36739453125000004 0.057226388888888896 0.010830729166666667 0.020008333333333336
0 0.41785729166666663 0.09906620370370371 0.006547916666666666 0.022206481481481483
0 0.5489786458333333 0.06775046296296297 0.090665625 0.0780935185185185
0 0.51715703125 0.05551944444444444 0.021814062500000002 0.025853703703703705
0 0.5674533854166667 0.04591296296296296 0.015115104166666667 0.021455555555555558
0 0.5954205729166666 0.11208194444444444 0.015841145833333334 0.02231203703703704
0 0.5463575520833334 0.2863722222222222 0.011465104166666667 0.01904074074074074
0 0.5785588541666667 0.38857407407407407 0.011284375000000001 0.016037037037037037
0 0.46765885416666664 0.24893240740740738 0.010317708333333333 0.018235185185185184
0 0.49102968750000003 0.27727546296296296 0.0070593750000000005 0.015662037037037037
0 0.03915859375 0.6181787037037038 0.0054005208333333336 0.012283333333333334
0 0.11794661458333335 0.5811787037037037 0.008809895833333333 0.017912962962962964
0 0.28597291666666663 0.7215055555555555 0.005279166666666666 0.015233333333333335
0 0.5638778645833333 0.4833777777777778 0.0079640625 0.026014814814814814
0 0.6965546875 0.9069939814814815 0.027484375000000002 0.036210185185185186
0 0.6812455729166668 0.6315009259259259 0.036449479166666666 0.04633518518518519
0 0.7496653645833333 0.44795416666666665 0.0076640625 0.014426851851851852
0 0.7760963541666667 0.46560138888888886 0.018859375 0.04601759259259259
0 0.7430348958333333 0.5158236111111112 0.015236458333333334 0.027943518518518517
0 0.6897067708333334 0.30670740740740743 0.015871875 0.04119259259259259
0 0.75568828125 0.30141481481481486 0.009293229166666667 0.017644444444444445
0 0.7613950520833334 0.23826250000000002 0.008206770833333333 0.024673148148148145
0 0.7916184895833334 0.24251527777777776 0.010320312500000001 0.023919444444444445
0 0.7841838541666667 0.2820800925925926 0.006909375 0.014160185185185184
0 0.7838341145833333 0.3157171296296296 0.012459895833333333 0.027730555555555557
0 0.7990354166666667 0.3501768518518518 0.015779166666666667 0.02998333333333333
0 0.7470757812500001 0.8584032407407408 0.0097765625 0.02976944444444445
0 0.675440625 0.8573736111111111 0.012339583333333333 0.018450925925925926
0 0.77448671875 0.6727518518518518 0.018765104166666668 0.02328148148148148
0 0.8259190104166667 0.7085546296296297 0.023713020833333334 0.02451666666666667
0 0.80769609375 0.7606087962962963 0.009142187500000001 0.015662037037037037
0 0.8325109375 0.5189768518518518 0.019188541666666666 0.028694444444444443
0 0.7897450520833333 0.5251421296296296 0.010740104166666665 0.016950925925925925
0 0.8222580729166666 0.2806574074074074 0.021599479166666664 0.053907407407407404
0 0.9688973958333332 0.34898564814814814 0.008628124999999999 0.02204537037037037
0 0.9509549479166667 0.40626064814814816 0.009201562500000001 0.01807685185185185
0 0.9673885416666667 0.4179046296296296 0.00769375 0.02655
0 0.9678182291666667 0.4726842592592593 0.0075114583333333335 0.021294444444444446
0 0.9827033854166667 0.5419800925925925 0.008115104166666666 0.022849074074074074
0 0.74236484375 0.913186574074074 0.010771354166666667 0.009706481481481483
0 0.4730921875 0.7727814814814815 0.03472604166666667 0.01593333333333333
0 0.8972161458333333 0.2636462962962963 0.017348958333333334 0.038403703703703704
0 0.66881484375 0.1152763888888889 0.007421354166666667 0.024997222222222223
0 0.6781236979166666 0.7518703703703703 0.0041640625 0.02225925925925926
0 0.6924505208333334 0.9377842592592592 0.0036510416666666666 0.012605555555555556
1 0.49973958333333335 0.5375 0.9994791666666667 0.9231481481481482
0 0.05078125 0.5361111111111111 0.022395833333333334 0.05185185185185185
0 0.1875 0.4101851851851852 0.010416666666666666 0.03888888888888889
0 0.12057291666666667 0.8222222222222222 0.0171875 0.04814814814814815
0 0.121875 0.7796296296296297 0.016666666666666666 0.03518518518518519
0 0.05572916666666667 0.8935185185185185 0.014583333333333334 0.025925925925925925
0 0.017447916666666667 0.812962962962963 0.0078125 0.03333333333333333
0 0.09947916666666666 0.8875 0.008333333333333333 0.01574074074074074
0 0.12057291666666667 0.8810185185185185 0.0203125 0.03425925925925926
0 0.18098958333333334 0.7273148148148149 0.0203125 0.05648148148148148
0 0.17473958333333334 0.5708333333333333 0.009895833333333333 0.023148148148148147
0 0.19505208333333332 0.6560185185185186 0.013020833333333334 0.026851851851851852
0 0.22786458333333334 0.7569444444444444 0.009895833333333333 0.032407407407407406
0 0.13385416666666666 0.8518518518518519 0.00625 0.03333333333333333
0 0.284375 0.7962962962962963 0.0125 0.02962962962962963
0 0.25338541666666664 0.9180555555555555 0.0109375 0.017592592592592594
0 0.0078125 0.9361111111111111 0.005208333333333333 0.012962962962962963
0 0.012760416666666666 0.9884259259259259 0.005729166666666666 0.021296296296296296
0 0.12630208333333334 0.6981481481481482 0.015104166666666667 0.012962962962962963
0 0.31536458333333334 0.6439814814814815 0.0203125 0.03796296296296296
0 0.35859375 0.6606481481481481 0.013020833333333334 0.021296296296296296
0 0.37161458333333336 0.6171296296296296 0.013020833333333334 0.023148148148148147
0 0.3971354166666667 0.35648148148148145 0.009895833333333333 0.012962962962962963
0 0.40572916666666664 0.7939814814814815 0.028125 0.028703703703703703
0 0.41432291666666665 0.7648148148148148 0.013020833333333334 0.018518518518518517
0 0.3924479166666667 0.7513888888888889 0.0078125 0.025
0 0.3263020833333333 0.8958333333333334 0.009895833333333333 0.021296296296296296
0 0.3796875 0.8694444444444445 0.007291666666666667 0.022222222222222223
0 0.5065104166666666 0.9342592592592592 0.09114583333333333 0.07407407407407407
0 0.47317708333333336 0.9407407407407408 0.022395833333333334 0.025925925925925925
0 0.5221354166666666 0.9685185185185186 0.015104166666666667 0.022222222222222223
0 0.5565104166666667 0.9101851851851852 0.0171875 0.020370370370370372
0 0.525 0.725 0.011458333333333333 0.018518518518518517
0 0.5661458333333333 0.6347222222222222 0.011458333333333333 0.01574074074074074
0 0.44375 0.7379629629629629 0.009375 0.016666666666666666
0 0.46953125 0.7171296296296297 0.0067708333333333336 0.01574074074074074
0 0.009895833333333333 0.2986111111111111 0.007291666666666667 0.01574074074074074
0 0.05755208333333333 0.24074074074074073 0.005729166666666666 0.012962962962962963
0 0.13151041666666666 0.3023148148148148 0.008854166666666666 0.01574074074074074
0 0.3106770833333333 0.2152777777777778 0.0046875 0.01574074074074074
0 0.5614583333333333 0.5361111111111111 0.00625 0.025925925925925925
0 0.7330729166666666 0.16064814814814815 0.025520833333333333 0.041666666666666664
0 0.6916666666666667 0.4263888888888889 0.03958333333333333 0.03611111111111111
0 0.740625 0.6277777777777778 0.008333333333333333 0.012962962962962963
0 0.76875 0.6199074074074075 0.021875 0.041666666666666664
0 0.740625 0.5592592592592592 0.015625 0.025925925925925925
0 0.6682291666666667 0.7486111111111111 0.01875 0.03981481481481482
0 0.7330729166666666 0.775 0.009895833333333333 0.014814814814814815
0 0.7328125 0.8388888888888889 0.008333333333333333 0.024074074074074074
0 0.7619791666666667 0.8435185185185186 0.0125 0.020370370370370372
0 0.7583333333333333 0.8023148148148148 0.007291666666666667 0.013888888888888888
0 0.7614583333333333 0.7689814814814815 0.011458333333333333 0.026851851851851852
0 0.7794270833333333 0.7388888888888889 0.015104166666666667 0.02962962962962963
0 0.778125 0.22361111111111112 0.011458333333333333 0.030555555555555555
0 0.7078125 0.20324074074074075 0.0125 0.017592592592592594
0 0.78671875 0.4148148148148148 0.0171875 0.025925925925925925
0 0.8416666666666667 0.39537037037037037 0.022916666666666665 0.02962962962962963
0 0.828125 0.33796296296296297 0.009375 0.016666666666666666
0 0.8291666666666667 0.5847222222222223 0.01875 0.026851851851851852
0 0.78828125 0.5648148148148148 0.009895833333333333 0.018518518518518517
0 0.7947916666666667 0.8157407407407408 0.019791666666666666 0.05555555555555555
0 0.9471354166666667 0.7935185185185185 0.0078125 0.022222222222222223
0 0.9354166666666667 0.7310185185185185 0.008333333333333333 0.019444444444444445
0 0.9518229166666666 0.725 0.008854166666666666 0.025925925925925925
0 0.95859375 0.6717592592592593 0.0078125 0.021296296296296296
0 0.9786458333333333 0.6074074074074074 0.007291666666666667 0.024074074074074074
0 0.77890625 0.1675925925925926 0.0109375 0.007407407407407408
0 0.5005208333333333 0.22268518518518518 0.03333333333333333 0.023148148148148147
0 0.8677083333333333 0.8555555555555555 0.017708333333333333 0.037037037037037035
0 0.9833333333333333 0.875 0.010416666666666666 0.024074074074074074
0 0.6291666666666667 0.9310185185185185 0.00625 0.026851851851851852
0 0.6994791666666667 0.30694444444444446 0.005208333333333333 0.021296296296296296
0 0.7322916666666667 0.12777777777777777 0.004166666666666667 0.012962962962962963
1 0.5 0.46426527777777776 1.0 0.9285305555555555
0 0.05067526041666667 0.5189722222222223 0.021142187500000003 0.052759259259259256
0 0.19183020833333334 0.6279240740740741 0.01074375 0.039181481481481484
0 0.10904505208333333 0.2252537037037037 0.018090104166666666 0.04680370370370371
0 0.11168645833333332 0.26789537037037037 0.016081250000000002 0.03579074074074074
0 0.04137630208333333 0.16242546296296295 0.014002604166666667 0.026702777777777777
0 0.006713020833333333 0.24750462962962963 0.0071760416666666665 0.03389814814814815
0 0.08535208333333334 0.16299768518518518 0.008204166666666667 0.01673611111111111
0 0.10657057291666666 0.1671310185185185 0.019391145833333335 0.03611388888888889
0 0.17281328124999998 0.31226990740740745 0.0206265625 0.0560212962962963
0 0.17323229166666668 0.46975 0.01000625 0.022833333333333334
0 0.18943411458333334 0.38149212962962964 0.013243229166666667 0.025947222222222222
0 0.21804739583333335 0.27727546296296296 0.010053125 0.0323287037037037
0 0.12081354166666666 0.19446851851851854 0.0072520833333333335 0.033381481481481484
0 0.2732041666666667 0.23068101851851852 0.012033333333333333 0.029880555555555556
0 0.23747447916666667 0.11385648148148149 0.010365625 0.018453703703703705
0 0.119228125 0.34933842592592595 0.015539583333333332 0.011639814814814815
0 0.3102526041666666 0.37919583333333334 0.019463541666666664 0.03987314814814815
0 0.35228619791666665 0.3569509259259259 0.012905729166666666 0.021309259259259257
0 0.36765000000000003 0.3985828703703704 0.013425 0.023091666666666667
0 0.40324609375 0.6558625 0.0096171875 0.013576851851851852
0 0.39449088541666666 0.21889259259259258 0.028565104166666667 0.030377777777777778
0 0.40439296874999997 0.24643518518518517 0.012952604166666666 0.018796296296296297
0 0.3827981770833333 0.26269583333333335 0.007263020833333333 0.025391666666666667
0 0.31148880208333335 0.12655694444444446 0.0094359375 0.021632407407407406
0 0.3654041666666667 0.14620462962962963 0.007891666666666667 0.02203888888888889
0 0.48917005208333336 0.0685412037037037 0.09084010416666667 0.07411944444444445
0 0.45558671875 0.06471851851851852 0.022631770833333335 0.025733333333333334
0 0.5034033854166666 0.029828703703703708 0.015140104166666666 0.02262037037037037
0 0.54056171875 0.08470833333333333 0.017581770833333333 0.019416666666666665
0 0.5160955729166666 0.27203796296296295 0.0113578125 0.01815
0 0.5605299479166667 0.35689305555555556 0.011684895833333332 0.01563796296296296
0 0.4344125 0.26926249999999996 0.009449999999999998 0.016302777777777777
0 0.4611895833333334 0.28744861111111114 0.006754166666666667 0.01563796296296296
0 0.019407291666666666 0.761361111111111 0.007564583333333333 0.015314814814814814
0 0.0685734375 0.8139699074074074 0.005896874999999999 0.013125000000000001
0 0.14033567708333333 0.7420458333333333 0.008796354166666666 0.015573148148148147
0 0.32234765625 0.8079805555555556 0.005111979166666667 0.01596111111111111
0 0.5597307291666667 0.45635324074074074 0.006961458333333333 0.025669444444444443
0 0.7455903645833334 0.8087884259259259 0.0245140625 0.04350277777777777
0 0.6943013020833334 0.5506236111111111 0.040685937500000005 0.032728703703703704
0 0.735121875 0.3426736111111111 0.008785416666666665 0.013125000000000001
0 0.7636117187499999 0.3466560185185185 0.023056770833333334 0.039608333333333336
0 0.7375536458333334 0.41152083333333334 0.015732291666666665 0.02489351851851852
0 0.6578502604166666 0.2316375 0.0198671875 0.03920092592592593
0 0.7218932291666668 0.19681666666666667 0.010453125 0.014003703703703704
0 0.7189760416666666 0.1331101851851852 0.008785416666666665 0.02362777777777778
0 0.7477802083333334 0.1244263888888889 0.01326875 0.01922314814814815
0 0.7458789062500001 0.16608981481481483 0.0073828125000000005 0.01366111111111111
0 0.7502708333333333 0.19924583333333332 0.010958333333333332 0.026269444444444442
0 0.76933125 0.2270740740740741 0.014704166666666666 0.030074074074074073
0 0.7884247395833334 0.7412310185185185 0.012266145833333332 0.03061018518518518
0 0.7188075520833334 0.770273611111111 0.012615104166666667 0.018325
0 0.7894776041666667 0.5494944444444444 0.016455208333333336 0.026766666666666668
0 0.8450666666666666 0.5620115740740741 0.022424999999999997 0.03143055555555556
0 0.8338609375 0.6206407407407407 0.009388541666666667 0.017207407407407407
0 0.8253526041666667 0.37473055555555557 0.018413541666666665 0.02723888888888889
0 0.7849442708333334 0.3993097222222222 0.009471875 0.018989814814814814
0 0.7809049479166668 0.14757453703703705 0.020143229166666665 0.05626018518518519
0 0.9341596354166666 0.1517925925925926 0.007902604166666667 0.022103703703703705
0 0.92513515625 0.2155125 0.008603645833333333 0.01991388888888889
0 0.9416315104166666 0.21921898148148147 0.009304687499999999 0.025475
0 0.9505596354166667 0.27166851851851853 0.0084109375 0.021114814814814812
0 0.9730111979166666 0.3335625 0.007480729166666667 0.02453240740740741
0 0.79139296875 0.7972453703703704 0.0109109375 0.007453703703703705
0 0.51155703125 0.7761560185185186 0.0324890625 0.02638611111111111
0 0.85260078125 0.09956712962962963 0.0177015625 0.03617129629629629
0 0.9675380208333333 0.06615277777777777 0.011117708333333334 0.023046296296296297
0 0.6122380208333333 0.054424537037037035 0.005726041666666667 0.027367592592592593
0 0.7065526041666667 0.6677712962962963 0.005813541666666667 0.020727777777777776
0 0.74643984375 0.8426092592592593 0.0043380208333333335 0.012996296296296296
1 0.5 0.48951018518518524 1.0 0.9790203703703705
0 0.061122916666666666 0.32794953703703705 0.025370833333333336 0.04849166666666667
0 0.18200833333333336 0.4915319444444445 0.010891666666666666 0.03861944444444445
0 0.15846328125 0.06597638888888889 0.016926562500000002 0.0504712962962963
0 0.154559375 0.10842916666666666 0.01849375 0.033525
0 0.055384375 0.0433875 0.010768749999999999 0.031219444444444442
0 0.16341927083333332 0.011409722222222222 0.021630208333333335 0.022819444444444444
0 0.207434375 0.17672222222222222 0.021118750000000002 0.059
0 0.18629505208333336 0.33023842592592595 0.011131770833333334 0.023439814814814816
0 0.21466927083333334 0.25315601851851854 0.012671874999999999 0.02853425925925926
0 0.25697734375 0.16317962962962965 0.010829687499999999 0.03191481481481482
0 0.17375104166666666 0.04032685185185185 0.006877083333333334 0.03250555555555556
0 0.31607265625000003 0.14196574074074075 0.013395312500000001 0.028375925925925926
0 0.2977307291666667 0.012166666666666668 0.012128125 0.015074074074074075
0 0.1511203125 0.1888138888888889 0.013698958333333334 0.01651666666666667
0 0.3318302083333334 0.3004601851851852 0.02199375 0.03240185185185185
0 0.37691979166666667 0.29863657407407407 0.013214583333333333 0.021347222222222222
0 0.38462005208333333 0.34608611111111115 0.011948437499999999 0.023653703703703705
0 0.38487682291666664 0.6096837962962962 0.010378645833333333 0.011960185185185185
0 0.43603177083333333 0.18120092592592593 0.029355208333333334 0.025364814814814812
0 0.4413526041666667 0.21242037037037037 0.012913541666666667 0.017433333333333332
0 0.41851901041666667 0.21887175925925925 0.0099546875 0.024780555555555556
0 0.36739453125000004 0.057226388888888896 0.010830729166666667 0.020008333333333336
0 0.41785729166666663 0.09906620370370371 0.006547916666666666 0.022206481481481483
0 0.5489786458333333 0.06775046296296297 0.090665625 0.0780935185185185
0 0.51715703125 0.05551944444444444 0.021814062500000002 0.025853703703703705
0 0.5674533854166667 0.04591296296296296 0.015115104166666667 0.021455555555555558
0 0.5954205729166666 0.11208194444444444 0.015841145833333334 0.02231203703703704
0 0.5463575520833334 0.2863722222222222 0.011465104166666667 0.01904074074074074
0 0.5785588541666667 0.38857407407407407 0.011284375000000001 0.016037037037037037
0 0.46765885416666664 0.24893240740740738 0.010317708333333333 0.018235185185185184
0 0.49102968750000003 0.27727546296296296 0.0070593750000000005 0.015662037037037037
0 0.03915859375 0.6181787037037038 0.0054005208333333336 0.012283333333333334
0 0.11794661458333335 0.5811787037037037 0.008809895833333333 0.017912962962962964
0 0.28597291666666663 0.7215055555555555 0.005279166666666666 0.015233333333333335
0 0.5638778645833333 0.4833777777777778 0.0079640625 0.026014814814814814
0 0.6965546875 0.9069939814814815 0.027484375000000002 0.036210185185185186
0 0.6812455729166668 0.6315009259259259 0.036449479166666666 0.04633518518518519
0 0.7496653645833333 0.44795416666666665 0.0076640625 0.014426851851851852
0 0.7760963541666667 0.46560138888888886 0.018859375 0.04601759259259259
0 0.7430348958333333 0.5158236111111112 0.015236458333333334 0.027943518518518517
0 0.6897067708333334 0.30670740740740743 0.015871875 0.04119259259259259
0 0.75568828125 0.30141481481481486 0.009293229166666667 0.017644444444444445
0 0.7613950520833334 0.23826250000000002 0.008206770833333333 0.024673148148148145
0 0.7916184895833334 0.24251527777777776 0.010320312500000001 0.023919444444444445
0 0.7841838541666667 0.2820800925925926 0.006909375 0.014160185185185184
0 0.7838341145833333 0.3157171296296296 0.012459895833333333 0.027730555555555557
0 0.7990354166666667 0.3501768518518518 0.015779166666666667 0.02998333333333333
0 0.7470757812500001 0.8584032407407408 0.0097765625 0.02976944444444445
0 0.675440625 0.8573736111111111 0.012339583333333333 0.018450925925925926
0 0.77448671875 0.6727518518518518 0.018765104166666668 0.02328148148148148
0 0.8259190104166667 0.7085546296296297 0.023713020833333334 0.02451666666666667
0 0.80769609375 0.7606087962962963 0.009142187500000001 0.015662037037037037
0 0.8325109375 0.5189768518518518 0.019188541666666666 0.028694444444444443
0 0.7897450520833333 0.5251421296296296 0.010740104166666665 0.016950925925925925
0 0.8222580729166666 0.2806574074074074 0.021599479166666664 0.053907407407407404
0 0.9688973958333332 0.34898564814814814 0.008628124999999999 0.02204537037037037
0 0.9509549479166667 0.40626064814814816 0.009201562500000001 0.01807685185185185
0 0.9673885416666667 0.4179046296296296 0.00769375 0.02655
0 0.9678182291666667 0.4726842592592593 0.0075114583333333335 0.021294444444444446
0 0.9827033854166667 0.5419800925925925 0.008115104166666666 0.022849074074074074
0 0.74236484375 0.913186574074074 0.010771354166666667 0.009706481481481483
0 0.4730921875 0.7727814814814815 0.03472604166666667 0.01593333333333333
0 0.8972161458333333 0.2636462962962963 0.017348958333333334 0.038403703703703704
0 0.66881484375 0.1152763888888889 0.007421354166666667 0.024997222222222223
0 0.6781236979166666 0.7518703703703703 0.0041640625 0.02225925925925926
0 0.6924505208333334 0.9377842592592592 0.0036510416666666666 0.012605555555555556
1 0.49973958333333335 0.5375 0.9994791666666667 0.9231481481481482
0 0.05078125 0.5361111111111111 0.022395833333333334 0.05185185185185185
0 0.1875 0.4101851851851852 0.010416666666666666 0.03888888888888889
0 0.12057291666666667 0.8222222222222222 0.0171875 0.04814814814814815
0 0.121875 0.7796296296296297 0.016666666666666666 0.03518518518518519
0 0.05572916666666667 0.8935185185185185 0.014583333333333334 0.025925925925925925
0 0.017447916666666667 0.812962962962963 0.0078125 0.03333333333333333
0 0.09947916666666666 0.8875 0.008333333333333333 0.01574074074074074
0 0.12057291666666667 0.8810185185185185 0.0203125 0.03425925925925926
0 0.18098958333333334 0.7273148148148149 0.0203125 0.05648148148148148
0 0.17473958333333334 0.5708333333333333 0.009895833333333333 0.023148148148148147
0 0.19505208333333332 0.6560185185185186 0.013020833333333334 0.026851851851851852
0 0.22786458333333334 0.7569444444444444 0.009895833333333333 0.032407407407407406
0 0.13385416666666666 0.8518518518518519 0.00625 0.03333333333333333
0 0.284375 0.7962962962962963 0.0125 0.02962962962962963
0 0.25338541666666664 0.9180555555555555 0.0109375 0.017592592592592594
0 0.0078125 0.9361111111111111 0.005208333333333333 0.012962962962962963
0 0.012760416666666666 0.9884259259259259 0.005729166666666666 0.021296296296296296
0 0.12630208333333334 0.6981481481481482 0.015104166666666667 0.012962962962962963
0 0.31536458333333334 0.6439814814814815 0.0203125 0.03796296296296296
0 0.35859375 0.6606481481481481 0.013020833333333334 0.021296296296296296
0 0.37161458333333336 0.6171296296296296 0.013020833333333334 0.023148148148148147
0 0.3971354166666667 0.35648148148148145 0.009895833333333333 0.012962962962962963
0 0.40572916666666664 0.7939814814814815 0.028125 0.028703703703703703
0 0.41432291666666665 0.7648148148148148 0.013020833333333334 0.018518518518518517
0 0.3924479166666667 0.7513888888888889 0.0078125 0.025
0 0.3263020833333333 0.8958333333333334 0.009895833333333333 0.021296296296296296
0 0.3796875 0.8694444444444445 0.007291666666666667 0.022222222222222223
0 0.5065104166666666 0.9342592592592592 0.09114583333333333 0.07407407407407407
0 0.47317708333333336 0.9407407407407408 0.022395833333333334 0.025925925925925925
0 0.5221354166666666 0.9685185185185186 0.015104166666666667 0.022222222222222223
0 0.5565104166666667 0.9101851851851852 0.0171875 0.020370370370370372
0 0.525 0.725 0.011458333333333333 0.018518518518518517
0 0.5661458333333333 0.6347222222222222 0.011458333333333333 0.01574074074074074
0 0.44375 0.7379629629629629 0.009375 0.016666666666666666
0 0.46953125 0.7171296296296297 0.0067708333333333336 0.01574074074074074
0 0.009895833333333333 0.2986111111111111 0.007291666666666667 0.01574074074074074
0 0.05755208333333333 0.24074074074074073 0.005729166666666666 0.012962962962962963
0 0.13151041666666666 0.3023148148148148 0.008854166666666666 0.01574074074074074
0 0.3106770833333333 0.2152777777777778 0.0046875 0.01574074074074074
0 0.5614583333333333 0.5361111111111111 0.00625 0.025925925925925925
0 0.7330729166666666 0.16064814814814815 0.025520833333333333 0.041666666666666664
0 0.6916666666666667 0.4263888888888889 0.03958333333333333 0.03611111111111111
0 0.740625 0.6277777777777778 0.008333333333333333 0.012962962962962963
0 0.76875 0.6199074074074075 0.021875 0.041666666666666664
0 0.740625 0.5592592592592592 0.015625 0.025925925925925925
0 0.6682291666666667 0.7486111111111111 0.01875 0.03981481481481482
0 0.7330729166666666 0.775 0.009895833333333333 0.014814814814814815
0 0.7328125 0.8388888888888889 0.008333333333333333 0.024074074074074074
0 0.7619791666666667 0.8435185185185186 0.0125 0.020370370370370372
0 0.7583333333333333 0.8023148148148148 0.007291666666666667 0.013888888888888888
0 0.7614583333333333 0.7689814814814815 0.011458333333333333 0.026851851851851852
0 0.7794270833333333 0.7388888888888889 0.015104166666666667 0.02962962962962963
0 0.778125 0.22361111111111112 0.011458333333333333 0.030555555555555555
0 0.7078125 0.20324074074074075 0.0125 0.017592592592592594
0 0.78671875 0.4148148148148148 0.0171875 0.025925925925925925
0 0.8416666666666667 0.39537037037037037 0.022916666666666665 0.02962962962962963
0 0.828125 0.33796296296296297 0.009375 0.016666666666666666
0 0.8291666666666667 0.5847222222222223 0.01875 0.026851851851851852
0 0.78828125 0.5648148148148148 0.009895833333333333 0.018518518518518517
0 0.7947916666666667 0.8157407407407408 0.019791666666666666 0.05555555555555555
0 0.9471354166666667 0.7935185185185185 0.0078125 0.022222222222222223
0 0.9354166666666667 0.7310185185185185 0.008333333333333333 0.019444444444444445
0 0.9518229166666666 0.725 0.008854166666666666 0.025925925925925925
0 0.95859375 0.6717592592592593 0.0078125 0.021296296296296296
0 0.9786458333333333 0.6074074074074074 0.007291666666666667 0.024074074074074074
0 0.77890625 0.1675925925925926 0.0109375 0.007407407407407408
0 0.5005208333333333 0.22268518518518518 0.03333333333333333 0.023148148148148147
0 0.8677083333333333 0.8555555555555555 0.017708333333333333 0.037037037037037035
0 0.9833333333333333 0.875 0.010416666666666666 0.024074074074074074
0 0.6291666666666667 0.9310185185185185 0.00625 0.026851851851851852
0 0.6994791666666667 0.30694444444444446 0.005208333333333333 0.021296296296296296
0 0.7322916666666667 0.12777777777777777 0.004166666666666667 0.012962962962962963
1 0.5 0.46426527777777776 1.0 0.9285305555555555
0 0.05067526041666667 0.5189722222222223 0.021142187500000003 0.052759259259259256
0 0.19183020833333334 0.6279240740740741 0.01074375 0.039181481481481484
0 0.10904505208333333 0.2252537037037037 0.018090104166666666 0.04680370370370371
0 0.11168645833333332 0.26789537037037037 0.016081250000000002 0.03579074074074074
0 0.04137630208333333 0.16242546296296295 0.014002604166666667 0.026702777777777777
0 0.006713020833333333 0.24750462962962963 0.0071760416666666665 0.03389814814814815
0 0.08535208333333334 0.16299768518518518 0.008204166666666667 0.01673611111111111
0 0.10657057291666666 0.1671310185185185 0.019391145833333335 0.03611388888888889
0 0.17281328124999998 0.31226990740740745 0.0206265625 0.0560212962962963
0 0.17323229166666668 0.46975 0.01000625 0.022833333333333334
0 0.18943411458333334 0.38149212962962964 0.013243229166666667 0.025947222222222222
0 0.21804739583333335 0.27727546296296296 0.010053125 0.0323287037037037
0 0.12081354166666666 0.19446851851851854 0.0072520833333333335 0.033381481481481484
0 0.2732041666666667 0.23068101851851852 0.012033333333333333 0.029880555555555556
0 0.23747447916666667 0.11385648148148149 0.010365625 0.018453703703703705
0 0.119228125 0.34933842592592595 0.015539583333333332 0.011639814814814815
0 0.3102526041666666 0.37919583333333334 0.019463541666666664 0.03987314814814815
0 0.35228619791666665 0.3569509259259259 0.012905729166666666 0.021309259259259257
0 0.36765000000000003 0.3985828703703704 0.013425 0.023091666666666667
0 0.40324609375 0.6558625 0.0096171875 0.013576851851851852
0 0.39449088541666666 0.21889259259259258 0.028565104166666667 0.030377777777777778
0 0.40439296874999997 0.24643518518518517 0.012952604166666666 0.018796296296296297
0 0.3827981770833333 0.26269583333333335 0.007263020833333333 0.025391666666666667
0 0.31148880208333335 0.12655694444444446 0.0094359375 0.021632407407407406
0 0.3654041666666667 0.14620462962962963 0.007891666666666667 0.02203888888888889
0 0.48917005208333336 0.0685412037037037 0.09084010416666667 0.07411944444444445
0 0.45558671875 0.06471851851851852 0.022631770833333335 0.025733333333333334
0 0.5034033854166666 0.029828703703703708 0.015140104166666666 0.02262037037037037
0 0.54056171875 0.08470833333333333 0.017581770833333333 0.019416666666666665
0 0.5160955729166666 0.27203796296296295 0.0113578125 0.01815
0 0.5605299479166667 0.35689305555555556 0.011684895833333332 0.01563796296296296
0 0.4344125 0.26926249999999996 0.009449999999999998 0.016302777777777777
0 0.4611895833333334 0.28744861111111114 0.006754166666666667 0.01563796296296296
0 0.019407291666666666 0.761361111111111 0.007564583333333333 0.015314814814814814
0 0.0685734375 0.8139699074074074 0.005896874999999999 0.013125000000000001
0 0.14033567708333333 0.7420458333333333 0.008796354166666666 0.015573148148148147
0 0.32234765625 0.8079805555555556 0.005111979166666667 0.01596111111111111
0 0.5597307291666667 0.45635324074074074 0.006961458333333333 0.025669444444444443
0 0.7455903645833334 0.8087884259259259 0.0245140625 0.04350277777777777
0 0.6943013020833334 0.5506236111111111 0.040685937500000005 0.032728703703703704
0 0.735121875 0.3426736111111111 0.008785416666666665 0.013125000000000001
0 0.7636117187499999 0.3466560185185185 0.023056770833333334 0.039608333333333336
0 0.7375536458333334 0.41152083333333334 0.015732291666666665 0.02489351851851852
0 0.6578502604166666 0.2316375 0.0198671875 0.03920092592592593
0 0.7218932291666668 0.19681666666666667 0.010453125 0.014003703703703704
0 0.7189760416666666 0.1331101851851852 0.008785416666666665 0.02362777777777778
0 0.7477802083333334 0.1244263888888889 0.01326875 0.01922314814814815
0 0.7458789062500001 0.16608981481481483 0.0073828125000000005 0.01366111111111111
0 0.7502708333333333 0.19924583333333332 0.010958333333333332 0.026269444444444442
0 0.76933125 0.2270740740740741 0.014704166666666666 0.030074074074074073
0 0.7884247395833334 0.7412310185185185 0.012266145833333332 0.03061018518518518
0 0.7188075520833334 0.770273611111111 0.012615104166666667 0.018325
0 0.7894776041666667 0.5494944444444444 0.016455208333333336 0.026766666666666668
0 0.8450666666666666 0.5620115740740741 0.022424999999999997 0.03143055555555556
0 0.8338609375 0.6206407407407407 0.009388541666666667 0.017207407407407407
0 0.8253526041666667 0.37473055555555557 0.018413541666666665 0.02723888888888889
0 0.7849442708333334 0.3993097222222222 0.009471875 0.018989814814814814
0 0.7809049479166668 0.14757453703703705 0.020143229166666665 0.05626018518518519
0 0.9341596354166666 0.1517925925925926 0.007902604166666667 0.022103703703703705
0 0.92513515625 0.2155125 0.008603645833333333 0.01991388888888889
0 0.9416315104166666 0.21921898148148147 0.009304687499999999 0.025475
0 0.9505596354166667 0.27166851851851853 0.0084109375 0.021114814814814812
0 0.9730111979166666 0.3335625 0.007480729166666667 0.02453240740740741
0 0.79139296875 0.7972453703703704 0.0109109375 0.007453703703703705
0 0.51155703125 0.7761560185185186 0.0324890625 0.02638611111111111
0 0.85260078125 0.09956712962962963 0.0177015625 0.03617129629629629
0 0.9675380208333333 0.06615277777777777 0.011117708333333334 0.023046296296296297
0 0.6122380208333333 0.054424537037037035 0.005726041666666667 0.027367592592592593
0 0.7065526041666667 0.6677712962962963 0.005813541666666667 0.020727777777777776
0 0.74643984375 0.8426092592592593 0.0043380208333333335 0.012996296296296296
1 0.5 0.48951018518518524 1.0 0.9790203703703705
0 0.061122916666666666 0.32794953703703705 0.025370833333333336 0.04849166666666667
0 0.18200833333333336 0.4915319444444445 0.010891666666666666 0.03861944444444445
0 0.15846328125 0.06597638888888889 0.016926562500000002 0.0504712962962963
0 0.154559375 0.10842916666666666 0.01849375 0.033525
0 0.055384375 0.0433875 0.010768749999999999 0.031219444444444442
0 0.16341927083333332 0.011409722222222222 0.021630208333333335 0.022819444444444444
0 0.207434375 0.17672222222222222 0.021118750000000002 0.059
0 0.18629505208333336 0.33023842592592595 0.011131770833333334 0.023439814814814816
0 0.21466927083333334 0.25315601851851854 0.012671874999999999 0.02853425925925926
0 0.25697734375 0.16317962962962965 0.010829687499999999 0.03191481481481482
0 0.17375104166666666 0.04032685185185185 0.006877083333333334 0.03250555555555556
0 0.31607265625000003 0.14196574074074075 0.013395312500000001 0.028375925925925926
0 0.2977307291666667 0.012166666666666668 0.012128125 0.015074074074074075
0 0.1511203125 0.1888138888888889 0.013698958333333334 0.01651666666666667
0 0.3318302083333334 0.3004601851851852 0.02199375 0.03240185185185185
0 0.37691979166666667 0.29863657407407407 0.013214583333333333 0.021347222222222222
0 0.38462005208333333 0.34608611111111115 0.011948437499999999 0.023653703703703705
0 0.38487682291666664 0.6096837962962962 0.010378645833333333 0.011960185185185185
0 0.43603177083333333 0.18120092592592593 0.029355208333333334 0.025364814814814812
0 0.4413526041666667 0.21242037037037037 0.012913541666666667 0.017433333333333332
0 0.41851901041666667 0.21887175925925925 0.0099546875 0.024780555555555556
0 0.36739453125000004 0.057226388888888896 0.010830729166666667 0.020008333333333336
0 0.41785729166666663 0.09906620370370371 0.006547916666666666 0.022206481481481483
0 0.5489786458333333 0.06775046296296297 0.090665625 0.0780935185185185
0 0.51715703125 0.05551944444444444 0.021814062500000002 0.025853703703703705
0 0.5674533854166667 0.04591296296296296 0.015115104166666667 0.021455555555555558
0 0.5954205729166666 0.11208194444444444 0.015841145833333334 0.02231203703703704
0 0.5463575520833334 0.2863722222222222 0.011465104166666667 0.01904074074074074
0 0.5785588541666667 0.38857407407407407 0.011284375000000001 0.016037037037037037
0 0.46765885416666664 0.24893240740740738 0.010317708333333333 0.018235185185185184
0 0.49102968750000003 0.27727546296296296 0.0070593750000000005 0.015662037037037037
0 0.03915859375 0.6181787037037038 0.0054005208333333336 0.012283333333333334
0 0.11794661458333335 0.5811787037037037 0.008809895833333333 0.017912962962962964
0 0.28597291666666663 0.7215055555555555 0.005279166666666666 0.015233333333333335
0 0.5638778645833333 0.4833777777777778 0.0079640625 0.026014814814814814
0 0.6965546875 0.9069939814814815 0.027484375000000002 0.036210185185185186
0 0.6812455729166668 0.6315009259259259 0.036449479166666666 0.04633518518518519
0 0.7496653645833333 0.44795416666666665 0.0076640625 0.014426851851851852
0 0.7760963541666667 0.46560138888888886 0.018859375 0.04601759259259259
0 0.7430348958333333 0.5158236111111112 0.015236458333333334 0.027943518518518517
0 0.6897067708333334 0.30670740740740743 0.015871875 0.04119259259259259
0 0.75568828125 0.30141481481481486 0.009293229166666667 0.017644444444444445
0 0.7613950520833334 0.23826250000000002 0.008206770833333333 0.024673148148148145
0 0.7916184895833334 0.24251527777777776 0.010320312500000001 0.023919444444444445
0 0.7841838541666667 0.2820800925925926 0.006909375 0.014160185185185184
0 0.7838341145833333 0.3157171296296296 0.012459895833333333 0.027730555555555557
0 0.7990354166666667 0.3501768518518518 0.015779166666666667 0.02998333333333333
0 0.7470757812500001 0.8584032407407408 0.0097765625 0.02976944444444445
0 0.675440625 0.8573736111111111 0.012339583333333333 0.018450925925925926
0 0.77448671875 0.6727518518518518 0.018765104166666668 0.02328148148148148
0 0.8259190104166667 0.7085546296296297 0.023713020833333334 0.02451666666666667
0 0.80769609375 0.7606087962962963 0.009142187500000001 0.015662037037037037
0 0.8325109375 0.5189768518518518 0.019188541666666666 0.028694444444444443
0 0.7897450520833333 0.5251421296296296 0.010740104166666665 0.016950925925925925
0 0.8222580729166666 0.2806574074074074 0.021599479166666664 0.053907407407407404
0 0.9688973958333332 0.34898564814814814 0.008628124999999999 0.02204537037037037
0 0.9509549479166667 0.40626064814814816 0.009201562500000001 0.01807685185185185
0 0.9673885416666667 0.4179046296296296 0.00769375 0.02655
0 0.9678182291666667 0.4726842592592593 0.0075114583333333335 0.021294444444444446
0 0.9827033854166667 0.5419800925925925 0.008115104166666666 0.022849074074074074
0 0.74236484375 0.913186574074074 0.010771354166666667 0.009706481481481483
0 0.4730921875 0.7727814814814815 0.03472604166666667 0.01593333333333333
0 0.8972161458333333 0.2636462962962963 0.017348958333333334 0.038403703703703704
0 0.66881484375 0.1152763888888889 0.007421354166666667 0.024997222222222223
0 0.6781236979166666 0.7518703703703703 0.0041640625 0.02225925925925926
0 0.6924505208333334 0.9377842592592592 0.0036510416666666666 0.012605555555555556
1 0.49973958333333335 0.5375 0.9994791666666667 0.9231481481481482
0 0.05078125 0.5361111111111111 0.022395833333333334 0.05185185185185185
0 0.1875 0.4101851851851852 0.010416666666666666 0.03888888888888889
0 0.12057291666666667 0.8222222222222222 0.0171875 0.04814814814814815
0 0.121875 0.7796296296296297 0.016666666666666666 0.03518518518518519
0 0.05572916666666667 0.8935185185185185 0.014583333333333334 0.025925925925925925
0 0.017447916666666667 0.812962962962963 0.0078125 0.03333333333333333
0 0.09947916666666666 0.8875 0.008333333333333333 0.01574074074074074
0 0.12057291666666667 0.8810185185185185 0.0203125 0.03425925925925926
0 0.18098958333333334 0.7273148148148149 0.0203125 0.05648148148148148
0 0.17473958333333334 0.5708333333333333 0.009895833333333333 0.023148148148148147
0 0.19505208333333332 0.6560185185185186 0.013020833333333334 0.026851851851851852
0 0.22786458333333334 0.7569444444444444 0.009895833333333333 0.032407407407407406
0 0.13385416666666666 0.8518518518518519 0.00625 0.03333333333333333
0 0.284375 0.7962962962962963 0.0125 0.02962962962962963
0 0.25338541666666664 0.9180555555555555 0.0109375 0.017592592592592594
0 0.0078125 0.9361111111111111 0.005208333333333333 0.012962962962962963
0 0.012760416666666666 0.9884259259259259 0.005729166666666666 0.021296296296296296
0 0.12630208333333334 0.6981481481481482 0.015104166666666667 0.012962962962962963
0 0.31536458333333334 0.6439814814814815 0.0203125 0.03796296296296296
0 0.35859375 0.6606481481481481 0.013020833333333334 0.021296296296296296
0 0.37161458333333336 0.6171296296296296 0.013020833333333334 0.023148148148148147
0 0.3971354166666667 0.35648148148148145 0.009895833333333333 0.012962962962962963
0 0.40572916666666664 0.7939814814814815 0.028125 0.028703703703703703
0 0.41432291666666665 0.7648148148148148 0.013020833333333334 0.018518518518518517
0 0.3924479166666667 0.7513888888888889 0.0078125 0.025
0 0.3263020833333333 0.8958333333333334 0.009895833333333333 0.021296296296296296
0 0.3796875 0.8694444444444445 0.007291666666666667 0.022222222222222223
0 0.5065104166666666 0.9342592592592592 0.09114583333333333 0.07407407407407407
0 0.47317708333333336 0.9407407407407408 0.022395833333333334 0.025925925925925925
0 0.5221354166666666 0.9685185185185186 0.015104166666666667 0.022222222222222223
0 0.5565104166666667 0.9101851851851852 0.0171875 0.020370370370370372
0 0.525 0.725 0.011458333333333333 0.018518518518518517
0 0.5661458333333333 0.6347222222222222 0.011458333333333333 0.01574074074074074
0 0.44375 0.7379629629629629 0.009375 0.016666666666666666
0 0.46953125 0.7171296296296297 0.0067708333333333336 0.01574074074074074
0 0.009895833333333333 0.2986111111111111 0.007291666666666667 0.01574074074074074
0 0.05755208333333333 0.24074074074074073 0.005729166666666666 0.012962962962962963
0 0.13151041666666666 0.3023148148148148 0.008854166666666666 0.01574074074074074
0 0.3106770833333333 0.2152777777777778 0.0046875 0.01574074074074074
0 0.5614583333333333 0.5361111111111111 0.00625 0.025925925925925925
0 0.7330729166666666 0.16064814814814815 0.025520833333333333 0.041666666666666664
0 0.6916666666666667 0.4263888888888889 0.03958333333333333 0.03611111111111111
0 0.740625 0.6277777777777778 0.008333333333333333 0.012962962962962963
0 0.76875 0.6199074074074075 0.021875 0.041666666666666664
0 0.740625 0.5592592592592592 0.015625 0.025925925925925925
0 0.6682291666666667 0.7486111111111111 0.01875 0.03981481481481482
0 0.7330729166666666 0.775 0.009895833333333333 0.014814814814814815
0 0.7328125 0.8388888888888889 0.008333333333333333 0.024074074074074074
0 0.7619791666666667 0.8435185185185186 0.0125 0.020370370370370372
0 0.7583333333333333 0.8023148148148148 0.007291666666666667 0.013888888888888888
0 0.7614583333333333 0.7689814814814815 0.011458333333333333 0.026851851851851852
0 0.7794270833333333 0.7388888888888889 0.015104166666666667 0.02962962962962963
0 0.778125 0.22361111111111112 0.011458333333333333 0.030555555555555555
0 0.7078125 0.20324074074074075 0.0125 0.017592592592592594
0 0.78671875 0.4148148148148148 0.0171875 0.025925925925925925
0 0.8416666666666667 0.39537037037037037 0.022916666666666665 0.02962962962962963
0 0.828125 0.33796296296296297 0.009375 0.016666666666666666
0 0.8291666666666667 0.5847222222222223 0.01875 0.026851851851851852
0 0.78828125 0.5648148148148148 0.009895833333333333 0.018518518518518517
0 0.7947916666666667 0.8157407407407408 0.019791666666666666 0.05555555555555555
0 0.9471354166666667 0.7935185185185185 0.0078125 0.022222222222222223
0 0.9354166666666667 0.7310185185185185 0.008333333333333333 0.019444444444444445
0 0.9518229166666666 0.725 0.008854166666666666 0.025925925925925925
0 0.95859375 0.6717592592592593 0.0078125 0.021296296296296296
0 0.9786458333333333 0.6074074074074074 0.007291666666666667 0.024074074074074074
0 0.77890625 0.1675925925925926 0.0109375 0.007407407407407408
0 0.5005208333333333 0.22268518518518518 0.03333333333333333 0.023148148148148147
0 0.8677083333333333 0.8555555555555555 0.017708333333333333 0.037037037037037035
0 0.9833333333333333 0.875 0.010416666666666666 0.024074074074074074
0 0.6291666666666667 0.9310185185185185 0.00625 0.026851851851851852
0 0.6994791666666667 0.30694444444444446 0.005208333333333333 0.021296296296296296
0 0.7322916666666667 0.12777777777777777 0.004166666666666667 0.012962962962962963
1 0.5 0.46426527777777776 1.0 0.9285305555555555
0 0.05067526041666667 0.5189722222222223 0.021142187500000003 0.052759259259259256
0 0.19183020833333334 0.6279240740740741 0.01074375 0.039181481481481484
0 0.10904505208333333 0.2252537037037037 0.018090104166666666 0.04680370370370371
0 0.11168645833333332 0.26789537037037037 0.016081250000000002 0.03579074074074074
0 0.04137630208333333 0.16242546296296295 0.014002604166666667 0.026702777777777777
0 0.006713020833333333 0.24750462962962963 0.0071760416666666665 0.03389814814814815
0 0.08535208333333334 0.16299768518518518 0.008204166666666667 0.01673611111111111
0 0.10657057291666666 0.1671310185185185 0.019391145833333335 0.03611388888888889
0 0.17281328124999998 0.31226990740740745 0.0206265625 0.0560212962962963
0 0.17323229166666668 0.46975 0.01000625 0.022833333333333334
0 0.18943411458333334 0.38149212962962964 0.013243229166666667 0.025947222222222222
0 0.21804739583333335 0.27727546296296296 0.010053125 0.0323287037037037
0 0.12081354166666666 0.19446851851851854 0.0072520833333333335 0.033381481481481484
0 0.2732041666666667 0.23068101851851852 0.012033333333333333 0.029880555555555556
0 0.23747447916666667 0.11385648148148149 0.010365625 0.018453703703703705
0 0.119228125 0.34933842592592595 0.015539583333333332 0.011639814814814815
0 0.3102526041666666 0.37919583333333334 0.019463541666666664 0.03987314814814815
0 0.35228619791666665 0.3569509259259259 0.012905729166666666 0.021309259259259257
0 0.36765000000000003 0.3985828703703704 0.013425 0.023091666666666667
0 0.40324609375 0.6558625 0.0096171875 0.013576851851851852
0 0.39449088541666666 0.21889259259259258 0.028565104166666667 0.030377777777777778
0 0.40439296874999997 0.24643518518518517 0.012952604166666666 0.018796296296296297
0 0.3827981770833333 0.26269583333333335 0.007263020833333333 0.025391666666666667
0 0.31148880208333335 0.12655694444444446 0.0094359375 0.021632407407407406
0 0.3654041666666667 0.14620462962962963 0.007891666666666667 0.02203888888888889
0 0.48917005208333336 0.0685412037037037 0.09084010416666667 0.07411944444444445
0 0.45558671875 0.06471851851851852 0.022631770833333335 0.025733333333333334
0 0.5034033854166666 0.029828703703703708 0.015140104166666666 0.02262037037037037
0 0.54056171875 0.08470833333333333 0.017581770833333333 0.019416666666666665
0 0.5160955729166666 0.27203796296296295 0.0113578125 0.01815
0 0.5605299479166667 0.35689305555555556 0.011684895833333332 0.01563796296296296
0 0.4344125 0.26926249999999996 0.009449999999999998 0.016302777777777777
0 0.4611895833333334 0.28744861111111114 0.006754166666666667 0.01563796296296296
0 0.019407291666666666 0.761361111111111 0.007564583333333333 0.015314814814814814
0 0.0685734375 0.8139699074074074 0.005896874999999999 0.013125000000000001
0 0.14033567708333333 0.7420458333333333 0.008796354166666666 0.015573148148148147
0 0.32234765625 0.8079805555555556 0.005111979166666667 0.01596111111111111
0 0.5597307291666667 0.45635324074074074 0.006961458333333333 0.025669444444444443
0 0.7455903645833334 0.8087884259259259 0.0245140625 0.04350277777777777
0 0.6943013020833334 0.5506236111111111 0.040685937500000005 0.032728703703703704
0 0.735121875 0.3426736111111111 0.008785416666666665 0.013125000000000001
0 0.7636117187499999 0.3466560185185185 0.023056770833333334 0.039608333333333336
0 0.7375536458333334 0.41152083333333334 0.015732291666666665 0.02489351851851852
0 0.6578502604166666 0.2316375 0.0198671875 0.03920092592592593
0 0.7218932291666668 0.19681666666666667 0.010453125 0.014003703703703704
0 0.7189760416666666 0.1331101851851852 0.008785416666666665 0.02362777777777778
0 0.7477802083333334 0.1244263888888889 0.01326875 0.01922314814814815
0 0.7458789062500001 0.16608981481481483 0.0073828125000000005 0.01366111111111111
0 0.7502708333333333 0.19924583333333332 0.010958333333333332 0.026269444444444442
0 0.76933125 0.2270740740740741 0.014704166666666666 0.030074074074074073
0 0.7884247395833334 0.7412310185185185 0.012266145833333332 0.03061018518518518
0 0.7188075520833334 0.770273611111111 0.012615104166666667 0.018325
0 0.7894776041666667 0.5494944444444444 0.016455208333333336 0.026766666666666668
0 0.8450666666666666 0.5620115740740741 0.022424999999999997 0.03143055555555556
0 0.8338609375 0.6206407407407407 0.009388541666666667 0.017207407407407407
0 0.8253526041666667 0.37473055555555557 0.018413541666666665 0.02723888888888889
0 0.7849442708333334 0.3993097222222222 0.009471875 0.018989814814814814
0 0.7809049479166668 0.14757453703703705 0.020143229166666665 0.05626018518518519
0 0.9341596354166666 0.1517925925925926 0.007902604166666667 0.022103703703703705
0 0.92513515625 0.2155125 0.008603645833333333 0.01991388888888889
0 0.9416315104166666 0.21921898148148147 0.009304687499999999 0.025475
0 0.9505596354166667 0.27166851851851853 0.0084109375 0.021114814814814812
0 0.9730111979166666 0.3335625 0.007480729166666667 0.02453240740740741
0 0.79139296875 0.7972453703703704 0.0109109375 0.007453703703703705
0 0.51155703125 0.7761560185185186 0.0324890625 0.02638611111111111
0 0.85260078125 0.09956712962962963 0.0177015625 0.03617129629629629
0 0.9675380208333333 0.06615277777777777 0.011117708333333334 0.023046296296296297
0 0.6122380208333333 0.054424537037037035 0.005726041666666667 0.027367592592592593
0 0.7065526041666667 0.6677712962962963 0.005813541666666667 0.020727777777777776
0 0.74643984375 0.8426092592592593 0.0043380208333333335 0.012996296296296296
