1 0.5002604166666667 0.5314814814814814 0.9994791666666667 0.937037037037037
0 0.2265625 0.11990740740740741 0.004166666666666667 0.004629629629629629
0 0.2265625 0.12268518518518519 0.004166666666666667 0.012037037037037037
0 0.23619791666666667 0.16203703703703703 0.008854166666666666 0.014814814814814815
0 0.15260416666666668 0.2550925925925926 0.005208333333333333 0.026851851851851852
0 0.004427083333333333 0.3277777777777778 0.008854166666666666 0.022222222222222223
0 0.04114583333333333 0.3773148148148148 0.008333333333333333 0.03981481481481482
0 0.18645833333333334 0.35138888888888886 0.00625 0.026851851851851852
0 0.2234375 0.33287037037037037 0.00625 0.010185185185185186
0 0.12942708333333333 0.44074074074074077 0.013020833333333334 0.04259259259259259
0 0.1671875 0.48333333333333334 0.011458333333333333 0.022222222222222223
0 0.0828125 0.5222222222222223 0.007291666666666667 0.014814814814814815
0 0.1328125 0.6078703703703704 0.013541666666666667 0.03981481481481482
0 0.10859375 0.7185185185185186 0.018229166666666668 0.053703703703703705
0 0.03411458333333333 0.6935185185185185 0.009895833333333333 0.037037037037037035
0 0.025520833333333333 0.8018518518518518 0.007291666666666667 0.027777777777777776
0 0.054947916666666666 0.8425925925925926 0.0046875 0.011111111111111112
0 0.19244791666666666 0.9004629629629629 0.013020833333333334 0.032407407407407406
0 0.16328125 0.9518518518518518 0.0067708333333333336 0.012962962962962963
0 0.17395833333333333 0.975925925925926 0.004166666666666667 0.009259259259259259
0 0.3338541666666667 0.5421296296296296 0.030208333333333334 0.05648148148148148
0 0.31692708333333336 0.7143518518518519 0.021354166666666667 0.049074074074074076
0 0.34869791666666666 0.40370370370370373 0.0046875 0.007407407407407408
0 0.4356770833333333 0.3060185185185185 0.016145833333333335 0.032407407407407406
0 0.328125 0.2935185185185185 0.005208333333333333 0.014814814814814815
0 0.5104166666666666 0.2263888888888889 0.017708333333333333 0.06944444444444445
0 0.4440104166666667 0.2564814814814815 0.0234375 0.018518518518518517
0 0.4630208333333333 0.32222222222222224 0.040625 0.1259259259259259
0 0.44505208333333335 0.23425925925925925 0.0036458333333333334 0.03333333333333333
0 0.49322916666666666 0.6787037037037037 0.021875 0.053703703703703705
0 0.38984375 0.7611111111111111 0.008854166666666666 0.016666666666666666
0 0.40390625 0.8074074074074075 0.009895833333333333 0.020370370370370372
0 0.41328125 0.8444444444444444 0.005729166666666666 0.016666666666666666
0 0.4421875 0.9861111111111112 0.021875 0.014814814814814815
0 0.4322916666666667 0.9273148148148148 0.00625 0.010185185185185186
0 0.5705729166666667 0.8138888888888889 0.0046875 0.009259259259259259
0 0.578125 0.7708333333333334 0.009375 0.017592592592592594
0 0.5067708333333333 0.787962962962963 0.01875 0.03148148148148148
0 0.5119791666666667 0.7736111111111111 0.01875 0.023148148148148147
0 0.5263020833333333 0.7587962962962963 0.0078125 0.021296296296296296
0 0.8046875 0.9884259259259259 0.013541666666666667 0.021296296296296296
0 0.7973958333333333 0.9583333333333334 0.00625 0.012962962962962963
0 0.7411458333333333 0.9546296296296296 0.013541666666666667 0.03888888888888889
0 0.7135416666666666 0.9342592592592592 0.025 0.018518518518518517
0 0.7427083333333333 0.8148148148148148 0.03333333333333333 0.06296296296296296
0 0.64609375 0.6671296296296296 0.025520833333333333 0.03611111111111111
0 0.8046875 0.8074074074074075 0.013541666666666667 0.016666666666666666
0 0.8450520833333334 0.961574074074074 0.0067708333333333336 0.01574074074074074
0 0.8520833333333333 0.7893518518518519 0.005208333333333333 0.021296296296296296
0 0.62578125 0.27175925925925926 0.0067708333333333336 0.019444444444444445
0 0.4744791666666667 0.13425925925925927 0.003125 0.014814814814814815
0 0.8700520833333333 0.4111111111111111 0.005729166666666666 0.040740740740740744
0 0.6544270833333333 0.23796296296296296 0.0046875 0.05185185185185185
0 0.909375 0.4703703703703704 0.007291666666666667 0.014814814814814815
0 0.9109375 0.4388888888888889 0.00625 0.027777777777777776
0 0.62265625 0.5541666666666667 0.0067708333333333336 0.013888888888888888
0 0.9505208333333334 0.6175925925925926 0.0125 0.04259259259259259
0 0.9434895833333333 0.5472222222222223 0.008854166666666666 0.022222222222222223
0 0.9244791666666666 0.4689814814814815 0.00625 0.010185185185185186
0 0.9713541666666666 0.7064814814814815 0.007291666666666667 0.027777777777777776
0 0.90546875 0.6805555555555556 0.0109375 0.03148148148148148
0 0.98828125 0.6949074074074074 0.005729166666666666 0.01574074074074074
0 0.9927083333333333 0.662962962962963 0.013541666666666667 0.040740740740740744
0 0.9559895833333333 0.41712962962962963 0.0046875 0.010185185185185186
0 0.9440104166666666 0.47314814814814815 0.0078125 0.020370370370370372
0 0.4549479166666667 0.47685185185185186 0.005729166666666666 0.011111111111111112
0 0.66796875 0.3351851851851852 0.0359375 0.037037037037037035
0 0.6776041666666667 0.3837962962962963 0.011458333333333333 0.01574074074074074
0 0.68203125 0.36944444444444446 0.021354166666666667 0.040740740740740744
1 0.5 0.4698689814814815 1.0 0.939737962962963
0 0.21206484374999998 0.8455694444444445 0.0043380208333333335 0.004101851851851851
0 0.21221015624999998 0.8430407407407408 0.004628645833333334 0.012007407407407408
0 0.2236872395833333 0.8042023148148149 0.0088328125 0.015812037037037038
0 0.14377395833333334 0.7015824074074074 0.004214583333333333 0.02723888888888889
0 0.00161015625 0.6074578703703704 0.0032203125 0.016767592592592594
0 0.03753828125 0.5654555555555556 0.007368229166666667 0.04017037037037037
0 0.18086692708333332 0.6095925925925926 0.006525520833333334 0.02659259259259259
0 0.21721614583333335 0.6319319444444444 0.006307291666666667 0.010160185185185185
0 0.1282484375 0.5126527777777777 0.013788541666666666 0.04197222222222222
0 0.16762161458333333 0.47497314814814817 0.011284895833333334 0.022168518518518518
0 0.08481432291666667 0.42590787037037037 0.007128645833333333 0.014778703703703704
0 0.13782864583333332 0.3469689814814815 0.014198958333333334 0.04023425925925926
0 0.11715911458333333 0.23348333333333335 0.018693229166666665 0.05215185185185185
0 0.04255078125 0.249437962962963 0.011143229166666666 0.035912962962962966
0 0.03855703125 0.14048101851851852 0.0083640625 0.027258333333333332
0 0.06954375 0.1034962962962963 0.0047125 0.010696296296296296
0 0.20878984375 0.06258981481481482 0.012371354166666666 0.03258703703703704
0 0.18216822916666667 0.008252777777777777 0.007044791666666666 0.012801851851851852
0 0.3359369791666667 0.43746342592592596 0.030207291666666667 0.05640833333333333
0 0.3260890625 0.2638078703703704 0.020928125000000002 0.04798611111111111
0 0.3451372395833333 0.577036574074074 0.0048578125 0.007776851851851851
0 0.4282203125 0.6855439814814815 0.015815625 0.032199074074074074
0 0.32062708333333334 0.6851671296296297 0.004795833333333333 0.014778703703703704
0 0.49936067708333337 0.7739787037037037 0.0164296875 0.07017962962962963
0 0.43471588541666667 0.7361101851851852 0.0235984375 0.016664814814814816
0 0.4563153645833333 0.6724569444444445 0.04492239583333334 0.12083981481481482
0 0.4347640625 0.7582925925925926 0.004944791666666667 0.03325185185185185
0 0.5004276041666667 0.32129537037037037 0.022730208333333335 0.05370185185185185
0 0.40026770833333336 0.22619629629629628 0.00886875 0.017207407407407407
0 0.4161640625 0.18135972222222224 0.010453125 0.02012685185185185
0 0.42708854166666665 0.14601759259259262 0.006260416666666667 0.01610925925925926
0 0.4614861979166667 0.008760185185185185 0.021930729166666666 0.013816666666666668
0 0.4490778645833334 0.06536203703703704 0.0064890625 0.010353703703703704
0 0.5825828125 0.1955851851851852 0.004748958333333333 0.00968888888888889
0 0.5885666666666667 0.2390722222222222 0.009425 0.017033333333333334
0 0.5182971354166667 0.21359212962962962 0.0188859375 0.030887962962962964
0 0.5229846354166666 0.22920324074074075 0.0188859375 0.023221296296296295
0 0.5364911458333333 0.24520462962962966 0.0073572916666666665 0.021890740740740742
0 0.8228093750000001 0.04999537037037037 0.013327083333333333 0.022212962962962962
0 0.81452109375 0.07967824074074073 0.006125520833333333 0.013060185185185185
0 0.7582682291666667 0.07661064814814814 0.014453125 0.03840648148148148
0 0.7299598958333333 0.09343240740740741 0.024503125 0.02019814814814815
0 0.7544953125 0.21613796296296298 0.035032291666666666 0.06190555555555556
0 0.6524216145833334 0.3520875 0.0256765625 0.03750833333333333
0 0.81575390625 0.23124583333333332 0.013799479166666666 0.01804722222222222
0 0.86243125 0.08189305555555557 0.007154166666666667 0.01563796296296296
0 0.86229375 0.2553898148148148 0.004795833333333333 0.021890740740740742
0 0.61655546875 0.7432902777777778 0.006027604166666667 0.01991388888888889
0 0.4600372395833333 0.8619222222222221 0.0034078125000000003 0.014585185185185185
0 0.8657755208333333 0.6343712962962963 0.006551041666666666 0.040964814814814815
0 0.6438539062499999 0.7805569444444445 0.004374479166666666 0.05185462962962963
0 0.9070466145833334 0.5799023148148148 0.0068015624999999994 0.015360185185185183
0 0.9077018229166666 0.6119708333333334 0.007070312499999999 0.02764537037037037
0 0.62456796875 0.46146018518518517 0.0064276041666666665 0.01366111111111111
0 0.9540666666666666 0.4386111111111111 0.013341666666666667 0.04203703703703703
0 0.94435703125 0.5076708333333333 0.008505729166666667 0.022749074074074074
0 0.9224609375 0.5831486111111112 0.006380208333333333 0.010741666666666667
0 0.97835234375 0.3527439814814815 0.007746354166666666 0.027710185185185185
0 0.91170546875 0.3701060185185185 0.0109109375 0.03095277777777778
0 0.99477265625 0.36644305555555556 0.0051703124999999996 0.016219444444444443
0 0.9952325520833334 0.3980337962962963 0.009215104166666667 0.040512037037037034
0 0.9517263020833333 0.6391458333333334 0.004494270833333333 0.009773148148148147
0 0.9419119791666667 0.5821240740740741 0.0077822916666666665 0.019803703703703705
0 0.4543291666666667 0.5176759259259259 0.005533333333333334 0.011277777777777777
0 0.6612510416666667 0.6869166666666666 0.03708541666666666 0.034944444444444445
0 0.6728664062499999 0.6377069444444444 0.0113578125 0.01615462962962963
0 0.6766393229166667 0.6530953703703704 0.022028645833333336 0.03952407407407407
1 0.5 0.5218328703703704 1.0 0.9566287037037038
0 0.8006817708333334 0.1915916666666667 0.004488541666666667 0.003553703703703704
0 0.80045078125 0.19392268518518518 0.005068229166666666 0.011919444444444444
0 0.7871966145833333 0.23058842592592593 0.008768229166666667 0.016732407407407408
0 0.86284296875 0.3433759259259259 0.0038109375 0.027492592592592593
0 0.9639822916666667 0.49238703703703707 0.0071312500000000004 0.040329629629629625
0 0.8223841145833333 0.43069444444444444 0.007268229166666667 0.026203703703703705
0 0.7870213541666666 0.40411712962962965 0.006334375000000001 0.010086111111111112
0 0.8714114583333333 0.5335365740740741 0.014697916666666666 0.041147222222222224
0 0.8311174479166666 0.5665583333333334 0.011193229166666667 0.022005555555555553
0 0.9114187499999999 0.6249277777777777 0.0072125 0.01467037037037037
0 0.8553101562500001 0.6980069444444444 0.014786979166666665 0.04045833333333333
0 0.8720333333333333 0.8140620370370371 0.019066666666666666 0.0503462962962963
0 0.9462723958333333 0.8071222222222222 0.012336458333333333 0.034614814814814814
0 0.9463643229166667 0.9160805555555556 0.009395312500000001 0.026605555555555556
0 0.913815625 0.9495592592592591 0.004714583333333333 0.01022962962962963
0 0.7735393229166667 0.9718592592592592 0.011661979166666666 0.03260740740740741
0 0.6608630208333334 0.5817342592592593 0.030059375 0.05606111111111111
0 0.6641059895833333 0.7568361111111112 0.0209203125 0.04700555555555556
0 0.6571895833333333 0.4420171296296296 0.005004166666666667 0.008108333333333334
0 0.57905859375 0.3236393518518519 0.015408854166666668 0.03246388888888889
0 0.6866234375 0.33789074074074077 0.004496875 0.01467037037037037
0 0.5122231770833333 0.22695324074074075 0.015071354166666667 0.07057314814814815
0 0.5743221354166667 0.27218009259259257 0.02364427083333333 0.014730555555555556
0 0.5506463541666666 0.33350833333333335 0.049209375 0.11516481481481482
0 0.5749848958333333 0.24983796296296296 0.006219791666666667 0.03300925925925926
0 0.49257083333333335 0.6776453703703703 0.023683333333333334 0.05343888888888889
0 0.5882744791666668 0.7856837962962963 0.008840625 0.017663888888888892
0 0.5711046875 0.8274851851851851 0.010959375 0.019785185185185183
0 0.5585888020833334 0.8623662037037038 0.0067609375 0.015473148148148147
0 0.5192731770833333 0.993499537037037 0.0218796875 0.012924999999999999
0 0.5335565104166666 0.9404212962962962 0.006696354166666666 0.010472222222222223
0 0.40551848958333336 0.793924537037037 0.004786979166666667 0.010071296296296297
0 0.40158932291666666 0.7489361111111111 0.009428645833333334 0.016390740740740744
0 0.470615625 0.7826648148148149 0.019356250000000002 0.030144444444444442
0 0.4662359375 0.7671458333333334 0.01893020833333333 0.023180555555555555
0 0.45350156249999996 0.7491518518518518 0.007003125 0.022377777777777778
0 0.16016953125000002 0.9087333333333334 0.013047395833333333 0.02302222222222222
0 0.1701734375 0.8796953703703704 0.005971875 0.013094444444444443
0 0.22535546875 0.8901648148148149 0.015294270833333333 0.037737037037037034
0 0.25465182291666666 0.8770930555555555 0.023886979166666666 0.02270462962962963
0 0.23494713541666667 0.7515694444444445 0.0365609375 0.0605462962962963
0 0.3420203125 0.6286208333333333 0.025707291666666666 0.038723148148148145
0 0.17418229166666668 0.7291143518518518 0.013989583333333333 0.019339814814814817
0 0.12250104166666667 0.8716180555555555 0.007502083333333334 0.015458333333333334
0 0.12926354166666668 0.6991518518518518 0.004360416666666667 0.022377777777777778
0 0.39328463541666664 0.2434763888888889 0.005319270833333333 0.02028611111111111
0 0.5544414062499999 0.14417916666666666 0.0036744791666666666 0.014284259259259259
0 0.14012864583333334 0.32049444444444447 0.007340625 0.04098888888888889
0 0.36807838541666665 0.20265416666666666 0.004906770833333333 0.051604629629629625
0 0.09688932291666667 0.36995231481481483 0.006278645833333333 0.015830555555555556
0 0.09819895833333334 0.3377634259259259 0.00785625 0.027378703703703704
0 0.37448489583333333 0.523350462962963 0.006261458333333333 0.013367592592592592
0 0.04507994791666667 0.5039712962962963 0.014118229166666666 0.04127592592592593
0 0.05666197916666667 0.4375087962962963 0.008115625 0.02316574074074074
0 0.08188541666666667 0.3648824074074074 0.006479166666666666 0.011246296296296298
0 0.016581510416666667 0.5878277777777778 0.008163020833333333 0.027507407407407408
0 0.083540625 0.578099537037037 0.010831249999999999 0.03027314814814815
0 0.00182109375 0.5721981481481482 0.0036421875 0.01661851851851852
0 0.0033794270833333332 0.5402958333333333 0.0067588541666666665 0.03985092592592593
0 0.05481223958333333 0.3055824074074074 0.004416145833333333 0.009312962962962962
0 0.06245104166666667 0.36327453703703705 0.008235416666666667 0.019141666666666664
0 0.5464054687500001 0.4881023148148148 0.0053109375 0.011389814814814814
0 0.346109375 0.2931925925925926 0.038052083333333334 0.03268148148148148
0 0.33323723958333334 0.3415782407407407 0.011266145833333333 0.016489814814814815
0 0.33004791666666666 0.3260018518518518 0.022595833333333332 0.039040740740740744
1 0.5002604166666667 0.5314814814814814 0.9994791666666667 0.937037037037037
0 0.2265625 0.11990740740740741 0.004166666666666667 0.004629629629629629
0 0.2265625 0.12268518518518519 0.004166666666666667 0.012037037037037037
0 0.23619791666666667 0.16203703703703703 0.008854166666666666 0.014814814814814815
0 0.15260416666666668 0.2550925925925926 0.005208333333333333 0.026851851851851852
0 0.004427083333333333 0.3277777777777778 0.008854166666666666 0.022222222222222223
0 0.04114583333333333 0.3773148148148148 0.008333333333333333 0.03981481481481482
0 0.18645833333333334 0.35138888888888886 0.00625 0.026851851851851852
0 0.2234375 0.33287037037037037 0.00625 0.010185185185185186
0 0.12942708333333333 0.44074074074074077 0.013020833333333334 0.04259259259259259
0 0.1671875 0.48333333333333334 0.011458333333333333 0.022222222222222223
0 0.0828125 0.5222222222222223 0.007291666666666667 0.014814814814814815
0 0.1328125 0.6078703703703704 0.013541666666666667 0.03981481481481482
0 0.10859375 0.7185185185185186 0.018229166666666668 0.053703703703703705
0 0.03411458333333333 0.6935185185185185 0.009895833333333333 0.037037037037037035
0 0.025520833333333333 0.8018518518518518 0.007291666666666667 0.027777777777777776
0 0.054947916666666666 0.8425925925925926 0.0046875 0.011111111111111112
0 0.19244791666666666 0.9004629629629629 0.013020833333333334 0.032407407407407406
0 0.16328125 0.9518518518518518 0.0067708333333333336 0.012962962962962963
0 0.17395833333333333 0.975925925925926 0.004166666666666667 0.009259259259259259
0 0.3338541666666667 0.5421296296296296 0.030208333333333334 0.05648148148148148
0 0.31692708333333336 0.7143518518518519 0.021354166666666667 0.049074074074074076
0 0.34869791666666666 0.40370370370370373 0.0046875 0.007407407407407408
0 0.4356770833333333 0.3060185185185185 0.016145833333333335 0.032407407407407406
0 0.328125 0.2935185185185185 0.005208333333333333 0.014814814814814815
0 0.5104166666666666 0.2263888888888889 0.017708333333333333 0.06944444444444445
0 0.4440104166666667 0.2564814814814815 0.0234375 0.018518518518518517
0 0.4630208333333333 0.32222222222222224 0.040625 0.1259259259259259
0 0.44505208333333335 0.23425925925925925 0.0036458333333333334 0.03333333333333333
0 0.49322916666666666 0.6787037037037037 0.021875 0.053703703703703705
0 0.38984375 0.7611111111111111 0.008854166666666666 0.016666666666666666
0 0.40390625 0.8074074074074075 0.009895833333333333 0.020370370370370372
0 0.41328125 0.8444444444444444 0.005729166666666666 0.016666666666666666
0 0.4421875 0.9861111111111112 0.021875 0.014814814814814815
0 0.4322916666666667 0.9273148148148148 0.00625 0.010185185185185186
0 0.5705729166666667 0.8138888888888889 0.0046875 0.009259259259259259
0 0.578125 0.7708333333333334 0.009375 0.017592592592592594
0 0.5067708333333333 0.787962962962963 0.01875 0.03148148148148148
0 0.5119791666666667 0.7736111111111111 0.01875 0.023148148148148147
0 0.5263020833333333 0.7587962962962963 0.0078125 0.021296296296296296
0 0.8046875 0.9884259259259259 0.013541666666666667 0.021296296296296296
0 0.7973958333333333 0.9583333333333334 0.00625 0.012962962962962963
0 0.7411458333333333 0.9546296296296296 0.013541666666666667 0.03888888888888889
0 0.7135416666666666 0.9342592592592592 0.025 0.018518518518518517
0 0.7427083333333333 0.8148148148148148 0.03333333333333333 0.06296296296296296
0 0.64609375 0.6671296296296296 0.025520833333333333 0.03611111111111111
0 0.8046875 0.8074074074074075 0.013541666666666667 0.016666666666666666
0 0.8450520833333334 0.961574074074074 0.0067708333333333336 0.01574074074074074
0 0.8520833333333333 0.7893518518518519 0.005208333333333333 0.021296296296296296
0 0.62578125 0.27175925925925926 0.0067708333333333336 0.019444444444444445
0 0.4744791666666667 0.13425925925925927 0.003125 0.014814814814814815
0 0.8700520833333333 0.4111111111111111 0.005729166666666666 0.040740740740740744
0 0.6544270833333333 0.23796296296296296 0.0046875 0.05185185185185185
0 0.909375 0.4703703703703704 0.007291666666666667 0.014814814814814815
0 0.9109375 0.4388888888888889 0.00625 0.027777777777777776
0 0.62265625 0.5541666666666667 0.0067708333333333336 0.013888888888888888
0 0.9505208333333334 0.6175925925925926 0.0125 0.04259259259259259
0 0.9434895833333333 0.5472222222222223 0.008854166666666666 0.022222222222222223
0 0.9244791666666666 0.4689814814814815 0.00625 0.010185185185185186
0 0.9713541666666666 0.7064814814814815 0.007291666666666667 0.027777777777777776
0 0.90546875 0.6805555555555556 0.0109375 0.03148148148148148
0 0.98828125 0.6949074074074074 0.005729166666666666 0.01574074074074074
0 0.9927083333333333 0.662962962962963 0.013541666666666667 0.040740740740740744
0 0.9559895833333333 0.41712962962962963 0.0046875 0.010185185185185186
0 0.9440104166666666 0.47314814814814815 0.0078125 0.020370370370370372
0 0.4549479166666667 0.47685185185185186 0.005729166666666666 0.011111111111111112
0 0.66796875 0.3351851851851852 0.0359375 0.037037037037037035
0 0.6776041666666667 0.3837962962962963 0.011458333333333333 0.01574074074074074
0 0.68203125 0.36944444444444446 0.021354166666666667 0.040740740740740744
1 0.5 0.4698689814814815 1.0 0.939737962962963
0 0.21206484374999998 0.8455694444444445 0.0043380208333333335 0.004101851851851851
0 0.21221015624999998 0.8430407407407408 0.004628645833333334 0.012007407407407408
0 0.2236872395833333 0.8042023148148149 0.0088328125 0.015812037037037038
0 0.14377395833333334 0.7015824074074074 0.004214583333333333 0.02723888888888889
0 0.00161015625 0.6074578703703704 0.0032203125 0.016767592592592594
0 0.03753828125 0.5654555555555556 0.007368229166666667 0.04017037037037037
0 0.18086692708333332 0.6095925925925926 0.006525520833333334 0.02659259259259259
0 0.21721614583333335 0.6319319444444444 0.006307291666666667 0.010160185185185185
0 0.1282484375 0.5126527777777777 0.013788541666666666 0.04197222222222222
0 0.16762161458333333 0.47497314814814817 0.011284895833333334 0.022168518518518518
0 0.08481432291666667 0.42590787037037037 0.007128645833333333 0.014778703703703704
0 0.13782864583333332 0.3469689814814815 0.014198958333333334 0.04023425925925926
0 0.11715911458333333 0.23348333333333335 0.018693229166666665 0.05215185185185185
0 0.04255078125 0.249437962962963 0.011143229166666666 0.035912962962962966
0 0.03855703125 0.14048101851851852 0.0083640625 0.027258333333333332
0 0.06954375 0.1034962962962963 0.0047125 0.010696296296296296
0 0.20878984375 0.06258981481481482 0.012371354166666666 0.03258703703703704
0 0.18216822916666667 0.008252777777777777 0.007044791666666666 0.012801851851851852
0 0.3359369791666667 0.43746342592592596 0.030207291666666667 0.05640833333333333
0 0.3260890625 0.2638078703703704 0.020928125000000002 0.04798611111111111
0 0.3451372395833333 0.577036574074074 0.0048578125 0.007776851851851851
0 0.4282203125 0.6855439814814815 0.015815625 0.032199074074074074
0 0.32062708333333334 0.6851671296296297 0.004795833333333333 0.014778703703703704
0 0.49936067708333337 0.7739787037037037 0.0164296875 0.07017962962962963
0 0.43471588541666667 0.7361101851851852 0.0235984375 0.016664814814814816
0 0.4563153645833333 0.6724569444444445 0.04492239583333334 0.12083981481481482
0 0.4347640625 0.7582925925925926 0.004944791666666667 0.03325185185185185
0 0.5004276041666667 0.32129537037037037 0.022730208333333335 0.05370185185185185
0 0.40026770833333336 0.22619629629629628 0.00886875 0.017207407407407407
0 0.4161640625 0.18135972222222224 0.010453125 0.02012685185185185
0 0.42708854166666665 0.14601759259259262 0.006260416666666667 0.01610925925925926
0 0.4614861979166667 0.008760185185185185 0.021930729166666666 0.013816666666666668
0 0.4490778645833334 0.06536203703703704 0.0064890625 0.010353703703703704
0 0.5825828125 0.1955851851851852 0.004748958333333333 0.00968888888888889
0 0.5885666666666667 0.2390722222222222 0.009425 0.017033333333333334
0 0.5182971354166667 0.21359212962962962 0.0188859375 0.030887962962962964
0 0.5229846354166666 0.22920324074074075 0.0188859375 0.023221296296296295
0 0.5364911458333333 0.24520462962962966 0.0073572916666666665 0.021890740740740742
0 0.8228093750000001 0.04999537037037037 0.013327083333333333 0.022212962962962962
0 0.81452109375 0.07967824074074073 0.006125520833333333 0.013060185185185185
0 0.7582682291666667 0.07661064814814814 0.014453125 0.03840648148148148
0 0.7299598958333333 0.09343240740740741 0.024503125 0.02019814814814815
0 0.7544953125 0.21613796296296298 0.035032291666666666 0.06190555555555556
0 0.6524216145833334 0.3520875 0.0256765625 0.03750833333333333
0 0.81575390625 0.23124583333333332 0.013799479166666666 0.01804722222222222
0 0.86243125 0.08189305555555557 0.007154166666666667 0.01563796296296296
0 0.86229375 0.2553898148148148 0.004795833333333333 0.021890740740740742
0 0.61655546875 0.7432902777777778 0.006027604166666667 0.01991388888888889
0 0.4600372395833333 0.8619222222222221 0.0034078125000000003 0.014585185185185185
0 0.8657755208333333 0.6343712962962963 0.006551041666666666 0.040964814814814815
0 0.6438539062499999 0.7805569444444445 0.004374479166666666 0.05185462962962963
0 0.9070466145833334 0.5799023148148148 0.0068015624999999994 0.015360185185185183
0 0.9077018229166666 0.6119708333333334 0.007070312499999999 0.02764537037037037
0 0.62456796875 0.46146018518518517 0.0064276041666666665 0.01366111111111111
0 0.9540666666666666 0.4386111111111111 0.013341666666666667 0.04203703703703703
0 0.94435703125 0.5076708333333333 0.008505729166666667 0.022749074074074074
0 0.9224609375 0.5831486111111112 0.006380208333333333 0.010741666666666667
0 0.97835234375 0.3527439814814815 0.007746354166666666 0.027710185185185185
0 0.91170546875 0.3701060185185185 0.0109109375 0.03095277777777778
0 0.99477265625 0.36644305555555556 0.0051703124999999996 0.016219444444444443
0 0.9952325520833334 0.3980337962962963 0.009215104166666667 0.040512037037037034
0 0.9517263020833333 0.6391458333333334 0.004494270833333333 0.009773148148148147
0 0.9419119791666667 0.5821240740740741 0.0077822916666666665 0.019803703703703705
0 0.4543291666666667 0.5176759259259259 0.005533333333333334 0.011277777777777777
0 0.6612510416666667 0.6869166666666666 0.03708541666666666 0.034944444444444445
0 0.6728664062499999 0.6377069444444444 0.0113578125 0.01615462962962963
0 0.6766393229166667 0.6530953703703704 0.022028645833333336 0.03952407407407407
1 0.5 0.5218328703703704 1.0 0.9566287037037038
0 0.8006817708333334 0.1915916666666667 0.004488541666666667 0.003553703703703704
0 0.80045078125 0.19392268518518518 0.005068229166666666 0.011919444444444444
0 0.7871966145833333 0.23058842592592593 0.008768229166666667 0.016732407407407408
0 0.86284296875 0.3433759259259259 0.0038109375 0.027492592592592593
0 0.9639822916666667 0.49238703703703707 0.0071312500000000004 0.040329629629629625
0 0.8223841145833333 0.43069444444444444 0.007268229166666667 0.026203703703703705
0 0.7870213541666666 0.40411712962962965 0.006334375000000001 0.010086111111111112
0 0.8714114583333333 0.5335365740740741 0.014697916666666666 0.041147222222222224
0 0.8311174479166666 0.5665583333333334 0.011193229166666667 0.022005555555555553
0 0.9114187499999999 0.6249277777777777 0.0072125 0.01467037037037037
0 0.8553101562500001 0.6980069444444444 0.014786979166666665 0.04045833333333333
0 0.8720333333333333 0.8140620370370371 0.019066666666666666 0.0503462962962963
0 0.9462723958333333 0.8071222222222222 0.012336458333333333 0.034614814814814814
0 0.9463643229166667 0.9160805555555556 0.009395312500000001 0.026605555555555556
0 0.913815625 0.9495592592592591 0.004714583333333333 0.01022962962962963
0 0.7735393229166667 0.9718592592592592 0.011661979166666666 0.03260740740740741
0 0.6608630208333334 0.5817342592592593 0.030059375 0.05606111111111111
0 0.6641059895833333 0.7568361111111112 0.0209203125 0.04700555555555556
0 0.6571895833333333 0.4420171296296296 0.005004166666666667 0.008108333333333334
0 0.57905859375 0.3236393518518519 0.015408854166666668 0.03246388888888889
0 0.6866234375 0.33789074074074077 0.004496875 0.01467037037037037
0 0.5122231770833333 0.22695324074074075 0.015071354166666667 0.07057314814814815
0 0.5743221354166667 0.27218009259259257 0.02364427083333333 0.014730555555555556
0 0.5506463541666666 0.33350833333333335 0.049209375 0.11516481481481482
0 0.5749848958333333 0.24983796296296296 0.006219791666666667 0.03300925925925926
0 0.49257083333333335 0.6776453703703703 0.023683333333333334 0.05343888888888889
0 0.5882744791666668 0.7856837962962963 0.008840625 0.017663888888888892
0 0.5711046875 0.8274851851851851 0.010959375 0.019785185185185183
0 0.5585888020833334 0.8623662037037038 0.0067609375 0.015473148148148147
0 0.5192731770833333 0.993499537037037 0.0218796875 0.012924999999999999
0 0.5335565104166666 0.9404212962962962 0.006696354166666666 0.010472222222222223
0 0.40551848958333336 0.793924537037037 0.004786979166666667 0.010071296296296297
0 0.40158932291666666 0.7489361111111111 0.009428645833333334 0.016390740740740744
0 0.470615625 0.7826648148148149 0.019356250000000002 0.030144444444444442
0 0.4662359375 0.7671458333333334 0.01893020833333333 0.023180555555555555
0 0.45350156249999996 0.7491518518518518 0.007003125 0.022377777777777778
0 0.16016953125000002 0.9087333333333334 0.013047395833333333 0.02302222222222222
0 0.1701734375 0.8796953703703704 0.005971875 0.013094444444444443
0 0.22535546875 0.8901648148148149 0.015294270833333333 0.037737037037037034
0 0.25465182291666666 0.8770930555555555 0.023886979166666666 0.02270462962962963
0 0.23494713541666667 0.7515694444444445 0.0365609375 0.0605462962962963
0 0.3420203125 0.6286208333333333 0.025707291666666666 0.038723148148148145
0 0.17418229166666668 0.7291143518518518 0.013989583333333333 0.019339814814814817
0 0.12250104166666667 0.8716180555555555 0.007502083333333334 0.015458333333333334
0 0.12926354166666668 0.6991518518518518 0.004360416666666667 0.022377777777777778
0 0.39328463541666664 0.2434763888888889 0.005319270833333333 0.02028611111111111
0 0.5544414062499999 0.14417916666666666 0.0036744791666666666 0.014284259259259259
0 0.14012864583333334 0.32049444444444447 0.007340625 0.04098888888888889
0 0.36807838541666665 0.20265416666666666 0.004906770833333333 0.051604629629629625
0 0.09688932291666667 0.36995231481481483 0.006278645833333333 0.015830555555555556
0 0.09819895833333334 0.3377634259259259 0.00785625 0.027378703703703704
0 0.37448489583333333 0.523350462962963 0.006261458333333333 0.013367592592592592
0 0.04507994791666667 0.5039712962962963 0.014118229166666666 0.04127592592592593
0 0.05666197916666667 0.4375087962962963 0.008115625 0.02316574074074074
0 0.08188541666666667 0.3648824074074074 0.006479166666666666 0.011246296296296298
0 0.016581510416666667 0.5878277777777778 0.008163020833333333 0.027507407407407408
0 0.083540625 0.578099537037037 0.010831249999999999 0.03027314814814815
0 0.00182109375 0.5721981481481482 0.0036421875 0.01661851851851852
0 0.0033794270833333332 0.5402958333333333 0.0067588541666666665 0.03985092592592593
0 0.05481223958333333 0.3055824074074074 0.004416145833333333 0.009312962962962962
0 0.06245104166666667 0.36327453703703705 0.008235416666666667 0.019141666666666664
0 0.5464054687500001 0.4881023148148148 0.0053109375 0.011389814814814814
0 0.346109375 0.2931925925925926 0.038052083333333334 0.03268148148148148
0 0.33323723958333334 0.3415782407407407 0.011266145833333333 0.016489814814814815
0 0.33004791666666666 0.3260018518518518 0.022595833333333332 0.039040740740740744
