1 0.50115703125 0.5276842592592592 0.9981473958333333 0.9442574074074074
0 0.5853270833333333 0.4096078703703704 0.03732083333333334 0.08588240740740741
0 0.5578786458333334 0.38657546296296297 0.025132291666666664 0.06203981481481481
0 0.5810260416666666 0.3045231481481481 0.021427083333333333 0.038675925925925926
0 0.6045302083333334 0.33696712962962966 0.018435416666666666 0.051712037037037036
0 0.5269328125 0.2677685185185185 0.010115625 0.024425925925925924
0 0.6312018229166667 0.24226481481481482 0.012403645833333334 0.021566666666666668
0 0.5691361979166667 0.24124259259259256 0.009105729166666666 0.012114814814814814
0 0.7830427083333333 0.3502569444444445 0.041085416666666666 0.08384722222222223
0 0.8848374999999999 0.8300898148148148 0.015508333333333334 0.045364814814814816
0 0.3697635416666667 0.6952685185185185 0.02494375 0.06275925925925926
0 0.442628125 0.17621851851851852 0.009214583333333333 0.026511111111111114
0 0.37284687499999997 0.13182453703703703 0.010277083333333333 0.017352777777777776
0 0.4872588541666667 0.820787037037037 0.012017708333333333 0.05268518518518518
0 0.3950260416666667 0.9156574074074074 0.023385416666666665 0.09242592592592593
0 0.6183609375 0.952374537037037 0.016930208333333332 0.03993425925925926
0 0.6652419270833333 0.8763939814814815 0.009650520833333334 0.015750925925925925
0 0.38988802083333335 0.8012291666666667 0.008942708333333334 0.013569444444444443
0 0.474115625 0.5632027777777778 0.007606249999999999 0.01899814814814815
0 0.41746666666666665 0.5918393518518519 0.013058333333333333 0.017012037037037037
0 0.23001380208333336 0.6317796296296296 0.0058609375 0.01541111111111111
0 0.6032369791666666 0.4467092592592593 0.018973958333333332 0.026751851851851853
1 0.5013703125 0.5320287037037037 0.9975322916666667 0.9362796296296296
0 0.5847919270833334 0.4069592592592593 0.0372921875 0.08614074074074074
0 0.5571822916666667 0.3849791666666667 0.024781249999999998 0.06255092592592593
0 0.5789013020833333 0.3027037037037037 0.021344270833333335 0.03874074074074074
0 0.6029294270833333 0.3332421296296296 0.018358854166666667 0.05166944444444444
0 0.5244010416666667 0.2668226851851852 0.010260416666666666 0.024386111111111112
0 0.6285669270833334 0.2376208333333333 0.012342187499999999 0.021537962962962964
0 0.5665580729166667 0.23931157407407408 0.0091578125 0.011956481481481481
0 0.7815877604166667 0.3411416666666667 0.04130052083333333 0.08413518518518519
0 0.8877606770833334 0.8172222222222223 0.0151046875 0.04555555555555556
0 0.37132604166666666 0.6997069444444445 0.02494375 0.06237685185185186
0 0.43952005208333333 0.17810879629629628 0.009248437500000001 0.026587962962962963
0 0.36917317708333336 0.13563194444444443 0.010221354166666667 0.017560185185185186
0 0.49012421875 0.8218953703703704 0.011498437500000002 0.05305
0 0.3989015625 0.9185615740740741 0.022803124999999997 0.09267870370370371
0 0.6230763020833333 0.9485986111111111 0.0169859375 0.03978981481481481
0 0.6688682291666667 0.8717694444444444 0.009611458333333333 0.01576111111111111
0 0.39305234375 0.8039615740740741 0.009021354166666667 0.013478703703703705
0 0.4746565104166667 0.5640958333333332 0.007646354166666666 0.018932407407407408
0 0.41798932291666663 0.5946722222222222 0.013061979166666666 0.017122222222222223
0 0.231046875 0.6400689814814815 0.00584375 0.015323148148148148
0 0.6027046875 0.44294675925925925 0.018951041666666668 0.02663425925925926
1 0.5020833333333333 0.5481481481481482 0.9947916666666666 0.9018518518518519
0 0.5799479166666667 0.39537037037037037 0.03697916666666667 0.08703703703703704
0 0.5515625 0.3768518518518518 0.022916666666666665 0.06481481481481481
0 0.5692708333333333 0.2916666666666667 0.020833333333333332 0.03888888888888889
0 0.59522421875 0.3183537037037037 0.0185734375 0.05152222222222222
0 0.5127604166666667 0.2638888888888889 0.0109375 0.024074074074074074
0 0.6153645833333333 0.21898148148148147 0.011979166666666667 0.021296296296296296
0 0.5536458333333333 0.22962962962962963 0.009375 0.011111111111111112
0 0.7731770833333333 0.2986111111111111 0.0421875 0.08611111111111111
0 0.9020833333333333 0.7555555555555555 0.013541666666666667 0.046296296296296294
0 0.38177083333333334 0.7185185185185186 0.026041666666666668 0.06111111111111111
0 0.4244791666666667 0.1884259259259259 0.009375 0.026851851851851852
0 0.35182291666666665 0.1574074074074074 0.009895833333333333 0.018518518518518517
0 0.5057291666666667 0.8217592592592593 0.009375 0.05462962962962963
0 0.42083333333333334 0.9328703703703703 0.022916666666666665 0.09351851851851851
0 0.6450520833333333 0.9268518518518518 0.0171875 0.03888888888888889
0 0.6864583333333333 0.8439814814814814 0.009375 0.01574074074074074
0 0.4083333333333333 0.8199074074074074 0.009375 0.013888888888888888
0 0.4783854166666667 0.5675925925925925 0.0078125 0.018518518518518517
0 0.4231770833333333 0.6069444444444444 0.013020833333333334 0.017592592592592594
0 0.23932291666666666 0.6814814814814815 0.005729166666666666 0.014814814814814815
0 0.85078125 0.9944444444444445 0.0140625 0.009259259259259259
0 0.8638020833333333 0.9856481481481482 0.0078125 0.026851851851851852
0 0.5994791666666667 0.42824074074074076 0.01875 0.026851851851851852
1 0.50115703125 0.5276842592592592 0.9981473958333333 0.9442574074074074
0 0.5853270833333333 0.4096078703703704 0.03732083333333334 0.08588240740740741
0 0.5578786458333334 0.38657546296296297 0.025132291666666664 0.06203981481481481
0 0.5810260416666666 0.3045231481481481 0.021427083333333333 0.038675925925925926
0 0.6045302083333334 0.33696712962962966 0.018435416666666666 0.051712037037037036
0 0.5269328125 0.2677685185185185 0.010115625 0.024425925925925924
0 0.6312018229166667 0.24226481481481482 0.012403645833333334 0.021566666666666668
0 0.5691361979166667 0.24124259259259256 0.009105729166666666 0.012114814814814814
0 0.7830427083333333 0.3502569444444445 0.041085416666666666 0.08384722222222223
0 0.8848374999999999 0.8300898148148148 0.015508333333333334 0.045364814814814816
0 0.3697635416666667 0.6952685185185185 0.02494375 0.06275925925925926
0 0.442628125 0.17621851851851852 0.009214583333333333 0.026511111111111114
0 0.37284687499999997 0.13182453703703703 0.010277083333333333 0.017352777777777776
0 0.4872588541666667 0.820787037037037 0.012017708333333333 0.05268518518518518
0 0.3950260416666667 0.9156574074074074 0.023385416666666665 0.09242592592592593
0 0.6183609375 0.952374537037037 0.016930208333333332 0.03993425925925926
0 0.6652419270833333 0.8763939814814815 0.009650520833333334 0.015750925925925925
0 0.38988802083333335 0.8012291666666667 0.008942708333333334 0.013569444444444443
0 0.474115625 0.5632027777777778 0.007606249999999999 0.01899814814814815
0 0.41746666666666665 0.5918393518518519 0.013058333333333333 0.017012037037037037
0 0.23001380208333336 0.6317796296296296 0.0058609375 0.01541111111111111
0 0.6032369791666666 0.4467092592592593 0.018973958333333332 0.026751851851851853
1 0.5013703125 0.5320287037037037 0.9975322916666667 0.9362796296296296
0 0.5847919270833334 0.4069592592592593 0.0372921875 0.08614074074074074
0 0.5571822916666667 0.3849791666666667 0.024781249999999998 0.06255092592592593
0 0.5789013020833333 0.3027037037037037 0.021344270833333335 0.03874074074074074
0 0.6029294270833333 0.3332421296296296 0.018358854166666667 0.05166944444444444
0 0.5244010416666667 0.2668226851851852 0.010260416666666666 0.024386111111111112
0 0.6285669270833334 0.2376208333333333 0.012342187499999999 0.021537962962962964
0 0.5665580729166667 0.23931157407407408 0.0091578125 0.011956481481481481
0 0.7815877604166667 0.3411416666666667 0.04130052083333333 0.08413518518518519
0 0.8877606770833334 0.8172222222222223 0.0151046875 0.04555555555555556
0 0.37132604166666666 0.6997069444444445 0.02494375 0.06237685185185186
0 0.43952005208333333 0.17810879629629628 0.009248437500000001 0.026587962962962963
0 0.36917317708333336 0.13563194444444443 0.010221354166666667 0.017560185185185186
0 0.49012421875 0.8218953703703704 0.011498437500000002 0.05305
0 0.3989015625 0.9185615740740741 0.022803124999999997 0.09267870370370371
0 0.6230763020833333 0.9485986111111111 0.0169859375 0.03978981481481481
0 0.6688682291666667 0.8717694444444444 0.009611458333333333 0.01576111111111111
0 0.39305234375 0.8039615740740741 0.009021354166666667 0.013478703703703705
0 0.4746565104166667 0.5640958333333332 0.007646354166666666 0.018932407407407408
0 0.41798932291666663 0.5946722222222222 0.013061979166666666 0.017122222222222223
0 0.231046875 0.6400689814814815 0.00584375 0.015323148148148148
0 0.6027046875 0.44294675925925925 0.018951041666666668 0.02663425925925926
1 0.5020833333333333 0.5481481481481482 0.9947916666666666 0.9018518518518519
0 0.5799479166666667 0.39537037037037037 0.03697916666666667 0.08703703703703704
0 0.5515625 0.3768518518518518 0.022916666666666665 0.06481481481481481
0 0.5692708333333333 0.2916666666666667 0.020833333333333332 0.03888888888888889
0 0.59522421875 0.3183537037037037 0.0185734375 0.05152222222222222
0 0.5127604166666667 0.2638888888888889 0.0109375 0.024074074074074074
0 0.6153645833333333 0.21898148148148147 0.011979166666666667 0.021296296296296296
0 0.5536458333333333 0.22962962962962963 0.009375 0.011111111111111112
0 0.7731770833333333 0.2986111111111111 0.0421875 0.08611111111111111
0 0.9020833333333333 0.7555555555555555 0.013541666666666667 0.046296296296296294
0 0.38177083333333334 0.7185185185185186 0.026041666666666668 0.06111111111111111
0 0.4244791666666667 0.1884259259259259 0.009375 0.026851851851851852
0 0.35182291666666665 0.1574074074074074 0.009895833333333333 0.018518518518518517
0 0.5057291666666667 0.8217592592592593 0.009375 0.05462962962962963
0 0.42083333333333334 0.9328703703703703 0.022916666666666665 0.09351851851851851
0 0.6450520833333333 0.9268518518518518 0.0171875 0.03888888888888889
0 0.6864583333333333 0.8439814814814814 0.009375 0.01574074074074074
0 0.4083333333333333 0.8199074074074074 0.009375 0.013888888888888888
0 0.4783854166666667 0.5675925925925925 0.0078125 0.018518518518518517
0 0.4231770833333333 0.6069444444444444 0.013020833333333334 0.017592592592592594
0 0.23932291666666666 0.6814814814814815 0.005729166666666666 0.014814814814814815
0 0.85078125 0.9944444444444445 0.0140625 0.009259259259259259
0 0.8638020833333333 0.9856481481481482 0.0078125 0.026851851851851852
0 0.5994791666666667 0.42824074074074076 0.01875 0.026851851851851852
1 0.50115703125 0.5276842592592592 0.9981473958333333 0.9442574074074074
0 0.5853270833333333 0.4096078703703704 0.03732083333333334 0.08588240740740741
0 0.5578786458333334 0.38657546296296297 0.025132291666666664 0.06203981481481481
0 0.5810260416666666 0.3045231481481481 0.021427083333333333 0.038675925925925926
0 0.6045302083333334 0.33696712962962966 0.018435416666666666 0.051712037037037036
0 0.5269328125 0.2677685185185185 0.010115625 0.024425925925925924
0 0.6312018229166667 0.24226481481481482 0.012403645833333334 0.021566666666666668
0 0.5691361979166667 0.24124259259259256 0.009105729166666666 0.012114814814814814
0 0.7830427083333333 0.3502569444444445 0.041085416666666666 0.08384722222222223
0 0.8848374999999999 0.8300898148148148 0.015508333333333334 0.045364814814814816
0 0.3697635416666667 0.6952685185185185 0.02494375 0.06275925925925926
0 0.442628125 0.17621851851851852 0.009214583333333333 0.026511111111111114
0 0.37284687499999997 0.13182453703703703 0.010277083333333333 0.017352777777777776
0 0.4872588541666667 0.820787037037037 0.012017708333333333 0.05268518518518518
0 0.3950260416666667 0.9156574074074074 0.023385416666666665 0.09242592592592593
0 0.6183609375 0.952374537037037 0.016930208333333332 0.03993425925925926
0 0.6652419270833333 0.8763939814814815 0.009650520833333334 0.015750925925925925
0 0.38988802083333335 0.8012291666666667 0.008942708333333334 0.013569444444444443
0 0.474115625 0.5632027777777778 0.007606249999999999 0.01899814814814815
0 0.41746666666666665 0.5918393518518519 0.013058333333333333 0.017012037037037037
0 0.23001380208333336 0.6317796296296296 0.0058609375 0.01541111111111111
0 0.6032369791666666 0.4467092592592593 0.018973958333333332 0.026751851851851853
1 0.5013703125 0.5320287037037037 0.9975322916666667 0.9362796296296296
0 0.5847919270833334 0.4069592592592593 0.0372921875 0.08614074074074074
0 0.5571822916666667 0.3849791666666667 0.024781249999999998 0.06255092592592593
0 0.5789013020833333 0.3027037037037037 0.021344270833333335 0.03874074074074074
0 0.6029294270833333 0.3332421296296296 0.018358854166666667 0.05166944444444444
0 0.5244010416666667 0.2668226851851852 0.010260416666666666 0.024386111111111112
0 0.6285669270833334 0.2376208333333333 0.012342187499999999 0.021537962962962964
0 0.5665580729166667 0.23931157407407408 0.0091578125 0.011956481481481481
0 0.7815877604166667 0.3411416666666667 0.04130052083333333 0.08413518518518519
0 0.8877606770833334 0.8172222222222223 0.0151046875 0.04555555555555556
0 0.37132604166666666 0.6997069444444445 0.02494375 0.06237685185185186
0 0.43952005208333333 0.17810879629629628 0.009248437500000001 0.026587962962962963
0 0.36917317708333336 0.13563194444444443 0.010221354166666667 0.017560185185185186
0 0.49012421875 0.8218953703703704 0.011498437500000002 0.05305
0 0.3989015625 0.9185615740740741 0.022803124999999997 0.09267870370370371
0 0.6230763020833333 0.9485986111111111 0.0169859375 0.03978981481481481
0 0.6688682291666667 0.8717694444444444 0.009611458333333333 0.01576111111111111
0 0.39305234375 0.8039615740740741 0.009021354166666667 0.013478703703703705
0 0.4746565104166667 0.5640958333333332 0.007646354166666666 0.018932407407407408
0 0.41798932291666663 0.5946722222222222 0.013061979166666666 0.017122222222222223
0 0.231046875 0.6400689814814815 0.00584375 0.015323148148148148
0 0.6027046875 0.44294675925925925 0.018951041666666668 0.02663425925925926
1 0.5020833333333333 0.5481481481481482 0.9947916666666666 0.9018518518518519
0 0.5799479166666667 0.39537037037037037 0.03697916666666667 0.08703703703703704
0 0.5515625 0.3768518518518518 0.022916666666666665 0.06481481481481481
0 0.5692708333333333 0.2916666666666667 0.020833333333333332 0.03888888888888889
0 0.59522421875 0.3183537037037037 0.0185734375 0.05152222222222222
0 0.5127604166666667 0.2638888888888889 0.0109375 0.024074074074074074
0 0.6153645833333333 0.21898148148148147 0.011979166666666667 0.021296296296296296
0 0.5536458333333333 0.22962962962962963 0.009375 0.011111111111111112
0 0.7731770833333333 0.2986111111111111 0.0421875 0.08611111111111111
0 0.9020833333333333 0.7555555555555555 0.013541666666666667 0.046296296296296294
0 0.38177083333333334 0.7185185185185186 0.026041666666666668 0.06111111111111111
0 0.4244791666666667 0.1884259259259259 0.009375 0.026851851851851852
0 0.35182291666666665 0.1574074074074074 0.009895833333333333 0.018518518518518517
0 0.5057291666666667 0.8217592592592593 0.009375 0.05462962962962963
0 0.42083333333333334 0.9328703703703703 0.022916666666666665 0.09351851851851851
0 0.6450520833333333 0.9268518518518518 0.0171875 0.03888888888888889
0 0.6864583333333333 0.8439814814814814 0.009375 0.01574074074074074
0 0.4083333333333333 0.8199074074074074 0.009375 0.013888888888888888
0 0.4783854166666667 0.5675925925925925 0.0078125 0.018518518518518517
0 0.4231770833333333 0.6069444444444444 0.013020833333333334 0.017592592592592594
0 0.23932291666666666 0.6814814814814815 0.005729166666666666 0.014814814814814815
0 0.85078125 0.9944444444444445 0.0140625 0.009259259259259259
0 0.8638020833333333 0.9856481481481482 0.0078125 0.026851851851851852
0 0.5994791666666667 0.42824074074074076 0.01875 0.026851851851851852
