1 0.46484765625 0.5270569444444444 0.9296953125 0.9467064814814815
1 0.8398833333333333 0.5235148148148148 0.3203916666666667 0.9081407407407408
1 0.9492648437500001 0.8651143518518518 0.1016546875 0.17096944444444442
0 0.9456752604166667 0.5467513888888889 0.0205171875 0.06757685185185186
0 0.5518369791666667 0.690300462962963 0.018257291666666668 0.03430462962962963
0 0.3317119791666666 0.4719425925925926 0.033215625 0.05129259259259259
0 0.40876093750000003 0.38495972222222224 0.012313541666666667 0.025475
0 0.054993749999999994 0.9584374999999999 0.023529166666666667 0.08168981481481481
0 0.6419981770833334 0.8935027777777778 0.005871354166666666 0.012931481481481481
0 0.5731273437500001 0.9578555555555555 0.010838020833333333 0.012007407407407408
0 0.6233453125 0.5720148148148148 0.011273958333333334 0.010696296296296296
0 0.6321260416666666 0.5977851851851851 0.026752083333333333 0.07705185185185184
0 0.350840625 0.8347374999999999 0.01105625 0.013919444444444444
0 0.3160794270833333 0.7065949074074074 0.005075520833333333 0.013189814814814814
0 0.5391203125 0.5428013888888888 0.006365625 0.04115833333333333
0 0.5309408854166667 0.5781615740740741 0.005631770833333333 0.011878703703703704
0 0.89806875 0.5375064814814814 0.009679166666666666 0.021309259259259257
0 0.8904276041666667 0.6272657407407407 0.007938541666666667 0.01379074074074074
0 0.8721723958333333 0.630499074074074 0.009969791666666667 0.04618333333333333
0 0.8733390624999999 0.646312962962963 0.006053125 0.012996296296296296
0 0.8095033854166667 0.6651435185185185 0.009631770833333332 0.03028703703703704
0 0.9399520833333334 0.3663634259259259 0.011154166666666666 0.036430555555555556
0 0.9696346354166666 0.35646342592592595 0.004894270833333334 0.014778703703703704
0 0.9499505208333333 0.4584009259259259 0.006151041666666667 0.02420925925925926
0 0.8432289062499999 0.43791574074074074 0.006249479166666667 0.03879444444444445
0 0.768759375 0.11007453703703704 0.0073104166666666665 0.010889814814814814
0 0.6288731770833333 0.23349305555555558 0.007746354166666666 0.02809722222222222
0 0.23586276041666665 0.31376990740740746 0.0165171875 0.02568796296296296
0 0.6414859375 0.6814837962962963 0.028805208333333332 0.03518981481481482
1 0.46888515625 0.5321796296296296 0.9377703125 0.9347296296296297
1 0.8352544270833333 0.5435101851851851 0.32988385416666666 0.8907240740740741
1 0.9444356770833333 0.8878050925925927 0.11074635416666667 0.17561018518518517
0 0.9448786458333333 0.5738592592592593 0.021007291666666667 0.0680888888888889
0 0.5481895833333332 0.6930773148148148 0.01825416666666667 0.03430277777777777
0 0.3322723958333333 0.4621444444444444 0.03329479166666667 0.052066666666666664
0 0.41128515625 0.379525 0.012153645833333334 0.02571666666666667
0 0.046253906250000004 0.9299384259259259 0.022716145833333333 0.08209907407407407
0 0.6342822916666666 0.9018476851851852 0.006064583333333333 0.01295462962962963
0 0.5643013020833333 0.9615703703703704 0.010894270833333334 0.01202962962962963
0 0.6217020833333333 0.5795291666666667 0.011112499999999999 0.010910185185185184
0 0.6294825520833334 0.6070180555555557 0.0266734375 0.07699907407407408
0 0.3440434895833333 0.8254750000000001 0.011003645833333332 0.013912962962962962
0 0.31233802083333334 0.6954310185185185 0.004884375 0.013084259259259259
0 0.5383122395833334 0.544561111111111 0.0068328124999999995 0.04097407407407408
0 0.52927421875 0.5800564814814815 0.0054234375 0.011964814814814815
0 0.8974747395833333 0.5625097222222222 0.0095328125 0.021315740740740743
0 0.8877942708333334 0.6504425925925925 0.007880208333333335 0.013848148148148148
0 0.8694223958333333 0.6527638888888889 0.009678125000000001 0.046268518518518514
0 0.8702651041666667 0.6685305555555556 0.006155208333333333 0.012987037037037037
0 0.80618671875 0.6846643518518518 0.009248437500000001 0.030439814814814815
0 0.9423752604166666 0.39337777777777777 0.0107921875 0.036755555555555555
0 0.9721885416666667 0.3851805555555556 0.00479375 0.014805555555555556
0 0.9503677083333333 0.4870782407407407 0.00594375 0.02415648148148148
0 0.8440119791666666 0.45924722222222225 0.005732291666666667 0.03886481481481481
0 0.7760484375 0.1268 0.007305208333333333 0.011007407407407407
0 0.6339700520833333 0.24175509259259262 0.0075234375 0.027954629629629628
0 0.23955104166666666 0.29832824074074077 0.016602083333333333 0.02628611111111111
0 0.6379393229166667 0.6902893518518519 0.02900364583333333 0.03428240740740741
1 0.5270833333333333 0.5365740740740741 0.9447916666666667 0.925
1 0.16979166666666667 0.562962962962963 0.33958333333333335 0.8722222222222222
1 0.06015625 0.9115740740740741 0.1203125 0.175
0 0.05677083333333333 0.6018518518518519 0.021875 0.06851851851851852
0 0.45546875 0.6958333333333333 0.018229166666666668 0.03425925925925926
0 0.6666666666666666 0.4513888888888889 0.03333333333333333 0.05277777777777778
0 0.5861979166666667 0.37407407407407406 0.011979166666666667 0.025925925925925925
0 0.9619791666666667 0.9013888888888889 0.021875 0.0824074074074074
0 0.37395833333333334 0.9101851851851852 0.00625 0.012962962962962963
0 0.44505208333333335 0.9652777777777778 0.0109375 0.012037037037037037
0 0.37994791666666666 0.587037037037037 0.0109375 0.011111111111111112
0 0.37265625 0.6152777777777778 0.0265625 0.07685185185185185
0 0.6622395833333333 0.8152777777777778 0.0109375 0.013888888888888888
0 0.69140625 0.6833333333333333 0.0046875 0.012962962962962963
0 0.4630208333333333 0.5472222222222223 0.007291666666666667 0.040740740740740744
0 0.47239583333333335 0.5819444444444445 0.005208333333333333 0.012037037037037037
0 0.10416666666666667 0.586574074074074 0.009375 0.021296296296296296
0 0.11536458333333334 0.674537037037037 0.0078125 0.013888888888888888
0 0.13385416666666666 0.6759259259259259 0.009375 0.046296296296296294
0 0.13333333333333333 0.6916666666666667 0.00625 0.012962962962962963
0 0.19765625 0.7032407407407407 0.008854166666666666 0.030555555555555555
0 0.05572916666666667 0.4212962962962963 0.010416666666666666 0.037037037037037035
0 0.02578125 0.4148148148148148 0.0046875 0.014814814814814815
0 0.04973958333333333 0.5148148148148148 0.005729166666666666 0.024074074074074074
0 0.15520833333333334 0.48055555555555557 0.005208333333333333 0.03888888888888889
0 0.21666666666666667 0.14444444444444443 0.007291666666666667 0.011111111111111112
0 0.3609375 0.25 0.007291666666666667 0.027777777777777776
0 0.75625 0.28194444444444444 0.016666666666666666 0.026851851851851852
0 0.36614583333333334 0.6981481481481482 0.029166666666666667 0.03333333333333333
1 0.46484765625 0.5270569444444444 0.9296953125 0.9467064814814815
1 0.8398833333333333 0.5235148148148148 0.3203916666666667 0.9081407407407408
1 0.9492648437500001 0.8651143518518518 0.1016546875 0.17096944444444442
0 0.9456752604166667 0.5467513888888889 0.0205171875 0.06757685185185186
0 0.5518369791666667 0.690300462962963 0.018257291666666668 0.03430462962962963
0 0.3317119791666666 0.4719425925925926 0.033215625 0.05129259259259259
0 0.40876093750000003 0.38495972222222224 0.012313541666666667 0.025475
0 0.054993749999999994 0.9584374999999999 0.023529166666666667 0.08168981481481481
0 0.6419981770833334 0.8935027777777778 0.005871354166666666 0.012931481481481481
0 0.5731273437500001 0.9578555555555555 0.010838020833333333 0.012007407407407408
0 0.6233453125 0.5720148148148148 0.011273958333333334 0.010696296296296296
0 0.6321260416666666 0.5977851851851851 0.026752083333333333 0.07705185185185184
0 0.350840625 0.8347374999999999 0.01105625 0.013919444444444444
0 0.3160794270833333 0.7065949074074074 0.005075520833333333 0.013189814814814814
0 0.5391203125 0.5428013888888888 0.006365625 0.04115833333333333
0 0.5309408854166667 0.5781615740740741 0.005631770833333333 0.011878703703703704
0 0.89806875 0.5375064814814814 0.009679166666666666 0.021309259259259257
0 0.8904276041666667 0.6272657407407407 0.007938541666666667 0.01379074074074074
0 0.8721723958333333 0.630499074074074 0.009969791666666667 0.04618333333333333
0 0.8733390624999999 0.646312962962963 0.006053125 0.012996296296296296
0 0.8095033854166667 0.6651435185185185 0.009631770833333332 0.03028703703703704
0 0.9399520833333334 0.3663634259259259 0.011154166666666666 0.036430555555555556
0 0.9696346354166666 0.35646342592592595 0.004894270833333334 0.014778703703703704
0 0.9499505208333333 0.4584009259259259 0.006151041666666667 0.02420925925925926
0 0.8432289062499999 0.43791574074074074 0.006249479166666667 0.03879444444444445
0 0.768759375 0.11007453703703704 0.0073104166666666665 0.010889814814814814
0 0.6288731770833333 0.23349305555555558 0.007746354166666666 0.02809722222222222
0 0.23586276041666665 0.31376990740740746 0.0165171875 0.02568796296296296
0 0.6414859375 0.6814837962962963 0.028805208333333332 0.03518981481481482
1 0.46888515625 0.5321796296296296 0.9377703125 0.9347296296296297
1 0.8352544270833333 0.5435101851851851 0.32988385416666666 0.8907240740740741
1 0.9444356770833333 0.8878050925925927 0.11074635416666667 0.17561018518518517
0 0.9448786458333333 0.5738592592592593 0.021007291666666667 0.0680888888888889
0 0.5481895833333332 0.6930773148148148 0.01825416666666667 0.03430277777777777
0 0.3322723958333333 0.4621444444444444 0.03329479166666667 0.052066666666666664
0 0.41128515625 0.379525 0.012153645833333334 0.02571666666666667
0 0.046253906250000004 0.9299384259259259 0.022716145833333333 0.08209907407407407
0 0.6342822916666666 0.9018476851851852 0.006064583333333333 0.01295462962962963
0 0.5643013020833333 0.9615703703703704 0.010894270833333334 0.01202962962962963
0 0.6217020833333333 0.5795291666666667 0.011112499999999999 0.010910185185185184
0 0.6294825520833334 0.6070180555555557 0.0266734375 0.07699907407407408
0 0.3440434895833333 0.8254750000000001 0.011003645833333332 0.013912962962962962
0 0.31233802083333334 0.6954310185185185 0.004884375 0.013084259259259259
0 0.5383122395833334 0.544561111111111 0.0068328124999999995 0.04097407407407408
0 0.52927421875 0.5800564814814815 0.0054234375 0.011964814814814815
0 0.8974747395833333 0.5625097222222222 0.0095328125 0.021315740740740743
0 0.8877942708333334 0.6504425925925925 0.007880208333333335 0.013848148148148148
0 0.8694223958333333 0.6527638888888889 0.009678125000000001 0.046268518518518514
0 0.8702651041666667 0.6685305555555556 0.006155208333333333 0.012987037037037037
0 0.80618671875 0.6846643518518518 0.009248437500000001 0.030439814814814815
0 0.9423752604166666 0.39337777777777777 0.0107921875 0.036755555555555555
0 0.9721885416666667 0.3851805555555556 0.00479375 0.014805555555555556
0 0.9503677083333333 0.4870782407407407 0.00594375 0.02415648148148148
0 0.8440119791666666 0.45924722222222225 0.005732291666666667 0.03886481481481481
0 0.7760484375 0.1268 0.007305208333333333 0.011007407407407407
0 0.6339700520833333 0.24175509259259262 0.0075234375 0.027954629629629628
0 0.23955104166666666 0.29832824074074077 0.016602083333333333 0.02628611111111111
0 0.6379393229166667 0.6902893518518519 0.02900364583333333 0.03428240740740741
1 0.5270833333333333 0.5365740740740741 0.9447916666666667 0.925
1 0.16979166666666667 0.562962962962963 0.33958333333333335 0.8722222222222222
1 0.06015625 0.9115740740740741 0.1203125 0.175
0 0.05677083333333333 0.6018518518518519 0.021875 0.06851851851851852
0 0.45546875 0.6958333333333333 0.018229166666666668 0.03425925925925926
0 0.6666666666666666 0.4513888888888889 0.03333333333333333 0.05277777777777778
0 0.5861979166666667 0.37407407407407406 0.011979166666666667 0.025925925925925925
0 0.9619791666666667 0.9013888888888889 0.021875 0.0824074074074074
0 0.37395833333333334 0.9101851851851852 0.00625 0.012962962962962963
0 0.44505208333333335 0.9652777777777778 0.0109375 0.012037037037037037
0 0.37994791666666666 0.587037037037037 0.0109375 0.011111111111111112
0 0.37265625 0.6152777777777778 0.0265625 0.07685185185185185
0 0.6622395833333333 0.8152777777777778 0.0109375 0.013888888888888888
0 0.69140625 0.6833333333333333 0.0046875 0.012962962962962963
0 0.4630208333333333 0.5472222222222223 0.007291666666666667 0.040740740740740744
0 0.47239583333333335 0.5819444444444445 0.005208333333333333 0.012037037037037037
0 0.10416666666666667 0.586574074074074 0.009375 0.021296296296296296
0 0.11536458333333334 0.674537037037037 0.0078125 0.013888888888888888
0 0.13385416666666666 0.6759259259259259 0.009375 0.046296296296296294
0 0.13333333333333333 0.6916666666666667 0.00625 0.012962962962962963
0 0.19765625 0.7032407407407407 0.008854166666666666 0.030555555555555555
0 0.05572916666666667 0.4212962962962963 0.010416666666666666 0.037037037037037035
0 0.02578125 0.4148148148148148 0.0046875 0.014814814814814815
0 0.04973958333333333 0.5148148148148148 0.005729166666666666 0.024074074074074074
0 0.15520833333333334 0.48055555555555557 0.005208333333333333 0.03888888888888889
0 0.21666666666666667 0.14444444444444443 0.007291666666666667 0.011111111111111112
0 0.3609375 0.25 0.007291666666666667 0.027777777777777776
0 0.75625 0.28194444444444444 0.016666666666666666 0.026851851851851852
0 0.36614583333333334 0.6981481481481482 0.029166666666666667 0.03333333333333333
1 0.46484765625 0.5270569444444444 0.9296953125 0.9467064814814815
1 0.8398833333333333 0.5235148148148148 0.3203916666666667 0.9081407407407408
1 0.9492648437500001 0.8651143518518518 0.1016546875 0.17096944444444442
0 0.9456752604166667 0.5467513888888889 0.0205171875 0.06757685185185186
0 0.5518369791666667 0.690300462962963 0.018257291666666668 0.03430462962962963
0 0.3317119791666666 0.4719425925925926 0.033215625 0.05129259259259259
0 0.40876093750000003 0.38495972222222224 0.012313541666666667 0.025475
0 0.054993749999999994 0.9584374999999999 0.023529166666666667 0.08168981481481481
0 0.6419981770833334 0.8935027777777778 0.005871354166666666 0.012931481481481481
0 0.5731273437500001 0.9578555555555555 0.010838020833333333 0.012007407407407408
0 0.6233453125 0.5720148148148148 0.011273958333333334 0.010696296296296296
0 0.6321260416666666 0.5977851851851851 0.026752083333333333 0.07705185185185184
0 0.350840625 0.8347374999999999 0.01105625 0.013919444444444444
0 0.3160794270833333 0.7065949074074074 0.005075520833333333 0.013189814814814814
0 0.5391203125 0.5428013888888888 0.006365625 0.04115833333333333
0 0.5309408854166667 0.5781615740740741 0.005631770833333333 0.011878703703703704
0 0.89806875 0.5375064814814814 0.009679166666666666 0.021309259259259257
0 0.8904276041666667 0.6272657407407407 0.007938541666666667 0.01379074074074074
0 0.8721723958333333 0.630499074074074 0.009969791666666667 0.04618333333333333
0 0.8733390624999999 0.646312962962963 0.006053125 0.012996296296296296
0 0.8095033854166667 0.6651435185185185 0.009631770833333332 0.03028703703703704
0 0.9399520833333334 0.3663634259259259 0.011154166666666666 0.036430555555555556
0 0.9696346354166666 0.35646342592592595 0.004894270833333334 0.014778703703703704
0 0.9499505208333333 0.4584009259259259 0.006151041666666667 0.02420925925925926
0 0.8432289062499999 0.43791574074074074 0.006249479166666667 0.03879444444444445
0 0.768759375 0.11007453703703704 0.0073104166666666665 0.010889814814814814
0 0.6288731770833333 0.23349305555555558 0.007746354166666666 0.02809722222222222
0 0.23586276041666665 0.31376990740740746 0.0165171875 0.02568796296296296
0 0.6414859375 0.6814837962962963 0.028805208333333332 0.03518981481481482
1 0.46888515625 0.5321796296296296 0.9377703125 0.9347296296296297
1 0.8352544270833333 0.5435101851851851 0.32988385416666666 0.8907240740740741
1 0.9444356770833333 0.8878050925925927 0.11074635416666667 0.17561018518518517
0 0.9448786458333333 0.5738592592592593 0.021007291666666667 0.0680888888888889
0 0.5481895833333332 0.6930773148148148 0.01825416666666667 0.03430277777777777
0 0.3322723958333333 0.4621444444444444 0.03329479166666667 0.052066666666666664
0 0.41128515625 0.379525 0.012153645833333334 0.02571666666666667
0 0.046253906250000004 0.9299384259259259 0.022716145833333333 0.08209907407407407
0 0.6342822916666666 0.9018476851851852 0.006064583333333333 0.01295462962962963
0 0.5643013020833333 0.9615703703703704 0.010894270833333334 0.01202962962962963
0 0.6217020833333333 0.5795291666666667 0.011112499999999999 0.010910185185185184
0 0.6294825520833334 0.6070180555555557 0.0266734375 0.07699907407407408
0 0.3440434895833333 0.8254750000000001 0.011003645833333332 0.013912962962962962
0 0.31233802083333334 0.6954310185185185 0.004884375 0.013084259259259259
0 0.5383122395833334 0.544561111111111 0.0068328124999999995 0.04097407407407408
0 0.52927421875 0.5800564814814815 0.0054234375 0.011964814814814815
0 0.8974747395833333 0.5625097222222222 0.0095328125 0.021315740740740743
0 0.8877942708333334 0.6504425925925925 0.007880208333333335 0.013848148148148148
0 0.8694223958333333 0.6527638888888889 0.009678125000000001 0.046268518518518514
0 0.8702651041666667 0.6685305555555556 0.006155208333333333 0.012987037037037037
0 0.80618671875 0.6846643518518518 0.009248437500000001 0.030439814814814815
0 0.9423752604166666 0.39337777777777777 0.0107921875 0.036755555555555555
0 0.9721885416666667 0.3851805555555556 0.00479375 0.014805555555555556
0 0.9503677083333333 0.4870782407407407 0.00594375 0.02415648148148148
0 0.8440119791666666 0.45924722222222225 0.005732291666666667 0.03886481481481481
0 0.7760484375 0.1268 0.007305208333333333 0.011007407407407407
0 0.6339700520833333 0.24175509259259262 0.0075234375 0.027954629629629628
0 0.23955104166666666 0.29832824074074077 0.016602083333333333 0.02628611111111111
0 0.6379393229166667 0.6902893518518519 0.02900364583333333 0.03428240740740741
1 0.5270833333333333 0.5365740740740741 0.9447916666666667 0.925
1 0.16979166666666667 0.562962962962963 0.33958333333333335 0.8722222222222222
1 0.06015625 0.9115740740740741 0.1203125 0.175
0 0.05677083333333333 0.6018518518518519 0.021875 0.06851851851851852
0 0.45546875 0.6958333333333333 0.018229166666666668 0.03425925925925926
0 0.6666666666666666 0.4513888888888889 0.03333333333333333 0.05277777777777778
0 0.5861979166666667 0.37407407407407406 0.011979166666666667 0.025925925925925925
0 0.9619791666666667 0.9013888888888889 0.021875 0.0824074074074074
0 0.37395833333333334 0.9101851851851852 0.00625 0.012962962962962963
0 0.44505208333333335 0.9652777777777778 0.0109375 0.012037037037037037
0 0.37994791666666666 0.587037037037037 0.0109375 0.011111111111111112
0 0.37265625 0.6152777777777778 0.0265625 0.07685185185185185
0 0.6622395833333333 0.8152777777777778 0.0109375 0.013888888888888888
0 0.69140625 0.6833333333333333 0.0046875 0.012962962962962963
0 0.4630208333333333 0.5472222222222223 0.007291666666666667 0.040740740740740744
0 0.47239583333333335 0.5819444444444445 0.005208333333333333 0.012037037037037037
0 0.10416666666666667 0.586574074074074 0.009375 0.021296296296296296
0 0.11536458333333334 0.674537037037037 0.0078125 0.013888888888888888
0 0.13385416666666666 0.6759259259259259 0.009375 0.046296296296296294
0 0.13333333333333333 0.6916666666666667 0.00625 0.012962962962962963
0 0.19765625 0.7032407407407407 0.008854166666666666 0.030555555555555555
0 0.05572916666666667 0.4212962962962963 0.010416666666666666 0.037037037037037035
0 0.02578125 0.4148148148148148 0.0046875 0.014814814814814815
0 0.04973958333333333 0.5148148148148148 0.005729166666666666 0.024074074074074074
0 0.15520833333333334 0.48055555555555557 0.005208333333333333 0.03888888888888889
0 0.21666666666666667 0.14444444444444443 0.007291666666666667 0.011111111111111112
0 0.3609375 0.25 0.007291666666666667 0.027777777777777776
0 0.75625 0.28194444444444444 0.016666666666666666 0.026851851851851852
0 0.36614583333333334 0.6981481481481482 0.029166666666666667 0.03333333333333333
