1 0.49661458333333336 0.549074074074074 0.9921875 0.9
0 0.58359375 0.28935185185185186 0.025520833333333333 0.049074074074074076
0 0.6098958333333333 0.42268518518518516 0.019791666666666666 0.03796296296296296
0 0.628125 0.3638888888888889 0.016666666666666666 0.03333333333333333
0 0.2994791666666667 0.36203703703703705 0.020833333333333332 0.03333333333333333
0 0.6302083333333334 0.16620370370370371 0.016666666666666666 0.028703703703703703
0 0.55546875 0.19490740740740742 0.016145833333333335 0.023148148148148147
0 0.48151041666666666 0.6875 0.015104166666666667 0.05462962962962963
0 0.4986979166666667 0.7620370370370371 0.0171875 0.05925925925925926
0 0.4401041666666667 0.8694444444444445 0.026041666666666668 0.05185185185185185
0 0.5692708333333333 0.9324074074074075 0.015625 0.053703703703703705
0 0.36770833333333336 0.8736111111111111 0.01875 0.025
0 0.2989583333333333 0.9337962962962963 0.019791666666666666 0.028703703703703703
0 0.5328125 0.7476851851851852 0.017708333333333333 0.023148148148148147
0 0.6046875 0.5842592592592593 0.020833333333333332 0.025925925925925925
0 0.45208333333333334 0.7555555555555555 0.015625 0.02962962962962963
0 0.5611979166666666 0.6134259259259259 0.03177083333333333 0.05277777777777778
0 0.47630208333333335 0.925 0.016145833333333335 0.044444444444444446
0 0.5010416666666667 0.9236111111111112 0.020833333333333332 0.017592592592592594
0 0.4283854166666667 0.9717592592592592 0.015104166666666667 0.017592592592592594
0 0.4315104166666667 0.7583333333333333 0.009895833333333333 0.020370370370370372
0 0.6036458333333333 0.21388888888888888 0.015625 0.03333333333333333
0 0.32708333333333334 0.34675925925925927 0.009375 0.028703703703703703
1 0.5033854166666667 0.549074074074074 0.9921875 0.9
0 0.41640625 0.28935185185185186 0.025520833333333333 0.049074074074074076
0 0.39010416666666664 0.42268518518518516 0.019791666666666666 0.03796296296296296
0 0.371875 0.3638888888888889 0.016666666666666666 0.03333333333333333
0 0.7005208333333334 0.36203703703703705 0.020833333333333332 0.03333333333333333
0 0.3697916666666667 0.16620370370370371 0.016666666666666666 0.028703703703703703
0 0.44453125 0.19490740740740742 0.016145833333333335 0.023148148148148147
0 0.5184895833333333 0.6875 0.015104166666666667 0.05462962962962963
0 0.5013020833333334 0.7620370370370371 0.0171875 0.05925925925925926
0 0.5598958333333334 0.8694444444444445 0.026041666666666668 0.05185185185185185
0 0.43072916666666666 0.9324074074074075 0.015625 0.053703703703703705
0 0.6322916666666667 0.8736111111111111 0.01875 0.025
0 0.7010416666666667 0.9337962962962963 0.019791666666666666 0.028703703703703703
0 0.4671875 0.7476851851851852 0.017708333333333333 0.023148148148148147
0 0.3953125 0.5842592592592593 0.020833333333333332 0.025925925925925925
0 0.5479166666666667 0.7555555555555555 0.015625 0.02962962962962963
0 0.4388020833333333 0.6134259259259259 0.03177083333333333 0.05277777777777778
0 0.5236979166666667 0.925 0.016145833333333335 0.044444444444444446
0 0.49895833333333334 0.9236111111111112 0.020833333333333332 0.017592592592592594
0 0.5716145833333334 0.9717592592592592 0.015104166666666667 0.017592592592592594
0 0.5684895833333333 0.7583333333333333 0.009895833333333333 0.020370370370370372
0 0.3963541666666667 0.21388888888888888 0.015625 0.03333333333333333
0 0.6729166666666667 0.34675925925925927 0.009375 0.028703703703703703
1 0.5033557291666667 0.5477671296296297 0.9931697916666666 0.9047935185185185
0 0.4184104166666666 0.28663518518518516 0.0253625 0.049196296296296294
0 0.39107161458333334 0.4189787037037037 0.019643229166666668 0.037957407407407405
0 0.37335442708333333 0.36013425925925924 0.016500520833333334 0.03323148148148148
0 0.7015791666666666 0.3683300925925926 0.020866666666666665 0.03295648148148148
0 0.3728609375 0.16252222222222223 0.016555208333333335 0.028748148148148148
0 0.44765963541666665 0.19290046296296298 0.016152604166666668 0.022837962962962963
0 0.51688515625 0.6884138888888889 0.015020312499999999 0.05460555555555555
0 0.4987966145833333 0.7619597222222223 0.017384895833333334 0.059104629629629625
0 0.5562299479166666 0.8713490740740741 0.026001562500000002 0.051957407407407404
0 0.42638411458333336 0.9297708333333333 0.015268229166666668 0.05398611111111111
0 0.6285763020833334 0.8772805555555555 0.018610937499999997 0.02493148148148148
0 0.6969372395833333 0.9401222222222222 0.019916145833333333 0.028392592592592594
0 0.4646138020833333 0.7466523148148149 0.017769270833333333 0.02293425925925926
0 0.394796875 0.5805375 0.02084375 0.025889814814814813
0 0.5453703125 0.7574050925925926 0.015740625 0.029625000000000002
0 0.43770807291666664 0.6116750000000001 0.03166614583333333 0.05297962962962963
0 0.5194981770833333 0.9260435185185185 0.016079687500000002 0.044679629629629625
0 0.4948265625 0.9235773148148148 0.020903125 0.017525
0 0.566903125 0.9737069444444444 0.01505625 0.01778425925925926
0 0.5658846354166667 0.7601916666666666 0.009894270833333333 0.020383333333333333
0 0.3994778645833333 0.21101990740740742 0.015622395833333334 0.033150925925925924
0 0.6743783854166666 0.3523611111111111 0.0091734375 0.0287962962962963
1 0.49661458333333336 0.549074074074074 0.9921875 0.9
0 0.58359375 0.28935185185185186 0.025520833333333333 0.049074074074074076
0 0.6098958333333333 0.42268518518518516 0.019791666666666666 0.03796296296296296
0 0.628125 0.3638888888888889 0.016666666666666666 0.03333333333333333
0 0.2994791666666667 0.36203703703703705 0.020833333333333332 0.03333333333333333
0 0.6302083333333334 0.16620370370370371 0.016666666666666666 0.028703703703703703
0 0.55546875 0.19490740740740742 0.016145833333333335 0.023148148148148147
0 0.48151041666666666 0.6875 0.015104166666666667 0.05462962962962963
0 0.4986979166666667 0.7620370370370371 0.0171875 0.05925925925925926
0 0.4401041666666667 0.8694444444444445 0.026041666666666668 0.05185185185185185
0 0.5692708333333333 0.9324074074074075 0.015625 0.053703703703703705
0 0.36770833333333336 0.8736111111111111 0.01875 0.025
0 0.2989583333333333 0.9337962962962963 0.019791666666666666 0.028703703703703703
0 0.5328125 0.7476851851851852 0.017708333333333333 0.023148148148148147
0 0.6046875 0.5842592592592593 0.020833333333333332 0.025925925925925925
0 0.45208333333333334 0.7555555555555555 0.015625 0.02962962962962963
0 0.5611979166666666 0.6134259259259259 0.03177083333333333 0.05277777777777778
0 0.47630208333333335 0.925 0.016145833333333335 0.044444444444444446
0 0.5010416666666667 0.9236111111111112 0.020833333333333332 0.017592592592592594
0 0.4283854166666667 0.9717592592592592 0.015104166666666667 0.017592592592592594
0 0.4315104166666667 0.7583333333333333 0.009895833333333333 0.020370370370370372
0 0.6036458333333333 0.21388888888888888 0.015625 0.03333333333333333
0 0.32708333333333334 0.34675925925925927 0.009375 0.028703703703703703
1 0.5033854166666667 0.549074074074074 0.9921875 0.9
0 0.41640625 0.28935185185185186 0.025520833333333333 0.049074074074074076
0 0.39010416666666664 0.42268518518518516 0.019791666666666666 0.03796296296296296
0 0.371875 0.3638888888888889 0.016666666666666666 0.03333333333333333
0 0.7005208333333334 0.36203703703703705 0.020833333333333332 0.03333333333333333
0 0.3697916666666667 0.16620370370370371 0.016666666666666666 0.028703703703703703
0 0.44453125 0.19490740740740742 0.016145833333333335 0.023148148148148147
0 0.5184895833333333 0.6875 0.015104166666666667 0.05462962962962963
0 0.5013020833333334 0.7620370370370371 0.0171875 0.05925925925925926
0 0.5598958333333334 0.8694444444444445 0.026041666666666668 0.05185185185185185
0 0.43072916666666666 0.9324074074074075 0.015625 0.053703703703703705
0 0.6322916666666667 0.8736111111111111 0.01875 0.025
0 0.7010416666666667 0.9337962962962963 0.019791666666666666 0.028703703703703703
0 0.4671875 0.7476851851851852 0.017708333333333333 0.023148148148148147
0 0.3953125 0.5842592592592593 0.020833333333333332 0.025925925925925925
0 0.5479166666666667 0.7555555555555555 0.015625 0.02962962962962963
0 0.4388020833333333 0.6134259259259259 0.03177083333333333 0.05277777777777778
0 0.5236979166666667 0.925 0.016145833333333335 0.044444444444444446
0 0.49895833333333334 0.9236111111111112 0.020833333333333332 0.017592592592592594
0 0.5716145833333334 0.9717592592592592 0.015104166666666667 0.017592592592592594
0 0.5684895833333333 0.7583333333333333 0.009895833333333333 0.020370370370370372
0 0.3963541666666667 0.21388888888888888 0.015625 0.03333333333333333
0 0.6729166666666667 0.34675925925925927 0.009375 0.028703703703703703
1 0.5033557291666667 0.5477671296296297 0.9931697916666666 0.9047935185185185
0 0.4184104166666666 0.28663518518518516 0.0253625 0.049196296296296294
0 0.39107161458333334 0.4189787037037037 0.019643229166666668 0.037957407407407405
0 0.37335442708333333 0.36013425925925924 0.016500520833333334 0.03323148148148148
0 0.7015791666666666 0.3683300925925926 0.020866666666666665 0.03295648148148148
0 0.3728609375 0.16252222222222223 0.016555208333333335 0.028748148148148148
0 0.44765963541666665 0.19290046296296298 0.016152604166666668 0.022837962962962963
0 0.51688515625 0.6884138888888889 0.015020312499999999 0.05460555555555555
0 0.4987966145833333 0.7619597222222223 0.017384895833333334 0.059104629629629625
0 0.5562299479166666 0.8713490740740741 0.026001562500000002 0.051957407407407404
0 0.42638411458333336 0.9297708333333333 0.015268229166666668 0.05398611111111111
0 0.6285763020833334 0.8772805555555555 0.018610937499999997 0.02493148148148148
0 0.6969372395833333 0.9401222222222222 0.019916145833333333 0.028392592592592594
0 0.4646138020833333 0.7466523148148149 0.017769270833333333 0.02293425925925926
0 0.394796875 0.5805375 0.02084375 0.025889814814814813
0 0.5453703125 0.7574050925925926 0.015740625 0.029625000000000002
0 0.43770807291666664 0.6116750000000001 0.03166614583333333 0.05297962962962963
0 0.5194981770833333 0.9260435185185185 0.016079687500000002 0.044679629629629625
0 0.4948265625 0.9235773148148148 0.020903125 0.017525
0 0.566903125 0.9737069444444444 0.01505625 0.01778425925925926
0 0.5658846354166667 0.7601916666666666 0.009894270833333333 0.020383333333333333
0 0.3994778645833333 0.21101990740740742 0.015622395833333334 0.033150925925925924
0 0.6743783854166666 0.3523611111111111 0.0091734375 0.0287962962962963
