1 0.49973958333333335 0.55 0.9994791666666667 0.8981481481481481
0 0.35494791666666664 0.2759259259259259 0.0109375 0.022222222222222223
0 0.5604166666666667 0.21481481481481482 0.007291666666666667 0.014814814814814815
0 0.5825520833333333 0.1597222222222222 0.008854166666666666 0.012037037037037037
0 0.6877604166666667 0.5254629629629629 0.0171875 0.013888888888888888
0 0.725 0.5601851851851852 0.0125 0.027777777777777776
0 0.7432291666666667 0.6810185185185185 0.010416666666666666 0.030555555555555555
0 0.75078125 0.9402777777777778 0.013020833333333334 0.03796296296296296
0 0.05130208333333333 0.8166666666666667 0.0140625 0.025925925925925925
0 0.4901041666666667 0.7847222222222222 0.007291666666666667 0.017592592592592594
1 0.5 0.4505115740740741 1.0 0.9010231481481482
0 0.3443072916666667 0.6998365740740741 0.01153125 0.02189537037037037
0 0.5464309895833334 0.7934097222222223 0.0074453125 0.014597222222222223
0 0.5654838541666667 0.8519689814814815 0.009092708333333333 0.01134537037037037
0 0.6882713541666666 0.5032166666666668 0.017167708333333333 0.01569259259259259
0 0.7272184895833332 0.475350462962963 0.012770312499999999 0.028478703703703704
0 0.7505010416666666 0.35724953703703705 0.010377083333333334 0.03116574074074074
0 0.7715229166666667 0.09974722222222222 0.013879166666666666 0.03838333333333333
0 0.06855364583333333 0.11532824074074075 0.014190625 0.025100925925925926
0 0.5042434895833333 0.21528472222222222 0.0074453125 0.017606481481481483
1 0.5 0.5505032407407408 1.0 0.8991546296296297
0 0.6536263020833334 0.2952462962962963 0.011419270833333333 0.021974074074074073
0 0.45110546874999996 0.20825092592592592 0.007419270833333333 0.01465
0 0.43108776041666663 0.15018981481481483 0.009050520833333332 0.01149074074074074
0 0.31171588541666667 0.5021148148148148 0.017181770833333332 0.015340740740740742
0 0.27302864583333336 0.5317703703703703 0.012723958333333334 0.028355555555555554
0 0.25050807291666666 0.6507162037037038 0.010391145833333334 0.031062037037037034
0 0.2323786458333333 0.9080499999999999 0.013715625 0.03832222222222222
0 0.9352117187500001 0.8709740740740741 0.0141734375 0.02528148148148148
0 0.4985013020833333 0.7847328703703703 0.007419270833333333 0.017613888888888887
1 0.49973958333333335 0.55 0.9994791666666667 0.8981481481481481
0 0.35494791666666664 0.2759259259259259 0.0109375 0.022222222222222223
0 0.5604166666666667 0.21481481481481482 0.007291666666666667 0.014814814814814815
0 0.5825520833333333 0.1597222222222222 0.008854166666666666 0.012037037037037037
0 0.6877604166666667 0.5254629629629629 0.0171875 0.013888888888888888
0 0.725 0.5601851851851852 0.0125 0.027777777777777776
0 0.7432291666666667 0.6810185185185185 0.010416666666666666 0.030555555555555555
0 0.75078125 0.9402777777777778 0.013020833333333334 0.03796296296296296
0 0.05130208333333333 0.8166666666666667 0.0140625 0.025925925925925925
0 0.4901041666666667 0.7847222222222222 0.007291666666666667 0.017592592592592594
1 0.5 0.4505115740740741 1.0 0.9010231481481482
0 0.3443072916666667 0.6998365740740741 0.01153125 0.02189537037037037
0 0.5464309895833334 0.7934097222222223 0.0074453125 0.014597222222222223
0 0.5654838541666667 0.8519689814814815 0.009092708333333333 0.01134537037037037
0 0.6882713541666666 0.5032166666666668 0.017167708333333333 0.01569259259259259
0 0.7272184895833332 0.475350462962963 0.012770312499999999 0.028478703703703704
0 0.7505010416666666 0.35724953703703705 0.010377083333333334 0.03116574074074074
0 0.7715229166666667 0.09974722222222222 0.013879166666666666 0.03838333333333333
0 0.06855364583333333 0.11532824074074075 0.014190625 0.025100925925925926
0 0.5042434895833333 0.21528472222222222 0.0074453125 0.017606481481481483
1 0.5 0.5505032407407408 1.0 0.8991546296296297
0 0.6536263020833334 0.2952462962962963 0.011419270833333333 0.021974074074074073
0 0.45110546874999996 0.20825092592592592 0.007419270833333333 0.01465
0 0.43108776041666663 0.15018981481481483 0.009050520833333332 0.01149074074074074
0 0.31171588541666667 0.5021148148148148 0.017181770833333332 0.015340740740740742
0 0.27302864583333336 0.5317703703703703 0.012723958333333334 0.028355555555555554
0 0.25050807291666666 0.6507162037037038 0.010391145833333334 0.031062037037037034
0 0.2323786458333333 0.9080499999999999 0.013715625 0.03832222222222222
0 0.9352117187500001 0.8709740740740741 0.0141734375 0.02528148148148148
0 0.4985013020833333 0.7847328703703703 0.007419270833333333 0.017613888888888887
