1 0.5 0.5341643518518518 1.0 0.9312916666666666
0 0.27926354166666667 0.5862231481481481 0.010610416666666667 0.03540925925925926
0 0.9388966145833333 0.6024023148148149 0.010084895833333333 0.02702685185185185
0 0.5268203125 0.2714587962962963 0.009890624999999998 0.06328796296296296
1 0.49973958333333335 0.5291666666666667 0.9994791666666667 0.9398148148148148
0 0.715625 0.6208333333333333 0.009375 0.03611111111111111
0 0.05755208333333333 0.5342592592592592 0.009895833333333333 0.027777777777777776
0 0.48359375 0.26851851851851855 0.008854166666666666 0.06296296296296296
1 0.5 0.5134569444444445 1.0 0.9732101851851852
0 0.7091432291666667 0.6543805555555555 0.008911458333333334 0.03653888888888889
0 0.057261979166666664 0.46601064814814813 0.010357291666666666 0.028317592592592592
0 0.4945979166666667 0.26719027777777776 0.011070833333333334 0.062158333333333336
1 0.5 0.5341643518518518 1.0 0.9312916666666666
0 0.27926354166666667 0.5862231481481481 0.010610416666666667 0.03540925925925926
0 0.9388966145833333 0.6024023148148149 0.010084895833333333 0.02702685185185185
0 0.5268203125 0.2714587962962963 0.009890624999999998 0.06328796296296296
1 0.49973958333333335 0.5291666666666667 0.9994791666666667 0.9398148148148148
0 0.715625 0.6208333333333333 0.009375 0.03611111111111111
0 0.05755208333333333 0.5342592592592592 0.009895833333333333 0.027777777777777776
0 0.48359375 0.26851851851851855 0.008854166666666666 0.06296296296296296
1 0.5 0.5134569444444445 1.0 0.9732101851851852
0 0.7091432291666667 0.6543805555555555 0.008911458333333334 0.03653888888888889
0 0.057261979166666664 0.46601064814814813 0.010357291666666666 0.028317592592592592
0 0.4945979166666667 0.26719027777777776 0.011070833333333334 0.062158333333333336
