1 0.49973958333333335 0.5157407407407407 0.9994791666666667 0.9666666666666667
0 0.0390625 0.8189814814814815 0.028125 0.062037037037037036
0 0.17161458333333332 0.6916666666666667 0.0171875 0.06296296296296296
0 0.13619791666666667 0.5138888888888888 0.019270833333333334 0.044444444444444446
0 0.1515625 0.5486111111111112 0.01875 0.05648148148148148
0 0.10390625 0.5717592592592593 0.0203125 0.01574074074074074
0 0.19869791666666667 0.9078703703703703 0.008854166666666666 0.019444444444444445
0 0.022916666666666665 0.6814814814814815 0.010416666666666666 0.016666666666666666
0 0.28541666666666665 0.37592592592592594 0.021875 0.04259259259259259
0 0.15755208333333334 0.47175925925925927 0.0171875 0.03425925925925926
0 0.12994791666666666 0.17222222222222222 0.0140625 0.03148148148148148
0 0.13541666666666666 0.10555555555555556 0.011458333333333333 0.04814814814814815
0 0.15703125 0.07592592592592592 0.015104166666666667 0.027777777777777776
0 0.14348958333333334 0.15462962962962962 0.009895833333333333 0.03333333333333333
0 0.11380208333333333 0.10416666666666667 0.0109375 0.03611111111111111
0 0.15442708333333333 0.27314814814814814 0.016145833333333335 0.10555555555555556
0 0.40520833333333334 0.5013888888888889 0.0375 0.049074074074074076
0 0.49921875 0.5939814814814814 0.011979166666666667 0.021296296296296296
0 0.7346354166666667 0.8458333333333333 0.024479166666666666 0.032407407407407406
0 0.7026041666666667 0.8939814814814815 0.026041666666666668 0.03611111111111111
0 0.72109375 0.9898148148148148 0.022395833333333334 0.018518518518518517
0 0.6809895833333334 0.9773148148148149 0.015104166666666667 0.028703703703703703
0 0.5041666666666667 0.3578703703703704 0.029166666666666667 0.05648148148148148
0 0.4359375 0.2439814814814815 0.013541666666666667 0.032407407407407406
0 0.37447916666666664 0.28379629629629627 0.016666666666666666 0.030555555555555555
0 0.89765625 0.8819444444444444 0.050520833333333334 0.14166666666666666
0 0.9044270833333333 0.8703703703703703 0.03697916666666667 0.1111111111111111
0 0.6216145833333333 0.7615740740740741 0.005729166666666666 0.008333333333333333
0 0.6333333333333333 0.774074074074074 0.0125 0.016666666666666666
0 0.64296875 0.6027777777777777 0.022395833333333334 0.03518518518518519
0 0.615625 0.5805555555555556 0.009375 0.014814814814814815
0 0.6059895833333333 0.45787037037037037 0.016145833333333335 0.04351851851851852
0 0.3223958333333333 0.6328703703703704 0.011458333333333333 0.026851851851851852
0 0.525 0.9856481481481482 0.009375 0.026851851851851852
1 0.5 0.5 1.0 1.0
0 0.017005729166666664 0.6874958333333333 0.026719791666666666 0.06388055555555555
0 0.15809505208333335 0.597574537037037 0.013065104166666668 0.06551944444444444
0 0.13900937500000002 0.41205324074074073 0.019685416666666667 0.04447685185185185
0 0.15181380208333334 0.4520893518518519 0.01925260416666667 0.056030555555555556
0 0.10213723958333333 0.4608337962962963 0.019899479166666668 0.01796388888888889
0 0.16587161458333333 0.8190564814814815 0.0088265625 0.019594444444444442
0 0.012566927083333335 0.5460333333333334 0.0115921875 0.01428888888888889
0 0.2988411458333333 0.3181685185185185 0.023723958333333333 0.04004074074074074
0 0.16442083333333332 0.37661249999999996 0.01738333333333333 0.03470648148148148
0 0.16327213541666669 0.07288194444444444 0.0150859375 0.03094907407407407
0 0.17380677083333335 0.0162537037037037 0.013238541666666666 0.0325074074074074
0 0.17814713541666669 0.05919907407407408 0.012544270833333334 0.03321296296296296
0 0.15301197916666667 0.009458333333333332 0.011232291666666666 0.018916666666666665
0 0.17903750000000002 0.17960046296296298 0.022658333333333332 0.10179351851851852
0 0.4054169270833333 0.4746537037037037 0.036875520833333335 0.047455555555555556
0 0.49073906250000005 0.5923606481481482 0.012728125 0.02175833333333333
0 0.7013421875 0.907675 0.024559375 0.03201666666666667
0 0.6654822916666667 0.9452675925925926 0.02783958333333333 0.03127592592592592
0 0.51618125 0.36082314814814814 0.03027916666666667 0.05868333333333333
0 0.460059375 0.22874259259259258 0.013868750000000001 0.033411111111111114
0 0.3947921875 0.2513384259259259 0.015626041666666667 0.03230648148148148
0 0.8640841145833333 0.9600226851851852 0.046918229166666665 0.07930462962962963
0 0.8681502604166667 0.9618972222222222 0.03838385416666667 0.0756462962962963
0 0.59734453125 0.7925129629629629 0.006147395833333334 0.009099999999999999
0 0.6076947916666666 0.8072976851851852 0.012264583333333332 0.018299074074074075
0 0.6319515625 0.6420407407407407 0.024319791666666667 0.03408148148148148
0 0.6068760416666666 0.6110199074074074 0.009585416666666667 0.014632407407407408
0 0.6082953124999999 0.48772361111111107 0.017632291666666668 0.04211388888888889
0 0.3128049479166667 0.5820689814814815 0.013109895833333333 0.027100925925925924
0 0.48239921875 0.9861935185185184 0.009590104166666667 0.027942592592592592
1 0.5 0.5 1.0 1.0
0 0.02083671875 0.716987962962963 0.027090104166666667 0.06360555555555555
0 0.16065208333333333 0.6186555555555556 0.0140125 0.06508888888888889
0 0.13794244791666666 0.4343194444444444 0.019634895833333332 0.044564814814814814
0 0.15073645833333332 0.4733925925925926 0.01918125 0.056044444444444445
0 0.10168385416666667 0.48550185185185185 0.020034375 0.0173
0 0.17265494791666666 0.8393277777777778 0.0088515625 0.019396296296296297
0 0.014010677083333334 0.5768694444444444 0.011354687499999998 0.01485
0 0.29553541666666666 0.3305328703703704 0.0233625 0.04069537037037037
0 0.16233411458333336 0.39696990740740745 0.0173765625 0.034680555555555555
0 0.15478255208333333 0.09427083333333333 0.014773437499999998 0.03113425925925926
0 0.16541614583333333 0.029924537037037038 0.014165625 0.046886111111111115
0 0.18833880208333334 0.008972685185185186 0.0162609375 0.017945370370370372
0 0.17005260416666665 0.07961805555555555 0.011980208333333332 0.033310185185185186
0 0.14423776041666667 0.023194444444444445 0.012433854166666668 0.035277777777777776
0 0.17301067708333334 0.19957314814814814 0.021021354166666666 0.10285
0 0.40552604166666667 0.4804407407407407 0.03709375 0.04791851851851852
0 0.49275234375000004 0.5932583333333333 0.012588020833333333 0.02170185185185185
0 0.7091140625 0.8944884259259259 0.024478125 0.03156944444444444
0 0.674165625 0.9346337962962963 0.027497916666666667 0.032230555555555554
0 0.5134197916666666 0.35971435185185185 0.029964583333333333 0.05831759259259259
0 0.45465494791666666 0.23134074074074076 0.0134765625 0.03305185185185185
0 0.39021380208333334 0.2575560185185185 0.015844270833333333 0.031778703703703705
0 0.8690674479166667 0.9486486111111112 0.05375989583333333 0.10285277777777778
0 0.8755502604166666 0.9505143518518518 0.040683854166666665 0.09917685185185185
0 0.60303359375 0.7859555555555555 0.0060671875 0.008948148148148148
0 0.6139841145833334 0.800550462962963 0.012343229166666667 0.017767592592592592
0 0.6348880208333333 0.6327347222222223 0.023942708333333333 0.03398796296296296
0 0.60894609375 0.6045745370370371 0.009558854166666667 0.01470462962962963
0 0.6080903645833333 0.4805175925925925 0.017222395833333334 0.04251666666666667
0 0.31471796875 0.5931810185185185 0.012769270833333334 0.027102777777777778
0 0.4915861979166667 0.9865967592592593 0.0092140625 0.02689722222222222
1 0.49973958333333335 0.5157407407407407 0.9994791666666667 0.9666666666666667
0 0.0390625 0.8189814814814815 0.028125 0.062037037037037036
0 0.17161458333333332 0.6916666666666667 0.0171875 0.06296296296296296
0 0.13619791666666667 0.5138888888888888 0.019270833333333334 0.044444444444444446
0 0.1515625 0.5486111111111112 0.01875 0.05648148148148148
0 0.10390625 0.5717592592592593 0.0203125 0.01574074074074074
0 0.19869791666666667 0.9078703703703703 0.008854166666666666 0.019444444444444445
0 0.022916666666666665 0.6814814814814815 0.010416666666666666 0.016666666666666666
0 0.28541666666666665 0.37592592592592594 0.021875 0.04259259259259259
0 0.15755208333333334 0.47175925925925927 0.0171875 0.03425925925925926
0 0.12994791666666666 0.17222222222222222 0.0140625 0.03148148148148148
0 0.13541666666666666 0.10555555555555556 0.011458333333333333 0.04814814814814815
0 0.15703125 0.07592592592592592 0.015104166666666667 0.027777777777777776
0 0.14348958333333334 0.15462962962962962 0.009895833333333333 0.03333333333333333
0 0.11380208333333333 0.10416666666666667 0.0109375 0.03611111111111111
0 0.15442708333333333 0.27314814814814814 0.016145833333333335 0.10555555555555556
0 0.40520833333333334 0.5013888888888889 0.0375 0.049074074074074076
0 0.49921875 0.5939814814814814 0.011979166666666667 0.021296296296296296
0 0.7346354166666667 0.8458333333333333 0.024479166666666666 0.032407407407407406
0 0.7026041666666667 0.8939814814814815 0.026041666666666668 0.03611111111111111
0 0.72109375 0.9898148148148148 0.022395833333333334 0.018518518518518517
0 0.6809895833333334 0.9773148148148149 0.015104166666666667 0.028703703703703703
0 0.5041666666666667 0.3578703703703704 0.029166666666666667 0.05648148148148148
0 0.4359375 0.2439814814814815 0.013541666666666667 0.032407407407407406
0 0.37447916666666664 0.28379629629629627 0.016666666666666666 0.030555555555555555
0 0.89765625 0.8819444444444444 0.050520833333333334 0.14166666666666666
0 0.9044270833333333 0.8703703703703703 0.03697916666666667 0.1111111111111111
0 0.6216145833333333 0.7615740740740741 0.005729166666666666 0.008333333333333333
0 0.6333333333333333 0.774074074074074 0.0125 0.016666666666666666
0 0.64296875 0.6027777777777777 0.022395833333333334 0.03518518518518519
0 0.615625 0.5805555555555556 0.009375 0.014814814814814815
0 0.6059895833333333 0.45787037037037037 0.016145833333333335 0.04351851851851852
0 0.3223958333333333 0.6328703703703704 0.011458333333333333 0.026851851851851852
0 0.525 0.9856481481481482 0.009375 0.026851851851851852
1 0.5 0.5 1.0 1.0
0 0.017005729166666664 0.6874958333333333 0.026719791666666666 0.06388055555555555
0 0.15809505208333335 0.597574537037037 0.013065104166666668 0.06551944444444444
0 0.13900937500000002 0.41205324074074073 0.019685416666666667 0.04447685185185185
0 0.15181380208333334 0.4520893518518519 0.01925260416666667 0.056030555555555556
0 0.10213723958333333 0.4608337962962963 0.019899479166666668 0.01796388888888889
0 0.16587161458333333 0.8190564814814815 0.0088265625 0.019594444444444442
0 0.012566927083333335 0.5460333333333334 0.0115921875 0.01428888888888889
0 0.2988411458333333 0.3181685185185185 0.023723958333333333 0.04004074074074074
0 0.16442083333333332 0.37661249999999996 0.01738333333333333 0.03470648148148148
0 0.16327213541666669 0.07288194444444444 0.0150859375 0.03094907407407407
0 0.17380677083333335 0.0162537037037037 0.013238541666666666 0.0325074074074074
0 0.17814713541666669 0.05919907407407408 0.012544270833333334 0.03321296296296296
0 0.15301197916666667 0.009458333333333332 0.011232291666666666 0.018916666666666665
0 0.17903750000000002 0.17960046296296298 0.022658333333333332 0.10179351851851852
0 0.4054169270833333 0.4746537037037037 0.036875520833333335 0.047455555555555556
0 0.49073906250000005 0.5923606481481482 0.012728125 0.02175833333333333
0 0.7013421875 0.907675 0.024559375 0.03201666666666667
0 0.6654822916666667 0.9452675925925926 0.02783958333333333 0.03127592592592592
0 0.51618125 0.36082314814814814 0.03027916666666667 0.05868333333333333
0 0.460059375 0.22874259259259258 0.013868750000000001 0.033411111111111114
0 0.3947921875 0.2513384259259259 0.015626041666666667 0.03230648148148148
0 0.8640841145833333 0.9600226851851852 0.046918229166666665 0.07930462962962963
0 0.8681502604166667 0.9618972222222222 0.03838385416666667 0.0756462962962963
0 0.59734453125 0.7925129629629629 0.006147395833333334 0.009099999999999999
0 0.6076947916666666 0.8072976851851852 0.012264583333333332 0.018299074074074075
0 0.6319515625 0.6420407407407407 0.024319791666666667 0.03408148148148148
0 0.6068760416666666 0.6110199074074074 0.009585416666666667 0.014632407407407408
0 0.6082953124999999 0.48772361111111107 0.017632291666666668 0.04211388888888889
0 0.3128049479166667 0.5820689814814815 0.013109895833333333 0.027100925925925924
0 0.48239921875 0.9861935185185184 0.009590104166666667 0.027942592592592592
1 0.5 0.5 1.0 1.0
0 0.02083671875 0.716987962962963 0.027090104166666667 0.06360555555555555
0 0.16065208333333333 0.6186555555555556 0.0140125 0.06508888888888889
0 0.13794244791666666 0.4343194444444444 0.019634895833333332 0.044564814814814814
0 0.15073645833333332 0.4733925925925926 0.01918125 0.056044444444444445
0 0.10168385416666667 0.48550185185185185 0.020034375 0.0173
0 0.17265494791666666 0.8393277777777778 0.0088515625 0.019396296296296297
0 0.014010677083333334 0.5768694444444444 0.011354687499999998 0.01485
0 0.29553541666666666 0.3305328703703704 0.0233625 0.04069537037037037
0 0.16233411458333336 0.39696990740740745 0.0173765625 0.034680555555555555
0 0.15478255208333333 0.09427083333333333 0.014773437499999998 0.03113425925925926
0 0.16541614583333333 0.029924537037037038 0.014165625 0.046886111111111115
0 0.18833880208333334 0.008972685185185186 0.0162609375 0.017945370370370372
0 0.17005260416666665 0.07961805555555555 0.011980208333333332 0.033310185185185186
0 0.14423776041666667 0.023194444444444445 0.012433854166666668 0.035277777777777776
0 0.17301067708333334 0.19957314814814814 0.021021354166666666 0.10285
0 0.40552604166666667 0.4804407407407407 0.03709375 0.04791851851851852
0 0.49275234375000004 0.5932583333333333 0.012588020833333333 0.02170185185185185
0 0.7091140625 0.8944884259259259 0.024478125 0.03156944444444444
0 0.674165625 0.9346337962962963 0.027497916666666667 0.032230555555555554
0 0.5134197916666666 0.35971435185185185 0.029964583333333333 0.05831759259259259
0 0.45465494791666666 0.23134074074074076 0.0134765625 0.03305185185185185
0 0.39021380208333334 0.2575560185185185 0.015844270833333333 0.031778703703703705
0 0.8690674479166667 0.9486486111111112 0.05375989583333333 0.10285277777777778
0 0.8755502604166666 0.9505143518518518 0.040683854166666665 0.09917685185185185
0 0.60303359375 0.7859555555555555 0.0060671875 0.008948148148148148
0 0.6139841145833334 0.800550462962963 0.012343229166666667 0.017767592592592592
0 0.6348880208333333 0.6327347222222223 0.023942708333333333 0.03398796296296296
0 0.60894609375 0.6045745370370371 0.009558854166666667 0.01470462962962963
0 0.6080903645833333 0.4805175925925925 0.017222395833333334 0.04251666666666667
0 0.31471796875 0.5931810185185185 0.012769270833333334 0.027102777777777778
0 0.4915861979166667 0.9865967592592593 0.0092140625 0.02689722222222222
