1 0.5 0.47452222222222223 1.0 0.9490444444444445
0 0.5784955729166666 0.41409166666666664 0.024699479166666666 0.03559074074074074
0 0.7096575520833334 0.1511574074074074 0.026606770833333335 0.0412037037037037
0 0.7428895833333333 0.10426018518518518 0.009737500000000001 0.021483333333333333
0 0.530996875 0.5067106481481481 0.043243750000000004 0.04305092592592592
0 0.9377348958333334 0.5946050925925925 0.011928125000000001 0.035506481481481486
0 0.62134609375 0.04116851851851852 0.012483854166666667 0.028633333333333334
0 0.41635104166666664 0.20797824074074076 0.010827083333333333 0.017808333333333332
0 0.427440625 0.4064055555555556 0.010089583333333334 0.027625925925925925
0 0.8025708333333333 0.5916138888888889 0.012433333333333333 0.01656111111111111
0 0.5713408854166667 0.569024537037037 0.030181770833333333 0.054715740740740745
0 0.18642213541666666 0.03599398148148148 0.010344270833333334 0.016432407407407406
0 0.35323307291666667 0.779912037037037 0.015841145833333334 0.015379629629629629
0 0.49794375 0.23116157407407406 0.016720833333333334 0.041952777777777776
1 0.5 0.5244328703703705 1.0 0.9507175925925927
0 0.5679625 0.6103060185185185 0.02238333333333333 0.03913055555555556
0 0.6688388020833334 0.9140342592592593 0.026219270833333332 0.03917962962962963
0 0.6958450520833334 0.9720333333333334 0.011481770833333333 0.019992592592592593
0 0.5317533854166666 0.507625462962963 0.044756770833333334 0.039325
0 0.9399559895833334 0.5554092592592592 0.009078645833333334 0.03674444444444444
0 0.5695908854166666 0.9879166666666667 0.010015104166666667 0.02398148148148148
0 0.386559375 0.7585050925925927 0.009577083333333335 0.017010185185185184
0 0.41837161458333333 0.5684782407407407 0.010701562500000001 0.02584537037037037
0 0.8066158854166667 0.5129574074074075 0.013231770833333333 0.016655555555555555
0 0.5770986979166667 0.4585018518518519 0.03232239583333333 0.050337037037037034
0 0.14277317708333334 0.8491810185185186 0.0095046875 0.01688055555555556
0 0.3861778645833333 0.17476064814814815 0.0150640625 0.016187962962962963
0 0.46898828124999997 0.7629319444444445 0.0192265625 0.0406787037037037
1 0.49973958333333335 0.5328703703703703 0.9994791666666667 0.9324074074074075
0 0.425 0.5953703703703703 0.023958333333333335 0.037037037037037035
0 0.30442708333333335 0.874537037037037 0.0265625 0.03981481481481482
0 0.2734375 0.925 0.010416666666666666 0.020370370370370372
0 0.46875 0.4986111111111111 0.04375 0.041666666666666664
0 0.05963541666666667 0.4597222222222222 0.0109375 0.03611111111111111
0 0.396875 0.9726851851851852 0.011458333333333333 0.028703703703703703
0 0.5947916666666667 0.7810185185185186 0.010416666666666666 0.017592592592592594
0 0.5763020833333333 0.5847222222222223 0.009895833333333333 0.026851851851851852
0 0.19479166666666667 0.4462962962962963 0.0125 0.016666666666666666
0 0.42630208333333336 0.44027777777777777 0.030729166666666665 0.05277777777777778
0 0.8309895833333333 0.924074074074074 0.009895833333333333 0.016666666666666666
0 0.6354166666666666 0.2023148148148148 0.015625 0.01574074074074074
0 0.5125 0.7680555555555556 0.017708333333333333 0.041666666666666664
1 0.5 0.47452222222222223 1.0 0.9490444444444445
0 0.5784955729166666 0.41409166666666664 0.024699479166666666 0.03559074074074074
0 0.7096575520833334 0.1511574074074074 0.026606770833333335 0.0412037037037037
0 0.7428895833333333 0.10426018518518518 0.009737500000000001 0.021483333333333333
0 0.530996875 0.5067106481481481 0.043243750000000004 0.04305092592592592
0 0.9377348958333334 0.5946050925925925 0.011928125000000001 0.035506481481481486
0 0.62134609375 0.04116851851851852 0.012483854166666667 0.028633333333333334
0 0.41635104166666664 0.20797824074074076 0.010827083333333333 0.017808333333333332
0 0.427440625 0.4064055555555556 0.010089583333333334 0.027625925925925925
0 0.8025708333333333 0.5916138888888889 0.012433333333333333 0.01656111111111111
0 0.5713408854166667 0.569024537037037 0.030181770833333333 0.054715740740740745
0 0.18642213541666666 0.03599398148148148 0.010344270833333334 0.016432407407407406
0 0.35323307291666667 0.779912037037037 0.015841145833333334 0.015379629629629629
0 0.49794375 0.23116157407407406 0.016720833333333334 0.041952777777777776
1 0.5 0.5244328703703705 1.0 0.9507175925925927
0 0.5679625 0.6103060185185185 0.02238333333333333 0.03913055555555556
0 0.6688388020833334 0.9140342592592593 0.026219270833333332 0.03917962962962963
0 0.6958450520833334 0.9720333333333334 0.011481770833333333 0.019992592592592593
0 0.5317533854166666 0.507625462962963 0.044756770833333334 0.039325
0 0.9399559895833334 0.5554092592592592 0.009078645833333334 0.03674444444444444
0 0.5695908854166666 0.9879166666666667 0.010015104166666667 0.02398148148148148
0 0.386559375 0.7585050925925927 0.009577083333333335 0.017010185185185184
0 0.41837161458333333 0.5684782407407407 0.010701562500000001 0.02584537037037037
0 0.8066158854166667 0.5129574074074075 0.013231770833333333 0.016655555555555555
0 0.5770986979166667 0.4585018518518519 0.03232239583333333 0.050337037037037034
0 0.14277317708333334 0.8491810185185186 0.0095046875 0.01688055555555556
0 0.3861778645833333 0.17476064814814815 0.0150640625 0.016187962962962963
0 0.46898828124999997 0.7629319444444445 0.0192265625 0.0406787037037037
1 0.49973958333333335 0.5328703703703703 0.9994791666666667 0.9324074074074075
0 0.425 0.5953703703703703 0.023958333333333335 0.037037037037037035
0 0.30442708333333335 0.874537037037037 0.0265625 0.03981481481481482
0 0.2734375 0.925 0.010416666666666666 0.020370370370370372
0 0.46875 0.4986111111111111 0.04375 0.041666666666666664
0 0.05963541666666667 0.4597222222222222 0.0109375 0.03611111111111111
0 0.396875 0.9726851851851852 0.011458333333333333 0.028703703703703703
0 0.5947916666666667 0.7810185185185186 0.010416666666666666 0.017592592592592594
0 0.5763020833333333 0.5847222222222223 0.009895833333333333 0.026851851851851852
0 0.19479166666666667 0.4462962962962963 0.0125 0.016666666666666666
0 0.42630208333333336 0.44027777777777777 0.030729166666666665 0.05277777777777778
0 0.8309895833333333 0.924074074074074 0.009895833333333333 0.016666666666666666
0 0.6354166666666666 0.2023148148148148 0.015625 0.01574074074074074
0 0.5125 0.7680555555555556 0.017708333333333333 0.041666666666666664
1 0.5 0.47452222222222223 1.0 0.9490444444444445
0 0.5784955729166666 0.41409166666666664 0.024699479166666666 0.03559074074074074
0 0.7096575520833334 0.1511574074074074 0.026606770833333335 0.0412037037037037
0 0.7428895833333333 0.10426018518518518 0.009737500000000001 0.021483333333333333
0 0.530996875 0.5067106481481481 0.043243750000000004 0.04305092592592592
0 0.9377348958333334 0.5946050925925925 0.011928125000000001 0.035506481481481486
0 0.62134609375 0.04116851851851852 0.012483854166666667 0.028633333333333334
0 0.41635104166666664 0.20797824074074076 0.010827083333333333 0.017808333333333332
0 0.427440625 0.4064055555555556 0.010089583333333334 0.027625925925925925
0 0.8025708333333333 0.5916138888888889 0.012433333333333333 0.01656111111111111
0 0.5713408854166667 0.569024537037037 0.030181770833333333 0.054715740740740745
0 0.18642213541666666 0.03599398148148148 0.010344270833333334 0.016432407407407406
0 0.35323307291666667 0.779912037037037 0.015841145833333334 0.015379629629629629
0 0.49794375 0.23116157407407406 0.016720833333333334 0.041952777777777776
1 0.5 0.5244328703703705 1.0 0.9507175925925927
0 0.5679625 0.6103060185185185 0.02238333333333333 0.03913055555555556
0 0.6688388020833334 0.9140342592592593 0.026219270833333332 0.03917962962962963
0 0.6958450520833334 0.9720333333333334 0.011481770833333333 0.019992592592592593
0 0.5317533854166666 0.507625462962963 0.044756770833333334 0.039325
0 0.9399559895833334 0.5554092592592592 0.009078645833333334 0.03674444444444444
0 0.5695908854166666 0.9879166666666667 0.010015104166666667 0.02398148148148148
0 0.386559375 0.7585050925925927 0.009577083333333335 0.017010185185185184
0 0.41837161458333333 0.5684782407407407 0.010701562500000001 0.02584537037037037
0 0.8066158854166667 0.5129574074074075 0.013231770833333333 0.016655555555555555
0 0.5770986979166667 0.4585018518518519 0.03232239583333333 0.050337037037037034
0 0.14277317708333334 0.8491810185185186 0.0095046875 0.01688055555555556
0 0.3861778645833333 0.17476064814814815 0.0150640625 0.016187962962962963
0 0.46898828124999997 0.7629319444444445 0.0192265625 0.0406787037037037
1 0.49973958333333335 0.5328703703703703 0.9994791666666667 0.9324074074074075
0 0.425 0.5953703703703703 0.023958333333333335 0.037037037037037035
0 0.30442708333333335 0.874537037037037 0.0265625 0.03981481481481482
0 0.2734375 0.925 0.010416666666666666 0.020370370370370372
0 0.46875 0.4986111111111111 0.04375 0.041666666666666664
0 0.05963541666666667 0.4597222222222222 0.0109375 0.03611111111111111
0 0.396875 0.9726851851851852 0.011458333333333333 0.028703703703703703
0 0.5947916666666667 0.7810185185185186 0.010416666666666666 0.017592592592592594
0 0.5763020833333333 0.5847222222222223 0.009895833333333333 0.026851851851851852
0 0.19479166666666667 0.4462962962962963 0.0125 0.016666666666666666
0 0.42630208333333336 0.44027777777777777 0.030729166666666665 0.05277777777777778
0 0.8309895833333333 0.924074074074074 0.009895833333333333 0.016666666666666666
0 0.6354166666666666 0.2023148148148148 0.015625 0.01574074074074074
0 0.5125 0.7680555555555556 0.017708333333333333 0.041666666666666664
