1 0.5 0.5139796296296296 1.0 0.9724037037037037
0 0.377759375 0.22054675925925923 0.020102083333333333 0.057760185185185185
0 0.34833697916666667 0.5915773148148148 0.026882291666666665 0.06648796296296297
0 0.3899609375 0.5905356481481482 0.014296874999999999 0.029219444444444444
0 0.38223229166666667 0.5527939814814815 0.016547916666666666 0.03706944444444444
0 0.4659744791666667 0.7634819444444445 0.018407291666666666 0.030667592592592594
0 0.3886515625 0.8463467592592592 0.020011458333333332 0.024175000000000002
0 0.6183296875 0.16417175925925925 0.009576041666666667 0.04501018518518518
0 0.8843755208333334 0.9791337962962964 0.013542708333333332 0.04160092592592593
0 0.3352927083333333 0.4224208333333333 0.009127083333333334 0.01891574074074074
0 0.09839895833333333 0.10751851851851853 0.010339583333333334 0.04466666666666667
0 0.0896390625 0.28362361111111106 0.0063614583333333335 0.035765740740740744
0 0.04053541666666667 0.2581851851851852 0.008154166666666667 0.023777777777777776
0 0.02976796875 0.3129398148148148 0.0064109375 0.029583333333333333
0 0.050619791666666664 0.3036736111111111 0.006447916666666667 0.020310185185185185
0 0.9658804687500001 0.47305787037037034 0.0098859375 0.04611574074074074
0 0.9053927083333334 0.6109328703703704 0.009743749999999999 0.032976851851851854
0 0.9683536458333334 0.6848847222222223 0.008582291666666667 0.036436111111111114
1 0.5 0.4819347222222222 1.0 0.9638694444444444
0 0.374946875 0.7761694444444445 0.019685416666666667 0.05789444444444445
0 0.3494645833333333 0.4043324074074074 0.027054166666666667 0.06607222222222223
0 0.39047734375 0.40626527777777777 0.014288020833333333 0.029197222222222225
0 0.38268255208333335 0.4434523148148148 0.016406770833333334 0.03690462962962963
0 0.46814635416666667 0.23561342592592593 0.018584375 0.03048611111111111
0 0.39226822916666665 0.14985324074074075 0.019953125000000002 0.023780555555555555
0 0.6148528645833333 0.8391162037037037 0.0099140625 0.04489907407407407
0 0.8889841145833334 0.03125601851851852 0.013384895833333334 0.04584537037037037
0 0.33473723958333335 0.572461574074074 0.0090578125 0.01899722222222222
0 0.094821875 0.8798074074074074 0.010477083333333333 0.0448
0 0.08758255208333333 0.7030574074074074 0.006415104166666667 0.03574444444444445
0 0.038379947916666664 0.7276606481481481 0.008009895833333332 0.023839814814814814
0 0.028130729166666667 0.6722439814814815 0.006261458333333333 0.029673148148148146
0 0.04847109375 0.6824444444444444 0.0063171875 0.020444444444444442
0 0.96582890625 0.541562962962963 0.0097828125 0.046088888888888895
0 0.9065067708333333 0.40161018518518515 0.009888541666666667 0.032850000000000004
0 0.9699364583333333 0.32938518518518517 0.008622916666666668 0.03654814814814815
1 0.49973958333333335 0.5365740740740741 0.9994791666666667 0.925
0 0.6450520833333333 0.2574074074074074 0.0171875 0.05925925925925926
0 0.640625 0.6324074074074074 0.028125 0.06481481481481481
0 0.6013020833333333 0.6208333333333333 0.0140625 0.028703703703703703
0 0.6122395833333333 0.5851851851851851 0.015104166666666667 0.03518518518518519
0 0.5109375 0.7708333333333334 0.019791666666666666 0.028703703703703703
0 0.5794270833333334 0.8736111111111111 0.019270833333333334 0.021296296296296296
0 0.41302083333333334 0.13564814814814816 0.0125 0.04351851851851852
0 0.08177083333333333 0.9716583333333334 0.019791666666666666 0.047020370370370365
0 0.07734375 0.8675925925925926 0.011979166666666667 0.046296296296296294
0 0.6690104166666667 0.4689814814814815 0.008854166666666666 0.019444444444444445
0 0.9309895833333334 0.22453703703703703 0.011979166666666667 0.04537037037037037
0 0.9244791666666666 0.4009259259259259 0.008333333333333333 0.03518518518518519
0 0.9747395833333333 0.3888888888888889 0.0067708333333333336 0.024074074074074074
0 0.9817708333333334 0.44651574074074074 0.00625 0.030068518518518515
0 0.9614583333333333 0.4310185185185185 0.005208333333333333 0.021296296296296296
0 0.0421875 0.3439814814814815 0.010416666666666666 0.04537037037037037
0 0.08958333333333333 0.49722222222222223 0.011458333333333333 0.03148148148148148
0 0.020572916666666666 0.5527777777777778 0.008854166666666666 0.037037037037037035
1 0.5 0.5139796296296296 1.0 0.9724037037037037
0 0.377759375 0.22054675925925923 0.020102083333333333 0.057760185185185185
0 0.34833697916666667 0.5915773148148148 0.026882291666666665 0.06648796296296297
0 0.3899609375 0.5905356481481482 0.014296874999999999 0.029219444444444444
0 0.38223229166666667 0.5527939814814815 0.016547916666666666 0.03706944444444444
0 0.4659744791666667 0.7634819444444445 0.018407291666666666 0.030667592592592594
0 0.3886515625 0.8463467592592592 0.020011458333333332 0.024175000000000002
0 0.6183296875 0.16417175925925925 0.009576041666666667 0.04501018518518518
0 0.8843755208333334 0.9791337962962964 0.013542708333333332 0.04160092592592593
0 0.3352927083333333 0.4224208333333333 0.009127083333333334 0.01891574074074074
0 0.09839895833333333 0.10751851851851853 0.010339583333333334 0.04466666666666667
0 0.0896390625 0.28362361111111106 0.0063614583333333335 0.035765740740740744
0 0.04053541666666667 0.2581851851851852 0.008154166666666667 0.023777777777777776
0 0.02976796875 0.3129398148148148 0.0064109375 0.029583333333333333
0 0.050619791666666664 0.3036736111111111 0.006447916666666667 0.020310185185185185
0 0.9658804687500001 0.47305787037037034 0.0098859375 0.04611574074074074
0 0.9053927083333334 0.6109328703703704 0.009743749999999999 0.032976851851851854
0 0.9683536458333334 0.6848847222222223 0.008582291666666667 0.036436111111111114
1 0.5 0.4819347222222222 1.0 0.9638694444444444
0 0.374946875 0.7761694444444445 0.019685416666666667 0.05789444444444445
0 0.3494645833333333 0.4043324074074074 0.027054166666666667 0.06607222222222223
0 0.39047734375 0.40626527777777777 0.014288020833333333 0.029197222222222225
0 0.38268255208333335 0.4434523148148148 0.016406770833333334 0.03690462962962963
0 0.46814635416666667 0.23561342592592593 0.018584375 0.03048611111111111
0 0.39226822916666665 0.14985324074074075 0.019953125000000002 0.023780555555555555
0 0.6148528645833333 0.8391162037037037 0.0099140625 0.04489907407407407
0 0.8889841145833334 0.03125601851851852 0.013384895833333334 0.04584537037037037
0 0.33473723958333335 0.572461574074074 0.0090578125 0.01899722222222222
0 0.094821875 0.8798074074074074 0.010477083333333333 0.0448
0 0.08758255208333333 0.7030574074074074 0.006415104166666667 0.03574444444444445
0 0.038379947916666664 0.7276606481481481 0.008009895833333332 0.023839814814814814
0 0.028130729166666667 0.6722439814814815 0.006261458333333333 0.029673148148148146
0 0.04847109375 0.6824444444444444 0.0063171875 0.020444444444444442
0 0.96582890625 0.541562962962963 0.0097828125 0.046088888888888895
0 0.9065067708333333 0.40161018518518515 0.009888541666666667 0.032850000000000004
0 0.9699364583333333 0.32938518518518517 0.008622916666666668 0.03654814814814815
1 0.49973958333333335 0.5365740740740741 0.9994791666666667 0.925
0 0.6450520833333333 0.2574074074074074 0.0171875 0.05925925925925926
0 0.640625 0.6324074074074074 0.028125 0.06481481481481481
0 0.6013020833333333 0.6208333333333333 0.0140625 0.028703703703703703
0 0.6122395833333333 0.5851851851851851 0.015104166666666667 0.03518518518518519
0 0.5109375 0.7708333333333334 0.019791666666666666 0.028703703703703703
0 0.5794270833333334 0.8736111111111111 0.019270833333333334 0.021296296296296296
0 0.41302083333333334 0.13564814814814816 0.0125 0.04351851851851852
0 0.08177083333333333 0.9716583333333334 0.019791666666666666 0.047020370370370365
0 0.07734375 0.8675925925925926 0.011979166666666667 0.046296296296296294
0 0.6690104166666667 0.4689814814814815 0.008854166666666666 0.019444444444444445
0 0.9309895833333334 0.22453703703703703 0.011979166666666667 0.04537037037037037
0 0.9244791666666666 0.4009259259259259 0.008333333333333333 0.03518518518518519
0 0.9747395833333333 0.3888888888888889 0.0067708333333333336 0.024074074074074074
0 0.9817708333333334 0.44651574074074074 0.00625 0.030068518518518515
0 0.9614583333333333 0.4310185185185185 0.005208333333333333 0.021296296296296296
0 0.0421875 0.3439814814814815 0.010416666666666666 0.04537037037037037
0 0.08958333333333333 0.49722222222222223 0.011458333333333333 0.03148148148148148
0 0.020572916666666666 0.5527777777777778 0.008854166666666666 0.037037037037037035
