1 0.49973958333333335 0.5361111111111111 0.9994791666666667 0.9259259259259259
0 0.040364583333333336 0.6240740740740741 0.0109375 0.05185185185185185
0 0.07421875 0.7148148148148148 0.0203125 0.053703703703703705
0 0.058854166666666666 0.6819444444444445 0.009375 0.013888888888888888
0 0.18203125 0.9287037037037037 0.0359375 0.07592592592592592
0 0.12786458333333334 0.9925925925925926 0.005729166666666666 0.012962962962962963
0 0.10572916666666667 0.8013888888888889 0.011458333333333333 0.03425925925925926
0 0.18411458333333333 0.6527777777777778 0.008854166666666666 0.022222222222222223
0 0.10677083333333333 0.5828703703703704 0.00625 0.026851851851851852
0 0.0265625 0.5472222222222223 0.014583333333333334 0.040740740740740744
0 0.0375 0.5226851851851851 0.007291666666666667 0.019444444444444445
0 0.03723958333333333 0.5504629629629629 0.005729166666666666 0.01574074074074074
0 0.09375 0.4217592592592593 0.005208333333333333 0.013888888888888888
0 0.15182291666666667 0.44537037037037036 0.0171875 0.040740740740740744
0 0.22265625 0.47129629629629627 0.013020833333333334 0.02962962962962963
0 0.17552083333333332 0.39305555555555555 0.011458333333333333 0.01574074074074074
0 0.24088541666666666 0.3958333333333333 0.005729166666666666 0.010185185185185186
0 0.22864583333333333 0.4185185185185185 0.00625 0.009259259259259259
0 0.2638020833333333 0.4023148148148148 0.008854166666666666 0.021296296296296296
0 0.296875 0.32546296296296295 0.021875 0.023148148148148147
0 0.38671875 0.2361111111111111 0.011979166666666667 0.011111111111111112
0 0.18802083333333333 0.22037037037037038 0.008333333333333333 0.020370370370370372
0 0.40078125 0.4976851851851852 0.009895833333333333 0.01574074074074074
0 0.46510416666666665 0.49583333333333335 0.01875 0.026851851851851852
0 0.2598958333333333 0.5518518518518518 0.007291666666666667 0.018518518518518517
0 0.3221354166666667 0.9407407407407408 0.0078125 0.020370370370370372
0 0.34765625 0.7712962962962963 0.0036458333333333334 0.024074074074074074
0 0.5255208333333333 0.9356481481481481 0.011458333333333333 0.026851851851851852
0 0.5580729166666667 0.9671296296296297 0.0171875 0.019444444444444445
0 0.5684895833333333 0.9393518518518519 0.016145833333333335 0.023148148148148147
0 0.6278645833333333 0.9847222222222223 0.016145833333333335 0.028703703703703703
0 0.6111979166666667 0.9777777777777777 0.0078125 0.014814814814814815
0 0.5994791666666667 0.812962962962963 0.041666666666666664 0.05
0 0.5880208333333333 0.8199074074074074 0.01875 0.028703703703703703
0 0.6513020833333333 0.7620370370370371 0.0328125 0.040740740740740744
0 0.6544270833333333 0.8087962962962963 0.008854166666666666 0.017592592592592594
0 0.5393229166666667 0.8273148148148148 0.021354166666666667 0.04722222222222222
0 0.5708333333333333 0.8402777777777778 0.014583333333333334 0.028703703703703703
0 0.55625 0.8222222222222222 0.01875 0.040740740740740744
0 0.52578125 0.775 0.011979166666666667 0.03148148148148148
0 0.5494791666666666 0.725925925925926 0.021875 0.037037037037037035
0 0.5369791666666667 0.7138888888888889 0.007291666666666667 0.011111111111111112
0 0.5786458333333333 0.6796296296296296 0.022916666666666665 0.03148148148148148
0 0.5705729166666667 0.6986111111111111 0.008854166666666666 0.025
0 0.6135416666666667 0.7263888888888889 0.01875 0.019444444444444445
0 0.6359375 0.7305555555555555 0.011458333333333333 0.024074074074074074
0 0.5528645833333333 0.6513888888888889 0.016145833333333335 0.026851851851851852
0 0.5776041666666667 0.6481481481481481 0.011458333333333333 0.022222222222222223
0 0.5963541666666666 0.6583333333333333 0.025 0.040740740740740744
0 0.5497395833333333 0.55 0.009895833333333333 0.027777777777777776
0 0.5330729166666667 0.5115740740740741 0.033854166666666664 0.049074074074074076
0 0.5138020833333333 0.4759259259259259 0.024479166666666666 0.03518518518518519
0 0.503125 0.44074074074074077 0.03125 0.037037037037037035
0 0.49296875 0.4356481481481482 0.009895833333333333 0.021296296296296296
0 0.515625 0.4546296296296296 0.008333333333333333 0.009259259259259259
0 0.6015625 0.35462962962962963 0.019791666666666666 0.03518518518518519
0 0.49713541666666666 0.3055555555555556 0.024479166666666666 0.03518518518518519
0 0.52109375 0.30925925925925923 0.021354166666666667 0.037037037037037035
0 0.49661458333333336 0.3333333333333333 0.018229166666666668 0.022222222222222223
0 0.5098958333333333 0.2638888888888889 0.03958333333333333 0.04814814814814815
0 0.51640625 0.2518518518518518 0.019270833333333334 0.024074074074074074
0 0.5354166666666667 0.2662037037037037 0.007291666666666667 0.008333333333333333
0 0.4984375 0.19166666666666668 0.015625 0.05740740740740741
0 0.54296875 0.17453703703703705 0.019270833333333334 0.028703703703703703
0 0.6046875 0.475 0.004166666666666667 0.014814814814814815
0 0.69375 0.6560185185185186 0.015625 0.019444444444444445
0 0.65390625 0.6101851851851852 0.0296875 0.03888888888888889
0 0.66875 0.625 0.00625 0.024074074074074074
0 0.62421875 0.5782407407407407 0.0067708333333333336 0.023148148148148147
0 0.8026041666666667 0.8773148148148148 0.021875 0.032407407407407406
0 0.6518229166666667 0.8902777777777777 0.0140625 0.013888888888888888
0 0.8809895833333333 0.8986111111111111 0.011979166666666667 0.03796296296296296
0 0.953125 0.9041666666666667 0.021875 0.08611111111111111
0 0.60390625 0.9569444444444445 0.009895833333333333 0.017592592592592594
0 0.065625 0.7583333333333333 0.011458333333333333 0.022222222222222223
1 0.5 0.5398356481481482 1.0 0.920412037037037
0 0.9552265625 0.6665583333333334 0.011494791666666667 0.05163518518518519
0 0.9192815104166667 0.7549856481481482 0.0208546875 0.05256388888888889
0 0.9350393229166667 0.7230148148148148 0.009661979166666666 0.014548148148148149
0 0.8050458333333333 0.9581361111111112 0.03613333333333334 0.07553148148148148
0 0.8845989583333334 0.8372342592592592 0.01190625 0.03372777777777778
0 0.8109299479166666 0.6820287037037037 0.009359895833333333 0.021464814814814815
0 0.8902934895833333 0.6189629629629629 0.005586979166666667 0.026814814814814816
0 0.9713713541666666 0.5918324074074074 0.014617708333333333 0.04107222222222222
0 0.9610552083333334 0.5662148148148147 0.0075270833333333335 0.019466666666666667
0 0.9607958333333334 0.5931175925925926 0.005966666666666666 0.015864814814814814
0 0.9081661458333333 0.4597125 0.0048739583333333334 0.013869444444444443
0 0.8494278645833333 0.4780888888888889 0.0165640625 0.04136296296296296
0 0.7778692708333333 0.49700787037037036 0.013030208333333333 0.029200925925925925
0 0.8275281250000001 0.4235759259259259 0.011306249999999999 0.01567037037037037
0 0.7617830729166666 0.4199972222222222 0.0058578125 0.010364814814814816
0 0.7734877604166667 0.4437060185185185 0.006350520833333333 0.009634259259259259
0 0.7388778645833334 0.4245467592592592 0.009005729166666667 0.021315740740740743
0 0.7079065104166666 0.34471666666666667 0.022063020833333332 0.02461851851851852
0 0.6206463541666667 0.2467060185185185 0.012126041666666667 0.010078703703703704
0 0.8194830729166667 0.24962268518518516 0.0087578125 0.01961574074074074
0 0.5992528645833333 0.5068365740740741 0.0099640625 0.015524999999999999
0 0.5351283854166666 0.4992037037037037 0.019215104166666667 0.026185185185185186
0 0.73824765625 0.5739162037037038 0.0077453125000000005 0.018202777777777776
0 0.6644809895833333 0.9562736111111111 0.008128645833333333 0.019954629629629628
0 0.6440486979166666 0.7851685185185185 0.0037223958333333336 0.02404074074074074
0 0.46169583333333336 0.9322893518518518 0.011933333333333332 0.02754166666666667
0 0.42837369791666663 0.9612407407407408 0.0171640625 0.02062962962962963
0 0.41866927083333333 0.9324425925925927 0.016505208333333334 0.022292592592592593
0 0.35778645833333333 0.9717152777777779 0.016614583333333332 0.02861574074074074
0 0.37489765625 0.9664143518518519 0.008128645833333333 0.014310185185185184
0 0.3911747395833334 0.8029319444444445 0.040682812500000005 0.052160185185185184
0 0.40237317708333337 0.8115523148148148 0.01828802083333333 0.028660185185185184
0 0.341465625 0.748876388888889 0.03293125 0.04034537037037037
0 0.33683541666666666 0.7937513888888889 0.0090875 0.01713240740740741
0 0.45109661458333333 0.8232152777777778 0.020943229166666667 0.04643055555555556
0 0.41910989583333336 0.8336555555555555 0.014261458333333334 0.028422222222222224
0 0.4345666666666667 0.8165662037037037 0.019133333333333332 0.04053981481481481
0 0.46597265625 0.7723944444444445 0.012153645833333334 0.031825925925925924
0 0.44399401041666664 0.7204421296296296 0.022363020833333334 0.03718055555555556
0 0.45692942708333334 0.7098384259259259 0.0076088541666666665 0.010417592592592593
0 0.4160346354166667 0.6723217592592592 0.022694270833333332 0.03168055555555556
0 0.42386901041666664 0.6921125 0.009196354166666667 0.024965740740740743
0 0.37966093749999996 0.7163842592592593 0.018696875 0.019805555555555555
0 0.3574747395833333 0.7173824074074074 0.011824479166666667 0.023653703703703705
0 0.4426578125 0.6462027777777778 0.015523958333333334 0.02759074074074074
0 0.41831666666666667 0.6405560185185186 0.011633333333333332 0.021852777777777777
0 0.39893828125 0.6496087962962963 0.026001562500000002 0.03995833333333333
0 0.4490317708333333 0.5451819444444445 0.010563541666666667 0.027400925925925926
0 0.4666557291666667 0.5085930555555556 0.034353125 0.048667592592592596
0 0.48698828125000004 0.474249074074074 0.025018229166666666 0.033683333333333336
0 0.49857968750000003 0.44142314814814815 0.031534374999999996 0.03655
0 0.5091622395833333 0.4365111111111111 0.009991145833333333 0.02117037037037037
0 0.4858635416666666 0.4528685185185185 0.008185416666666665 0.00944074074074074
0 0.4027950520833333 0.34632083333333336 0.0201734375 0.03523425925925926
0 0.50827421875 0.3059 0.024881770833333334 0.034022222222222225
0 0.48497526041666666 0.3069944444444444 0.022033854166666665 0.03621111111111111
0 0.50816953125 0.3340259259259259 0.018422395833333334 0.021755555555555556
0 0.4967388020833334 0.2627550925925926 0.039310937500000004 0.04958425925925926
0 0.49085859374999996 0.25061666666666665 0.0192171875 0.023455555555555556
0 0.47129453125 0.26329907407407405 0.007172395833333334 0.008079629629629631
0 0.5106893229166667 0.19223842592592594 0.017211979166666665 0.056699074074074075
0 0.4662703125 0.1713226851851852 0.018998958333333333 0.02968240740740741
0 0.3960484375 0.4657064814814815 0.004596875 0.014746296296296297
0 0.30207265625 0.6382430555555556 0.015603645833333334 0.019078703703703705
0 0.34333307291666665 0.5951930555555556 0.02937447916666667 0.04038611111111111
0 0.3278453125 0.609049074074074 0.006732291666666667 0.023653703703703705
0 0.37373411458333333 0.5668472222222223 0.006843229166666667 0.022583333333333334
0 0.18688229166666667 0.8487342592592593 0.02168125 0.0326537037037037
0 0.33712083333333337 0.8757685185185186 0.013825 0.0145
0 0.10739401041666667 0.8625222222222222 0.011663020833333334 0.038007407407407406
0 0.035200260416666664 0.861049537037037 0.02040052083333333 0.08691388888888889
0 0.38295703125 0.947037962962963 0.009664062499999999 0.01815
0 0.9260203125 0.7981814814814814 0.011415625 0.02228888888888889
1 0.5 0.5089814814814815 1.0 0.9827777777777779
0 0.965121875 0.509200462962963 0.010452083333333334 0.05173425925925926
0 0.93728671875 0.6068976851851852 0.019365104166666664 0.056387962962962966
0 0.9515893229166666 0.5710324074074075 0.009428645833333334 0.012435185185185185
0 0.8494291666666667 0.8459027777777778 0.0374 0.07699074074074075
0 0.9071255208333333 0.8958226851851853 0.0048760416666666665 0.013867592592592593
0 0.9144322916666667 0.7009407407407408 0.010114583333333335 0.03521481481481481
0 0.8247822916666667 0.5730805555555556 0.007897916666666666 0.023938888888888888
0 0.8961518229166666 0.4845916666666667 0.007928645833333334 0.02659074074074074
0 0.9727731770833333 0.4295601851851852 0.014296354166666667 0.040601851851851854
0 0.9595341145833333 0.4081625 0.006568229166666667 0.020028703703703705
0 0.96240625 0.4353782407407408 0.005020833333333334 0.015200925925925927
0 0.89624296875 0.3226175925925926 0.006027604166666667 0.013753703703703704
0 0.8405575520833334 0.35908472222222226 0.018615104166666667 0.03853981481481481
0 0.7718773437500001 0.4031490740740741 0.013546354166666667 0.03037222222222222
0 0.8128067708333333 0.3143398148148148 0.012071875000000001 0.015716666666666667
0 0.7484888020833333 0.33256296296296295 0.0053109375 0.009570370370370371
0 0.7623247395833334 0.35221712962962964 0.005899479166666667 0.008137962962962963
0 0.7265127604166667 0.34473935185185184 0.009275520833333334 0.020960185185185186
0 0.6879463541666666 0.27550324074074073 0.021726041666666664 0.021376851851851852
0 0.59171953125 0.21055833333333332 0.0115640625 0.013709259259259258
0 0.7874005208333333 0.1462375 0.007092708333333334 0.02210462962962963
0 0.5985411458333334 0.47379212962962963 0.009582291666666666 0.016102777777777775
0 0.53388515625 0.48635509259259263 0.0177703125 0.02826574074074074
0 0.7416361979166666 0.49288888888888893 0.006189062499999999 0.01911111111111111
0 0.7104080729166667 0.8930087962962963 0.008316145833333333 0.02120277777777778
0 0.6719096354166666 0.7313643518518519 0.0052776041666666666 0.023839814814814814
0 0.50879921875 0.9379087962962963 0.010306770833333334 0.025817592592592593
0 0.47934348958333334 0.9772291666666667 0.017020312500000002 0.017421296296296296
0 0.46707942708333333 0.9523717592592593 0.015408854166666668 0.02511388888888889
0 0.427278125 0.9961009259259259 0.00768125 0.007016666666666667
0 0.4258348958333333 0.8356819444444444 0.044378125000000004 0.04358611111111111
0 0.4379885416666667 0.84005 0.019727083333333333 0.030100000000000002
0 0.369675 0.7948592592592593 0.032058333333333335 0.04342222222222222
0 0.37178906250000004 0.8444759259259259 0.009203125000000001 0.018581481481481484
0 0.48712213541666666 0.8336069444444444 0.0221609375 0.04869537037037037
0 0.4566864583333333 0.8540032407407407 0.01545625 0.030228703703703702
0 0.4689174479166667 0.8333282407407407 0.018043229166666667 0.040730555555555555
0 0.4955104166666667 0.7790583333333334 0.011854166666666667 0.03219074074074074
0 0.4686208333333333 0.737099537037037 0.020575 0.037162037037037035
0 0.48062109375 0.7212185185185186 0.007075520833333334 0.012807407407407408
0 0.43607968750000003 0.6978421296296295 0.023201041666666665 0.0327212962962963
0 0.44523984375 0.7133041666666667 0.008188020833333334 0.02475648148148148
0 0.40567421875 0.7508356481481482 0.018640104166666668 0.018337962962962962
0 0.38339557291666665 0.7615662037037036 0.010541145833333333 0.024984259259259258
0 0.4593125 0.6637703703703703 0.017583333333333333 0.02568888888888889
0 0.4344643229166667 0.6660837962962963 0.011636979166666667 0.022908333333333333
0 0.4167302083333333 0.6800277777777778 0.022002083333333332 0.04524074074074074
0 0.4551307291666667 0.561813425925926 0.009219791666666668 0.029182407407407407
0 0.4686416666666667 0.5191935185185186 0.032075 0.049498148148148145
0 0.48452135416666664 0.47953935185185187 0.023209374999999997 0.03870833333333333
0 0.4922622395833333 0.4411402777777778 0.0303578125 0.03783611111111111
0 0.5019518229166666 0.43474768518518514 0.010153645833333334 0.021347222222222222
0 0.48086979166666666 0.4592787037037037 0.008614583333333333 0.009298148148148147
0 0.3884546875 0.3793296296296296 0.018576041666666664 0.034585185185185184
0 0.488103125 0.30779212962962965 0.02308125 0.03780648148148148
0 0.4640697916666667 0.315899537037037 0.020847916666666667 0.041058333333333336
0 0.4905067708333333 0.33287916666666667 0.017471875 0.02316574074074074
0 0.47271067708333336 0.26870370370370367 0.040213020833333335 0.044814814814814814
0 0.46429322916666665 0.2583856481481482 0.019211458333333334 0.026030555555555557
0 0.4464635416666667 0.2775962962962963 0.007510416666666667 0.008896296296296296
0 0.47718828125 0.19419814814814815 0.012709895833333333 0.05876666666666667
0 0.4322635416666667 0.18928564814814813 0.01973541666666667 0.026719444444444445
0 0.3945135416666667 0.5013694444444445 0.0036104166666666667 0.01570185185185185
0 0.32023645833333336 0.7021962962962962 0.015472916666666666 0.02105925925925926
0 0.35568671875 0.6476236111111111 0.030123437500000003 0.03598796296296296
0 0.3431625 0.665212962962963 0.006116666666666667 0.02487037037037037
0 0.38306276041666665 0.6084666666666667 0.0077921875000000005 0.024340740740740743
0 0.23012473958333332 0.9480666666666667 0.022749479166666666 0.031318518518518516
0 0.38016953125 0.9236319444444445 0.014505729166666667 0.012078703703703704
0 0.15401666666666666 0.9851097222222223 0.013241666666666667 0.029478703703703705
0 0.07790078125000001 0.9857333333333335 0.013093229166666666 0.028874074074074076
0 0.43279375000000003 0.9784291666666667 0.010379166666666667 0.016117592592592593
0 0.9502703125 0.6479111111111111 0.011998958333333334 0.02174814814814815
1 0.49973958333333335 0.5361111111111111 0.9994791666666667 0.9259259259259259
0 0.040364583333333336 0.6240740740740741 0.0109375 0.05185185185185185
0 0.07421875 0.7148148148148148 0.0203125 0.053703703703703705
0 0.058854166666666666 0.6819444444444445 0.009375 0.013888888888888888
0 0.18203125 0.9287037037037037 0.0359375 0.07592592592592592
0 0.12786458333333334 0.9925925925925926 0.005729166666666666 0.012962962962962963
0 0.10572916666666667 0.8013888888888889 0.011458333333333333 0.03425925925925926
0 0.18411458333333333 0.6527777777777778 0.008854166666666666 0.022222222222222223
0 0.10677083333333333 0.5828703703703704 0.00625 0.026851851851851852
0 0.0265625 0.5472222222222223 0.014583333333333334 0.040740740740740744
0 0.0375 0.5226851851851851 0.007291666666666667 0.019444444444444445
0 0.03723958333333333 0.5504629629629629 0.005729166666666666 0.01574074074074074
0 0.09375 0.4217592592592593 0.005208333333333333 0.013888888888888888
0 0.15182291666666667 0.44537037037037036 0.0171875 0.040740740740740744
0 0.22265625 0.47129629629629627 0.013020833333333334 0.02962962962962963
0 0.17552083333333332 0.39305555555555555 0.011458333333333333 0.01574074074074074
0 0.24088541666666666 0.3958333333333333 0.005729166666666666 0.010185185185185186
0 0.22864583333333333 0.4185185185185185 0.00625 0.009259259259259259
0 0.2638020833333333 0.4023148148148148 0.008854166666666666 0.021296296296296296
0 0.296875 0.32546296296296295 0.021875 0.023148148148148147
0 0.38671875 0.2361111111111111 0.011979166666666667 0.011111111111111112
0 0.18802083333333333 0.22037037037037038 0.008333333333333333 0.020370370370370372
0 0.40078125 0.4976851851851852 0.009895833333333333 0.01574074074074074
0 0.46510416666666665 0.49583333333333335 0.01875 0.026851851851851852
0 0.2598958333333333 0.5518518518518518 0.007291666666666667 0.018518518518518517
0 0.3221354166666667 0.9407407407407408 0.0078125 0.020370370370370372
0 0.34765625 0.7712962962962963 0.0036458333333333334 0.024074074074074074
0 0.5255208333333333 0.9356481481481481 0.011458333333333333 0.026851851851851852
0 0.5580729166666667 0.9671296296296297 0.0171875 0.019444444444444445
0 0.5684895833333333 0.9393518518518519 0.016145833333333335 0.023148148148148147
0 0.6278645833333333 0.9847222222222223 0.016145833333333335 0.028703703703703703
0 0.6111979166666667 0.9777777777777777 0.0078125 0.014814814814814815
0 0.5994791666666667 0.812962962962963 0.041666666666666664 0.05
0 0.5880208333333333 0.8199074074074074 0.01875 0.028703703703703703
0 0.6513020833333333 0.7620370370370371 0.0328125 0.040740740740740744
0 0.6544270833333333 0.8087962962962963 0.008854166666666666 0.017592592592592594
0 0.5393229166666667 0.8273148148148148 0.021354166666666667 0.04722222222222222
0 0.5708333333333333 0.8402777777777778 0.014583333333333334 0.028703703703703703
0 0.55625 0.8222222222222222 0.01875 0.040740740740740744
0 0.52578125 0.775 0.011979166666666667 0.03148148148148148
0 0.5494791666666666 0.725925925925926 0.021875 0.037037037037037035
0 0.5369791666666667 0.7138888888888889 0.007291666666666667 0.011111111111111112
0 0.5786458333333333 0.6796296296296296 0.022916666666666665 0.03148148148148148
0 0.5705729166666667 0.6986111111111111 0.008854166666666666 0.025
0 0.6135416666666667 0.7263888888888889 0.01875 0.019444444444444445
0 0.6359375 0.7305555555555555 0.011458333333333333 0.024074074074074074
0 0.5528645833333333 0.6513888888888889 0.016145833333333335 0.026851851851851852
0 0.5776041666666667 0.6481481481481481 0.011458333333333333 0.022222222222222223
0 0.5963541666666666 0.6583333333333333 0.025 0.040740740740740744
0 0.5497395833333333 0.55 0.009895833333333333 0.027777777777777776
0 0.5330729166666667 0.5115740740740741 0.033854166666666664 0.049074074074074076
0 0.5138020833333333 0.4759259259259259 0.024479166666666666 0.03518518518518519
0 0.503125 0.44074074074074077 0.03125 0.037037037037037035
0 0.49296875 0.4356481481481482 0.009895833333333333 0.021296296296296296
0 0.515625 0.4546296296296296 0.008333333333333333 0.009259259259259259
0 0.6015625 0.35462962962962963 0.019791666666666666 0.03518518518518519
0 0.49713541666666666 0.3055555555555556 0.024479166666666666 0.03518518518518519
0 0.52109375 0.30925925925925923 0.021354166666666667 0.037037037037037035
0 0.49661458333333336 0.3333333333333333 0.018229166666666668 0.022222222222222223
0 0.5098958333333333 0.2638888888888889 0.03958333333333333 0.04814814814814815
0 0.51640625 0.2518518518518518 0.019270833333333334 0.024074074074074074
0 0.5354166666666667 0.2662037037037037 0.007291666666666667 0.008333333333333333
0 0.4984375 0.19166666666666668 0.015625 0.05740740740740741
0 0.54296875 0.17453703703703705 0.019270833333333334 0.028703703703703703
0 0.6046875 0.475 0.004166666666666667 0.014814814814814815
0 0.69375 0.6560185185185186 0.015625 0.019444444444444445
0 0.65390625 0.6101851851851852 0.0296875 0.03888888888888889
0 0.66875 0.625 0.00625 0.024074074074074074
0 0.62421875 0.5782407407407407 0.0067708333333333336 0.023148148148148147
0 0.8026041666666667 0.8773148148148148 0.021875 0.032407407407407406
0 0.6518229166666667 0.8902777777777777 0.0140625 0.013888888888888888
0 0.8809895833333333 0.8986111111111111 0.011979166666666667 0.03796296296296296
0 0.953125 0.9041666666666667 0.021875 0.08611111111111111
0 0.60390625 0.9569444444444445 0.009895833333333333 0.017592592592592594
0 0.065625 0.7583333333333333 0.011458333333333333 0.022222222222222223
1 0.5 0.5398356481481482 1.0 0.920412037037037
0 0.9552265625 0.6665583333333334 0.011494791666666667 0.05163518518518519
0 0.9192815104166667 0.7549856481481482 0.0208546875 0.05256388888888889
0 0.9350393229166667 0.7230148148148148 0.009661979166666666 0.014548148148148149
0 0.8050458333333333 0.9581361111111112 0.03613333333333334 0.07553148148148148
0 0.8845989583333334 0.8372342592592592 0.01190625 0.03372777777777778
0 0.8109299479166666 0.6820287037037037 0.009359895833333333 0.021464814814814815
0 0.8902934895833333 0.6189629629629629 0.005586979166666667 0.026814814814814816
0 0.9713713541666666 0.5918324074074074 0.014617708333333333 0.04107222222222222
0 0.9610552083333334 0.5662148148148147 0.0075270833333333335 0.019466666666666667
0 0.9607958333333334 0.5931175925925926 0.005966666666666666 0.015864814814814814
0 0.9081661458333333 0.4597125 0.0048739583333333334 0.013869444444444443
0 0.8494278645833333 0.4780888888888889 0.0165640625 0.04136296296296296
0 0.7778692708333333 0.49700787037037036 0.013030208333333333 0.029200925925925925
0 0.8275281250000001 0.4235759259259259 0.011306249999999999 0.01567037037037037
0 0.7617830729166666 0.4199972222222222 0.0058578125 0.010364814814814816
0 0.7734877604166667 0.4437060185185185 0.006350520833333333 0.009634259259259259
0 0.7388778645833334 0.4245467592592592 0.009005729166666667 0.021315740740740743
0 0.7079065104166666 0.34471666666666667 0.022063020833333332 0.02461851851851852
0 0.6206463541666667 0.2467060185185185 0.012126041666666667 0.010078703703703704
0 0.8194830729166667 0.24962268518518516 0.0087578125 0.01961574074074074
0 0.5992528645833333 0.5068365740740741 0.0099640625 0.015524999999999999
0 0.5351283854166666 0.4992037037037037 0.019215104166666667 0.026185185185185186
0 0.73824765625 0.5739162037037038 0.0077453125000000005 0.018202777777777776
0 0.6644809895833333 0.9562736111111111 0.008128645833333333 0.019954629629629628
0 0.6440486979166666 0.7851685185185185 0.0037223958333333336 0.02404074074074074
0 0.46169583333333336 0.9322893518518518 0.011933333333333332 0.02754166666666667
0 0.42837369791666663 0.9612407407407408 0.0171640625 0.02062962962962963
0 0.41866927083333333 0.9324425925925927 0.016505208333333334 0.022292592592592593
0 0.35778645833333333 0.9717152777777779 0.016614583333333332 0.02861574074074074
0 0.37489765625 0.9664143518518519 0.008128645833333333 0.014310185185185184
0 0.3911747395833334 0.8029319444444445 0.040682812500000005 0.052160185185185184
0 0.40237317708333337 0.8115523148148148 0.01828802083333333 0.028660185185185184
0 0.341465625 0.748876388888889 0.03293125 0.04034537037037037
0 0.33683541666666666 0.7937513888888889 0.0090875 0.01713240740740741
0 0.45109661458333333 0.8232152777777778 0.020943229166666667 0.04643055555555556
0 0.41910989583333336 0.8336555555555555 0.014261458333333334 0.028422222222222224
0 0.4345666666666667 0.8165662037037037 0.019133333333333332 0.04053981481481481
0 0.46597265625 0.7723944444444445 0.012153645833333334 0.031825925925925924
0 0.44399401041666664 0.7204421296296296 0.022363020833333334 0.03718055555555556
0 0.45692942708333334 0.7098384259259259 0.0076088541666666665 0.010417592592592593
0 0.4160346354166667 0.6723217592592592 0.022694270833333332 0.03168055555555556
0 0.42386901041666664 0.6921125 0.009196354166666667 0.024965740740740743
0 0.37966093749999996 0.7163842592592593 0.018696875 0.019805555555555555
0 0.3574747395833333 0.7173824074074074 0.011824479166666667 0.023653703703703705
0 0.4426578125 0.6462027777777778 0.015523958333333334 0.02759074074074074
0 0.41831666666666667 0.6405560185185186 0.011633333333333332 0.021852777777777777
0 0.39893828125 0.6496087962962963 0.026001562500000002 0.03995833333333333
0 0.4490317708333333 0.5451819444444445 0.010563541666666667 0.027400925925925926
0 0.4666557291666667 0.5085930555555556 0.034353125 0.048667592592592596
0 0.48698828125000004 0.474249074074074 0.025018229166666666 0.033683333333333336
0 0.49857968750000003 0.44142314814814815 0.031534374999999996 0.03655
0 0.5091622395833333 0.4365111111111111 0.009991145833333333 0.02117037037037037
0 0.4858635416666666 0.4528685185185185 0.008185416666666665 0.00944074074074074
0 0.4027950520833333 0.34632083333333336 0.0201734375 0.03523425925925926
0 0.50827421875 0.3059 0.024881770833333334 0.034022222222222225
0 0.48497526041666666 0.3069944444444444 0.022033854166666665 0.03621111111111111
0 0.50816953125 0.3340259259259259 0.018422395833333334 0.021755555555555556
0 0.4967388020833334 0.2627550925925926 0.039310937500000004 0.04958425925925926
0 0.49085859374999996 0.25061666666666665 0.0192171875 0.023455555555555556
0 0.47129453125 0.26329907407407405 0.007172395833333334 0.008079629629629631
0 0.5106893229166667 0.19223842592592594 0.017211979166666665 0.056699074074074075
0 0.4662703125 0.1713226851851852 0.018998958333333333 0.02968240740740741
0 0.3960484375 0.4657064814814815 0.004596875 0.014746296296296297
0 0.30207265625 0.6382430555555556 0.015603645833333334 0.019078703703703705
0 0.34333307291666665 0.5951930555555556 0.02937447916666667 0.04038611111111111
0 0.3278453125 0.609049074074074 0.006732291666666667 0.023653703703703705
0 0.37373411458333333 0.5668472222222223 0.006843229166666667 0.022583333333333334
0 0.18688229166666667 0.8487342592592593 0.02168125 0.0326537037037037
0 0.33712083333333337 0.8757685185185186 0.013825 0.0145
0 0.10739401041666667 0.8625222222222222 0.011663020833333334 0.038007407407407406
0 0.035200260416666664 0.861049537037037 0.02040052083333333 0.08691388888888889
0 0.38295703125 0.947037962962963 0.009664062499999999 0.01815
0 0.9260203125 0.7981814814814814 0.011415625 0.02228888888888889
1 0.5 0.5089814814814815 1.0 0.9827777777777779
0 0.965121875 0.509200462962963 0.010452083333333334 0.05173425925925926
0 0.93728671875 0.6068976851851852 0.019365104166666664 0.056387962962962966
0 0.9515893229166666 0.5710324074074075 0.009428645833333334 0.012435185185185185
0 0.8494291666666667 0.8459027777777778 0.0374 0.07699074074074075
0 0.9071255208333333 0.8958226851851853 0.0048760416666666665 0.013867592592592593
0 0.9144322916666667 0.7009407407407408 0.010114583333333335 0.03521481481481481
0 0.8247822916666667 0.5730805555555556 0.007897916666666666 0.023938888888888888
0 0.8961518229166666 0.4845916666666667 0.007928645833333334 0.02659074074074074
0 0.9727731770833333 0.4295601851851852 0.014296354166666667 0.040601851851851854
0 0.9595341145833333 0.4081625 0.006568229166666667 0.020028703703703705
0 0.96240625 0.4353782407407408 0.005020833333333334 0.015200925925925927
0 0.89624296875 0.3226175925925926 0.006027604166666667 0.013753703703703704
0 0.8405575520833334 0.35908472222222226 0.018615104166666667 0.03853981481481481
0 0.7718773437500001 0.4031490740740741 0.013546354166666667 0.03037222222222222
0 0.8128067708333333 0.3143398148148148 0.012071875000000001 0.015716666666666667
0 0.7484888020833333 0.33256296296296295 0.0053109375 0.009570370370370371
0 0.7623247395833334 0.35221712962962964 0.005899479166666667 0.008137962962962963
0 0.7265127604166667 0.34473935185185184 0.009275520833333334 0.020960185185185186
0 0.6879463541666666 0.27550324074074073 0.021726041666666664 0.021376851851851852
0 0.59171953125 0.21055833333333332 0.0115640625 0.013709259259259258
0 0.7874005208333333 0.1462375 0.007092708333333334 0.02210462962962963
0 0.5985411458333334 0.47379212962962963 0.009582291666666666 0.016102777777777775
0 0.53388515625 0.48635509259259263 0.0177703125 0.02826574074074074
0 0.7416361979166666 0.49288888888888893 0.006189062499999999 0.01911111111111111
0 0.7104080729166667 0.8930087962962963 0.008316145833333333 0.02120277777777778
0 0.6719096354166666 0.7313643518518519 0.0052776041666666666 0.023839814814814814
0 0.50879921875 0.9379087962962963 0.010306770833333334 0.025817592592592593
0 0.47934348958333334 0.9772291666666667 0.017020312500000002 0.017421296296296296
0 0.46707942708333333 0.9523717592592593 0.015408854166666668 0.02511388888888889
0 0.427278125 0.9961009259259259 0.00768125 0.007016666666666667
0 0.4258348958333333 0.8356819444444444 0.044378125000000004 0.04358611111111111
0 0.4379885416666667 0.84005 0.019727083333333333 0.030100000000000002
0 0.369675 0.7948592592592593 0.032058333333333335 0.04342222222222222
0 0.37178906250000004 0.8444759259259259 0.009203125000000001 0.018581481481481484
0 0.48712213541666666 0.8336069444444444 0.0221609375 0.04869537037037037
0 0.4566864583333333 0.8540032407407407 0.01545625 0.030228703703703702
0 0.4689174479166667 0.8333282407407407 0.018043229166666667 0.040730555555555555
0 0.4955104166666667 0.7790583333333334 0.011854166666666667 0.03219074074074074
0 0.4686208333333333 0.737099537037037 0.020575 0.037162037037037035
0 0.48062109375 0.7212185185185186 0.007075520833333334 0.012807407407407408
0 0.43607968750000003 0.6978421296296295 0.023201041666666665 0.0327212962962963
0 0.44523984375 0.7133041666666667 0.008188020833333334 0.02475648148148148
0 0.40567421875 0.7508356481481482 0.018640104166666668 0.018337962962962962
0 0.38339557291666665 0.7615662037037036 0.010541145833333333 0.024984259259259258
0 0.4593125 0.6637703703703703 0.017583333333333333 0.02568888888888889
0 0.4344643229166667 0.6660837962962963 0.011636979166666667 0.022908333333333333
0 0.4167302083333333 0.6800277777777778 0.022002083333333332 0.04524074074074074
0 0.4551307291666667 0.561813425925926 0.009219791666666668 0.029182407407407407
0 0.4686416666666667 0.5191935185185186 0.032075 0.049498148148148145
0 0.48452135416666664 0.47953935185185187 0.023209374999999997 0.03870833333333333
0 0.4922622395833333 0.4411402777777778 0.0303578125 0.03783611111111111
0 0.5019518229166666 0.43474768518518514 0.010153645833333334 0.021347222222222222
0 0.48086979166666666 0.4592787037037037 0.008614583333333333 0.009298148148148147
0 0.3884546875 0.3793296296296296 0.018576041666666664 0.034585185185185184
0 0.488103125 0.30779212962962965 0.02308125 0.03780648148148148
0 0.4640697916666667 0.315899537037037 0.020847916666666667 0.041058333333333336
0 0.4905067708333333 0.33287916666666667 0.017471875 0.02316574074074074
0 0.47271067708333336 0.26870370370370367 0.040213020833333335 0.044814814814814814
0 0.46429322916666665 0.2583856481481482 0.019211458333333334 0.026030555555555557
0 0.4464635416666667 0.2775962962962963 0.007510416666666667 0.008896296296296296
0 0.47718828125 0.19419814814814815 0.012709895833333333 0.05876666666666667
0 0.4322635416666667 0.18928564814814813 0.01973541666666667 0.026719444444444445
0 0.3945135416666667 0.5013694444444445 0.0036104166666666667 0.01570185185185185
0 0.32023645833333336 0.7021962962962962 0.015472916666666666 0.02105925925925926
0 0.35568671875 0.6476236111111111 0.030123437500000003 0.03598796296296296
0 0.3431625 0.665212962962963 0.006116666666666667 0.02487037037037037
0 0.38306276041666665 0.6084666666666667 0.0077921875000000005 0.024340740740740743
0 0.23012473958333332 0.9480666666666667 0.022749479166666666 0.031318518518518516
0 0.38016953125 0.9236319444444445 0.014505729166666667 0.012078703703703704
0 0.15401666666666666 0.9851097222222223 0.013241666666666667 0.029478703703703705
0 0.07790078125000001 0.9857333333333335 0.013093229166666666 0.028874074074074076
0 0.43279375000000003 0.9784291666666667 0.010379166666666667 0.016117592592592593
0 0.9502703125 0.6479111111111111 0.011998958333333334 0.02174814814814815
