1 0.49973958333333335 0.49953703703703706 0.9994791666666667 0.9990740740740741
0 0.2864583333333333 0.21157407407407408 0.021875 0.05092592592592592
0 0.30755208333333334 0.12685185185185185 0.0140625 0.03518518518518519
0 0.36770833333333336 0.014351851851851852 0.010416666666666666 0.01574074074074074
0 0.42916666666666664 0.6601851851851852 0.010416666666666666 0.018518518518518517
0 0.36276041666666664 0.6800925925925926 0.0078125 0.021296296296296296
0 0.1046875 0.6365740740740741 0.021875 0.032407407407407406
0 0.1875 0.9009259259259259 0.008333333333333333 0.022222222222222223
0 0.346875 0.8203703703703704 0.010416666666666666 0.012962962962962963
0 0.1328125 0.8634259259259259 0.0125 0.028703703703703703
0 0.08802083333333334 0.7958333333333333 0.009375 0.017592592592592594
0 0.06145833333333333 0.8708333333333333 0.008333333333333333 0.019444444444444445
0 0.6861979166666666 0.19398148148148148 0.022395833333333334 0.026851851851851852
0 0.9963541666666667 0.3541666666666667 0.00625 0.03981481481481482
0 0.8786458333333333 0.3736111111111111 0.0125 0.010185185185185186
0 0.8411458333333334 0.4648148148148148 0.009375 0.03148148148148148
0 0.9924479166666667 0.7958333333333333 0.0140625 0.09537037037037037
0 0.8950520833333333 0.8097222222222222 0.013020833333333334 0.021296296296296296
0 0.9114583333333334 0.9587962962962963 0.01875 0.03425925925925926
0 0.8510416666666667 0.9055555555555556 0.009375 0.018518518518518517
0 0.771875 0.8898148148148148 0.009375 0.014814814814814815
0 0.8354166666666667 0.9837962962962963 0.005208333333333333 0.012037037037037037
0 0.93203125 0.8416666666666667 0.008854166666666666 0.014814814814814815
0 0.96015625 0.8199074074074074 0.005729166666666666 0.019444444444444445
0 0.9890625 0.6240740740740741 0.008333333333333333 0.022222222222222223
0 0.5830729166666667 0.8083333333333333 0.0067708333333333336 0.016666666666666666
0 0.6125 0.8041666666666667 0.00625 0.010185185185185186
1 0.5002604166666667 0.49953703703703706 0.9994791666666667 0.9990740740740741
0 0.7135416666666666 0.21157407407407408 0.021875 0.05092592592592592
0 0.6924479166666667 0.12685185185185185 0.0140625 0.03518518518518519
0 0.6322916666666667 0.014351851851851852 0.010416666666666666 0.01574074074074074
0 0.5708333333333333 0.6601851851851852 0.010416666666666666 0.018518518518518517
0 0.6372395833333333 0.6800925925925926 0.0078125 0.021296296296296296
0 0.8953125 0.6365740740740741 0.021875 0.032407407407407406
0 0.8125 0.9009259259259259 0.008333333333333333 0.022222222222222223
0 0.653125 0.8203703703703704 0.010416666666666666 0.012962962962962963
0 0.8671875 0.8634259259259259 0.0125 0.028703703703703703
0 0.9119791666666667 0.7958333333333333 0.009375 0.017592592592592594
0 0.9385416666666667 0.8708333333333333 0.008333333333333333 0.019444444444444445
0 0.3138020833333333 0.19398148148148148 0.022395833333333334 0.026851851851851852
0 0.0036458333333333334 0.3541666666666667 0.00625 0.03981481481481482
0 0.12135416666666667 0.3736111111111111 0.0125 0.010185185185185186
0 0.15885416666666666 0.4648148148148148 0.009375 0.03148148148148148
0 0.007552083333333333 0.7958333333333333 0.0140625 0.09537037037037037
0 0.10494791666666667 0.8097222222222222 0.013020833333333334 0.021296296296296296
0 0.08854166666666667 0.9587962962962963 0.01875 0.03425925925925926
0 0.14895833333333333 0.9055555555555556 0.009375 0.018518518518518517
0 0.228125 0.8898148148148148 0.009375 0.014814814814814815
0 0.16458333333333333 0.9837962962962963 0.005208333333333333 0.012037037037037037
0 0.06796875 0.8416666666666667 0.008854166666666666 0.014814814814814815
0 0.03984375 0.8199074074074074 0.005729166666666666 0.019444444444444445
0 0.0109375 0.6240740740740741 0.008333333333333333 0.022222222222222223
0 0.41692708333333334 0.8083333333333333 0.0067708333333333336 0.016666666666666666
0 0.3875 0.8041666666666667 0.00625 0.010185185185185186
1 0.5002604166666667 0.49953703703703706 0.9994791666666667 0.9990740740740741
0 0.7135416666666666 0.21157407407407408 0.021875 0.05092592592592592
0 0.6924479166666667 0.12685185185185185 0.0140625 0.03518518518518519
0 0.6322916666666667 0.014351851851851852 0.010416666666666666 0.01574074074074074
0 0.5708333333333333 0.6601851851851852 0.010416666666666666 0.018518518518518517
0 0.6372395833333333 0.6800925925925926 0.0078125 0.021296296296296296
0 0.8953125 0.6365740740740741 0.021875 0.032407407407407406
0 0.8125 0.9009259259259259 0.008333333333333333 0.022222222222222223
0 0.653125 0.8203703703703704 0.010416666666666666 0.012962962962962963
0 0.8671875 0.8634259259259259 0.0125 0.028703703703703703
0 0.9119791666666667 0.7958333333333333 0.009375 0.017592592592592594
0 0.9385416666666667 0.8708333333333333 0.008333333333333333 0.019444444444444445
0 0.3138020833333333 0.19398148148148148 0.022395833333333334 0.026851851851851852
0 0.0036458333333333334 0.3541666666666667 0.00625 0.03981481481481482
0 0.12135416666666667 0.3736111111111111 0.0125 0.010185185185185186
0 0.15885416666666666 0.4648148148148148 0.009375 0.03148148148148148
0 0.007552083333333333 0.7958333333333333 0.0140625 0.09537037037037037
0 0.10494791666666667 0.8097222222222222 0.013020833333333334 0.021296296296296296
0 0.08854166666666667 0.9587962962962963 0.01875 0.03425925925925926
0 0.14895833333333333 0.9055555555555556 0.009375 0.018518518518518517
0 0.228125 0.8898148148148148 0.009375 0.014814814814814815
0 0.16458333333333333 0.9837962962962963 0.005208333333333333 0.012037037037037037
0 0.06796875 0.8416666666666667 0.008854166666666666 0.014814814814814815
0 0.03984375 0.8199074074074074 0.005729166666666666 0.019444444444444445
0 0.0109375 0.6240740740740741 0.008333333333333333 0.022222222222222223
0 0.41692708333333334 0.8083333333333333 0.0067708333333333336 0.016666666666666666
0 0.3875 0.8041666666666667 0.00625 0.010185185185185186
1 0.49973958333333335 0.49953703703703706 0.9994791666666667 0.9990740740740741
0 0.2864583333333333 0.21157407407407408 0.021875 0.05092592592592592
0 0.30755208333333334 0.12685185185185185 0.0140625 0.03518518518518519
0 0.36770833333333336 0.014351851851851852 0.010416666666666666 0.01574074074074074
0 0.42916666666666664 0.6601851851851852 0.010416666666666666 0.018518518518518517
0 0.36276041666666664 0.6800925925925926 0.0078125 0.021296296296296296
0 0.1046875 0.6365740740740741 0.021875 0.032407407407407406
0 0.1875 0.9009259259259259 0.008333333333333333 0.022222222222222223
0 0.346875 0.8203703703703704 0.010416666666666666 0.012962962962962963
0 0.1328125 0.8634259259259259 0.0125 0.028703703703703703
0 0.08802083333333334 0.7958333333333333 0.009375 0.017592592592592594
0 0.06145833333333333 0.8708333333333333 0.008333333333333333 0.019444444444444445
0 0.6861979166666666 0.19398148148148148 0.022395833333333334 0.026851851851851852
0 0.9963541666666667 0.3541666666666667 0.00625 0.03981481481481482
0 0.8786458333333333 0.3736111111111111 0.0125 0.010185185185185186
0 0.8411458333333334 0.4648148148148148 0.009375 0.03148148148148148
0 0.9924479166666667 0.7958333333333333 0.0140625 0.09537037037037037
0 0.8950520833333333 0.8097222222222222 0.013020833333333334 0.021296296296296296
0 0.9114583333333334 0.9587962962962963 0.01875 0.03425925925925926
0 0.8510416666666667 0.9055555555555556 0.009375 0.018518518518518517
0 0.771875 0.8898148148148148 0.009375 0.014814814814814815
0 0.8354166666666667 0.9837962962962963 0.005208333333333333 0.012037037037037037
0 0.93203125 0.8416666666666667 0.008854166666666666 0.014814814814814815
0 0.96015625 0.8199074074074074 0.005729166666666666 0.019444444444444445
0 0.9890625 0.6240740740740741 0.008333333333333333 0.022222222222222223
0 0.5830729166666667 0.8083333333333333 0.0067708333333333336 0.016666666666666666
0 0.6125 0.8041666666666667 0.00625 0.010185185185185186
1 0.5002604166666667 0.49953703703703706 0.9994791666666667 0.9990740740740741
0 0.7135416666666666 0.21157407407407408 0.021875 0.05092592592592592
0 0.6924479166666667 0.12685185185185185 0.0140625 0.03518518518518519
0 0.6322916666666667 0.014351851851851852 0.010416666666666666 0.01574074074074074
0 0.5708333333333333 0.6601851851851852 0.010416666666666666 0.018518518518518517
0 0.6372395833333333 0.6800925925925926 0.0078125 0.021296296296296296
0 0.8953125 0.6365740740740741 0.021875 0.032407407407407406
0 0.8125 0.9009259259259259 0.008333333333333333 0.022222222222222223
0 0.653125 0.8203703703703704 0.010416666666666666 0.012962962962962963
0 0.8671875 0.8634259259259259 0.0125 0.028703703703703703
0 0.9119791666666667 0.7958333333333333 0.009375 0.017592592592592594
0 0.9385416666666667 0.8708333333333333 0.008333333333333333 0.019444444444444445
0 0.3138020833333333 0.19398148148148148 0.022395833333333334 0.026851851851851852
0 0.0036458333333333334 0.3541666666666667 0.00625 0.03981481481481482
0 0.12135416666666667 0.3736111111111111 0.0125 0.010185185185185186
0 0.15885416666666666 0.4648148148148148 0.009375 0.03148148148148148
0 0.007552083333333333 0.7958333333333333 0.0140625 0.09537037037037037
0 0.10494791666666667 0.8097222222222222 0.013020833333333334 0.021296296296296296
0 0.08854166666666667 0.9587962962962963 0.01875 0.03425925925925926
0 0.14895833333333333 0.9055555555555556 0.009375 0.018518518518518517
0 0.228125 0.8898148148148148 0.009375 0.014814814814814815
0 0.16458333333333333 0.9837962962962963 0.005208333333333333 0.012037037037037037
0 0.06796875 0.8416666666666667 0.008854166666666666 0.014814814814814815
0 0.03984375 0.8199074074074074 0.005729166666666666 0.019444444444444445
0 0.0109375 0.6240740740740741 0.008333333333333333 0.022222222222222223
0 0.41692708333333334 0.8083333333333333 0.0067708333333333336 0.016666666666666666
0 0.3875 0.8041666666666667 0.00625 0.010185185185185186
1 0.5002604166666667 0.49953703703703706 0.9994791666666667 0.9990740740740741
0 0.7135416666666666 0.21157407407407408 0.021875 0.05092592592592592
0 0.6924479166666667 0.12685185185185185 0.0140625 0.03518518518518519
0 0.6322916666666667 0.014351851851851852 0.010416666666666666 0.01574074074074074
0 0.5708333333333333 0.6601851851851852 0.010416666666666666 0.018518518518518517
0 0.6372395833333333 0.6800925925925926 0.0078125 0.021296296296296296
0 0.8953125 0.6365740740740741 0.021875 0.032407407407407406
0 0.8125 0.9009259259259259 0.008333333333333333 0.022222222222222223
0 0.653125 0.8203703703703704 0.010416666666666666 0.012962962962962963
0 0.8671875 0.8634259259259259 0.0125 0.028703703703703703
0 0.9119791666666667 0.7958333333333333 0.009375 0.017592592592592594
0 0.9385416666666667 0.8708333333333333 0.008333333333333333 0.019444444444444445
0 0.3138020833333333 0.19398148148148148 0.022395833333333334 0.026851851851851852
0 0.0036458333333333334 0.3541666666666667 0.00625 0.03981481481481482
0 0.12135416666666667 0.3736111111111111 0.0125 0.010185185185185186
0 0.15885416666666666 0.4648148148148148 0.009375 0.03148148148148148
0 0.007552083333333333 0.7958333333333333 0.0140625 0.09537037037037037
0 0.10494791666666667 0.8097222222222222 0.013020833333333334 0.021296296296296296
0 0.08854166666666667 0.9587962962962963 0.01875 0.03425925925925926
0 0.14895833333333333 0.9055555555555556 0.009375 0.018518518518518517
0 0.228125 0.8898148148148148 0.009375 0.014814814814814815
0 0.16458333333333333 0.9837962962962963 0.005208333333333333 0.012037037037037037
0 0.06796875 0.8416666666666667 0.008854166666666666 0.014814814814814815
0 0.03984375 0.8199074074074074 0.005729166666666666 0.019444444444444445
0 0.0109375 0.6240740740740741 0.008333333333333333 0.022222222222222223
0 0.41692708333333334 0.8083333333333333 0.0067708333333333336 0.016666666666666666
0 0.3875 0.8041666666666667 0.00625 0.010185185185185186
1 0.49973958333333335 0.49953703703703706 0.9994791666666667 0.9990740740740741
0 0.2864583333333333 0.21157407407407408 0.021875 0.05092592592592592
0 0.30755208333333334 0.12685185185185185 0.0140625 0.03518518518518519
0 0.36770833333333336 0.014351851851851852 0.010416666666666666 0.01574074074074074
0 0.42916666666666664 0.6601851851851852 0.010416666666666666 0.018518518518518517
0 0.36276041666666664 0.6800925925925926 0.0078125 0.021296296296296296
0 0.1046875 0.6365740740740741 0.021875 0.032407407407407406
0 0.1875 0.9009259259259259 0.008333333333333333 0.022222222222222223
0 0.346875 0.8203703703703704 0.010416666666666666 0.012962962962962963
0 0.1328125 0.8634259259259259 0.0125 0.028703703703703703
0 0.08802083333333334 0.7958333333333333 0.009375 0.017592592592592594
0 0.06145833333333333 0.8708333333333333 0.008333333333333333 0.019444444444444445
0 0.6861979166666666 0.19398148148148148 0.022395833333333334 0.026851851851851852
0 0.9963541666666667 0.3541666666666667 0.00625 0.03981481481481482
0 0.8786458333333333 0.3736111111111111 0.0125 0.010185185185185186
0 0.8411458333333334 0.4648148148148148 0.009375 0.03148148148148148
0 0.9924479166666667 0.7958333333333333 0.0140625 0.09537037037037037
0 0.8950520833333333 0.8097222222222222 0.013020833333333334 0.021296296296296296
0 0.9114583333333334 0.9587962962962963 0.01875 0.03425925925925926
0 0.8510416666666667 0.9055555555555556 0.009375 0.018518518518518517
0 0.771875 0.8898148148148148 0.009375 0.014814814814814815
0 0.8354166666666667 0.9837962962962963 0.005208333333333333 0.012037037037037037
0 0.93203125 0.8416666666666667 0.008854166666666666 0.014814814814814815
0 0.96015625 0.8199074074074074 0.005729166666666666 0.019444444444444445
0 0.9890625 0.6240740740740741 0.008333333333333333 0.022222222222222223
0 0.5830729166666667 0.8083333333333333 0.0067708333333333336 0.016666666666666666
0 0.6125 0.8041666666666667 0.00625 0.010185185185185186
1 0.5002604166666667 0.49953703703703706 0.9994791666666667 0.9990740740740741
0 0.7135416666666666 0.21157407407407408 0.021875 0.05092592592592592
0 0.6924479166666667 0.12685185185185185 0.0140625 0.03518518518518519
0 0.6322916666666667 0.014351851851851852 0.010416666666666666 0.01574074074074074
0 0.5708333333333333 0.6601851851851852 0.010416666666666666 0.018518518518518517
0 0.6372395833333333 0.6800925925925926 0.0078125 0.021296296296296296
0 0.8953125 0.6365740740740741 0.021875 0.032407407407407406
0 0.8125 0.9009259259259259 0.008333333333333333 0.022222222222222223
0 0.653125 0.8203703703703704 0.010416666666666666 0.012962962962962963
0 0.8671875 0.8634259259259259 0.0125 0.028703703703703703
0 0.9119791666666667 0.7958333333333333 0.009375 0.017592592592592594
0 0.9385416666666667 0.8708333333333333 0.008333333333333333 0.019444444444444445
0 0.3138020833333333 0.19398148148148148 0.022395833333333334 0.026851851851851852
0 0.0036458333333333334 0.3541666666666667 0.00625 0.03981481481481482
0 0.12135416666666667 0.3736111111111111 0.0125 0.010185185185185186
0 0.15885416666666666 0.4648148148148148 0.009375 0.03148148148148148
0 0.007552083333333333 0.7958333333333333 0.0140625 0.09537037037037037
0 0.10494791666666667 0.8097222222222222 0.013020833333333334 0.021296296296296296
0 0.08854166666666667 0.9587962962962963 0.01875 0.03425925925925926
0 0.14895833333333333 0.9055555555555556 0.009375 0.018518518518518517
0 0.228125 0.8898148148148148 0.009375 0.014814814814814815
0 0.16458333333333333 0.9837962962962963 0.005208333333333333 0.012037037037037037
0 0.06796875 0.8416666666666667 0.008854166666666666 0.014814814814814815
0 0.03984375 0.8199074074074074 0.005729166666666666 0.019444444444444445
0 0.0109375 0.6240740740740741 0.008333333333333333 0.022222222222222223
0 0.41692708333333334 0.8083333333333333 0.0067708333333333336 0.016666666666666666
0 0.3875 0.8041666666666667 0.00625 0.010185185185185186
1 0.5002604166666667 0.49953703703703706 0.9994791666666667 0.9990740740740741
0 0.7135416666666666 0.21157407407407408 0.021875 0.05092592592592592
0 0.6924479166666667 0.12685185185185185 0.0140625 0.03518518518518519
0 0.6322916666666667 0.014351851851851852 0.010416666666666666 0.01574074074074074
0 0.5708333333333333 0.6601851851851852 0.010416666666666666 0.018518518518518517
0 0.6372395833333333 0.6800925925925926 0.0078125 0.021296296296296296
0 0.8953125 0.6365740740740741 0.021875 0.032407407407407406
0 0.8125 0.9009259259259259 0.008333333333333333 0.022222222222222223
0 0.653125 0.8203703703703704 0.010416666666666666 0.012962962962962963
0 0.8671875 0.8634259259259259 0.0125 0.028703703703703703
0 0.9119791666666667 0.7958333333333333 0.009375 0.017592592592592594
0 0.9385416666666667 0.8708333333333333 0.008333333333333333 0.019444444444444445
0 0.3138020833333333 0.19398148148148148 0.022395833333333334 0.026851851851851852
0 0.0036458333333333334 0.3541666666666667 0.00625 0.03981481481481482
0 0.12135416666666667 0.3736111111111111 0.0125 0.010185185185185186
0 0.15885416666666666 0.4648148148148148 0.009375 0.03148148148148148
0 0.007552083333333333 0.7958333333333333 0.0140625 0.09537037037037037
0 0.10494791666666667 0.8097222222222222 0.013020833333333334 0.021296296296296296
0 0.08854166666666667 0.9587962962962963 0.01875 0.03425925925925926
0 0.14895833333333333 0.9055555555555556 0.009375 0.018518518518518517
0 0.228125 0.8898148148148148 0.009375 0.014814814814814815
0 0.16458333333333333 0.9837962962962963 0.005208333333333333 0.012037037037037037
0 0.06796875 0.8416666666666667 0.008854166666666666 0.014814814814814815
0 0.03984375 0.8199074074074074 0.005729166666666666 0.019444444444444445
0 0.0109375 0.6240740740740741 0.008333333333333333 0.022222222222222223
0 0.41692708333333334 0.8083333333333333 0.0067708333333333336 0.016666666666666666
0 0.3875 0.8041666666666667 0.00625 0.010185185185185186
