0 0.5 0.5436995370370371 1.0 0.9133249999999999
1 0.5 0.5427819444444445 1.0 0.9151935185185185
0 0.24648723958333332 0.8244694444444445 0.015891145833333332 0.028568518518518517
0 0.27910078125000004 0.7291921296296296 0.0050765625 0.006532407407407407
0 0.2975640625 0.8360930555555556 0.013878125 0.024037962962962962
0 0.3050026041666667 0.1315097222222222 0.0037552083333333335 0.007463888888888889
0 0.99482265625 0.3913310185185185 0.009436979166666666 0.012291666666666668
0 0.8458796875 0.6235347222222223 0.006342708333333334 0.015587962962962963
0 0.8875463541666666 0.3129268518518519 0.006342708333333334 0.007335185185185185
0 0.8154908854166667 0.3827564814814815 0.004940104166666666 0.009957407407407406
0 0.8343716145833333 0.8322814814814815 0.007284895833333333 0.01085925925925926
0 0.7733505208333333 0.9788263888888888 0.010242708333333333 0.013208333333333334
0 0.7740958333333333 0.9501611111111111 0.019025 0.04106296296296296
0 0.79723828125 0.9546773148148149 0.008018229166666667 0.016762037037037037
0 0.48114192708333337 0.8719523148148147 0.007075520833333334 0.025386111111111113
0 0.7065187500000001 0.6497361111111112 0.014079166666666667 0.012435185185185185
0 0.5254145833333334 0.5772083333333333 0.004995833333333334 0.009972222222222223
0 0.6116445312500001 0.6216763888888889 0.0076640625 0.028537962962962963
0 0.8170466145833333 0.882087962962963 0.011176562499999999 0.025287037037037035
0 0.053682031250000005 0.8557981481481481 0.008405729166666666 0.030114814814814816
0 0.5 0.4846532407407408 1.0 0.9693064814814816
1 0.5 0.48594861111111104 1.0 0.9718972222222221
0 0.7091270833333333 0.08904675925925927 0.015129166666666666 0.029945370370370372
0 0.6893171875 0.19472824074074074 0.004676041666666667 0.006123148148148148
0 0.6587140625 0.09715462962962962 0.016386458333333333 0.01838333333333333
0 0.7339580729166666 0.7881476851851852 0.004374479166666666 0.007776851851851851
0 0.028984895833333333 0.7893694444444445 0.010053125 0.012072222222222222
0 0.14773880208333334 0.505999537037037 0.0069359375 0.015702777777777777
0 0.14305130208333333 0.8268430555555556 0.0069359375 0.007389814814814814
0 0.20525651041666665 0.7310384259259258 0.0053046875 0.010225
0 0.13410624999999998 0.298825 0.006754166666666667 0.010612962962962963
0 0.17656796875 0.13285555555555556 0.010427604166666667 0.012007407407407408
0 0.178978125 0.16063564814814815 0.01420625 0.047197222222222224
0 0.15552057291666666 0.1647300925925926 0.006874479166666667 0.016497222222222222
0 0.4749231770833333 0.12921296296296297 0.009221354166666666 0.023240740740740742
0 0.28080234374999996 0.43087453703703704 0.0147296875 0.011749074074074075
0 0.46608619791666667 0.43357824074074075 0.004047395833333333 0.011600925925925926
0 0.3770247395833334 0.4217564814814815 0.009257812499999999 0.028698148148148146
0 0.14582187500000002 0.24358379629629628 0.009352083333333334 0.02605648148148148
0 0.49973958333333335 0.5314814814814814 0.9994791666666667 0.9351851851851852
1 0.49973958333333335 0.5300925925925926 0.9994791666666667 0.937962962962963
0 0.725 0.8842592592592593 0.014583333333333334 0.02962962962962963
0 0.70078125 0.7814814814814814 0.0046875 0.005555555555555556
0 0.6739583333333333 0.8824074074074074 0.015625 0.020370370370370372
0 0.721875 0.18333333333333332 0.004166666666666667 0.007407407407407408
0 0.018489583333333334 0.26990740740740743 0.009895833333333333 0.012037037037037037
0 0.14817708333333332 0.5375 0.0067708333333333336 0.01574074074074074
0 0.13098958333333333 0.21851851851851853 0.0067708333333333336 0.007407407407407408
0 0.196875 0.3060185185185185 0.005208333333333333 0.010185185185185186
0 0.14296875 0.7458333333333333 0.0067708333333333336 0.010185185185185186
0 0.19166666666666668 0.9060185185185186 0.010416666666666666 0.012037037037037037
0 0.19322916666666667 0.8782407407407408 0.015625 0.04537037037037037
0 0.16979166666666667 0.8768518518518519 0.007291666666666667 0.016666666666666666
0 0.4895833333333333 0.8731481481481481 0.008333333333333333 0.024074074074074074
0 0.2838541666666667 0.5967592592592592 0.014583333333333334 0.012037037037037037
0 0.46875 0.5703703703703704 0.004166666666666667 0.011111111111111112
0 0.3802083333333333 0.5930555555555556 0.008333333333333333 0.028703703703703703
0 0.15651041666666668 0.8 0.009895833333333333 0.025925925925925925
0 0.9145833333333333 0.9629629629629629 0.009375 0.02962962962962963
0 0.5 0.5436995370370371 1.0 0.9133249999999999
1 0.5 0.5427819444444445 1.0 0.9151935185185185
0 0.24648723958333332 0.8244694444444445 0.015891145833333332 0.028568518518518517
0 0.27910078125000004 0.7291921296296296 0.0050765625 0.006532407407407407
0 0.2975640625 0.8360930555555556 0.013878125 0.024037962962962962
0 0.3050026041666667 0.1315097222222222 0.0037552083333333335 0.007463888888888889
0 0.99482265625 0.3913310185185185 0.009436979166666666 0.012291666666666668
0 0.8458796875 0.6235347222222223 0.006342708333333334 0.015587962962962963
0 0.8875463541666666 0.3129268518518519 0.006342708333333334 0.007335185185185185
0 0.8154908854166667 0.3827564814814815 0.004940104166666666 0.009957407407407406
0 0.8343716145833333 0.8322814814814815 0.007284895833333333 0.01085925925925926
0 0.7733505208333333 0.9788263888888888 0.010242708333333333 0.013208333333333334
0 0.7740958333333333 0.9501611111111111 0.019025 0.04106296296296296
0 0.79723828125 0.9546773148148149 0.008018229166666667 0.016762037037037037
0 0.48114192708333337 0.8719523148148147 0.007075520833333334 0.025386111111111113
0 0.7065187500000001 0.6497361111111112 0.014079166666666667 0.012435185185185185
0 0.5254145833333334 0.5772083333333333 0.004995833333333334 0.009972222222222223
0 0.6116445312500001 0.6216763888888889 0.0076640625 0.028537962962962963
0 0.8170466145833333 0.882087962962963 0.011176562499999999 0.025287037037037035
0 0.053682031250000005 0.8557981481481481 0.008405729166666666 0.030114814814814816
0 0.5 0.4846532407407408 1.0 0.9693064814814816
1 0.5 0.48594861111111104 1.0 0.9718972222222221
0 0.7091270833333333 0.08904675925925927 0.015129166666666666 0.029945370370370372
0 0.6893171875 0.19472824074074074 0.004676041666666667 0.006123148148148148
0 0.6587140625 0.09715462962962962 0.016386458333333333 0.01838333333333333
0 0.7339580729166666 0.7881476851851852 0.004374479166666666 0.007776851851851851
0 0.028984895833333333 0.7893694444444445 0.010053125 0.012072222222222222
0 0.14773880208333334 0.505999537037037 0.0069359375 0.015702777777777777
0 0.14305130208333333 0.8268430555555556 0.0069359375 0.007389814814814814
0 0.20525651041666665 0.7310384259259258 0.0053046875 0.010225
0 0.13410624999999998 0.298825 0.006754166666666667 0.010612962962962963
0 0.17656796875 0.13285555555555556 0.010427604166666667 0.012007407407407408
0 0.178978125 0.16063564814814815 0.01420625 0.047197222222222224
0 0.15552057291666666 0.1647300925925926 0.006874479166666667 0.016497222222222222
0 0.4749231770833333 0.12921296296296297 0.009221354166666666 0.023240740740740742
0 0.28080234374999996 0.43087453703703704 0.0147296875 0.011749074074074075
0 0.46608619791666667 0.43357824074074075 0.004047395833333333 0.011600925925925926
0 0.3770247395833334 0.4217564814814815 0.009257812499999999 0.028698148148148146
0 0.14582187500000002 0.24358379629629628 0.009352083333333334 0.02605648148148148
0 0.49973958333333335 0.5314814814814814 0.9994791666666667 0.9351851851851852
1 0.49973958333333335 0.5300925925925926 0.9994791666666667 0.937962962962963
0 0.725 0.8842592592592593 0.014583333333333334 0.02962962962962963
0 0.70078125 0.7814814814814814 0.0046875 0.005555555555555556
0 0.6739583333333333 0.8824074074074074 0.015625 0.020370370370370372
0 0.721875 0.18333333333333332 0.004166666666666667 0.007407407407407408
0 0.018489583333333334 0.26990740740740743 0.009895833333333333 0.012037037037037037
0 0.14817708333333332 0.5375 0.0067708333333333336 0.01574074074074074
0 0.13098958333333333 0.21851851851851853 0.0067708333333333336 0.007407407407407408
0 0.196875 0.3060185185185185 0.005208333333333333 0.010185185185185186
0 0.14296875 0.7458333333333333 0.0067708333333333336 0.010185185185185186
0 0.19166666666666668 0.9060185185185186 0.010416666666666666 0.012037037037037037
0 0.19322916666666667 0.8782407407407408 0.015625 0.04537037037037037
0 0.16979166666666667 0.8768518518518519 0.007291666666666667 0.016666666666666666
0 0.4895833333333333 0.8731481481481481 0.008333333333333333 0.024074074074074074
0 0.2838541666666667 0.5967592592592592 0.014583333333333334 0.012037037037037037
0 0.46875 0.5703703703703704 0.004166666666666667 0.011111111111111112
0 0.3802083333333333 0.5930555555555556 0.008333333333333333 0.028703703703703703
0 0.15651041666666668 0.8 0.009895833333333333 0.025925925925925925
0 0.9145833333333333 0.9629629629629629 0.009375 0.02962962962962963
