1 0.5 0.44741666666666663 1.0 0.8948333333333333
0 0.23727864583333333 0.8430087962962962 0.006848958333333334 0.030462037037037037
0 0.25765703125 0.8627046296296297 0.008022395833333333 0.018001851851851852
0 0.16982447916666665 0.6731157407407408 0.0073572916666666665 0.018453703703703705
0 0.20018463541666667 0.5682203703703703 0.023285937500000003 0.04014444444444445
0 0.23123489583333334 0.5374921296296296 0.012469791666666667 0.024984259259259258
0 0.19325 0.3668611111111111 0.008374999999999999 0.026314814814814815
0 0.1733296875 0.2647555555555555 0.009159374999999999 0.022103703703703705
0 0.15897109375 0.2077240740740741 0.0085671875 0.013596296296296296
0 0.18752864583333334 0.24859398148148146 0.006307291666666667 0.013854629629629628
0 0.34014609375 0.14399444444444445 0.010500520833333334 0.015766666666666665
0 0.5804875 0.1078587962962963 0.009933333333333332 0.017569444444444447
0 0.4708583333333333 0.16592916666666666 0.019841666666666664 0.020747222222222222
0 0.46661640625 0.22279074074074073 0.0113578125 0.019655555555555558
0 0.5524515625 0.33252314814814815 0.010111458333333333 0.029861111111111113
0 0.5228994791666667 0.40584305555555555 0.015590625 0.05613055555555556
0 0.4298721354166667 0.5074398148148148 0.023285937500000003 0.03710185185185185
0 0.9898169270833334 0.6324 0.0129671875 0.05924444444444445
0 0.8085229166666666 0.668062037037037 0.008712500000000001 0.021309259259259257
0 0.8921049479166666 0.38827962962962964 0.012334895833333333 0.03211481481481481
0 0.9281802083333334 0.12855185185185186 0.018860416666666668 0.03673333333333333
0 0.9579757812499999 0.15436666666666668 0.013868229166666666 0.040214814814814814
0 0.9377533854166666 0.25375462962962964 0.005715104166666667 0.011212962962962963
0 0.9179591145833333 0.28785046296296296 0.007793229166666666 0.012737962962962963
0 0.6571388020833333 0.38402175925925924 0.0059442708333333335 0.027302777777777777
0 0.65913125 0.3293833333333333 0.0057625 0.034692592592592594
0 0.98314140625 0.44978842592592594 0.007949479166666667 0.03291018518518518
0 0.8148013020833333 0.061426851851851844 0.0348109375 0.017298148148148146
1 0.49973958333333335 0.5467592592592593 0.9994791666666667 0.9046296296296297
0 0.2513020833333333 0.125 0.0078125 0.02962962962962963
0 0.27239583333333334 0.10787037037037037 0.008333333333333333 0.017592592592592594
0 0.17734375 0.2865740740740741 0.0078125 0.017592592592592594
0 0.20338541666666668 0.39490740740740743 0.022395833333333334 0.041666666666666664
0 0.23333333333333334 0.4287037037037037 0.0125 0.024074074074074074
0 0.18880208333333334 0.5944444444444444 0.0078125 0.025925925925925925
0 0.16510416666666666 0.6944444444444444 0.009375 0.022222222222222223
0 0.1484375 0.749537037037037 0.008333333333333333 0.013888888888888888
0 0.17864583333333334 0.711574074074074 0.00625 0.013888888888888888
0 0.3265625 0.8356481481481481 0.010416666666666666 0.01574074074074074
0 0.5651041666666666 0.9009259259259259 0.009375 0.018518518518518517
0 0.45755208333333336 0.8296296296296296 0.019270833333333334 0.022222222222222223
0 0.4557291666666667 0.7726851851851851 0.011458333333333333 0.019444444444444445
0 0.54609375 0.6736111111111112 0.0109375 0.028703703703703703
0 0.5184895833333333 0.5962962962962963 0.015104166666666667 0.05555555555555555
0 0.42994791666666665 0.48333333333333334 0.0234375 0.03518518518518519
0 0.9934895833333334 0.4287037037037037 0.011979166666666667 0.05925925925925926
0 0.8140625 0.37083333333333335 0.008333333333333333 0.021296296296296296
0 0.88671875 0.6601851851851852 0.013020833333333334 0.03148148148148148
0 0.9122395833333333 0.9236111111111112 0.019270833333333334 0.03611111111111111
0 0.94296875 0.9009259259259259 0.015104166666666667 0.03888888888888889
0 0.9268229166666667 0.8 0.005729166666666666 0.011111111111111112
0 0.90859375 0.7638888888888888 0.0078125 0.012962962962962963
0 0.6520833333333333 0.6347222222222222 0.00625 0.026851851851851852
0 0.6526041666666667 0.6902777777777778 0.00625 0.03425925925925926
0 0.9802083333333333 0.6097222222222223 0.008333333333333333 0.032407407407407406
0 0.7966145833333333 0.975925925925926 0.034895833333333334 0.014814814814814815
1 0.5 0.5509851851851852 1.0 0.8982666666666667
0 0.24429244791666666 0.14095787037037036 0.007334895833333333 0.03006388888888889
0 0.26502890625000003 0.12186712962962963 0.0081828125 0.017808333333333332
0 0.173065625 0.30716527777777775 0.007589583333333333 0.01803425925925926
0 0.20153151041666667 0.4130578703703704 0.022854687500000002 0.04093055555555555
0 0.23228776041666668 0.4456055555555556 0.0124921875 0.024544444444444445
0 0.19102838541666667 0.6139939814814815 0.0080984375 0.02613611111111111
0 0.16920442708333333 0.7147916666666667 0.0092421875 0.022175925925925925
0 0.15370703125000001 0.7707643518518519 0.008455729166666667 0.013750925925925927
0 0.18282864583333333 0.7310143518518518 0.006282291666666666 0.013880555555555556
0 0.33335755208333334 0.8458449074074075 0.010465104166666666 0.015763888888888886
0 0.5730591145833334 0.8969902777777777 0.009659895833333333 0.01805462962962963
0 0.46395078125 0.8320453703703704 0.019568229166666666 0.021498148148148148
0 0.46091588541666667 0.7755217592592593 0.011415104166666667 0.019562037037037038
0 0.5495361979166666 0.6711314814814815 0.010530729166666667 0.0293
0 0.5210799479166667 0.5955310185185185 0.0150765625 0.05587685185185185
0 0.42987708333333335 0.4875273148148148 0.023295833333333335 0.03616574074074074
0 0.9921778645833333 0.3981625 0.012480729166666668 0.059287962962962966
0 0.8115557291666666 0.3513986111111111 0.008528125 0.021315740740740743
0 0.8896763020833334 0.6362791666666667 0.0126859375 0.03181759259259259
0 0.9204760416666667 0.8978518518518518 0.019077083333333335 0.036444444444444446
0 0.9504768229166667 0.8734916666666667 0.0144953125 0.039575925925925924
0 0.9325502604166667 0.7731768518518518 0.005725520833333333 0.011168518518518519
0 0.91327890625 0.7379106481481481 0.0078078125 0.012858333333333334
0 0.6546127604166667 0.6255842592592592 0.006100520833333333 0.027094444444444445
0 0.6561299479166667 0.6811375000000001 0.006009895833333333 0.03449722222222222
0 0.9821981770833333 0.5802282407407406 0.008146354166666666 0.0326787037037037
0 0.8059789062499999 0.9571069444444446 0.034874479166666666 0.01606574074074074
1 0.5 0.44741666666666663 1.0 0.8948333333333333
0 0.23727864583333333 0.8430087962962962 0.006848958333333334 0.030462037037037037
0 0.25765703125 0.8627046296296297 0.008022395833333333 0.018001851851851852
0 0.16982447916666665 0.6731157407407408 0.0073572916666666665 0.018453703703703705
0 0.20018463541666667 0.5682203703703703 0.023285937500000003 0.04014444444444445
0 0.23123489583333334 0.5374921296296296 0.012469791666666667 0.024984259259259258
0 0.19325 0.3668611111111111 0.008374999999999999 0.026314814814814815
0 0.1733296875 0.2647555555555555 0.009159374999999999 0.022103703703703705
0 0.15897109375 0.2077240740740741 0.0085671875 0.013596296296296296
0 0.18752864583333334 0.24859398148148146 0.006307291666666667 0.013854629629629628
0 0.34014609375 0.14399444444444445 0.010500520833333334 0.015766666666666665
0 0.5804875 0.1078587962962963 0.009933333333333332 0.017569444444444447
0 0.4708583333333333 0.16592916666666666 0.019841666666666664 0.020747222222222222
0 0.46661640625 0.22279074074074073 0.0113578125 0.019655555555555558
0 0.5524515625 0.33252314814814815 0.010111458333333333 0.029861111111111113
0 0.5228994791666667 0.40584305555555555 0.015590625 0.05613055555555556
0 0.4298721354166667 0.5074398148148148 0.023285937500000003 0.03710185185185185
0 0.9898169270833334 0.6324 0.0129671875 0.05924444444444445
0 0.8085229166666666 0.668062037037037 0.008712500000000001 0.021309259259259257
0 0.8921049479166666 0.38827962962962964 0.012334895833333333 0.03211481481481481
0 0.9281802083333334 0.12855185185185186 0.018860416666666668 0.03673333333333333
0 0.9579757812499999 0.15436666666666668 0.013868229166666666 0.040214814814814814
0 0.9377533854166666 0.25375462962962964 0.005715104166666667 0.011212962962962963
0 0.9179591145833333 0.28785046296296296 0.007793229166666666 0.012737962962962963
0 0.6571388020833333 0.38402175925925924 0.0059442708333333335 0.027302777777777777
0 0.65913125 0.3293833333333333 0.0057625 0.034692592592592594
0 0.98314140625 0.44978842592592594 0.007949479166666667 0.03291018518518518
0 0.8148013020833333 0.061426851851851844 0.0348109375 0.017298148148148146
1 0.49973958333333335 0.5467592592592593 0.9994791666666667 0.9046296296296297
0 0.2513020833333333 0.125 0.0078125 0.02962962962962963
0 0.27239583333333334 0.10787037037037037 0.008333333333333333 0.017592592592592594
0 0.17734375 0.2865740740740741 0.0078125 0.017592592592592594
0 0.20338541666666668 0.39490740740740743 0.022395833333333334 0.041666666666666664
0 0.23333333333333334 0.4287037037037037 0.0125 0.024074074074074074
0 0.18880208333333334 0.5944444444444444 0.0078125 0.025925925925925925
0 0.16510416666666666 0.6944444444444444 0.009375 0.022222222222222223
0 0.1484375 0.749537037037037 0.008333333333333333 0.013888888888888888
0 0.17864583333333334 0.711574074074074 0.00625 0.013888888888888888
0 0.3265625 0.8356481481481481 0.010416666666666666 0.01574074074074074
0 0.5651041666666666 0.9009259259259259 0.009375 0.018518518518518517
0 0.45755208333333336 0.8296296296296296 0.019270833333333334 0.022222222222222223
0 0.4557291666666667 0.7726851851851851 0.011458333333333333 0.019444444444444445
0 0.54609375 0.6736111111111112 0.0109375 0.028703703703703703
0 0.5184895833333333 0.5962962962962963 0.015104166666666667 0.05555555555555555
0 0.42994791666666665 0.48333333333333334 0.0234375 0.03518518518518519
0 0.9934895833333334 0.4287037037037037 0.011979166666666667 0.05925925925925926
0 0.8140625 0.37083333333333335 0.008333333333333333 0.021296296296296296
0 0.88671875 0.6601851851851852 0.013020833333333334 0.03148148148148148
0 0.9122395833333333 0.9236111111111112 0.019270833333333334 0.03611111111111111
0 0.94296875 0.9009259259259259 0.015104166666666667 0.03888888888888889
0 0.9268229166666667 0.8 0.005729166666666666 0.011111111111111112
0 0.90859375 0.7638888888888888 0.0078125 0.012962962962962963
0 0.6520833333333333 0.6347222222222222 0.00625 0.026851851851851852
0 0.6526041666666667 0.6902777777777778 0.00625 0.03425925925925926
0 0.9802083333333333 0.6097222222222223 0.008333333333333333 0.032407407407407406
0 0.7966145833333333 0.975925925925926 0.034895833333333334 0.014814814814814815
1 0.5 0.5509851851851852 1.0 0.8982666666666667
0 0.24429244791666666 0.14095787037037036 0.007334895833333333 0.03006388888888889
0 0.26502890625000003 0.12186712962962963 0.0081828125 0.017808333333333332
0 0.173065625 0.30716527777777775 0.007589583333333333 0.01803425925925926
0 0.20153151041666667 0.4130578703703704 0.022854687500000002 0.04093055555555555
0 0.23228776041666668 0.4456055555555556 0.0124921875 0.024544444444444445
0 0.19102838541666667 0.6139939814814815 0.0080984375 0.02613611111111111
0 0.16920442708333333 0.7147916666666667 0.0092421875 0.022175925925925925
0 0.15370703125000001 0.7707643518518519 0.008455729166666667 0.013750925925925927
0 0.18282864583333333 0.7310143518518518 0.006282291666666666 0.013880555555555556
0 0.33335755208333334 0.8458449074074075 0.010465104166666666 0.015763888888888886
0 0.5730591145833334 0.8969902777777777 0.009659895833333333 0.01805462962962963
0 0.46395078125 0.8320453703703704 0.019568229166666666 0.021498148148148148
0 0.46091588541666667 0.7755217592592593 0.011415104166666667 0.019562037037037038
0 0.5495361979166666 0.6711314814814815 0.010530729166666667 0.0293
0 0.5210799479166667 0.5955310185185185 0.0150765625 0.05587685185185185
0 0.42987708333333335 0.4875273148148148 0.023295833333333335 0.03616574074074074
0 0.9921778645833333 0.3981625 0.012480729166666668 0.059287962962962966
0 0.8115557291666666 0.3513986111111111 0.008528125 0.021315740740740743
0 0.8896763020833334 0.6362791666666667 0.0126859375 0.03181759259259259
0 0.9204760416666667 0.8978518518518518 0.019077083333333335 0.036444444444444446
0 0.9504768229166667 0.8734916666666667 0.0144953125 0.039575925925925924
0 0.9325502604166667 0.7731768518518518 0.005725520833333333 0.011168518518518519
0 0.91327890625 0.7379106481481481 0.0078078125 0.012858333333333334
0 0.6546127604166667 0.6255842592592592 0.006100520833333333 0.027094444444444445
0 0.6561299479166667 0.6811375000000001 0.006009895833333333 0.03449722222222222
0 0.9821981770833333 0.5802282407407406 0.008146354166666666 0.0326787037037037
0 0.8059789062499999 0.9571069444444446 0.034874479166666666 0.01606574074074074
1 0.5 0.44741666666666663 1.0 0.8948333333333333
0 0.23727864583333333 0.8430087962962962 0.006848958333333334 0.030462037037037037
0 0.25765703125 0.8627046296296297 0.008022395833333333 0.018001851851851852
0 0.16982447916666665 0.6731157407407408 0.0073572916666666665 0.018453703703703705
0 0.20018463541666667 0.5682203703703703 0.023285937500000003 0.04014444444444445
0 0.23123489583333334 0.5374921296296296 0.012469791666666667 0.024984259259259258
0 0.19325 0.3668611111111111 0.008374999999999999 0.026314814814814815
0 0.1733296875 0.2647555555555555 0.009159374999999999 0.022103703703703705
0 0.15897109375 0.2077240740740741 0.0085671875 0.013596296296296296
0 0.18752864583333334 0.24859398148148146 0.006307291666666667 0.013854629629629628
0 0.34014609375 0.14399444444444445 0.010500520833333334 0.015766666666666665
0 0.5804875 0.1078587962962963 0.009933333333333332 0.017569444444444447
0 0.4708583333333333 0.16592916666666666 0.019841666666666664 0.020747222222222222
0 0.46661640625 0.22279074074074073 0.0113578125 0.019655555555555558
0 0.5524515625 0.33252314814814815 0.010111458333333333 0.029861111111111113
0 0.5228994791666667 0.40584305555555555 0.015590625 0.05613055555555556
0 0.4298721354166667 0.5074398148148148 0.023285937500000003 0.03710185185185185
0 0.9898169270833334 0.6324 0.0129671875 0.05924444444444445
0 0.8085229166666666 0.668062037037037 0.008712500000000001 0.021309259259259257
0 0.8921049479166666 0.38827962962962964 0.012334895833333333 0.03211481481481481
0 0.9281802083333334 0.12855185185185186 0.018860416666666668 0.03673333333333333
0 0.9579757812499999 0.15436666666666668 0.013868229166666666 0.040214814814814814
0 0.9377533854166666 0.25375462962962964 0.005715104166666667 0.011212962962962963
0 0.9179591145833333 0.28785046296296296 0.007793229166666666 0.012737962962962963
0 0.6571388020833333 0.38402175925925924 0.0059442708333333335 0.027302777777777777
0 0.65913125 0.3293833333333333 0.0057625 0.034692592592592594
0 0.98314140625 0.44978842592592594 0.007949479166666667 0.03291018518518518
0 0.8148013020833333 0.061426851851851844 0.0348109375 0.017298148148148146
1 0.49973958333333335 0.5467592592592593 0.9994791666666667 0.9046296296296297
0 0.2513020833333333 0.125 0.0078125 0.02962962962962963
0 0.27239583333333334 0.10787037037037037 0.008333333333333333 0.017592592592592594
0 0.17734375 0.2865740740740741 0.0078125 0.017592592592592594
0 0.20338541666666668 0.39490740740740743 0.022395833333333334 0.041666666666666664
0 0.23333333333333334 0.4287037037037037 0.0125 0.024074074074074074
0 0.18880208333333334 0.5944444444444444 0.0078125 0.025925925925925925
0 0.16510416666666666 0.6944444444444444 0.009375 0.022222222222222223
0 0.1484375 0.749537037037037 0.008333333333333333 0.013888888888888888
0 0.17864583333333334 0.711574074074074 0.00625 0.013888888888888888
0 0.3265625 0.8356481481481481 0.010416666666666666 0.01574074074074074
0 0.5651041666666666 0.9009259259259259 0.009375 0.018518518518518517
0 0.45755208333333336 0.8296296296296296 0.019270833333333334 0.022222222222222223
0 0.4557291666666667 0.7726851851851851 0.011458333333333333 0.019444444444444445
0 0.54609375 0.6736111111111112 0.0109375 0.028703703703703703
0 0.5184895833333333 0.5962962962962963 0.015104166666666667 0.05555555555555555
0 0.42994791666666665 0.48333333333333334 0.0234375 0.03518518518518519
0 0.9934895833333334 0.4287037037037037 0.011979166666666667 0.05925925925925926
0 0.8140625 0.37083333333333335 0.008333333333333333 0.021296296296296296
0 0.88671875 0.6601851851851852 0.013020833333333334 0.03148148148148148
0 0.9122395833333333 0.9236111111111112 0.019270833333333334 0.03611111111111111
0 0.94296875 0.9009259259259259 0.015104166666666667 0.03888888888888889
0 0.9268229166666667 0.8 0.005729166666666666 0.011111111111111112
0 0.90859375 0.7638888888888888 0.0078125 0.012962962962962963
0 0.6520833333333333 0.6347222222222222 0.00625 0.026851851851851852
0 0.6526041666666667 0.6902777777777778 0.00625 0.03425925925925926
0 0.9802083333333333 0.6097222222222223 0.008333333333333333 0.032407407407407406
0 0.7966145833333333 0.975925925925926 0.034895833333333334 0.014814814814814815
1 0.5 0.5509851851851852 1.0 0.8982666666666667
0 0.24429244791666666 0.14095787037037036 0.007334895833333333 0.03006388888888889
0 0.26502890625000003 0.12186712962962963 0.0081828125 0.017808333333333332
0 0.173065625 0.30716527777777775 0.007589583333333333 0.01803425925925926
0 0.20153151041666667 0.4130578703703704 0.022854687500000002 0.04093055555555555
0 0.23228776041666668 0.4456055555555556 0.0124921875 0.024544444444444445
0 0.19102838541666667 0.6139939814814815 0.0080984375 0.02613611111111111
0 0.16920442708333333 0.7147916666666667 0.0092421875 0.022175925925925925
0 0.15370703125000001 0.7707643518518519 0.008455729166666667 0.013750925925925927
0 0.18282864583333333 0.7310143518518518 0.006282291666666666 0.013880555555555556
0 0.33335755208333334 0.8458449074074075 0.010465104166666666 0.015763888888888886
0 0.5730591145833334 0.8969902777777777 0.009659895833333333 0.01805462962962963
0 0.46395078125 0.8320453703703704 0.019568229166666666 0.021498148148148148
0 0.46091588541666667 0.7755217592592593 0.011415104166666667 0.019562037037037038
0 0.5495361979166666 0.6711314814814815 0.010530729166666667 0.0293
0 0.5210799479166667 0.5955310185185185 0.0150765625 0.05587685185185185
0 0.42987708333333335 0.4875273148148148 0.023295833333333335 0.03616574074074074
0 0.9921778645833333 0.3981625 0.012480729166666668 0.059287962962962966
0 0.8115557291666666 0.3513986111111111 0.008528125 0.021315740740740743
0 0.8896763020833334 0.6362791666666667 0.0126859375 0.03181759259259259
0 0.9204760416666667 0.8978518518518518 0.019077083333333335 0.036444444444444446
0 0.9504768229166667 0.8734916666666667 0.0144953125 0.039575925925925924
0 0.9325502604166667 0.7731768518518518 0.005725520833333333 0.011168518518518519
0 0.91327890625 0.7379106481481481 0.0078078125 0.012858333333333334
0 0.6546127604166667 0.6255842592592592 0.006100520833333333 0.027094444444444445
0 0.6561299479166667 0.6811375000000001 0.006009895833333333 0.03449722222222222
0 0.9821981770833333 0.5802282407407406 0.008146354166666666 0.0326787037037037
0 0.8059789062499999 0.9571069444444446 0.034874479166666666 0.01606574074074074
