1 0.49973958333333335 0.5319444444444444 0.9994791666666667 0.9342592592592592
0 0.22526041666666666 0.6694444444444444 0.008854166666666666 0.022222222222222223
0 0.23854166666666668 0.6398148148148148 0.01875 0.025925925925925925
0 0.1765625 0.624537037037037 0.014583333333333334 0.03796296296296296
0 0.0796875 0.6157407407407407 0.008333333333333333 0.009259259259259259
0 0.07317708333333334 0.5777777777777777 0.008854166666666666 0.020370370370370372
0 0.29348958333333336 0.8967592592592593 0.009895833333333333 0.021296296296296296
0 0.30520833333333336 0.9416666666666667 0.009375 0.018518518518518517
0 0.17317708333333334 0.8856481481481482 0.008854166666666666 0.019444444444444445
0 0.696875 0.7134259259259259 0.03125 0.05462962962962963
0 0.8377604166666667 0.5125 0.015104166666666667 0.032407407407407406
0 0.76328125 0.5462962962962963 0.0109375 0.020370370370370372
0 0.74296875 0.12638888888888888 0.0640625 0.06388888888888888
0 0.7182291666666667 0.22916666666666666 0.011458333333333333 0.017592592592592594
0 0.6729166666666667 0.49166666666666664 0.010416666666666666 0.018518518518518517
1 0.5 0.47294305555555555 1.0 0.9458861111111111
0 0.7635291666666667 0.28068842592592597 0.00935 0.022487962962962963
0 0.7517325520833332 0.31176620370370367 0.0180484375 0.02723611111111111
0 0.81420625 0.3156328703703704 0.0127875 0.03867314814814815
0 0.9111596354166667 0.3073337962962963 0.008777604166666668 0.009112037037037037
0 0.9200278645833334 0.34297222222222223 0.008805729166666667 0.02112962962962963
0 0.6815377604166667 0.06721666666666666 0.009950520833333334 0.02147037037037037
0 0.6679005208333333 0.02441064814814815 0.009759374999999999 0.019191666666666666
0 0.8027859374999999 0.05591666666666667 0.008696875 0.019240740740740742
0 0.29174791666666666 0.32406574074074074 0.030370833333333333 0.05553888888888889
0 0.16359375 0.5502291666666667 0.015729166666666666 0.03193981481481481
0 0.23567421875 0.5029157407407407 0.010931770833333333 0.020646296296296295
0 0.28009921875 0.9177546296296296 0.06436510416666667 0.05773148148148148
0 0.29893046875 0.8098129629629629 0.0103609375 0.01962592592592593
0 0.32919244791666663 0.5401564814814815 0.010468229166666667 0.01735
1 0.5 0.5314328703703703 1.0 0.9369398148148148
0 0.769140625 0.6945259259259259 0.009114583333333334 0.022385185185185185
0 0.75712890625 0.6642347222222222 0.018424479166666667 0.026617592592592592
0 0.81933203125 0.6543342592592593 0.013664062499999999 0.03829814814814815
0 0.9162627604166667 0.654599074074074 0.0085671875 0.009198148148148148
0 0.9242127604166667 0.6177967592592593 0.0088421875 0.020778703703703702
0 0.6945518229166667 0.9153356481481482 0.009936979166666667 0.02141203703703704
0 0.6813526041666667 0.9594402777777779 0.009580208333333333 0.018880555555555553
0 0.81533125 0.9152402777777778 0.0087875 0.019369444444444446
0 0.2971971354166667 0.6949666666666666 0.03085260416666667 0.05474814814814815
0 0.16240651041666665 0.48092361111111115 0.015438020833333333 0.032217592592592596
0 0.23568333333333333 0.5213791666666667 0.01095 0.02053611111111111
0 0.26860911458333336 0.1035949074074074 0.0643015625 0.06089351851851852
0 0.2898372395833333 0.20931712962962962 0.010924479166666667 0.01863425925925926
0 0.32762421875 0.4756226851851852 0.010456770833333334 0.017912037037037035
1 0.49973958333333335 0.5319444444444444 0.9994791666666667 0.9342592592592592
0 0.22526041666666666 0.6694444444444444 0.008854166666666666 0.022222222222222223
0 0.23854166666666668 0.6398148148148148 0.01875 0.025925925925925925
0 0.1765625 0.624537037037037 0.014583333333333334 0.03796296296296296
0 0.0796875 0.6157407407407407 0.008333333333333333 0.009259259259259259
0 0.07317708333333334 0.5777777777777777 0.008854166666666666 0.020370370370370372
0 0.29348958333333336 0.8967592592592593 0.009895833333333333 0.021296296296296296
0 0.30520833333333336 0.9416666666666667 0.009375 0.018518518518518517
0 0.17317708333333334 0.8856481481481482 0.008854166666666666 0.019444444444444445
0 0.696875 0.7134259259259259 0.03125 0.05462962962962963
0 0.8377604166666667 0.5125 0.015104166666666667 0.032407407407407406
0 0.76328125 0.5462962962962963 0.0109375 0.020370370370370372
0 0.74296875 0.12638888888888888 0.0640625 0.06388888888888888
0 0.7182291666666667 0.22916666666666666 0.011458333333333333 0.017592592592592594
0 0.6729166666666667 0.49166666666666664 0.010416666666666666 0.018518518518518517
1 0.5 0.47294305555555555 1.0 0.9458861111111111
0 0.7635291666666667 0.28068842592592597 0.00935 0.022487962962962963
0 0.7517325520833332 0.31176620370370367 0.0180484375 0.02723611111111111
0 0.81420625 0.3156328703703704 0.0127875 0.03867314814814815
0 0.9111596354166667 0.3073337962962963 0.008777604166666668 0.009112037037037037
0 0.9200278645833334 0.34297222222222223 0.008805729166666667 0.02112962962962963
0 0.6815377604166667 0.06721666666666666 0.009950520833333334 0.02147037037037037
0 0.6679005208333333 0.02441064814814815 0.009759374999999999 0.019191666666666666
0 0.8027859374999999 0.05591666666666667 0.008696875 0.019240740740740742
0 0.29174791666666666 0.32406574074074074 0.030370833333333333 0.05553888888888889
0 0.16359375 0.5502291666666667 0.015729166666666666 0.03193981481481481
0 0.23567421875 0.5029157407407407 0.010931770833333333 0.020646296296296295
0 0.28009921875 0.9177546296296296 0.06436510416666667 0.05773148148148148
0 0.29893046875 0.8098129629629629 0.0103609375 0.01962592592592593
0 0.32919244791666663 0.5401564814814815 0.010468229166666667 0.01735
1 0.5 0.5314328703703703 1.0 0.9369398148148148
0 0.769140625 0.6945259259259259 0.009114583333333334 0.022385185185185185
0 0.75712890625 0.6642347222222222 0.018424479166666667 0.026617592592592592
0 0.81933203125 0.6543342592592593 0.013664062499999999 0.03829814814814815
0 0.9162627604166667 0.654599074074074 0.0085671875 0.009198148148148148
0 0.9242127604166667 0.6177967592592593 0.0088421875 0.020778703703703702
0 0.6945518229166667 0.9153356481481482 0.009936979166666667 0.02141203703703704
0 0.6813526041666667 0.9594402777777779 0.009580208333333333 0.018880555555555553
0 0.81533125 0.9152402777777778 0.0087875 0.019369444444444446
0 0.2971971354166667 0.6949666666666666 0.03085260416666667 0.05474814814814815
0 0.16240651041666665 0.48092361111111115 0.015438020833333333 0.032217592592592596
0 0.23568333333333333 0.5213791666666667 0.01095 0.02053611111111111
0 0.26860911458333336 0.1035949074074074 0.0643015625 0.06089351851851852
0 0.2898372395833333 0.20931712962962962 0.010924479166666667 0.01863425925925926
0 0.32762421875 0.4756226851851852 0.010456770833333334 0.017912037037037035
1 0.49973958333333335 0.5319444444444444 0.9994791666666667 0.9342592592592592
0 0.22526041666666666 0.6694444444444444 0.008854166666666666 0.022222222222222223
0 0.23854166666666668 0.6398148148148148 0.01875 0.025925925925925925
0 0.1765625 0.624537037037037 0.014583333333333334 0.03796296296296296
0 0.0796875 0.6157407407407407 0.008333333333333333 0.009259259259259259
0 0.07317708333333334 0.5777777777777777 0.008854166666666666 0.020370370370370372
0 0.29348958333333336 0.8967592592592593 0.009895833333333333 0.021296296296296296
0 0.30520833333333336 0.9416666666666667 0.009375 0.018518518518518517
0 0.17317708333333334 0.8856481481481482 0.008854166666666666 0.019444444444444445
0 0.696875 0.7134259259259259 0.03125 0.05462962962962963
0 0.8377604166666667 0.5125 0.015104166666666667 0.032407407407407406
0 0.76328125 0.5462962962962963 0.0109375 0.020370370370370372
0 0.74296875 0.12638888888888888 0.0640625 0.06388888888888888
0 0.7182291666666667 0.22916666666666666 0.011458333333333333 0.017592592592592594
0 0.6729166666666667 0.49166666666666664 0.010416666666666666 0.018518518518518517
1 0.5 0.47294305555555555 1.0 0.9458861111111111
0 0.7635291666666667 0.28068842592592597 0.00935 0.022487962962962963
0 0.7517325520833332 0.31176620370370367 0.0180484375 0.02723611111111111
0 0.81420625 0.3156328703703704 0.0127875 0.03867314814814815
0 0.9111596354166667 0.3073337962962963 0.008777604166666668 0.009112037037037037
0 0.9200278645833334 0.34297222222222223 0.008805729166666667 0.02112962962962963
0 0.6815377604166667 0.06721666666666666 0.009950520833333334 0.02147037037037037
0 0.6679005208333333 0.02441064814814815 0.009759374999999999 0.019191666666666666
0 0.8027859374999999 0.05591666666666667 0.008696875 0.019240740740740742
0 0.29174791666666666 0.32406574074074074 0.030370833333333333 0.05553888888888889
0 0.16359375 0.5502291666666667 0.015729166666666666 0.03193981481481481
0 0.23567421875 0.5029157407407407 0.010931770833333333 0.020646296296296295
0 0.28009921875 0.9177546296296296 0.06436510416666667 0.05773148148148148
0 0.29893046875 0.8098129629629629 0.0103609375 0.01962592592592593
0 0.32919244791666663 0.5401564814814815 0.010468229166666667 0.01735
1 0.5 0.5314328703703703 1.0 0.9369398148148148
0 0.769140625 0.6945259259259259 0.009114583333333334 0.022385185185185185
0 0.75712890625 0.6642347222222222 0.018424479166666667 0.026617592592592592
0 0.81933203125 0.6543342592592593 0.013664062499999999 0.03829814814814815
0 0.9162627604166667 0.654599074074074 0.0085671875 0.009198148148148148
0 0.9242127604166667 0.6177967592592593 0.0088421875 0.020778703703703702
0 0.6945518229166667 0.9153356481481482 0.009936979166666667 0.02141203703703704
0 0.6813526041666667 0.9594402777777779 0.009580208333333333 0.018880555555555553
0 0.81533125 0.9152402777777778 0.0087875 0.019369444444444446
0 0.2971971354166667 0.6949666666666666 0.03085260416666667 0.05474814814814815
0 0.16240651041666665 0.48092361111111115 0.015438020833333333 0.032217592592592596
0 0.23568333333333333 0.5213791666666667 0.01095 0.02053611111111111
0 0.26860911458333336 0.1035949074074074 0.0643015625 0.06089351851851852
0 0.2898372395833333 0.20931712962962962 0.010924479166666667 0.01863425925925926
0 0.32762421875 0.4756226851851852 0.010456770833333334 0.017912037037037035
