1 0.5046356770833333 0.4461648148148148 0.9905213541666666 0.8923296296296296
0 0.30160286458333335 0.5668032407407407 0.02820572916666667 0.05582870370370371
0 0.26170598958333335 0.6031300925925925 0.0067453125000000004 0.015519444444444443
0 0.293559375 0.6330962962962963 0.016285416666666667 0.05137777777777778
0 0.23889166666666667 0.699450925925926 0.011116666666666667 0.03593888888888889
0 0.3317828125 0.5680305555555555 0.012523958333333333 0.010135185185185185
0 0.51251875 0.029033333333333335 0.0156625 0.030288888888888893
0 0.5701143229166666 0.08205092592592592 0.023561979166666667 0.047435185185185184
0 0.2906239583333334 0.1502402777777778 0.012497916666666666 0.022702777777777777
0 0.09473333333333334 0.2657319444444444 0.013425 0.025908333333333335
0 0.5011776041666667 0.3569601851851852 0.010688541666666666 0.02503148148148148
0 0.688359375 0.1981689814814815 0.025677083333333333 0.08893055555555555
0 0.7138158854166666 0.6154648148148149 0.01825677083333333 0.03833703703703704
0 0.6613872395833333 0.386500462962963 0.008191145833333333 0.008186111111111111
0 0.7618783854166666 0.33641898148148147 0.023756770833333333 0.1024675925925926
0 0.7491885416666667 0.14920833333333333 0.03796041666666667 0.07804629629629631
0 0.82030625 0.05942453703703704 0.013529166666666667 0.022552777777777776
0 0.830596875 0.37253564814814816 0.021610416666666667 0.03581203703703704
0 0.7846442708333333 0.28791342592592595 0.014080208333333333 0.02582685185185185
0 0.40536432291666663 0.715375462962963 0.0086453125 0.021491666666666666
0 0.22293333333333332 0.7493685185185185 0.0031583333333333333 0.024662962962962963
0 0.2443841145833333 0.8164634259259259 0.005434895833333333 0.012556481481481481
0 0.9383583333333333 0.5524527777777778 0.009008333333333333 0.054905555555555555
0 0.9536781249999999 0.5445527777777778 0.018814583333333336 0.037253703703703706
0 0.7772609374999999 0.8179666666666666 0.03473020833333333 0.0526
0 0.7196179687500001 0.7993333333333333 0.014235937499999999 0.033851851851851855
0 0.7293627604166667 0.7505064814814815 0.0097671875 0.019531481481481483
0 0.7321783854166667 0.7905333333333333 0.013315104166666668 0.02365925925925926
0 0.7271859374999999 0.8371421296296296 0.012705208333333332 0.020580555555555557
0 0.7744908854166667 0.5060412037037036 0.017731770833333334 0.030600925925925924
0 0.8590393229166666 0.3615217592592592 0.013911979166666666 0.030450925925925926
0 0.8376783854166666 0.6668875000000001 0.0138984375 0.02081203703703704
0 0.9839239583333333 0.3269430555555556 0.009514583333333333 0.027960185185185185
1 0.50546875 0.55 0.9880208333333333 0.8981481481481481
0 0.30572916666666666 0.4027777777777778 0.027083333333333334 0.05555555555555555
0 0.2674479166666667 0.36064814814814816 0.0067708333333333336 0.01574074074074074
0 0.30078125 0.33564814814814814 0.0171875 0.05092592592592592
0 0.25026041666666665 0.26064814814814813 0.011979166666666667 0.03611111111111111
0 0.33567708333333335 0.4060185185185185 0.011979166666666667 0.012037037037037037
0 0.48984375 0.9712962962962963 0.016145833333333335 0.02962962962962963
0 0.5494791666666666 0.9273148148148148 0.021875 0.049074074074074076
0 0.27395833333333336 0.8157407407407408 0.0125 0.022222222222222223
0 0.08463541666666667 0.6703703703703704 0.013020833333333334 0.025925925925925925
0 0.4942708333333333 0.6430555555555556 0.011458333333333333 0.025
0 0.6731770833333334 0.8300925925925926 0.028645833333333332 0.08611111111111111
0 0.7190104166666667 0.41759259259259257 0.0171875 0.03888888888888889
0 0.6549479166666666 0.638425925925926 0.0078125 0.008333333333333333
0 0.7533854166666667 0.7032407407407407 0.024479166666666666 0.10277777777777777
0 0.7322916666666667 0.8888888888888888 0.03958333333333333 0.07777777777777778
0 0.7973958333333333 0.9888888888888889 0.014583333333333334 0.020370370370370372
0 0.8231770833333333 0.6787037037037037 0.022395833333333334 0.037037037037037035
0 0.7729166666666667 0.7555555555555555 0.013541666666666667 0.025925925925925925
0 0.4158854166666667 0.2712962962962963 0.0078125 0.022222222222222223
0 0.23671875 0.20879629629629629 0.0036458333333333334 0.025
0 0.26067708333333334 0.1449074074074074 0.005729166666666666 0.012037037037037037
0 0.9390625 0.5162037037037037 0.008333333333333333 0.05462962962962963
0 0.9536458333333333 0.5254629629629629 0.01875 0.03796296296296296
0 0.79140625 0.22685185185185186 0.0328125 0.05555555555555555
0 0.7341145833333333 0.23564814814814813 0.0140625 0.03425925925925926
0 0.7408854166666666 0.28564814814814815 0.009895833333333333 0.019444444444444445
0 0.7458333333333333 0.24722222222222223 0.0125 0.024074074074074074
0 0.74296875 0.19953703703703704 0.011979166666666667 0.019444444444444445
0 0.7734375 0.5365740740740741 0.017708333333333333 0.030555555555555555
0 0.85078125 0.6939814814814815 0.015104166666666667 0.028703703703703703
0 0.996875 0.7800925925925926 0.005208333333333333 0.019444444444444445
0 0.9927083333333333 0.8569444444444444 0.013541666666666667 0.03425925925925926
0 0.8447916666666667 0.38564814814814813 0.013541666666666667 0.021296296296296296
0 0.9734375 0.7476851851851852 0.010416666666666666 0.026851851851851852
1 0.5048802083333334 0.4462231481481481 0.98996875 0.8924462962962962
0 0.30295364583333334 0.578811111111111 0.027782291666666667 0.05577037037037037
0 0.26379739583333334 0.6170703703703704 0.006761458333333333 0.015622222222222221
0 0.2962473958333333 0.6459921296296297 0.016453125 0.05124351851851852
0 0.2432359375 0.7160578703703704 0.011471875 0.035819444444444445
0 0.3332419270833333 0.5786009259259259 0.0123171875 0.010905555555555555
0 0.5036906250000001 0.027804166666666668 0.015714583333333334 0.02968240740740741
0 0.561975 0.07777083333333334 0.022908333333333333 0.04813425925925926
0 0.28385911458333335 0.16404305555555554 0.012509895833333333 0.022530555555555554
0 0.08997109375 0.2907472222222222 0.013275520833333334 0.02593888888888889
0 0.49821145833333336 0.3567800925925926 0.01100625 0.024671296296296295
0 0.6827153645833334 0.18653425925925926 0.0268890625 0.08788333333333334
0 0.7162143229166666 0.6026300925925926 0.0178453125 0.03859351851851851
0 0.6587109375 0.37626203703703703 0.008046875 0.008079629629629631
0 0.7583861979166666 0.32078703703703704 0.0240640625 0.10268518518518518
0 0.74269765625 0.13344953703703702 0.0385203125 0.0780101851851852
0 0.8111484375 0.03955324074074074 0.013963541666666666 0.021699074074074072
0 0.82813828125 0.3514629629629629 0.021901562500000003 0.036259259259259255
0 0.77985546875 0.2703527777777778 0.013877604166666667 0.025890740740740742
0 0.40936822916666665 0.721087037037037 0.008319791666666666 0.021803703703703704
0 0.22865729166666665 0.7661138888888889 0.0031479166666666665 0.02482037037037037
0 0.25069557291666666 0.8321060185185185 0.005557812499999999 0.012360185185185186
0 0.93916484375 0.5246449074074074 0.008538020833333333 0.05484537037037037
0 0.9541947916666668 0.5169337962962963 0.01880625 0.0375712962962963
0 0.7831429687500001 0.8000638888888888 0.03399427083333333 0.05383148148148148
0 0.72583984375 0.7854550925925926 0.014179687500000001 0.033873148148148145
0 0.73408046875 0.7366092592592592 0.009827604166666667 0.019514814814814815
0 0.7377502604166666 0.7758125 0.013000520833333333 0.02384722222222222
0 0.7338171875 0.8230351851851853 0.012426041666666667 0.020144444444444444
0 0.7744942708333333 0.48937916666666664 0.017738541666666666 0.03061018518518518
0 0.8561593750000001 0.33896342592592593 0.014402083333333334 0.029778703703703707
0 0.9978822916666666 0.1869708333333333 0.004097916666666667 0.02764537037037037
0 0.8407382812499999 0.6456976851851852 0.013768229166666666 0.021025000000000002
0 0.9799421875000001 0.29710416666666667 0.009884375 0.02754166666666667
1 0.5046356770833333 0.4461648148148148 0.9905213541666666 0.8923296296296296
0 0.30160286458333335 0.5668032407407407 0.02820572916666667 0.05582870370370371
0 0.26170598958333335 0.6031300925925925 0.0067453125000000004 0.015519444444444443
0 0.293559375 0.6330962962962963 0.016285416666666667 0.05137777777777778
0 0.23889166666666667 0.699450925925926 0.011116666666666667 0.03593888888888889
0 0.3317828125 0.5680305555555555 0.012523958333333333 0.010135185185185185
0 0.51251875 0.029033333333333335 0.0156625 0.030288888888888893
0 0.5701143229166666 0.08205092592592592 0.023561979166666667 0.047435185185185184
0 0.2906239583333334 0.1502402777777778 0.012497916666666666 0.022702777777777777
0 0.09473333333333334 0.2657319444444444 0.013425 0.025908333333333335
0 0.5011776041666667 0.3569601851851852 0.010688541666666666 0.02503148148148148
0 0.688359375 0.1981689814814815 0.025677083333333333 0.08893055555555555
0 0.7138158854166666 0.6154648148148149 0.01825677083333333 0.03833703703703704
0 0.6613872395833333 0.386500462962963 0.008191145833333333 0.008186111111111111
0 0.7618783854166666 0.33641898148148147 0.023756770833333333 0.1024675925925926
0 0.7491885416666667 0.14920833333333333 0.03796041666666667 0.07804629629629631
0 0.82030625 0.05942453703703704 0.013529166666666667 0.022552777777777776
0 0.830596875 0.37253564814814816 0.021610416666666667 0.03581203703703704
0 0.7846442708333333 0.28791342592592595 0.014080208333333333 0.02582685185185185
0 0.40536432291666663 0.715375462962963 0.0086453125 0.021491666666666666
0 0.22293333333333332 0.7493685185185185 0.0031583333333333333 0.024662962962962963
0 0.2443841145833333 0.8164634259259259 0.005434895833333333 0.012556481481481481
0 0.9383583333333333 0.5524527777777778 0.009008333333333333 0.054905555555555555
0 0.9536781249999999 0.5445527777777778 0.018814583333333336 0.037253703703703706
0 0.7772609374999999 0.8179666666666666 0.03473020833333333 0.0526
0 0.7196179687500001 0.7993333333333333 0.014235937499999999 0.033851851851851855
0 0.7293627604166667 0.7505064814814815 0.0097671875 0.019531481481481483
0 0.7321783854166667 0.7905333333333333 0.013315104166666668 0.02365925925925926
0 0.7271859374999999 0.8371421296296296 0.012705208333333332 0.020580555555555557
0 0.7744908854166667 0.5060412037037036 0.017731770833333334 0.030600925925925924
0 0.8590393229166666 0.3615217592592592 0.013911979166666666 0.030450925925925926
0 0.8376783854166666 0.6668875000000001 0.0138984375 0.02081203703703704
0 0.9839239583333333 0.3269430555555556 0.009514583333333333 0.027960185185185185
1 0.50546875 0.55 0.9880208333333333 0.8981481481481481
0 0.30572916666666666 0.4027777777777778 0.027083333333333334 0.05555555555555555
0 0.2674479166666667 0.36064814814814816 0.0067708333333333336 0.01574074074074074
0 0.30078125 0.33564814814814814 0.0171875 0.05092592592592592
0 0.25026041666666665 0.26064814814814813 0.011979166666666667 0.03611111111111111
0 0.33567708333333335 0.4060185185185185 0.011979166666666667 0.012037037037037037
0 0.48984375 0.9712962962962963 0.016145833333333335 0.02962962962962963
0 0.5494791666666666 0.9273148148148148 0.021875 0.049074074074074076
0 0.27395833333333336 0.8157407407407408 0.0125 0.022222222222222223
0 0.08463541666666667 0.6703703703703704 0.013020833333333334 0.025925925925925925
0 0.4942708333333333 0.6430555555555556 0.011458333333333333 0.025
0 0.6731770833333334 0.8300925925925926 0.028645833333333332 0.08611111111111111
0 0.7190104166666667 0.41759259259259257 0.0171875 0.03888888888888889
0 0.6549479166666666 0.638425925925926 0.0078125 0.008333333333333333
0 0.7533854166666667 0.7032407407407407 0.024479166666666666 0.10277777777777777
0 0.7322916666666667 0.8888888888888888 0.03958333333333333 0.07777777777777778
0 0.7973958333333333 0.9888888888888889 0.014583333333333334 0.020370370370370372
0 0.8231770833333333 0.6787037037037037 0.022395833333333334 0.037037037037037035
0 0.7729166666666667 0.7555555555555555 0.013541666666666667 0.025925925925925925
0 0.4158854166666667 0.2712962962962963 0.0078125 0.022222222222222223
0 0.23671875 0.20879629629629629 0.0036458333333333334 0.025
0 0.26067708333333334 0.1449074074074074 0.005729166666666666 0.012037037037037037
0 0.9390625 0.5162037037037037 0.008333333333333333 0.05462962962962963
0 0.9536458333333333 0.5254629629629629 0.01875 0.03796296296296296
0 0.79140625 0.22685185185185186 0.0328125 0.05555555555555555
0 0.7341145833333333 0.23564814814814813 0.0140625 0.03425925925925926
0 0.7408854166666666 0.28564814814814815 0.009895833333333333 0.019444444444444445
0 0.7458333333333333 0.24722222222222223 0.0125 0.024074074074074074
0 0.74296875 0.19953703703703704 0.011979166666666667 0.019444444444444445
0 0.7734375 0.5365740740740741 0.017708333333333333 0.030555555555555555
0 0.85078125 0.6939814814814815 0.015104166666666667 0.028703703703703703
0 0.996875 0.7800925925925926 0.005208333333333333 0.019444444444444445
0 0.9927083333333333 0.8569444444444444 0.013541666666666667 0.03425925925925926
0 0.8447916666666667 0.38564814814814813 0.013541666666666667 0.021296296296296296
0 0.9734375 0.7476851851851852 0.010416666666666666 0.026851851851851852
1 0.5048802083333334 0.4462231481481481 0.98996875 0.8924462962962962
0 0.30295364583333334 0.578811111111111 0.027782291666666667 0.05577037037037037
0 0.26379739583333334 0.6170703703703704 0.006761458333333333 0.015622222222222221
0 0.2962473958333333 0.6459921296296297 0.016453125 0.05124351851851852
0 0.2432359375 0.7160578703703704 0.011471875 0.035819444444444445
0 0.3332419270833333 0.5786009259259259 0.0123171875 0.010905555555555555
0 0.5036906250000001 0.027804166666666668 0.015714583333333334 0.02968240740740741
0 0.561975 0.07777083333333334 0.022908333333333333 0.04813425925925926
0 0.28385911458333335 0.16404305555555554 0.012509895833333333 0.022530555555555554
0 0.08997109375 0.2907472222222222 0.013275520833333334 0.02593888888888889
0 0.49821145833333336 0.3567800925925926 0.01100625 0.024671296296296295
0 0.6827153645833334 0.18653425925925926 0.0268890625 0.08788333333333334
0 0.7162143229166666 0.6026300925925926 0.0178453125 0.03859351851851851
0 0.6587109375 0.37626203703703703 0.008046875 0.008079629629629631
0 0.7583861979166666 0.32078703703703704 0.0240640625 0.10268518518518518
0 0.74269765625 0.13344953703703702 0.0385203125 0.0780101851851852
0 0.8111484375 0.03955324074074074 0.013963541666666666 0.021699074074074072
0 0.82813828125 0.3514629629629629 0.021901562500000003 0.036259259259259255
0 0.77985546875 0.2703527777777778 0.013877604166666667 0.025890740740740742
0 0.40936822916666665 0.721087037037037 0.008319791666666666 0.021803703703703704
0 0.22865729166666665 0.7661138888888889 0.0031479166666666665 0.02482037037037037
0 0.25069557291666666 0.8321060185185185 0.005557812499999999 0.012360185185185186
0 0.93916484375 0.5246449074074074 0.008538020833333333 0.05484537037037037
0 0.9541947916666668 0.5169337962962963 0.01880625 0.0375712962962963
0 0.7831429687500001 0.8000638888888888 0.03399427083333333 0.05383148148148148
0 0.72583984375 0.7854550925925926 0.014179687500000001 0.033873148148148145
0 0.73408046875 0.7366092592592592 0.009827604166666667 0.019514814814814815
0 0.7377502604166666 0.7758125 0.013000520833333333 0.02384722222222222
0 0.7338171875 0.8230351851851853 0.012426041666666667 0.020144444444444444
0 0.7744942708333333 0.48937916666666664 0.017738541666666666 0.03061018518518518
0 0.8561593750000001 0.33896342592592593 0.014402083333333334 0.029778703703703707
0 0.9978822916666666 0.1869708333333333 0.004097916666666667 0.02764537037037037
0 0.8407382812499999 0.6456976851851852 0.013768229166666666 0.021025000000000002
0 0.9799421875000001 0.29710416666666667 0.009884375 0.02754166666666667
1 0.5046356770833333 0.4461648148148148 0.9905213541666666 0.8923296296296296
0 0.30160286458333335 0.5668032407407407 0.02820572916666667 0.05582870370370371
0 0.26170598958333335 0.6031300925925925 0.0067453125000000004 0.015519444444444443
0 0.293559375 0.6330962962962963 0.016285416666666667 0.05137777777777778
0 0.23889166666666667 0.699450925925926 0.011116666666666667 0.03593888888888889
0 0.3317828125 0.5680305555555555 0.012523958333333333 0.010135185185185185
0 0.51251875 0.029033333333333335 0.0156625 0.030288888888888893
0 0.5701143229166666 0.08205092592592592 0.023561979166666667 0.047435185185185184
0 0.2906239583333334 0.1502402777777778 0.012497916666666666 0.022702777777777777
0 0.09473333333333334 0.2657319444444444 0.013425 0.025908333333333335
0 0.5011776041666667 0.3569601851851852 0.010688541666666666 0.02503148148148148
0 0.688359375 0.1981689814814815 0.025677083333333333 0.08893055555555555
0 0.7138158854166666 0.6154648148148149 0.01825677083333333 0.03833703703703704
0 0.6613872395833333 0.386500462962963 0.008191145833333333 0.008186111111111111
0 0.7618783854166666 0.33641898148148147 0.023756770833333333 0.1024675925925926
0 0.7491885416666667 0.14920833333333333 0.03796041666666667 0.07804629629629631
0 0.82030625 0.05942453703703704 0.013529166666666667 0.022552777777777776
0 0.830596875 0.37253564814814816 0.021610416666666667 0.03581203703703704
0 0.7846442708333333 0.28791342592592595 0.014080208333333333 0.02582685185185185
0 0.40536432291666663 0.715375462962963 0.0086453125 0.021491666666666666
0 0.22293333333333332 0.7493685185185185 0.0031583333333333333 0.024662962962962963
0 0.2443841145833333 0.8164634259259259 0.005434895833333333 0.012556481481481481
0 0.9383583333333333 0.5524527777777778 0.009008333333333333 0.054905555555555555
0 0.9536781249999999 0.5445527777777778 0.018814583333333336 0.037253703703703706
0 0.7772609374999999 0.8179666666666666 0.03473020833333333 0.0526
0 0.7196179687500001 0.7993333333333333 0.014235937499999999 0.033851851851851855
0 0.7293627604166667 0.7505064814814815 0.0097671875 0.019531481481481483
0 0.7321783854166667 0.7905333333333333 0.013315104166666668 0.02365925925925926
0 0.7271859374999999 0.8371421296296296 0.012705208333333332 0.020580555555555557
0 0.7744908854166667 0.5060412037037036 0.017731770833333334 0.030600925925925924
0 0.8590393229166666 0.3615217592592592 0.013911979166666666 0.030450925925925926
0 0.8376783854166666 0.6668875000000001 0.0138984375 0.02081203703703704
0 0.9839239583333333 0.3269430555555556 0.009514583333333333 0.027960185185185185
1 0.50546875 0.55 0.9880208333333333 0.8981481481481481
0 0.30572916666666666 0.4027777777777778 0.027083333333333334 0.05555555555555555
0 0.2674479166666667 0.36064814814814816 0.0067708333333333336 0.01574074074074074
0 0.30078125 0.33564814814814814 0.0171875 0.05092592592592592
0 0.25026041666666665 0.26064814814814813 0.011979166666666667 0.03611111111111111
0 0.33567708333333335 0.4060185185185185 0.011979166666666667 0.012037037037037037
0 0.48984375 0.9712962962962963 0.016145833333333335 0.02962962962962963
0 0.5494791666666666 0.9273148148148148 0.021875 0.049074074074074076
0 0.27395833333333336 0.8157407407407408 0.0125 0.022222222222222223
0 0.08463541666666667 0.6703703703703704 0.013020833333333334 0.025925925925925925
0 0.4942708333333333 0.6430555555555556 0.011458333333333333 0.025
0 0.6731770833333334 0.8300925925925926 0.028645833333333332 0.08611111111111111
0 0.7190104166666667 0.41759259259259257 0.0171875 0.03888888888888889
0 0.6549479166666666 0.638425925925926 0.0078125 0.008333333333333333
0 0.7533854166666667 0.7032407407407407 0.024479166666666666 0.10277777777777777
0 0.7322916666666667 0.8888888888888888 0.03958333333333333 0.07777777777777778
0 0.7973958333333333 0.9888888888888889 0.014583333333333334 0.020370370370370372
0 0.8231770833333333 0.6787037037037037 0.022395833333333334 0.037037037037037035
0 0.7729166666666667 0.7555555555555555 0.013541666666666667 0.025925925925925925
0 0.4158854166666667 0.2712962962962963 0.0078125 0.022222222222222223
0 0.23671875 0.20879629629629629 0.0036458333333333334 0.025
0 0.26067708333333334 0.1449074074074074 0.005729166666666666 0.012037037037037037
0 0.9390625 0.5162037037037037 0.008333333333333333 0.05462962962962963
0 0.9536458333333333 0.5254629629629629 0.01875 0.03796296296296296
0 0.79140625 0.22685185185185186 0.0328125 0.05555555555555555
0 0.7341145833333333 0.23564814814814813 0.0140625 0.03425925925925926
0 0.7408854166666666 0.28564814814814815 0.009895833333333333 0.019444444444444445
0 0.7458333333333333 0.24722222222222223 0.0125 0.024074074074074074
0 0.74296875 0.19953703703703704 0.011979166666666667 0.019444444444444445
0 0.7734375 0.5365740740740741 0.017708333333333333 0.030555555555555555
0 0.85078125 0.6939814814814815 0.015104166666666667 0.028703703703703703
0 0.996875 0.7800925925925926 0.005208333333333333 0.019444444444444445
0 0.9927083333333333 0.8569444444444444 0.013541666666666667 0.03425925925925926
0 0.8447916666666667 0.38564814814814813 0.013541666666666667 0.021296296296296296
0 0.9734375 0.7476851851851852 0.010416666666666666 0.026851851851851852
1 0.5048802083333334 0.4462231481481481 0.98996875 0.8924462962962962
0 0.30295364583333334 0.578811111111111 0.027782291666666667 0.05577037037037037
0 0.26379739583333334 0.6170703703703704 0.006761458333333333 0.015622222222222221
0 0.2962473958333333 0.6459921296296297 0.016453125 0.05124351851851852
0 0.2432359375 0.7160578703703704 0.011471875 0.035819444444444445
0 0.3332419270833333 0.5786009259259259 0.0123171875 0.010905555555555555
0 0.5036906250000001 0.027804166666666668 0.015714583333333334 0.02968240740740741
0 0.561975 0.07777083333333334 0.022908333333333333 0.04813425925925926
0 0.28385911458333335 0.16404305555555554 0.012509895833333333 0.022530555555555554
0 0.08997109375 0.2907472222222222 0.013275520833333334 0.02593888888888889
0 0.49821145833333336 0.3567800925925926 0.01100625 0.024671296296296295
0 0.6827153645833334 0.18653425925925926 0.0268890625 0.08788333333333334
0 0.7162143229166666 0.6026300925925926 0.0178453125 0.03859351851851851
0 0.6587109375 0.37626203703703703 0.008046875 0.008079629629629631
0 0.7583861979166666 0.32078703703703704 0.0240640625 0.10268518518518518
0 0.74269765625 0.13344953703703702 0.0385203125 0.0780101851851852
0 0.8111484375 0.03955324074074074 0.013963541666666666 0.021699074074074072
0 0.82813828125 0.3514629629629629 0.021901562500000003 0.036259259259259255
0 0.77985546875 0.2703527777777778 0.013877604166666667 0.025890740740740742
0 0.40936822916666665 0.721087037037037 0.008319791666666666 0.021803703703703704
0 0.22865729166666665 0.7661138888888889 0.0031479166666666665 0.02482037037037037
0 0.25069557291666666 0.8321060185185185 0.005557812499999999 0.012360185185185186
0 0.93916484375 0.5246449074074074 0.008538020833333333 0.05484537037037037
0 0.9541947916666668 0.5169337962962963 0.01880625 0.0375712962962963
0 0.7831429687500001 0.8000638888888888 0.03399427083333333 0.05383148148148148
0 0.72583984375 0.7854550925925926 0.014179687500000001 0.033873148148148145
0 0.73408046875 0.7366092592592592 0.009827604166666667 0.019514814814814815
0 0.7377502604166666 0.7758125 0.013000520833333333 0.02384722222222222
0 0.7338171875 0.8230351851851853 0.012426041666666667 0.020144444444444444
0 0.7744942708333333 0.48937916666666664 0.017738541666666666 0.03061018518518518
0 0.8561593750000001 0.33896342592592593 0.014402083333333334 0.029778703703703707
0 0.9978822916666666 0.1869708333333333 0.004097916666666667 0.02764537037037037
0 0.8407382812499999 0.6456976851851852 0.013768229166666666 0.021025000000000002
0 0.9799421875000001 0.29710416666666667 0.009884375 0.02754166666666667
