1 0.5 0.4538157407407407 1.0 0.9076314814814814
1 0.039465625 0.736438888888889 0.008097916666666666 0.01361851851851852
1 0.007988020833333333 0.7056513888888889 0.015976041666666666 0.027969444444444446
0 0.812084375 0.8898569444444444 0.009585416666666667 0.016750925925925926
0 0.8266361979166666 0.6690101851851852 0.026189062500000002 0.045427777777777775
0 0.917440625 0.4450050925925926 0.0077979166666666665 0.019639814814814815
0 0.9386940104166667 0.47586157407407415 0.008638020833333334 0.018389814814814814
0 0.6347205729166667 0.32935601851851853 0.011107812500000001 0.04389722222222222
0 0.5490239583333333 0.14466203703703706 0.03658958333333333 0.05784259259259259
0 0.5686580729166667 0.35895601851851855 0.03627447916666667 0.04198611111111111
0 0.22957630208333332 0.30819675925925927 0.009152604166666667 0.01824537037037037
0 0.19109505208333333 0.08351759259259259 0.023856770833333332 0.026294444444444443
0 0.38276770833333335 0.19332083333333333 0.00511875 0.019975
0 0.08525208333333333 0.5600981481481481 0.0069625 0.025751851851851852
0 0.5945580729166667 0.7149231481481481 0.0214078125 0.04280925925925926
0 0.6561666666666667 0.7564171296296297 0.013375 0.010982407407407408
0 0.6013697916666667 0.29298564814814815 0.004822916666666666 0.023008333333333332
0 0.6661072916666666 0.4068819444444444 0.004089583333333333 0.010060185185185186
0 0.5988 0.4111037037037037 0.012183333333333332 0.012948148148148148
0 0.501884375 0.2448601851851852 0.007935416666666667 0.01935
1 0.49973958333333335 0.5462962962962963 0.9994791666666667 0.9055555555555556
1 0.06614583333333333 0.13796296296296295 0.007291666666666667 0.014814814814814815
1 0.0265625 0.15925925925925927 0.026041666666666668 0.02962962962962963
0 0.8427083333333333 0.20185185185185187 0.009375 0.016666666666666666
0 0.8372395833333334 0.42407407407407405 0.024479166666666666 0.05
0 0.9080729166666667 0.6708333333333333 0.0078125 0.019444444444444445
0 0.93125 0.6467592592592593 0.008333333333333333 0.017592592592592594
0 0.61796875 0.7064814814814815 0.0140625 0.044444444444444446
0 0.5177083333333333 0.8638888888888889 0.03333333333333333 0.06296296296296296
0 0.5557291666666667 0.6587962962962963 0.03854166666666667 0.03981481481481482
0 0.21588541666666666 0.6148148148148148 0.008854166666666666 0.018518518518518517
0 0.15807291666666667 0.8273148148148148 0.0234375 0.025
0 0.3575520833333333 0.7703703703703704 0.0046875 0.020370370370370372
0 0.09557291666666666 0.325 0.0067708333333333336 0.025925925925925925
0 0.6122395833333333 0.3138888888888889 0.024479166666666666 0.037037037037037035
0 0.6765625 0.2916666666666667 0.013541666666666667 0.011111111111111112
0 0.5817708333333333 0.7328703703703704 0.004166666666666667 0.023148148148148147
0 0.6559895833333333 0.6375 0.0036458333333333334 0.010185185185185186
0 0.5895833333333333 0.6151537037037037 0.0125 0.009937037037037036
0 0.4791666666666667 0.7523148148148148 0.007291666666666667 0.019444444444444445
1 0.5 0.49685231481481484 1.0 0.9937046296296297
1 0.8916565104166666 0.9902648148148149 0.007271354166666666 0.015714814814814817
1 0.9320937499999999 0.9799523148148148 0.025645833333333333 0.03212685185185186
0 0.13344296875 0.6886013888888889 0.009594270833333333 0.016091666666666667
0 0.16067369791666666 0.4707111111111111 0.0223890625 0.05438518518518518
0 0.11480625 0.20562962962962963 0.008779166666666668 0.018666666666666668
0 0.08976796875 0.22263194444444445 0.009744270833333334 0.017486111111111112
0 0.4040458333333333 0.26041018518518516 0.01746666666666667 0.044894444444444445
0 0.5178950520833333 0.1371185185185185 0.029540104166666668 0.06682962962962963
0 0.46059791666666666 0.3246365740740741 0.03994583333333333 0.04001388888888889
0 0.79095390625 0.4741745370370371 0.008991145833333334 0.018719444444444445
0 0.8684924479166667 0.28301342592592593 0.02344322916666667 0.027137962962962964
0 0.66658125 0.2777032407407407 0.0050375 0.020221296296296296
0 0.8814356770833334 0.7969449074074074 0.007663020833333333 0.025371296296296295
0 0.37140364583333335 0.6486763888888889 0.027182291666666667 0.03068611111111111
0 0.30562630208333336 0.6505976851851851 0.0133359375 0.014158333333333334
0 0.44210911458333335 0.24465138888888888 0.006093229166666667 0.02263611111111111
0 0.3600145833333333 0.31705231481481483 0.0044041666666666665 0.010030555555555556
0 0.42309296874999996 0.3579828703703704 0.012852604166666667 0.008558333333333334
0 0.5456338541666667 0.25867500000000004 0.007934375 0.019201851851851852
1 0.5 0.4538157407407407 1.0 0.9076314814814814
1 0.039465625 0.736438888888889 0.008097916666666666 0.01361851851851852
1 0.007988020833333333 0.7056513888888889 0.015976041666666666 0.027969444444444446
0 0.812084375 0.8898569444444444 0.009585416666666667 0.016750925925925926
0 0.8266361979166666 0.6690101851851852 0.026189062500000002 0.045427777777777775
0 0.917440625 0.4450050925925926 0.0077979166666666665 0.019639814814814815
0 0.9386940104166667 0.47586157407407415 0.008638020833333334 0.018389814814814814
0 0.6347205729166667 0.32935601851851853 0.011107812500000001 0.04389722222222222
0 0.5490239583333333 0.14466203703703706 0.03658958333333333 0.05784259259259259
0 0.5686580729166667 0.35895601851851855 0.03627447916666667 0.04198611111111111
0 0.22957630208333332 0.30819675925925927 0.009152604166666667 0.01824537037037037
0 0.19109505208333333 0.08351759259259259 0.023856770833333332 0.026294444444444443
0 0.38276770833333335 0.19332083333333333 0.00511875 0.019975
0 0.08525208333333333 0.5600981481481481 0.0069625 0.025751851851851852
0 0.5945580729166667 0.7149231481481481 0.0214078125 0.04280925925925926
0 0.6561666666666667 0.7564171296296297 0.013375 0.010982407407407408
0 0.6013697916666667 0.29298564814814815 0.004822916666666666 0.023008333333333332
0 0.6661072916666666 0.4068819444444444 0.004089583333333333 0.010060185185185186
0 0.5988 0.4111037037037037 0.012183333333333332 0.012948148148148148
0 0.501884375 0.2448601851851852 0.007935416666666667 0.01935
1 0.49973958333333335 0.5462962962962963 0.9994791666666667 0.9055555555555556
1 0.06614583333333333 0.13796296296296295 0.007291666666666667 0.014814814814814815
1 0.0265625 0.15925925925925927 0.026041666666666668 0.02962962962962963
0 0.8427083333333333 0.20185185185185187 0.009375 0.016666666666666666
0 0.8372395833333334 0.42407407407407405 0.024479166666666666 0.05
0 0.9080729166666667 0.6708333333333333 0.0078125 0.019444444444444445
0 0.93125 0.6467592592592593 0.008333333333333333 0.017592592592592594
0 0.61796875 0.7064814814814815 0.0140625 0.044444444444444446
0 0.5177083333333333 0.8638888888888889 0.03333333333333333 0.06296296296296296
0 0.5557291666666667 0.6587962962962963 0.03854166666666667 0.03981481481481482
0 0.21588541666666666 0.6148148148148148 0.008854166666666666 0.018518518518518517
0 0.15807291666666667 0.8273148148148148 0.0234375 0.025
0 0.3575520833333333 0.7703703703703704 0.0046875 0.020370370370370372
0 0.09557291666666666 0.325 0.0067708333333333336 0.025925925925925925
0 0.6122395833333333 0.3138888888888889 0.024479166666666666 0.037037037037037035
0 0.6765625 0.2916666666666667 0.013541666666666667 0.011111111111111112
0 0.5817708333333333 0.7328703703703704 0.004166666666666667 0.023148148148148147
0 0.6559895833333333 0.6375 0.0036458333333333334 0.010185185185185186
0 0.5895833333333333 0.6151537037037037 0.0125 0.009937037037037036
0 0.4791666666666667 0.7523148148148148 0.007291666666666667 0.019444444444444445
1 0.5 0.49685231481481484 1.0 0.9937046296296297
1 0.8916565104166666 0.9902648148148149 0.007271354166666666 0.015714814814814817
1 0.9320937499999999 0.9799523148148148 0.025645833333333333 0.03212685185185186
0 0.13344296875 0.6886013888888889 0.009594270833333333 0.016091666666666667
0 0.16067369791666666 0.4707111111111111 0.0223890625 0.05438518518518518
0 0.11480625 0.20562962962962963 0.008779166666666668 0.018666666666666668
0 0.08976796875 0.22263194444444445 0.009744270833333334 0.017486111111111112
0 0.4040458333333333 0.26041018518518516 0.01746666666666667 0.044894444444444445
0 0.5178950520833333 0.1371185185185185 0.029540104166666668 0.06682962962962963
0 0.46059791666666666 0.3246365740740741 0.03994583333333333 0.04001388888888889
0 0.79095390625 0.4741745370370371 0.008991145833333334 0.018719444444444445
0 0.8684924479166667 0.28301342592592593 0.02344322916666667 0.027137962962962964
0 0.66658125 0.2777032407407407 0.0050375 0.020221296296296296
0 0.8814356770833334 0.7969449074074074 0.007663020833333333 0.025371296296296295
0 0.37140364583333335 0.6486763888888889 0.027182291666666667 0.03068611111111111
0 0.30562630208333336 0.6505976851851851 0.0133359375 0.014158333333333334
0 0.44210911458333335 0.24465138888888888 0.006093229166666667 0.02263611111111111
0 0.3600145833333333 0.31705231481481483 0.0044041666666666665 0.010030555555555556
0 0.42309296874999996 0.3579828703703704 0.012852604166666667 0.008558333333333334
0 0.5456338541666667 0.25867500000000004 0.007934375 0.019201851851851852
