1 0.49973958333333335 0.5305555555555556 0.9994791666666667 0.937037037037037
0 0.06692708333333333 0.8731481481481481 0.0078125 0.025925925925925925
0 0.5653645833333333 0.6472222222222223 0.011979166666666667 0.018518518518518517
0 0.7684895833333333 0.7768518518518519 0.013020833333333334 0.03333333333333333
0 0.27734375 0.9138888888888889 0.005729166666666666 0.020370370370370372
1 0.5 0.5074351851851852 1.0 0.9852407407407406
0 0.9609549479166667 0.7487694444444445 0.008368229166666666 0.025316666666666664
0 0.4483947916666667 0.6632606481481481 0.011372916666666667 0.01911388888888889
0 0.25940989583333335 0.8470893518518519 0.014653125 0.03306759259259259
0 0.7554742187500001 0.8473638888888889 0.005740104166666667 0.020653703703703705
1 0.5 0.482125 1.0 0.96425
0 0.10493645833333334 0.01208564814814815 0.00883125 0.0241712962962963
0 0.57763671875 0.3724134259259259 0.012565104166666667 0.02075277777777778
0 0.78907578125 0.30064814814814816 0.013568229166666666 0.032777777777777774
0 0.3164484375 0.02957685185185185 0.006855208333333334 0.020264814814814815
1 0.49973958333333335 0.5305555555555556 0.9994791666666667 0.937037037037037
0 0.06692708333333333 0.8731481481481481 0.0078125 0.025925925925925925
0 0.5653645833333333 0.6472222222222223 0.011979166666666667 0.018518518518518517
0 0.7684895833333333 0.7768518518518519 0.013020833333333334 0.03333333333333333
0 0.27734375 0.9138888888888889 0.005729166666666666 0.020370370370370372
1 0.5 0.5074351851851852 1.0 0.9852407407407406
0 0.9609549479166667 0.7487694444444445 0.008368229166666666 0.025316666666666664
0 0.4483947916666667 0.6632606481481481 0.011372916666666667 0.01911388888888889
0 0.25940989583333335 0.8470893518518519 0.014653125 0.03306759259259259
0 0.7554742187500001 0.8473638888888889 0.005740104166666667 0.020653703703703705
1 0.5 0.482125 1.0 0.96425
0 0.10493645833333334 0.01208564814814815 0.00883125 0.0241712962962963
0 0.57763671875 0.3724134259259259 0.012565104166666667 0.02075277777777778
0 0.78907578125 0.30064814814814816 0.013568229166666666 0.032777777777777774
0 0.3164484375 0.02957685185185185 0.006855208333333334 0.020264814814814815
