1 0.5083447916666667 0.48781296296296295 0.98335625 0.9756259259259259
0 0.24625885416666668 0.7551453703703704 0.007101041666666667 0.013994444444444445
0 0.24405000000000002 0.5913856481481482 0.016225 0.02721574074074074
0 0.25795963541666667 0.18326296296296296 0.0107109375 0.016525925925925927
0 0.35070546875 0.01455324074074074 0.012869270833333333 0.01984722222222222
0 0.35370989583333334 0.046144444444444446 0.008461458333333333 0.027474074074074074
0 0.4169953125 0.07117222222222222 0.018365625 0.05901111111111111
0 0.3360255208333333 0.1900486111111111 0.010592708333333334 0.026393518518518518
0 0.32530651041666664 0.29580231481481484 0.0047796875 0.008271296296296296
0 0.3542825520833333 0.34506064814814813 0.0043984375000000004 0.0067879629629629635
0 0.4453059895833333 0.06905185185185185 0.0114453125 0.04180740740740741
0 0.54260078125 0.06575231481481482 0.023743229166666668 0.04446759259259259
0 0.5853622395833333 0.03968796296296296 0.0071828125 0.016412962962962963
0 0.5407604166666666 0.12735648148148146 0.0138125 0.02137962962962963
0 0.6129067708333333 0.12230972222222224 0.013313541666666668 0.024249074074074076
0 0.6279630208333333 0.12068240740740739 0.016342708333333334 0.022846296296296295
0 0.6472328125 0.12287500000000001 0.028840625 0.02723148148148148
0 0.47381119791666665 0.1884087962962963 0.003872395833333333 0.00459537037037037
0 0.5030234375 0.2022847222222222 0.018546875 0.03605092592592593
0 0.6832140624999999 0.05082685185185185 0.004969791666666667 0.00906111111111111
0 0.49793671875 0.3487064814814815 0.010456770833333334 0.01778333333333333
0 0.48385859375 0.40885185185185186 0.0145921875 0.017703703703703704
0 0.6050588541666666 0.32163055555555553 0.021576041666666667 0.019187037037037037
0 0.55952734375 0.3222865740740741 0.011763020833333334 0.013091666666666666
0 0.5828643229166667 0.35026388888888893 0.0105203125 0.02275
0 0.529671875 0.33238935185185187 0.011427083333333334 0.02218611111111111
0 0.52541015625 0.46787685185185185 0.0258203125 0.04316111111111111
0 0.4365015625 0.6218837962962963 0.011544791666666667 0.025249074074074073
0 0.2858640625 0.49147361111111115 0.006103125 0.05146574074074074
0 0.39232213541666666 0.5805523148148148 0.012769270833333334 0.020363888888888886
0 0.39703046875 0.5888347222222222 0.0096859375 0.01655833333333333
0 0.3915723958333333 0.6330652777777778 0.023769791666666665 0.07353796296296297
0 0.42291875 0.7985421296296297 0.032295833333333336 0.050787962962962965
0 0.39964062499999997 0.9148722222222222 0.01178125 0.040855555555555555
0 0.403415625 0.8657074074074074 0.007872916666666667 0.04993333333333333
0 0.45038984375 0.8582032407407407 0.0226546875 0.03677685185185185
0 0.47837604166666664 0.7200847222222222 0.031752083333333334 0.05868796296296296
0 0.48574010416666663 0.7564125 0.010021875000000001 0.018380555555555556
0 0.4356408854166667 0.8767412037037037 0.010865104166666667 0.02940833333333333
0 0.5468440104166666 0.6527722222222222 0.008271354166666666 0.016655555555555555
0 0.5413888020833333 0.6988425925925926 0.004652604166666667 0.016203703703703703
0 0.5775385416666666 0.5444398148148148 0.01861875 0.05739814814814815
0 0.5908640625 0.8266962962962963 0.005686458333333333 0.008948148148148148
0 0.6210815104166667 0.8470402777777778 0.012996354166666666 0.031117592592592593
0 0.6916856770833333 0.9493518518518518 0.0229546875 0.03203703703703704
0 0.710034375 0.8753546296296296 0.00444375 0.013672222222222223
0 0.7560549479166667 0.8375222222222222 0.021484895833333333 0.041711111111111115
0 0.6613268229166667 0.6631194444444445 0.007028645833333333 0.018831481481481484
0 0.7142226562499999 0.6056268518518518 0.01698697916666667 0.024216666666666668
0 0.7406518229166666 0.6674592592592593 0.014636979166666668 0.08306666666666666
0 0.6236447916666666 0.5030333333333333 0.005622916666666667 0.00977037037037037
0 0.6491572916666667 0.5254675925925926 0.0066479166666666666 0.026861111111111113
0 0.6612479166666667 0.4958518518518518 0.0037458333333333332 0.010222222222222221
0 0.6799096354166667 0.23822685185185188 0.0077359375 0.02275
0 0.7326026041666667 0.14436018518518517 0.012080208333333333 0.020201851851851853
0 0.7230807291666667 0.18691851851851854 0.008661458333333334 0.01642962962962963
0 0.7521966145833333 0.2508754629629629 0.014809895833333333 0.04804722222222222
0 0.8200330729166667 0.38308101851851856 0.0098578125 0.02171759259259259
0 0.8563677083333334 0.4693351851851852 0.0075270833333333335 0.031262962962962965
0 0.9042455729166666 0.7723180555555557 0.017866145833333333 0.0372287037037037
0 0.94978203125 0.7191212962962963 0.014147395833333333 0.0882425925925926
0 0.9426046874999999 0.7842407407407408 0.008126041666666667 0.03514814814814815
0 0.9790104166666667 0.7821634259259259 0.011145833333333332 0.03469722222222222
0 0.9460833333333334 0.6382981481481481 0.008833333333333334 0.021040740740740742
0 0.9007661458333334 0.6300305555555555 0.016115625 0.03598703703703704
0 0.7810083333333334 0.4106157407407407 0.012016666666666667 0.01937962962962963
0 0.95869296875 0.4554990740740741 0.010094270833333334 0.025812962962962965
0 0.9458820312499999 0.41470879629629626 0.005305729166666666 0.010899074074074075
0 0.9775893229166667 0.3062652777777778 0.02705364583333333 0.040308333333333335
0 0.9934927083333334 0.30672916666666666 0.013027083333333333 0.035680555555555556
0 0.9525716145833333 0.24617083333333337 0.006184895833333333 0.018267592592592592
0 0.9590984375 0.12164305555555556 0.014030208333333332 0.026619444444444442
0 0.9812190104166666 0.10527916666666666 0.008271354166666666 0.008706481481481482
0 0.84472578125 0.11376805555555555 0.010284895833333333 0.012721296296296297
0 0.6812343750000001 0.6977175925925926 0.004135416666666667 0.006546296296296297
0 0.6863080729166666 0.7819407407407407 0.005949479166666666 0.013881481481481482
0 0.7531018229166667 0.2904032407407407 0.006203645833333333 0.014139814814814815
0 0.41016588541666665 0.1472027777777778 0.004706770833333334 0.007368518518518519
0 0.4415830729166667 0.2004388888888889 0.003999479166666667 0.0064333333333333334
0 0.48432005208333334 0.12780787037037036 0.006140104166666666 0.009319444444444444
0 0.6214578125 0.2165675925925926 0.006457291666666667 0.00906111111111111
0 0.6248096354166666 0.39712314814814814 0.0069109375 0.00906111111111111
0 0.6566492187499999 0.4398574074074074 0.008090104166666666 0.01675185185185185
0 0.5452296874999999 0.40657361111111107 0.005042708333333334 0.005739814814814815
0 0.43923359375 0.5702712962962964 0.0055505208333333335 0.00906111111111111
1 0.5111979166666667 0.5208333333333334 0.9765625 0.9564814814814815
0 0.26588541666666665 0.19166666666666668 0.0067708333333333336 0.012962962962962963
0 0.25234375 0.35324074074074074 0.0171875 0.026851851851851852
0 0.23828125 0.7615740740740741 0.009895833333333333 0.01574074074074074
0 0.3182291666666667 0.9490740740740741 0.013541666666666667 0.018518518518518517
0 0.32395833333333335 0.9189814814814815 0.008333333333333333 0.028703703703703703
0 0.38828125 0.9064814814814814 0.019270833333333334 0.05740740740740741
0 0.31588541666666664 0.7722222222222223 0.0109375 0.025925925925925925
0 0.31223958333333335 0.6652777777777777 0.0046875 0.008333333333333333
0 0.34453125 0.6222222222222222 0.0046875 0.007407407407407408
0 0.41692708333333334 0.9166666666666666 0.011979166666666667 0.04259259259259259
0 0.5127604166666667 0.9412037037037037 0.022395833333333334 0.04537037037037037
0 0.5533854166666666 0.975462962962963 0.0078125 0.01574074074074074
0 0.51484375 0.8787037037037037 0.0140625 0.022222222222222223
0 0.5864583333333333 0.899537037037037 0.013541666666666667 0.025
0 0.6013020833333333 0.9041666666666667 0.016145833333333335 0.023148148148148147
0 0.6203125 0.9055555555555556 0.030208333333333334 0.022222222222222223
0 0.45286458333333335 0.8032407407407407 0.0036458333333333334 0.004629629629629629
0 0.4822916666666667 0.7962962962962963 0.01875 0.03518518518518519
0 0.6513020833333333 0.9856481481481482 0.0046875 0.008333333333333333
0 0.4875 0.65 0.010416666666666666 0.016666666666666666
0 0.47760416666666666 0.587037037037037 0.014583333333333334 0.018518518518518517
0 0.5921875 0.7013888888888888 0.021875 0.019444444444444445
0 0.5466145833333333 0.6898148148148148 0.011979166666666667 0.012962962962962963
0 0.5721354166666667 0.6662037037037037 0.009895833333333333 0.023148148148148147
0 0.51796875 0.6717592592592593 0.0109375 0.023148148148148147
0 0.5231770833333333 0.5375 0.024479166666666666 0.041666666666666664
0 0.4453125 0.36574074074074076 0.010416666666666666 0.024074074074074074
0 0.2872395833333333 0.462037037037037 0.0046875 0.05185185185185185
0 0.3984375 0.3972222222222222 0.011458333333333333 0.022222222222222223
0 0.4041666666666667 0.3902777777777778 0.009375 0.017592592592592594
0 0.40182291666666664 0.3439814814814815 0.0203125 0.075
0 0.4440104166666667 0.18703703703703703 0.03177083333333333 0.05185185185185185
0 0.4278645833333333 0.06620370370370371 0.013020833333333334 0.03981481481481482
0 0.42890625 0.11574074074074074 0.0109375 0.04814814814814815
0 0.4752604166666667 0.13333333333333333 0.021354166666666667 0.03888888888888889
0 0.49375 0.27824074074074073 0.03333333333333333 0.058333333333333334
0 0.5036458333333333 0.24259259259259258 0.010416666666666666 0.018518518518518517
0 0.4622395833333333 0.11203703703703703 0.011979166666666667 0.02962962962962963
0 0.55703125 0.35833333333333334 0.008854166666666666 0.016666666666666666
0 0.5549479166666667 0.31203703703703706 0.0046875 0.016666666666666666
0 0.5799479166666667 0.47314814814814815 0.016145833333333335 0.05555555555555555
0 0.6122395833333333 0.19583333333333333 0.005729166666666666 0.008333333333333333
0 0.6434895833333333 0.1814814814814815 0.0140625 0.03148148148148148
0 0.7208333333333333 0.09490740740740741 0.023958333333333335 0.032407407407407406
0 0.734375 0.1726851851851852 0.004166666666666667 0.013888888888888888
0 0.77734375 0.22037037037037038 0.0203125 0.04259259259259259
0 0.6713541666666667 0.3731481481481482 0.007291666666666667 0.018518518518518517
0 0.7200520833333334 0.44027777777777777 0.0171875 0.023148148148148147
0 0.7505208333333333 0.38564814814814813 0.009375 0.08425925925925926
0 0.6231770833333333 0.5236111111111111 0.005729166666666666 0.010185185185185186
0 0.6494791666666667 0.5064814814814815 0.00625 0.025925925925925925
0 0.6598958333333333 0.5393518518518519 0.004166666666666667 0.010185185185185186
0 0.6611979166666667 0.7986111111111112 0.0078125 0.023148148148148147
0 0.70703125 0.9032407407407408 0.011979166666666667 0.019444444444444445
0 0.7002604166666667 0.8583333333333333 0.008854166666666666 0.016666666666666666
0 0.73359375 0.8018518518518518 0.011979166666666667 0.05
0 0.8098958333333334 0.6847222222222222 0.009375 0.023148148148148147
0 0.8515625 0.6078703703703704 0.00625 0.032407407407407406
0 0.9200520833333333 0.31805555555555554 0.016145833333333335 0.03796296296296296
0 0.9625 0.3800925925925926 0.010416666666666666 0.08981481481481482
0 0.9583333333333334 0.3138888888888889 0.008333333333333333 0.03518518518518519
0 0.9947916666666666 0.32407407407407407 0.009375 0.03518518518518519
0 0.95234375 0.45925925925925926 0.0078125 0.022222222222222223
0 0.90703125 0.45787037037037037 0.0140625 0.03796296296296296
0 0.7731770833333333 0.649537037037037 0.011979166666666667 0.017592592592592594
0 0.95234375 0.6435185185185185 0.0109375 0.024074074074074074
0 0.93671875 0.6819444444444445 0.005729166666666666 0.010185185185185186
0 0.9604166666666667 0.7976851851851852 0.027083333333333334 0.03981481481481482
0 0.9768229166666667 0.799074074074074 0.015104166666666667 0.03333333333333333
0 0.9315104166666667 0.85 0.005729166666666666 0.018518518518518517
0 0.9296875 0.9745370370370371 0.014583333333333334 0.025
0 0.9505208333333334 0.9953703703703703 0.008333333333333333 0.007407407407407408
0 0.8158854166666667 0.9574074074074074 0.0109375 0.011111111111111112
0 0.6932291666666667 0.3421296296296296 0.004166666666666667 0.006481481481481481
0 0.7041666666666667 0.2601851851851852 0.00625 0.012962962962962963
0 0.7369791666666666 0.762962962962963 0.00625 0.014814814814814815
0 0.38645833333333335 0.8310185185185185 0.004166666666666667 0.008333333333333333
0 0.42161458333333335 0.7847222222222222 0.0036458333333333334 0.006481481481481481
0 0.4588541666666667 0.8662037037037037 0.00625 0.010185185185185186
0 0.6010416666666667 0.8078703703703703 0.00625 0.008333333333333333
0 0.6169270833333333 0.6291666666666667 0.0067708333333333336 0.008333333333333333
0 0.6513020833333333 0.5935185185185186 0.008854166666666666 0.016666666666666666
0 0.5385416666666667 0.6018518518518519 0.005208333333333333 0.005555555555555556
0 0.44479166666666664 0.41712962962962963 0.005208333333333333 0.008333333333333333
1 0.48961744791666667 0.4793134259259259 0.9792348958333333 0.9586268518518518
0 0.73989609375 0.7936759259259258 0.006875520833333333 0.013277777777777777
0 0.7506216145833334 0.6310912037037036 0.01686822916666667 0.02699722222222222
0 0.7566346354166666 0.2218837962962963 0.010144270833333333 0.015989814814814814
0 0.6728307291666666 0.04001944444444445 0.013369791666666667 0.01892777777777778
0 0.6677330729166666 0.07067916666666667 0.0083828125 0.028395370370370373
0 0.60379140625 0.08638425925925926 0.019041145833333332 0.05795370370370371
0 0.67872109375 0.2166912037037037 0.0105671875 0.025975
0 0.68413125 0.3236087962962963 0.004720833333333333 0.008328703703703703
0 0.6528268229166667 0.36843564814814816 0.004611979166666667 0.007241666666666666
0 0.5751932291666667 0.07857777777777779 0.011844791666666667 0.04234074074074074
0 0.4785786458333333 0.05962777777777777 0.022782291666666666 0.04518148148148148
0 0.43715546875 0.028349074074074075 0.007644270833333333 0.01595740740740741
0 0.47774218749999997 0.12211851851851853 0.013817708333333335 0.022014814814814813
0 0.40570677083333334 0.10593009259259259 0.013496875 0.02482314814814815
0 0.39092604166666667 0.10227546296296296 0.016227083333333333 0.023069444444444445
0 0.3717020833333333 0.1013875 0.0298625 0.02314537037037037
0 0.5409205729166667 0.1939800925925926 0.003716145833333333 0.004626851851851852
0 0.5119643229166667 0.20292870370370372 0.0187203125 0.03548703703703704
0 0.3393669270833334 0.023721759259259262 0.004775520833333334 0.00855462962962963
0 0.5093354166666667 0.3492467592592593 0.0103375 0.017012037037037037
0 0.5208380208333333 0.41193425925925925 0.014592708333333334 0.01831296296296296
0 0.4041236979166667 0.3050703703703704 0.0217890625 0.0194
0 0.4497177083333333 0.3129912037037037 0.011935416666666667 0.013019444444444445
0 0.42483645833333333 0.3383865740740741 0.010089583333333334 0.023069444444444445
0 0.47846380208333333 0.3290462962962963 0.011094270833333333 0.022907407407407408
0 0.4759919270833333 0.46367175925925924 0.024900520833333332 0.04215833333333333
0 0.5574611979166666 0.6307421296296296 0.010755729166666667 0.02444722222222222
0 0.7133013020833334 0.5249842592592592 0.004727604166666666 0.05182037037037037
0 0.6033213541666667 0.5969731481481482 0.011851041666666668 0.021724074074074073
0 0.5979682291666666 0.6040319444444445 0.009478125 0.017323148148148147
0 0.601175 0.6493847222222222 0.0211 0.07469537037037037
0 0.5623390625 0.8091462962962963 0.031969791666666664 0.05162592592592593
0 0.5803013020833333 0.9292189814814815 0.0126859375 0.039919444444444445
0 0.5784757812500001 0.8799217592592593 0.0100765625 0.048732407407407405
0 0.5317130208333334 0.8645282407407407 0.021759375 0.03831574074074074
0 0.5107364583333334 0.7218546296296295 0.03293125 0.058524074074074076
0 0.5015138020833334 0.7574018518518518 0.010319270833333333 0.018507407407407406
0 0.5453783854166667 0.8851763888888888 0.011590104166666667 0.029612037037037037
0 0.4460002604166667 0.6453814814814814 0.0086671875 0.01668888888888889
0 0.4486966145833333 0.6916129629629629 0.004684895833333333 0.01655925925925926
0 0.420753125 0.5317875000000001 0.01650625 0.056167592592592595
0 0.39400859374999997 0.8107425925925925 0.005725520833333333 0.008522222222222223
0 0.36304973958333336 0.8276226851851851 0.013599479166666668 0.031171296296296294
0 0.2873744791666667 0.9188263888888889 0.023707291666666668 0.03209722222222222
0 0.2724036458333333 0.8411833333333333 0.004182291666666667 0.013848148148148148
0 0.228515625 0.7962023148148148 0.020572916666666666 0.042404629629629625
0 0.3311296875 0.6370958333333333 0.007051041666666666 0.01863611111111111
0 0.28145078125 0.5728560185185185 0.017068229166666667 0.023489814814814814
0 0.25180234375 0.6299861111111111 0.010896354166666667 0.0840462962962963
0 0.37629114583333334 0.48374490740740733 0.005707291666666667 0.010082407407407406
0 0.35058255208333333 0.5029314814814815 0.0063734375 0.026233333333333334
0 0.3395002604166667 0.4708462962962963 0.004000520833333333 0.010211111111111112
0 0.3330614583333333 0.21153472222222222 0.007789583333333333 0.023069444444444445
0 0.2851799479166666 0.10984537037037037 0.0120265625 0.019690740740740738
0 0.2929479166666667 0.1536824074074074 0.008812500000000001 0.016624074074074076
0 0.2605705729166667 0.21272175925925926 0.0128078125 0.04951759259259259
0 0.18646458333333332 0.3344564814814815 0.0093875 0.022616666666666667
0 0.14635546875 0.4142125 0.006252604166666667 0.0321287037037037
0 0.08385234375 0.7077939814814815 0.016663020833333334 0.03781018518518518
0 0.04064635416666666 0.6484546296296296 0.011501041666666666 0.08950185185185186
0 0.045228124999999994 0.7148365740740741 0.008164583333333333 0.0352287037037037
0 0.00911484375 0.7064384259259259 0.009896354166666668 0.035099074074074074
0 0.04885 0.5683662037037037 0.008116666666666666 0.021917592592592593
0 0.09431510416666668 0.5678018518518518 0.014671875000000001 0.037455555555555554
0 0.22423333333333334 0.3673990740740741 0.012008333333333334 0.01813148148148148
0 0.04493958333333334 0.3845263888888889 0.010712500000000002 0.024608333333333336
0 0.0601 0.3450175925925926 0.005616666666666667 0.010405555555555555
0 0.0338640625 0.23111944444444446 0.027103125 0.04001666666666667
0 0.017736979166666667 0.23091712962962962 0.014640624999999999 0.03405648148148148
0 0.06175338541666667 0.17683009259259258 0.0057984375 0.018475
0 0.061390364583333336 0.05256574074074074 0.014447395833333333 0.025501851851851852
0 0.0401015625 0.03259907407407407 0.008328125 0.0077907407407407404
0 0.17517526041666667 0.06227592592592592 0.010767187499999999 0.011588888888888888
0 0.30989453125 0.6699217592592592 0.0041640625 0.006510185185185185
0 0.30048255208333335 0.7519935185185186 0.0061734375 0.013246296296296296
0 0.2583315104166667 0.2517666666666667 0.0062463541666666665 0.014644444444444444
0 0.6068513020833334 0.16236805555555556 0.004327604166666666 0.008069444444444445
0 0.5727096354166666 0.21064629629629628 0.0037526041666666667 0.0064777777777777785
0 0.5338432291666667 0.13182824074074076 0.006228125 0.00995277777777778
0 0.39326354166666666 0.19872175925925925 0.00631875 0.00855462962962963
0 0.38049401041666664 0.3783513888888889 0.0068213541666666665 0.00855462962962963
0 0.3470328125 0.4157032407407407 0.008648958333333335 0.016591666666666668
0 0.4593552083333333 0.40003055555555556 0.00516875 0.0056166666666666665
0 0.5568236979166666 0.5792773148148148 0.005314062499999999 0.00855462962962963
1 0.5083447916666667 0.48781296296296295 0.98335625 0.9756259259259259
0 0.24625885416666668 0.7551453703703704 0.007101041666666667 0.013994444444444445
0 0.24405000000000002 0.5913856481481482 0.016225 0.02721574074074074
0 0.25795963541666667 0.18326296296296296 0.0107109375 0.016525925925925927
0 0.35070546875 0.01455324074074074 0.012869270833333333 0.01984722222222222
0 0.35370989583333334 0.046144444444444446 0.008461458333333333 0.027474074074074074
0 0.4169953125 0.07117222222222222 0.018365625 0.05901111111111111
0 0.3360255208333333 0.1900486111111111 0.010592708333333334 0.026393518518518518
0 0.32530651041666664 0.29580231481481484 0.0047796875 0.008271296296296296
0 0.3542825520833333 0.34506064814814813 0.0043984375000000004 0.0067879629629629635
0 0.4453059895833333 0.06905185185185185 0.0114453125 0.04180740740740741
0 0.54260078125 0.06575231481481482 0.023743229166666668 0.04446759259259259
0 0.5853622395833333 0.03968796296296296 0.0071828125 0.016412962962962963
0 0.5407604166666666 0.12735648148148146 0.0138125 0.02137962962962963
0 0.6129067708333333 0.12230972222222224 0.013313541666666668 0.024249074074074076
0 0.6279630208333333 0.12068240740740739 0.016342708333333334 0.022846296296296295
0 0.6472328125 0.12287500000000001 0.028840625 0.02723148148148148
0 0.47381119791666665 0.1884087962962963 0.003872395833333333 0.00459537037037037
0 0.5030234375 0.2022847222222222 0.018546875 0.03605092592592593
0 0.6832140624999999 0.05082685185185185 0.004969791666666667 0.00906111111111111
0 0.49793671875 0.3487064814814815 0.010456770833333334 0.01778333333333333
0 0.48385859375 0.40885185185185186 0.0145921875 0.017703703703703704
0 0.6050588541666666 0.32163055555555553 0.021576041666666667 0.019187037037037037
0 0.55952734375 0.3222865740740741 0.011763020833333334 0.013091666666666666
0 0.5828643229166667 0.35026388888888893 0.0105203125 0.02275
0 0.529671875 0.33238935185185187 0.011427083333333334 0.02218611111111111
0 0.52541015625 0.46787685185185185 0.0258203125 0.04316111111111111
0 0.4365015625 0.6218837962962963 0.011544791666666667 0.025249074074074073
0 0.2858640625 0.49147361111111115 0.006103125 0.05146574074074074
0 0.39232213541666666 0.5805523148148148 0.012769270833333334 0.020363888888888886
0 0.39703046875 0.5888347222222222 0.0096859375 0.01655833333333333
0 0.3915723958333333 0.6330652777777778 0.023769791666666665 0.07353796296296297
0 0.42291875 0.7985421296296297 0.032295833333333336 0.050787962962962965
0 0.39964062499999997 0.9148722222222222 0.01178125 0.040855555555555555
0 0.403415625 0.8657074074074074 0.007872916666666667 0.04993333333333333
0 0.45038984375 0.8582032407407407 0.0226546875 0.03677685185185185
0 0.47837604166666664 0.7200847222222222 0.031752083333333334 0.05868796296296296
0 0.48574010416666663 0.7564125 0.010021875000000001 0.018380555555555556
0 0.4356408854166667 0.8767412037037037 0.010865104166666667 0.02940833333333333
0 0.5468440104166666 0.6527722222222222 0.008271354166666666 0.016655555555555555
0 0.5413888020833333 0.6988425925925926 0.004652604166666667 0.016203703703703703
0 0.5775385416666666 0.5444398148148148 0.01861875 0.05739814814814815
0 0.5908640625 0.8266962962962963 0.005686458333333333 0.008948148148148148
0 0.6210815104166667 0.8470402777777778 0.012996354166666666 0.031117592592592593
0 0.6916856770833333 0.9493518518518518 0.0229546875 0.03203703703703704
0 0.710034375 0.8753546296296296 0.00444375 0.013672222222222223
0 0.7560549479166667 0.8375222222222222 0.021484895833333333 0.041711111111111115
0 0.6613268229166667 0.6631194444444445 0.007028645833333333 0.018831481481481484
0 0.7142226562499999 0.6056268518518518 0.01698697916666667 0.024216666666666668
0 0.7406518229166666 0.6674592592592593 0.014636979166666668 0.08306666666666666
0 0.6236447916666666 0.5030333333333333 0.005622916666666667 0.00977037037037037
0 0.6491572916666667 0.5254675925925926 0.0066479166666666666 0.026861111111111113
0 0.6612479166666667 0.4958518518518518 0.0037458333333333332 0.010222222222222221
0 0.6799096354166667 0.23822685185185188 0.0077359375 0.02275
0 0.7326026041666667 0.14436018518518517 0.012080208333333333 0.020201851851851853
0 0.7230807291666667 0.18691851851851854 0.008661458333333334 0.01642962962962963
0 0.7521966145833333 0.2508754629629629 0.014809895833333333 0.04804722222222222
0 0.8200330729166667 0.38308101851851856 0.0098578125 0.02171759259259259
0 0.8563677083333334 0.4693351851851852 0.0075270833333333335 0.031262962962962965
0 0.9042455729166666 0.7723180555555557 0.017866145833333333 0.0372287037037037
0 0.94978203125 0.7191212962962963 0.014147395833333333 0.0882425925925926
0 0.9426046874999999 0.7842407407407408 0.008126041666666667 0.03514814814814815
0 0.9790104166666667 0.7821634259259259 0.011145833333333332 0.03469722222222222
0 0.9460833333333334 0.6382981481481481 0.008833333333333334 0.021040740740740742
0 0.9007661458333334 0.6300305555555555 0.016115625 0.03598703703703704
0 0.7810083333333334 0.4106157407407407 0.012016666666666667 0.01937962962962963
0 0.95869296875 0.4554990740740741 0.010094270833333334 0.025812962962962965
0 0.9458820312499999 0.41470879629629626 0.005305729166666666 0.010899074074074075
0 0.9775893229166667 0.3062652777777778 0.02705364583333333 0.040308333333333335
0 0.9934927083333334 0.30672916666666666 0.013027083333333333 0.035680555555555556
0 0.9525716145833333 0.24617083333333337 0.006184895833333333 0.018267592592592592
0 0.9590984375 0.12164305555555556 0.014030208333333332 0.026619444444444442
0 0.9812190104166666 0.10527916666666666 0.008271354166666666 0.008706481481481482
0 0.84472578125 0.11376805555555555 0.010284895833333333 0.012721296296296297
0 0.6812343750000001 0.6977175925925926 0.004135416666666667 0.006546296296296297
0 0.6863080729166666 0.7819407407407407 0.005949479166666666 0.013881481481481482
0 0.7531018229166667 0.2904032407407407 0.006203645833333333 0.014139814814814815
0 0.41016588541666665 0.1472027777777778 0.004706770833333334 0.007368518518518519
0 0.4415830729166667 0.2004388888888889 0.003999479166666667 0.0064333333333333334
0 0.48432005208333334 0.12780787037037036 0.006140104166666666 0.009319444444444444
0 0.6214578125 0.2165675925925926 0.006457291666666667 0.00906111111111111
0 0.6248096354166666 0.39712314814814814 0.0069109375 0.00906111111111111
0 0.6566492187499999 0.4398574074074074 0.008090104166666666 0.01675185185185185
0 0.5452296874999999 0.40657361111111107 0.005042708333333334 0.005739814814814815
0 0.43923359375 0.5702712962962964 0.0055505208333333335 0.00906111111111111
1 0.5111979166666667 0.5208333333333334 0.9765625 0.9564814814814815
0 0.26588541666666665 0.19166666666666668 0.0067708333333333336 0.012962962962962963
0 0.25234375 0.35324074074074074 0.0171875 0.026851851851851852
0 0.23828125 0.7615740740740741 0.009895833333333333 0.01574074074074074
0 0.3182291666666667 0.9490740740740741 0.013541666666666667 0.018518518518518517
0 0.32395833333333335 0.9189814814814815 0.008333333333333333 0.028703703703703703
0 0.38828125 0.9064814814814814 0.019270833333333334 0.05740740740740741
0 0.31588541666666664 0.7722222222222223 0.0109375 0.025925925925925925
0 0.31223958333333335 0.6652777777777777 0.0046875 0.008333333333333333
0 0.34453125 0.6222222222222222 0.0046875 0.007407407407407408
0 0.41692708333333334 0.9166666666666666 0.011979166666666667 0.04259259259259259
0 0.5127604166666667 0.9412037037037037 0.022395833333333334 0.04537037037037037
0 0.5533854166666666 0.975462962962963 0.0078125 0.01574074074074074
0 0.51484375 0.8787037037037037 0.0140625 0.022222222222222223
0 0.5864583333333333 0.899537037037037 0.013541666666666667 0.025
0 0.6013020833333333 0.9041666666666667 0.016145833333333335 0.023148148148148147
0 0.6203125 0.9055555555555556 0.030208333333333334 0.022222222222222223
0 0.45286458333333335 0.8032407407407407 0.0036458333333333334 0.004629629629629629
0 0.4822916666666667 0.7962962962962963 0.01875 0.03518518518518519
0 0.6513020833333333 0.9856481481481482 0.0046875 0.008333333333333333
0 0.4875 0.65 0.010416666666666666 0.016666666666666666
0 0.47760416666666666 0.587037037037037 0.014583333333333334 0.018518518518518517
0 0.5921875 0.7013888888888888 0.021875 0.019444444444444445
0 0.5466145833333333 0.6898148148148148 0.011979166666666667 0.012962962962962963
0 0.5721354166666667 0.6662037037037037 0.009895833333333333 0.023148148148148147
0 0.51796875 0.6717592592592593 0.0109375 0.023148148148148147
0 0.5231770833333333 0.5375 0.024479166666666666 0.041666666666666664
0 0.4453125 0.36574074074074076 0.010416666666666666 0.024074074074074074
0 0.2872395833333333 0.462037037037037 0.0046875 0.05185185185185185
0 0.3984375 0.3972222222222222 0.011458333333333333 0.022222222222222223
0 0.4041666666666667 0.3902777777777778 0.009375 0.017592592592592594
0 0.40182291666666664 0.3439814814814815 0.0203125 0.075
0 0.4440104166666667 0.18703703703703703 0.03177083333333333 0.05185185185185185
0 0.4278645833333333 0.06620370370370371 0.013020833333333334 0.03981481481481482
0 0.42890625 0.11574074074074074 0.0109375 0.04814814814814815
0 0.4752604166666667 0.13333333333333333 0.021354166666666667 0.03888888888888889
0 0.49375 0.27824074074074073 0.03333333333333333 0.058333333333333334
0 0.5036458333333333 0.24259259259259258 0.010416666666666666 0.018518518518518517
0 0.4622395833333333 0.11203703703703703 0.011979166666666667 0.02962962962962963
0 0.55703125 0.35833333333333334 0.008854166666666666 0.016666666666666666
0 0.5549479166666667 0.31203703703703706 0.0046875 0.016666666666666666
0 0.5799479166666667 0.47314814814814815 0.016145833333333335 0.05555555555555555
0 0.6122395833333333 0.19583333333333333 0.005729166666666666 0.008333333333333333
0 0.6434895833333333 0.1814814814814815 0.0140625 0.03148148148148148
0 0.7208333333333333 0.09490740740740741 0.023958333333333335 0.032407407407407406
0 0.734375 0.1726851851851852 0.004166666666666667 0.013888888888888888
0 0.77734375 0.22037037037037038 0.0203125 0.04259259259259259
0 0.6713541666666667 0.3731481481481482 0.007291666666666667 0.018518518518518517
0 0.7200520833333334 0.44027777777777777 0.0171875 0.023148148148148147
0 0.7505208333333333 0.38564814814814813 0.009375 0.08425925925925926
0 0.6231770833333333 0.5236111111111111 0.005729166666666666 0.010185185185185186
0 0.6494791666666667 0.5064814814814815 0.00625 0.025925925925925925
0 0.6598958333333333 0.5393518518518519 0.004166666666666667 0.010185185185185186
0 0.6611979166666667 0.7986111111111112 0.0078125 0.023148148148148147
0 0.70703125 0.9032407407407408 0.011979166666666667 0.019444444444444445
0 0.7002604166666667 0.8583333333333333 0.008854166666666666 0.016666666666666666
0 0.73359375 0.8018518518518518 0.011979166666666667 0.05
0 0.8098958333333334 0.6847222222222222 0.009375 0.023148148148148147
0 0.8515625 0.6078703703703704 0.00625 0.032407407407407406
0 0.9200520833333333 0.31805555555555554 0.016145833333333335 0.03796296296296296
0 0.9625 0.3800925925925926 0.010416666666666666 0.08981481481481482
0 0.9583333333333334 0.3138888888888889 0.008333333333333333 0.03518518518518519
0 0.9947916666666666 0.32407407407407407 0.009375 0.03518518518518519
0 0.95234375 0.45925925925925926 0.0078125 0.022222222222222223
0 0.90703125 0.45787037037037037 0.0140625 0.03796296296296296
0 0.7731770833333333 0.649537037037037 0.011979166666666667 0.017592592592592594
0 0.95234375 0.6435185185185185 0.0109375 0.024074074074074074
0 0.93671875 0.6819444444444445 0.005729166666666666 0.010185185185185186
0 0.9604166666666667 0.7976851851851852 0.027083333333333334 0.03981481481481482
0 0.9768229166666667 0.799074074074074 0.015104166666666667 0.03333333333333333
0 0.9315104166666667 0.85 0.005729166666666666 0.018518518518518517
0 0.9296875 0.9745370370370371 0.014583333333333334 0.025
0 0.9505208333333334 0.9953703703703703 0.008333333333333333 0.007407407407407408
0 0.8158854166666667 0.9574074074074074 0.0109375 0.011111111111111112
0 0.6932291666666667 0.3421296296296296 0.004166666666666667 0.006481481481481481
0 0.7041666666666667 0.2601851851851852 0.00625 0.012962962962962963
0 0.7369791666666666 0.762962962962963 0.00625 0.014814814814814815
0 0.38645833333333335 0.8310185185185185 0.004166666666666667 0.008333333333333333
0 0.42161458333333335 0.7847222222222222 0.0036458333333333334 0.006481481481481481
0 0.4588541666666667 0.8662037037037037 0.00625 0.010185185185185186
0 0.6010416666666667 0.8078703703703703 0.00625 0.008333333333333333
0 0.6169270833333333 0.6291666666666667 0.0067708333333333336 0.008333333333333333
0 0.6513020833333333 0.5935185185185186 0.008854166666666666 0.016666666666666666
0 0.5385416666666667 0.6018518518518519 0.005208333333333333 0.005555555555555556
0 0.44479166666666664 0.41712962962962963 0.005208333333333333 0.008333333333333333
1 0.48961744791666667 0.4793134259259259 0.9792348958333333 0.9586268518518518
0 0.73989609375 0.7936759259259258 0.006875520833333333 0.013277777777777777
0 0.7506216145833334 0.6310912037037036 0.01686822916666667 0.02699722222222222
0 0.7566346354166666 0.2218837962962963 0.010144270833333333 0.015989814814814814
0 0.6728307291666666 0.04001944444444445 0.013369791666666667 0.01892777777777778
0 0.6677330729166666 0.07067916666666667 0.0083828125 0.028395370370370373
0 0.60379140625 0.08638425925925926 0.019041145833333332 0.05795370370370371
0 0.67872109375 0.2166912037037037 0.0105671875 0.025975
0 0.68413125 0.3236087962962963 0.004720833333333333 0.008328703703703703
0 0.6528268229166667 0.36843564814814816 0.004611979166666667 0.007241666666666666
0 0.5751932291666667 0.07857777777777779 0.011844791666666667 0.04234074074074074
0 0.4785786458333333 0.05962777777777777 0.022782291666666666 0.04518148148148148
0 0.43715546875 0.028349074074074075 0.007644270833333333 0.01595740740740741
0 0.47774218749999997 0.12211851851851853 0.013817708333333335 0.022014814814814813
0 0.40570677083333334 0.10593009259259259 0.013496875 0.02482314814814815
0 0.39092604166666667 0.10227546296296296 0.016227083333333333 0.023069444444444445
0 0.3717020833333333 0.1013875 0.0298625 0.02314537037037037
0 0.5409205729166667 0.1939800925925926 0.003716145833333333 0.004626851851851852
0 0.5119643229166667 0.20292870370370372 0.0187203125 0.03548703703703704
0 0.3393669270833334 0.023721759259259262 0.004775520833333334 0.00855462962962963
0 0.5093354166666667 0.3492467592592593 0.0103375 0.017012037037037037
0 0.5208380208333333 0.41193425925925925 0.014592708333333334 0.01831296296296296
0 0.4041236979166667 0.3050703703703704 0.0217890625 0.0194
0 0.4497177083333333 0.3129912037037037 0.011935416666666667 0.013019444444444445
0 0.42483645833333333 0.3383865740740741 0.010089583333333334 0.023069444444444445
0 0.47846380208333333 0.3290462962962963 0.011094270833333333 0.022907407407407408
0 0.4759919270833333 0.46367175925925924 0.024900520833333332 0.04215833333333333
0 0.5574611979166666 0.6307421296296296 0.010755729166666667 0.02444722222222222
0 0.7133013020833334 0.5249842592592592 0.004727604166666666 0.05182037037037037
0 0.6033213541666667 0.5969731481481482 0.011851041666666668 0.021724074074074073
0 0.5979682291666666 0.6040319444444445 0.009478125 0.017323148148148147
0 0.601175 0.6493847222222222 0.0211 0.07469537037037037
0 0.5623390625 0.8091462962962963 0.031969791666666664 0.05162592592592593
0 0.5803013020833333 0.9292189814814815 0.0126859375 0.039919444444444445
0 0.5784757812500001 0.8799217592592593 0.0100765625 0.048732407407407405
0 0.5317130208333334 0.8645282407407407 0.021759375 0.03831574074074074
0 0.5107364583333334 0.7218546296296295 0.03293125 0.058524074074074076
0 0.5015138020833334 0.7574018518518518 0.010319270833333333 0.018507407407407406
0 0.5453783854166667 0.8851763888888888 0.011590104166666667 0.029612037037037037
0 0.4460002604166667 0.6453814814814814 0.0086671875 0.01668888888888889
0 0.4486966145833333 0.6916129629629629 0.004684895833333333 0.01655925925925926
0 0.420753125 0.5317875000000001 0.01650625 0.056167592592592595
0 0.39400859374999997 0.8107425925925925 0.005725520833333333 0.008522222222222223
0 0.36304973958333336 0.8276226851851851 0.013599479166666668 0.031171296296296294
0 0.2873744791666667 0.9188263888888889 0.023707291666666668 0.03209722222222222
0 0.2724036458333333 0.8411833333333333 0.004182291666666667 0.013848148148148148
0 0.228515625 0.7962023148148148 0.020572916666666666 0.042404629629629625
0 0.3311296875 0.6370958333333333 0.007051041666666666 0.01863611111111111
0 0.28145078125 0.5728560185185185 0.017068229166666667 0.023489814814814814
0 0.25180234375 0.6299861111111111 0.010896354166666667 0.0840462962962963
0 0.37629114583333334 0.48374490740740733 0.005707291666666667 0.010082407407407406
0 0.35058255208333333 0.5029314814814815 0.0063734375 0.026233333333333334
0 0.3395002604166667 0.4708462962962963 0.004000520833333333 0.010211111111111112
0 0.3330614583333333 0.21153472222222222 0.007789583333333333 0.023069444444444445
0 0.2851799479166666 0.10984537037037037 0.0120265625 0.019690740740740738
0 0.2929479166666667 0.1536824074074074 0.008812500000000001 0.016624074074074076
0 0.2605705729166667 0.21272175925925926 0.0128078125 0.04951759259259259
0 0.18646458333333332 0.3344564814814815 0.0093875 0.022616666666666667
0 0.14635546875 0.4142125 0.006252604166666667 0.0321287037037037
0 0.08385234375 0.7077939814814815 0.016663020833333334 0.03781018518518518
0 0.04064635416666666 0.6484546296296296 0.011501041666666666 0.08950185185185186
0 0.045228124999999994 0.7148365740740741 0.008164583333333333 0.0352287037037037
0 0.00911484375 0.7064384259259259 0.009896354166666668 0.035099074074074074
0 0.04885 0.5683662037037037 0.008116666666666666 0.021917592592592593
0 0.09431510416666668 0.5678018518518518 0.014671875000000001 0.037455555555555554
0 0.22423333333333334 0.3673990740740741 0.012008333333333334 0.01813148148148148
0 0.04493958333333334 0.3845263888888889 0.010712500000000002 0.024608333333333336
0 0.0601 0.3450175925925926 0.005616666666666667 0.010405555555555555
0 0.0338640625 0.23111944444444446 0.027103125 0.04001666666666667
0 0.017736979166666667 0.23091712962962962 0.014640624999999999 0.03405648148148148
0 0.06175338541666667 0.17683009259259258 0.0057984375 0.018475
0 0.061390364583333336 0.05256574074074074 0.014447395833333333 0.025501851851851852
0 0.0401015625 0.03259907407407407 0.008328125 0.0077907407407407404
0 0.17517526041666667 0.06227592592592592 0.010767187499999999 0.011588888888888888
0 0.30989453125 0.6699217592592592 0.0041640625 0.006510185185185185
0 0.30048255208333335 0.7519935185185186 0.0061734375 0.013246296296296296
0 0.2583315104166667 0.2517666666666667 0.0062463541666666665 0.014644444444444444
0 0.6068513020833334 0.16236805555555556 0.004327604166666666 0.008069444444444445
0 0.5727096354166666 0.21064629629629628 0.0037526041666666667 0.0064777777777777785
0 0.5338432291666667 0.13182824074074076 0.006228125 0.00995277777777778
0 0.39326354166666666 0.19872175925925925 0.00631875 0.00855462962962963
0 0.38049401041666664 0.3783513888888889 0.0068213541666666665 0.00855462962962963
0 0.3470328125 0.4157032407407407 0.008648958333333335 0.016591666666666668
0 0.4593552083333333 0.40003055555555556 0.00516875 0.0056166666666666665
0 0.5568236979166666 0.5792773148148148 0.005314062499999999 0.00855462962962963
1 0.5083447916666667 0.48781296296296295 0.98335625 0.9756259259259259
0 0.24625885416666668 0.7551453703703704 0.007101041666666667 0.013994444444444445
0 0.24405000000000002 0.5913856481481482 0.016225 0.02721574074074074
0 0.25795963541666667 0.18326296296296296 0.0107109375 0.016525925925925927
0 0.35070546875 0.01455324074074074 0.012869270833333333 0.01984722222222222
0 0.35370989583333334 0.046144444444444446 0.008461458333333333 0.027474074074074074
0 0.4169953125 0.07117222222222222 0.018365625 0.05901111111111111
0 0.3360255208333333 0.1900486111111111 0.010592708333333334 0.026393518518518518
0 0.32530651041666664 0.29580231481481484 0.0047796875 0.008271296296296296
0 0.3542825520833333 0.34506064814814813 0.0043984375000000004 0.0067879629629629635
0 0.4453059895833333 0.06905185185185185 0.0114453125 0.04180740740740741
0 0.54260078125 0.06575231481481482 0.023743229166666668 0.04446759259259259
0 0.5853622395833333 0.03968796296296296 0.0071828125 0.016412962962962963
0 0.5407604166666666 0.12735648148148146 0.0138125 0.02137962962962963
0 0.6129067708333333 0.12230972222222224 0.013313541666666668 0.024249074074074076
0 0.6279630208333333 0.12068240740740739 0.016342708333333334 0.022846296296296295
0 0.6472328125 0.12287500000000001 0.028840625 0.02723148148148148
0 0.47381119791666665 0.1884087962962963 0.003872395833333333 0.00459537037037037
0 0.5030234375 0.2022847222222222 0.018546875 0.03605092592592593
0 0.6832140624999999 0.05082685185185185 0.004969791666666667 0.00906111111111111
0 0.49793671875 0.3487064814814815 0.010456770833333334 0.01778333333333333
0 0.48385859375 0.40885185185185186 0.0145921875 0.017703703703703704
0 0.6050588541666666 0.32163055555555553 0.021576041666666667 0.019187037037037037
0 0.55952734375 0.3222865740740741 0.011763020833333334 0.013091666666666666
0 0.5828643229166667 0.35026388888888893 0.0105203125 0.02275
0 0.529671875 0.33238935185185187 0.011427083333333334 0.02218611111111111
0 0.52541015625 0.46787685185185185 0.0258203125 0.04316111111111111
0 0.4365015625 0.6218837962962963 0.011544791666666667 0.025249074074074073
0 0.2858640625 0.49147361111111115 0.006103125 0.05146574074074074
0 0.39232213541666666 0.5805523148148148 0.012769270833333334 0.020363888888888886
0 0.39703046875 0.5888347222222222 0.0096859375 0.01655833333333333
0 0.3915723958333333 0.6330652777777778 0.023769791666666665 0.07353796296296297
0 0.42291875 0.7985421296296297 0.032295833333333336 0.050787962962962965
0 0.39964062499999997 0.9148722222222222 0.01178125 0.040855555555555555
0 0.403415625 0.8657074074074074 0.007872916666666667 0.04993333333333333
0 0.45038984375 0.8582032407407407 0.0226546875 0.03677685185185185
0 0.47837604166666664 0.7200847222222222 0.031752083333333334 0.05868796296296296
0 0.48574010416666663 0.7564125 0.010021875000000001 0.018380555555555556
0 0.4356408854166667 0.8767412037037037 0.010865104166666667 0.02940833333333333
0 0.5468440104166666 0.6527722222222222 0.008271354166666666 0.016655555555555555
0 0.5413888020833333 0.6988425925925926 0.004652604166666667 0.016203703703703703
0 0.5775385416666666 0.5444398148148148 0.01861875 0.05739814814814815
0 0.5908640625 0.8266962962962963 0.005686458333333333 0.008948148148148148
0 0.6210815104166667 0.8470402777777778 0.012996354166666666 0.031117592592592593
0 0.6916856770833333 0.9493518518518518 0.0229546875 0.03203703703703704
0 0.710034375 0.8753546296296296 0.00444375 0.013672222222222223
0 0.7560549479166667 0.8375222222222222 0.021484895833333333 0.041711111111111115
0 0.6613268229166667 0.6631194444444445 0.007028645833333333 0.018831481481481484
0 0.7142226562499999 0.6056268518518518 0.01698697916666667 0.024216666666666668
0 0.7406518229166666 0.6674592592592593 0.014636979166666668 0.08306666666666666
0 0.6236447916666666 0.5030333333333333 0.005622916666666667 0.00977037037037037
0 0.6491572916666667 0.5254675925925926 0.0066479166666666666 0.026861111111111113
0 0.6612479166666667 0.4958518518518518 0.0037458333333333332 0.010222222222222221
0 0.6799096354166667 0.23822685185185188 0.0077359375 0.02275
0 0.7326026041666667 0.14436018518518517 0.012080208333333333 0.020201851851851853
0 0.7230807291666667 0.18691851851851854 0.008661458333333334 0.01642962962962963
0 0.7521966145833333 0.2508754629629629 0.014809895833333333 0.04804722222222222
0 0.8200330729166667 0.38308101851851856 0.0098578125 0.02171759259259259
0 0.8563677083333334 0.4693351851851852 0.0075270833333333335 0.031262962962962965
0 0.9042455729166666 0.7723180555555557 0.017866145833333333 0.0372287037037037
0 0.94978203125 0.7191212962962963 0.014147395833333333 0.0882425925925926
0 0.9426046874999999 0.7842407407407408 0.008126041666666667 0.03514814814814815
0 0.9790104166666667 0.7821634259259259 0.011145833333333332 0.03469722222222222
0 0.9460833333333334 0.6382981481481481 0.008833333333333334 0.021040740740740742
0 0.9007661458333334 0.6300305555555555 0.016115625 0.03598703703703704
0 0.7810083333333334 0.4106157407407407 0.012016666666666667 0.01937962962962963
0 0.95869296875 0.4554990740740741 0.010094270833333334 0.025812962962962965
0 0.9458820312499999 0.41470879629629626 0.005305729166666666 0.010899074074074075
0 0.9775893229166667 0.3062652777777778 0.02705364583333333 0.040308333333333335
0 0.9934927083333334 0.30672916666666666 0.013027083333333333 0.035680555555555556
0 0.9525716145833333 0.24617083333333337 0.006184895833333333 0.018267592592592592
0 0.9590984375 0.12164305555555556 0.014030208333333332 0.026619444444444442
0 0.9812190104166666 0.10527916666666666 0.008271354166666666 0.008706481481481482
0 0.84472578125 0.11376805555555555 0.010284895833333333 0.012721296296296297
0 0.6812343750000001 0.6977175925925926 0.004135416666666667 0.006546296296296297
0 0.6863080729166666 0.7819407407407407 0.005949479166666666 0.013881481481481482
0 0.7531018229166667 0.2904032407407407 0.006203645833333333 0.014139814814814815
0 0.41016588541666665 0.1472027777777778 0.004706770833333334 0.007368518518518519
0 0.4415830729166667 0.2004388888888889 0.003999479166666667 0.0064333333333333334
0 0.48432005208333334 0.12780787037037036 0.006140104166666666 0.009319444444444444
0 0.6214578125 0.2165675925925926 0.006457291666666667 0.00906111111111111
0 0.6248096354166666 0.39712314814814814 0.0069109375 0.00906111111111111
0 0.6566492187499999 0.4398574074074074 0.008090104166666666 0.01675185185185185
0 0.5452296874999999 0.40657361111111107 0.005042708333333334 0.005739814814814815
0 0.43923359375 0.5702712962962964 0.0055505208333333335 0.00906111111111111
1 0.5111979166666667 0.5208333333333334 0.9765625 0.9564814814814815
0 0.26588541666666665 0.19166666666666668 0.0067708333333333336 0.012962962962962963
0 0.25234375 0.35324074074074074 0.0171875 0.026851851851851852
0 0.23828125 0.7615740740740741 0.009895833333333333 0.01574074074074074
0 0.3182291666666667 0.9490740740740741 0.013541666666666667 0.018518518518518517
0 0.32395833333333335 0.9189814814814815 0.008333333333333333 0.028703703703703703
0 0.38828125 0.9064814814814814 0.019270833333333334 0.05740740740740741
0 0.31588541666666664 0.7722222222222223 0.0109375 0.025925925925925925
0 0.31223958333333335 0.6652777777777777 0.0046875 0.008333333333333333
0 0.34453125 0.6222222222222222 0.0046875 0.007407407407407408
0 0.41692708333333334 0.9166666666666666 0.011979166666666667 0.04259259259259259
0 0.5127604166666667 0.9412037037037037 0.022395833333333334 0.04537037037037037
0 0.5533854166666666 0.975462962962963 0.0078125 0.01574074074074074
0 0.51484375 0.8787037037037037 0.0140625 0.022222222222222223
0 0.5864583333333333 0.899537037037037 0.013541666666666667 0.025
0 0.6013020833333333 0.9041666666666667 0.016145833333333335 0.023148148148148147
0 0.6203125 0.9055555555555556 0.030208333333333334 0.022222222222222223
0 0.45286458333333335 0.8032407407407407 0.0036458333333333334 0.004629629629629629
0 0.4822916666666667 0.7962962962962963 0.01875 0.03518518518518519
0 0.6513020833333333 0.9856481481481482 0.0046875 0.008333333333333333
0 0.4875 0.65 0.010416666666666666 0.016666666666666666
0 0.47760416666666666 0.587037037037037 0.014583333333333334 0.018518518518518517
0 0.5921875 0.7013888888888888 0.021875 0.019444444444444445
0 0.5466145833333333 0.6898148148148148 0.011979166666666667 0.012962962962962963
0 0.5721354166666667 0.6662037037037037 0.009895833333333333 0.023148148148148147
0 0.51796875 0.6717592592592593 0.0109375 0.023148148148148147
0 0.5231770833333333 0.5375 0.024479166666666666 0.041666666666666664
0 0.4453125 0.36574074074074076 0.010416666666666666 0.024074074074074074
0 0.2872395833333333 0.462037037037037 0.0046875 0.05185185185185185
0 0.3984375 0.3972222222222222 0.011458333333333333 0.022222222222222223
0 0.4041666666666667 0.3902777777777778 0.009375 0.017592592592592594
0 0.40182291666666664 0.3439814814814815 0.0203125 0.075
0 0.4440104166666667 0.18703703703703703 0.03177083333333333 0.05185185185185185
0 0.4278645833333333 0.06620370370370371 0.013020833333333334 0.03981481481481482
0 0.42890625 0.11574074074074074 0.0109375 0.04814814814814815
0 0.4752604166666667 0.13333333333333333 0.021354166666666667 0.03888888888888889
0 0.49375 0.27824074074074073 0.03333333333333333 0.058333333333333334
0 0.5036458333333333 0.24259259259259258 0.010416666666666666 0.018518518518518517
0 0.4622395833333333 0.11203703703703703 0.011979166666666667 0.02962962962962963
0 0.55703125 0.35833333333333334 0.008854166666666666 0.016666666666666666
0 0.5549479166666667 0.31203703703703706 0.0046875 0.016666666666666666
0 0.5799479166666667 0.47314814814814815 0.016145833333333335 0.05555555555555555
0 0.6122395833333333 0.19583333333333333 0.005729166666666666 0.008333333333333333
0 0.6434895833333333 0.1814814814814815 0.0140625 0.03148148148148148
0 0.7208333333333333 0.09490740740740741 0.023958333333333335 0.032407407407407406
0 0.734375 0.1726851851851852 0.004166666666666667 0.013888888888888888
0 0.77734375 0.22037037037037038 0.0203125 0.04259259259259259
0 0.6713541666666667 0.3731481481481482 0.007291666666666667 0.018518518518518517
0 0.7200520833333334 0.44027777777777777 0.0171875 0.023148148148148147
0 0.7505208333333333 0.38564814814814813 0.009375 0.08425925925925926
0 0.6231770833333333 0.5236111111111111 0.005729166666666666 0.010185185185185186
0 0.6494791666666667 0.5064814814814815 0.00625 0.025925925925925925
0 0.6598958333333333 0.5393518518518519 0.004166666666666667 0.010185185185185186
0 0.6611979166666667 0.7986111111111112 0.0078125 0.023148148148148147
0 0.70703125 0.9032407407407408 0.011979166666666667 0.019444444444444445
0 0.7002604166666667 0.8583333333333333 0.008854166666666666 0.016666666666666666
0 0.73359375 0.8018518518518518 0.011979166666666667 0.05
0 0.8098958333333334 0.6847222222222222 0.009375 0.023148148148148147
0 0.8515625 0.6078703703703704 0.00625 0.032407407407407406
0 0.9200520833333333 0.31805555555555554 0.016145833333333335 0.03796296296296296
0 0.9625 0.3800925925925926 0.010416666666666666 0.08981481481481482
0 0.9583333333333334 0.3138888888888889 0.008333333333333333 0.03518518518518519
0 0.9947916666666666 0.32407407407407407 0.009375 0.03518518518518519
0 0.95234375 0.45925925925925926 0.0078125 0.022222222222222223
0 0.90703125 0.45787037037037037 0.0140625 0.03796296296296296
0 0.7731770833333333 0.649537037037037 0.011979166666666667 0.017592592592592594
0 0.95234375 0.6435185185185185 0.0109375 0.024074074074074074
0 0.93671875 0.6819444444444445 0.005729166666666666 0.010185185185185186
0 0.9604166666666667 0.7976851851851852 0.027083333333333334 0.03981481481481482
0 0.9768229166666667 0.799074074074074 0.015104166666666667 0.03333333333333333
0 0.9315104166666667 0.85 0.005729166666666666 0.018518518518518517
0 0.9296875 0.9745370370370371 0.014583333333333334 0.025
0 0.9505208333333334 0.9953703703703703 0.008333333333333333 0.007407407407407408
0 0.8158854166666667 0.9574074074074074 0.0109375 0.011111111111111112
0 0.6932291666666667 0.3421296296296296 0.004166666666666667 0.006481481481481481
0 0.7041666666666667 0.2601851851851852 0.00625 0.012962962962962963
0 0.7369791666666666 0.762962962962963 0.00625 0.014814814814814815
0 0.38645833333333335 0.8310185185185185 0.004166666666666667 0.008333333333333333
0 0.42161458333333335 0.7847222222222222 0.0036458333333333334 0.006481481481481481
0 0.4588541666666667 0.8662037037037037 0.00625 0.010185185185185186
0 0.6010416666666667 0.8078703703703703 0.00625 0.008333333333333333
0 0.6169270833333333 0.6291666666666667 0.0067708333333333336 0.008333333333333333
0 0.6513020833333333 0.5935185185185186 0.008854166666666666 0.016666666666666666
0 0.5385416666666667 0.6018518518518519 0.005208333333333333 0.005555555555555556
0 0.44479166666666664 0.41712962962962963 0.005208333333333333 0.008333333333333333
1 0.48961744791666667 0.4793134259259259 0.9792348958333333 0.9586268518518518
0 0.73989609375 0.7936759259259258 0.006875520833333333 0.013277777777777777
0 0.7506216145833334 0.6310912037037036 0.01686822916666667 0.02699722222222222
0 0.7566346354166666 0.2218837962962963 0.010144270833333333 0.015989814814814814
0 0.6728307291666666 0.04001944444444445 0.013369791666666667 0.01892777777777778
0 0.6677330729166666 0.07067916666666667 0.0083828125 0.028395370370370373
0 0.60379140625 0.08638425925925926 0.019041145833333332 0.05795370370370371
0 0.67872109375 0.2166912037037037 0.0105671875 0.025975
0 0.68413125 0.3236087962962963 0.004720833333333333 0.008328703703703703
0 0.6528268229166667 0.36843564814814816 0.004611979166666667 0.007241666666666666
0 0.5751932291666667 0.07857777777777779 0.011844791666666667 0.04234074074074074
0 0.4785786458333333 0.05962777777777777 0.022782291666666666 0.04518148148148148
0 0.43715546875 0.028349074074074075 0.007644270833333333 0.01595740740740741
0 0.47774218749999997 0.12211851851851853 0.013817708333333335 0.022014814814814813
0 0.40570677083333334 0.10593009259259259 0.013496875 0.02482314814814815
0 0.39092604166666667 0.10227546296296296 0.016227083333333333 0.023069444444444445
0 0.3717020833333333 0.1013875 0.0298625 0.02314537037037037
0 0.5409205729166667 0.1939800925925926 0.003716145833333333 0.004626851851851852
0 0.5119643229166667 0.20292870370370372 0.0187203125 0.03548703703703704
0 0.3393669270833334 0.023721759259259262 0.004775520833333334 0.00855462962962963
0 0.5093354166666667 0.3492467592592593 0.0103375 0.017012037037037037
0 0.5208380208333333 0.41193425925925925 0.014592708333333334 0.01831296296296296
0 0.4041236979166667 0.3050703703703704 0.0217890625 0.0194
0 0.4497177083333333 0.3129912037037037 0.011935416666666667 0.013019444444444445
0 0.42483645833333333 0.3383865740740741 0.010089583333333334 0.023069444444444445
0 0.47846380208333333 0.3290462962962963 0.011094270833333333 0.022907407407407408
0 0.4759919270833333 0.46367175925925924 0.024900520833333332 0.04215833333333333
0 0.5574611979166666 0.6307421296296296 0.010755729166666667 0.02444722222222222
0 0.7133013020833334 0.5249842592592592 0.004727604166666666 0.05182037037037037
0 0.6033213541666667 0.5969731481481482 0.011851041666666668 0.021724074074074073
0 0.5979682291666666 0.6040319444444445 0.009478125 0.017323148148148147
0 0.601175 0.6493847222222222 0.0211 0.07469537037037037
0 0.5623390625 0.8091462962962963 0.031969791666666664 0.05162592592592593
0 0.5803013020833333 0.9292189814814815 0.0126859375 0.039919444444444445
0 0.5784757812500001 0.8799217592592593 0.0100765625 0.048732407407407405
0 0.5317130208333334 0.8645282407407407 0.021759375 0.03831574074074074
0 0.5107364583333334 0.7218546296296295 0.03293125 0.058524074074074076
0 0.5015138020833334 0.7574018518518518 0.010319270833333333 0.018507407407407406
0 0.5453783854166667 0.8851763888888888 0.011590104166666667 0.029612037037037037
0 0.4460002604166667 0.6453814814814814 0.0086671875 0.01668888888888889
0 0.4486966145833333 0.6916129629629629 0.004684895833333333 0.01655925925925926
0 0.420753125 0.5317875000000001 0.01650625 0.056167592592592595
0 0.39400859374999997 0.8107425925925925 0.005725520833333333 0.008522222222222223
0 0.36304973958333336 0.8276226851851851 0.013599479166666668 0.031171296296296294
0 0.2873744791666667 0.9188263888888889 0.023707291666666668 0.03209722222222222
0 0.2724036458333333 0.8411833333333333 0.004182291666666667 0.013848148148148148
0 0.228515625 0.7962023148148148 0.020572916666666666 0.042404629629629625
0 0.3311296875 0.6370958333333333 0.007051041666666666 0.01863611111111111
0 0.28145078125 0.5728560185185185 0.017068229166666667 0.023489814814814814
0 0.25180234375 0.6299861111111111 0.010896354166666667 0.0840462962962963
0 0.37629114583333334 0.48374490740740733 0.005707291666666667 0.010082407407407406
0 0.35058255208333333 0.5029314814814815 0.0063734375 0.026233333333333334
0 0.3395002604166667 0.4708462962962963 0.004000520833333333 0.010211111111111112
0 0.3330614583333333 0.21153472222222222 0.007789583333333333 0.023069444444444445
0 0.2851799479166666 0.10984537037037037 0.0120265625 0.019690740740740738
0 0.2929479166666667 0.1536824074074074 0.008812500000000001 0.016624074074074076
0 0.2605705729166667 0.21272175925925926 0.0128078125 0.04951759259259259
0 0.18646458333333332 0.3344564814814815 0.0093875 0.022616666666666667
0 0.14635546875 0.4142125 0.006252604166666667 0.0321287037037037
0 0.08385234375 0.7077939814814815 0.016663020833333334 0.03781018518518518
0 0.04064635416666666 0.6484546296296296 0.011501041666666666 0.08950185185185186
0 0.045228124999999994 0.7148365740740741 0.008164583333333333 0.0352287037037037
0 0.00911484375 0.7064384259259259 0.009896354166666668 0.035099074074074074
0 0.04885 0.5683662037037037 0.008116666666666666 0.021917592592592593
0 0.09431510416666668 0.5678018518518518 0.014671875000000001 0.037455555555555554
0 0.22423333333333334 0.3673990740740741 0.012008333333333334 0.01813148148148148
0 0.04493958333333334 0.3845263888888889 0.010712500000000002 0.024608333333333336
0 0.0601 0.3450175925925926 0.005616666666666667 0.010405555555555555
0 0.0338640625 0.23111944444444446 0.027103125 0.04001666666666667
0 0.017736979166666667 0.23091712962962962 0.014640624999999999 0.03405648148148148
0 0.06175338541666667 0.17683009259259258 0.0057984375 0.018475
0 0.061390364583333336 0.05256574074074074 0.014447395833333333 0.025501851851851852
0 0.0401015625 0.03259907407407407 0.008328125 0.0077907407407407404
0 0.17517526041666667 0.06227592592592592 0.010767187499999999 0.011588888888888888
0 0.30989453125 0.6699217592592592 0.0041640625 0.006510185185185185
0 0.30048255208333335 0.7519935185185186 0.0061734375 0.013246296296296296
0 0.2583315104166667 0.2517666666666667 0.0062463541666666665 0.014644444444444444
0 0.6068513020833334 0.16236805555555556 0.004327604166666666 0.008069444444444445
0 0.5727096354166666 0.21064629629629628 0.0037526041666666667 0.0064777777777777785
0 0.5338432291666667 0.13182824074074076 0.006228125 0.00995277777777778
0 0.39326354166666666 0.19872175925925925 0.00631875 0.00855462962962963
0 0.38049401041666664 0.3783513888888889 0.0068213541666666665 0.00855462962962963
0 0.3470328125 0.4157032407407407 0.008648958333333335 0.016591666666666668
0 0.4593552083333333 0.40003055555555556 0.00516875 0.0056166666666666665
0 0.5568236979166666 0.5792773148148148 0.005314062499999999 0.00855462962962963
