1 0.50390625 0.549537037037037 0.9921875 0.9009259259259259
0 0.20026041666666666 0.175 0.009895833333333333 0.037037037037037035
0 0.21796875 0.262037037037037 0.013020833333333334 0.037037037037037035
0 0.42578125 0.35138888888888886 0.0359375 0.0824074074074074
0 0.35494791666666664 0.3287037037037037 0.011979166666666667 0.03333333333333333
0 0.38619791666666664 0.3226851851851852 0.015104166666666667 0.049074074074074076
0 0.4265625 0.275 0.0125 0.020370370370370372
0 0.42864583333333334 0.22916666666666666 0.015625 0.030555555555555555
0 0.31171875 0.2351851851851852 0.018229166666666668 0.02962962962962963
0 0.3684895833333333 0.2462962962962963 0.0140625 0.024074074074074074
0 0.44140625 0.16435185185185186 0.0109375 0.04722222222222222
0 0.34270833333333334 0.5208333333333334 0.035416666666666666 0.06574074074074074
0 0.3885416666666667 0.5967592592592592 0.017708333333333333 0.03611111111111111
0 0.40260416666666665 0.5972222222222222 0.0125 0.027777777777777776
0 0.34296875 0.4564814814814815 0.009895833333333333 0.016666666666666666
0 0.3966145833333333 0.41944444444444445 0.0067708333333333336 0.022222222222222223
0 0.2864583333333333 0.7384259259259259 0.022916666666666665 0.06944444444444445
0 0.3645833333333333 0.7027777777777777 0.016666666666666666 0.03148148148148148
0 0.334375 0.8194444444444444 0.017708333333333333 0.03148148148148148
0 0.36354166666666665 0.7851851851851852 0.010416666666666666 0.02962962962962963
0 0.32369791666666664 0.6138888888888889 0.013020833333333334 0.025925925925925925
0 0.3502604166666667 0.9152777777777777 0.0171875 0.07314814814814814
0 0.31015625 0.9148148148148149 0.016145833333333335 0.025925925925925925
0 0.3145833333333333 0.9712962962962963 0.013541666666666667 0.025925925925925925
0 0.34322916666666664 0.9782407407407407 0.0125 0.025
0 0.3606770833333333 0.9833333333333333 0.013020833333333334 0.020370370370370372
0 0.41328125 0.8921296296296296 0.028645833333333332 0.05277777777777778
0 0.6223958333333334 0.9787037037037037 0.03229166666666667 0.03333333333333333
0 0.5799479166666667 0.6523148148148148 0.005729166666666666 0.058333333333333334
0 0.6046875 0.8175925925925925 0.009375 0.018518518518518517
0 0.39010416666666664 0.9652777777777778 0.009375 0.023148148148148147
0 0.40859375 0.8310185185185185 0.008854166666666666 0.04722222222222222
0 0.8901041666666667 0.8837962962962963 0.010416666666666666 0.030555555555555555
0 0.96484375 0.7236111111111111 0.0171875 0.06388888888888888
0 0.8755208333333333 0.5324074074074074 0.028125 0.06296296296296296
0 0.8190104166666666 0.44305555555555554 0.011979166666666667 0.028703703703703703
0 0.9057291666666667 0.48333333333333334 0.0125 0.053703703703703705
0 0.9643229166666667 0.6083333333333333 0.005729166666666666 0.022222222222222223
0 0.5122395833333333 0.5777777777777777 0.0067708333333333336 0.025925925925925925
0 0.36041666666666666 0.1638888888888889 0.011458333333333333 0.014814814814814815
0 0.36770833333333336 0.55 0.008333333333333333 0.018518518518518517
0 0.33567708333333335 0.3143518518518518 0.0067708333333333336 0.013888888888888888
1 0.5048580729166666 0.44749722222222227 0.9899244791666667 0.8949944444444445
0 0.19423463541666666 0.8064541666666667 0.010344270833333334 0.03698240740740741
0 0.21349817708333332 0.7203106481481482 0.012413020833333333 0.03691759259259259
0 0.4228661458333333 0.6439078703703703 0.035315624999999996 0.08226018518518519
0 0.35164661458333335 0.6623986111111111 0.0116265625 0.03405648148148148
0 0.38283541666666665 0.6698925925925926 0.014629166666666667 0.049044444444444446
0 0.4223919270833333 0.7205416666666666 0.0124921875 0.020712962962962964
0 0.42335104166666665 0.7663236111111111 0.015452083333333333 0.030795370370370372
0 0.30669583333333333 0.7534523148148149 0.018600000000000002 0.02912685185185185
0 0.36343151041666666 0.7451851851851852 0.014363020833333334 0.023703703703703706
0 0.434859375 0.8318171296296296 0.011385416666666667 0.046967592592592596
0 0.34330937499999997 0.46967731481481484 0.035577083333333336 0.06528055555555555
0 0.39023515625 0.39590324074074074 0.0179703125 0.03625092592592593
0 0.4042265625 0.3970847222222222 0.012619791666666666 0.02750277777777778
0 0.34240859375 0.533312037037037 0.0098171875 0.016624074074074076
0 0.39515911458333336 0.5739703703703704 0.006984895833333333 0.022014814814814813
0 0.2910143229166666 0.24808425925925925 0.021611979166666666 0.07024259259259259
0 0.3688268229166667 0.2888791666666667 0.0168203125 0.03146203703703704
0 0.3406286458333333 0.1701023148148148 0.017715625000000002 0.03094537037037037
0 0.36906770833333336 0.20658564814814817 0.010010416666666666 0.029837962962962965
0 0.32587734375 0.37478194444444446 0.013213020833333334 0.025489814814814816
0 0.35831588541666665 0.0762050925925926 0.016631770833333333 0.07278055555555556
0 0.3186481770833333 0.07371064814814815 0.016463020833333335 0.025199074074074075
0 0.32405416666666664 0.017487962962962962 0.013733333333333332 0.02571666666666667
0 0.35282760416666664 0.012359722222222222 0.012946875 0.024719444444444443
0 0.3700934895833334 0.009143055555555555 0.013103645833333333 0.01828611111111111
0 0.4208278645833333 0.10309537037037038 0.029155729166666665 0.05248703703703704
0 0.6318609375 0.02928009259259259 0.032471875 0.03263425925925926
0 0.5825684895833334 0.35232916666666664 0.005761979166666667 0.05836203703703704
0 0.6110528645833334 0.1890449074074074 0.009605729166666667 0.018830555555555555
0 0.39900104166666667 0.027991203703703702 0.009460416666666667 0.02264907407407407
0 0.4150138020833333 0.16342777777777778 0.009194270833333332 0.04722592592592592
0 0.89725625 0.14038148148148147 0.010137499999999999 0.03076296296296296
0 0.9687661458333333 0.3050731481481481 0.017740625 0.06385
0 0.8756786458333334 0.49070555555555556 0.027398958333333334 0.0628925925925926
0 0.8179286458333334 0.5764287037037037 0.011898958333333333 0.02878333333333333
0 0.9055255208333333 0.5419898148148149 0.012092708333333334 0.05435
0 0.9662955729166666 0.42046064814814815 0.0055078125 0.02240277777777778
0 0.5135908854166666 0.423237037037037 0.0063484375 0.026103703703703705
0 0.35372421875 0.8276115740740742 0.011615104166666666 0.014482407407407407
0 0.36880208333333336 0.4416611111111111 0.008437499999999999 0.018507407407407406
0 0.3320109375 0.6755393518518519 0.006730208333333334 0.014041666666666666
1 0.50397421875 0.45413796296296294 0.9923234375 0.9082759259259259
0 0.17517630208333335 0.7376625 0.0118109375 0.036436111111111114
0 0.2002578125 0.6560361111111112 0.011973958333333333 0.036146296296296294
0 0.4131671875 0.6265902777777778 0.03362604166666667 0.08095833333333334
0 0.34159609375 0.6292384259259259 0.011317187499999999 0.03625462962962963
0 0.37086588541666665 0.6419268518518518 0.0146484375 0.048668518518518514
0 0.4077635416666666 0.7015972222222222 0.012402083333333334 0.02171296296296296
0 0.40526640625 0.7480763888888889 0.014699479166666666 0.03133796296296296
0 0.2911078125 0.7092375 0.019715625 0.027734259259259257
0 0.34774140625 0.7138699074074074 0.015274479166666667 0.022184259259259258
0 0.4131932291666667 0.8154060185185186 0.012844791666666666 0.045626851851851856
0 0.34602265625 0.43522777777777777 0.0357953125 0.06304814814814814
0 0.39804817708333334 0.372825 0.019013020833333335 0.03639074074074074
0 0.4116666666666667 0.3771495370370371 0.012916666666666667 0.026521296296296296
0 0.34127890625 0.49916620370370374 0.009641145833333333 0.01685092592592593
0 0.39133255208333334 0.5512805555555556 0.007665104166666667 0.02107962962962963
0 0.3103283854166667 0.20510787037037037 0.017531770833333335 0.0731787037037037
0 0.38411822916666666 0.26184305555555554 0.017194791666666667 0.03109351851851852
0 0.36470598958333333 0.13858425925925924 0.01795364583333333 0.02902037037037037
0 0.39028203125 0.1808800925925926 0.0086890625 0.030278703703703704
0 0.33604505208333335 0.33778796296296293 0.013756770833333333 0.023724074074074075
0 0.3880411458333333 0.048362499999999996 0.017748958333333335 0.07079907407407407
0 0.3493598958333333 0.037285185185185185 0.017469791666666668 0.02271851851851852
0 0.44918203125 0.08849722222222223 0.030655729166666666 0.05106851851851852
0 0.6632700520833333 0.06031111111111111 0.03279010416666667 0.02988148148148148
0 0.5910481770833333 0.37247083333333336 0.008138020833333334 0.057904629629629625
0 0.6312010416666667 0.215425 0.01031875 0.01973888888888889
0 0.4322609375 0.010152777777777778 0.010355208333333334 0.020305555555555556
0 0.43832161458333335 0.14746712962962963 0.012059895833333334 0.04678611111111111
0 0.9186067708333333 0.22948564814814815 0.010130208333333333 0.03119351851851852
0 0.9774591145833333 0.4065509259259259 0.0195015625 0.06310185185185185
0 0.8730583333333333 0.5725134259259259 0.02528333333333333 0.06354537037037038
0 0.8104403645833334 0.6449481481481482 0.011505729166666668 0.028785185185185184
0 0.9000684895833333 0.6289680555555555 0.010553645833333335 0.05608425925925926
0 0.9685958333333333 0.5225199074074074 0.0049 0.022817592592592594
0 0.5192109375 0.42620092592592596 0.0050885416666666666 0.026475925925925927
0 0.33258776041666666 0.7927032407407407 0.012050520833333333 0.01318425925925926
0 0.3731098958333333 0.41470092592592595 0.008719791666666667 0.018290740740740743
0 0.32098567708333337 0.6377763888888889 0.006554687500000001 0.014441666666666667
1 0.50390625 0.549537037037037 0.9921875 0.9009259259259259
0 0.20026041666666666 0.175 0.009895833333333333 0.037037037037037035
0 0.21796875 0.262037037037037 0.013020833333333334 0.037037037037037035
0 0.42578125 0.35138888888888886 0.0359375 0.0824074074074074
0 0.35494791666666664 0.3287037037037037 0.011979166666666667 0.03333333333333333
0 0.38619791666666664 0.3226851851851852 0.015104166666666667 0.049074074074074076
0 0.4265625 0.275 0.0125 0.020370370370370372
0 0.42864583333333334 0.22916666666666666 0.015625 0.030555555555555555
0 0.31171875 0.2351851851851852 0.018229166666666668 0.02962962962962963
0 0.3684895833333333 0.2462962962962963 0.0140625 0.024074074074074074
0 0.44140625 0.16435185185185186 0.0109375 0.04722222222222222
0 0.34270833333333334 0.5208333333333334 0.035416666666666666 0.06574074074074074
0 0.3885416666666667 0.5967592592592592 0.017708333333333333 0.03611111111111111
0 0.40260416666666665 0.5972222222222222 0.0125 0.027777777777777776
0 0.34296875 0.4564814814814815 0.009895833333333333 0.016666666666666666
0 0.3966145833333333 0.41944444444444445 0.0067708333333333336 0.022222222222222223
0 0.2864583333333333 0.7384259259259259 0.022916666666666665 0.06944444444444445
0 0.3645833333333333 0.7027777777777777 0.016666666666666666 0.03148148148148148
0 0.334375 0.8194444444444444 0.017708333333333333 0.03148148148148148
0 0.36354166666666665 0.7851851851851852 0.010416666666666666 0.02962962962962963
0 0.32369791666666664 0.6138888888888889 0.013020833333333334 0.025925925925925925
0 0.3502604166666667 0.9152777777777777 0.0171875 0.07314814814814814
0 0.31015625 0.9148148148148149 0.016145833333333335 0.025925925925925925
0 0.3145833333333333 0.9712962962962963 0.013541666666666667 0.025925925925925925
0 0.34322916666666664 0.9782407407407407 0.0125 0.025
0 0.3606770833333333 0.9833333333333333 0.013020833333333334 0.020370370370370372
0 0.41328125 0.8921296296296296 0.028645833333333332 0.05277777777777778
0 0.6223958333333334 0.9787037037037037 0.03229166666666667 0.03333333333333333
0 0.5799479166666667 0.6523148148148148 0.005729166666666666 0.058333333333333334
0 0.6046875 0.8175925925925925 0.009375 0.018518518518518517
0 0.39010416666666664 0.9652777777777778 0.009375 0.023148148148148147
0 0.40859375 0.8310185185185185 0.008854166666666666 0.04722222222222222
0 0.8901041666666667 0.8837962962962963 0.010416666666666666 0.030555555555555555
0 0.96484375 0.7236111111111111 0.0171875 0.06388888888888888
0 0.8755208333333333 0.5324074074074074 0.028125 0.06296296296296296
0 0.8190104166666666 0.44305555555555554 0.011979166666666667 0.028703703703703703
0 0.9057291666666667 0.48333333333333334 0.0125 0.053703703703703705
0 0.9643229166666667 0.6083333333333333 0.005729166666666666 0.022222222222222223
0 0.5122395833333333 0.5777777777777777 0.0067708333333333336 0.025925925925925925
0 0.36041666666666666 0.1638888888888889 0.011458333333333333 0.014814814814814815
0 0.36770833333333336 0.55 0.008333333333333333 0.018518518518518517
0 0.33567708333333335 0.3143518518518518 0.0067708333333333336 0.013888888888888888
1 0.5048580729166666 0.44749722222222227 0.9899244791666667 0.8949944444444445
0 0.19423463541666666 0.8064541666666667 0.010344270833333334 0.03698240740740741
0 0.21349817708333332 0.7203106481481482 0.012413020833333333 0.03691759259259259
0 0.4228661458333333 0.6439078703703703 0.035315624999999996 0.08226018518518519
0 0.35164661458333335 0.6623986111111111 0.0116265625 0.03405648148148148
0 0.38283541666666665 0.6698925925925926 0.014629166666666667 0.049044444444444446
0 0.4223919270833333 0.7205416666666666 0.0124921875 0.020712962962962964
0 0.42335104166666665 0.7663236111111111 0.015452083333333333 0.030795370370370372
0 0.30669583333333333 0.7534523148148149 0.018600000000000002 0.02912685185185185
0 0.36343151041666666 0.7451851851851852 0.014363020833333334 0.023703703703703706
0 0.434859375 0.8318171296296296 0.011385416666666667 0.046967592592592596
0 0.34330937499999997 0.46967731481481484 0.035577083333333336 0.06528055555555555
0 0.39023515625 0.39590324074074074 0.0179703125 0.03625092592592593
0 0.4042265625 0.3970847222222222 0.012619791666666666 0.02750277777777778
0 0.34240859375 0.533312037037037 0.0098171875 0.016624074074074076
0 0.39515911458333336 0.5739703703703704 0.006984895833333333 0.022014814814814813
0 0.2910143229166666 0.24808425925925925 0.021611979166666666 0.07024259259259259
0 0.3688268229166667 0.2888791666666667 0.0168203125 0.03146203703703704
0 0.3406286458333333 0.1701023148148148 0.017715625000000002 0.03094537037037037
0 0.36906770833333336 0.20658564814814817 0.010010416666666666 0.029837962962962965
0 0.32587734375 0.37478194444444446 0.013213020833333334 0.025489814814814816
0 0.35831588541666665 0.0762050925925926 0.016631770833333333 0.07278055555555556
0 0.3186481770833333 0.07371064814814815 0.016463020833333335 0.025199074074074075
0 0.32405416666666664 0.017487962962962962 0.013733333333333332 0.02571666666666667
0 0.35282760416666664 0.012359722222222222 0.012946875 0.024719444444444443
0 0.3700934895833334 0.009143055555555555 0.013103645833333333 0.01828611111111111
0 0.4208278645833333 0.10309537037037038 0.029155729166666665 0.05248703703703704
0 0.6318609375 0.02928009259259259 0.032471875 0.03263425925925926
0 0.5825684895833334 0.35232916666666664 0.005761979166666667 0.05836203703703704
0 0.6110528645833334 0.1890449074074074 0.009605729166666667 0.018830555555555555
0 0.39900104166666667 0.027991203703703702 0.009460416666666667 0.02264907407407407
0 0.4150138020833333 0.16342777777777778 0.009194270833333332 0.04722592592592592
0 0.89725625 0.14038148148148147 0.010137499999999999 0.03076296296296296
0 0.9687661458333333 0.3050731481481481 0.017740625 0.06385
0 0.8756786458333334 0.49070555555555556 0.027398958333333334 0.0628925925925926
0 0.8179286458333334 0.5764287037037037 0.011898958333333333 0.02878333333333333
0 0.9055255208333333 0.5419898148148149 0.012092708333333334 0.05435
0 0.9662955729166666 0.42046064814814815 0.0055078125 0.02240277777777778
0 0.5135908854166666 0.423237037037037 0.0063484375 0.026103703703703705
0 0.35372421875 0.8276115740740742 0.011615104166666666 0.014482407407407407
0 0.36880208333333336 0.4416611111111111 0.008437499999999999 0.018507407407407406
0 0.3320109375 0.6755393518518519 0.006730208333333334 0.014041666666666666
1 0.50397421875 0.45413796296296294 0.9923234375 0.9082759259259259
0 0.17517630208333335 0.7376625 0.0118109375 0.036436111111111114
0 0.2002578125 0.6560361111111112 0.011973958333333333 0.036146296296296294
0 0.4131671875 0.6265902777777778 0.03362604166666667 0.08095833333333334
0 0.34159609375 0.6292384259259259 0.011317187499999999 0.03625462962962963
0 0.37086588541666665 0.6419268518518518 0.0146484375 0.048668518518518514
0 0.4077635416666666 0.7015972222222222 0.012402083333333334 0.02171296296296296
0 0.40526640625 0.7480763888888889 0.014699479166666666 0.03133796296296296
0 0.2911078125 0.7092375 0.019715625 0.027734259259259257
0 0.34774140625 0.7138699074074074 0.015274479166666667 0.022184259259259258
0 0.4131932291666667 0.8154060185185186 0.012844791666666666 0.045626851851851856
0 0.34602265625 0.43522777777777777 0.0357953125 0.06304814814814814
0 0.39804817708333334 0.372825 0.019013020833333335 0.03639074074074074
0 0.4116666666666667 0.3771495370370371 0.012916666666666667 0.026521296296296296
0 0.34127890625 0.49916620370370374 0.009641145833333333 0.01685092592592593
0 0.39133255208333334 0.5512805555555556 0.007665104166666667 0.02107962962962963
0 0.3103283854166667 0.20510787037037037 0.017531770833333335 0.0731787037037037
0 0.38411822916666666 0.26184305555555554 0.017194791666666667 0.03109351851851852
0 0.36470598958333333 0.13858425925925924 0.01795364583333333 0.02902037037037037
0 0.39028203125 0.1808800925925926 0.0086890625 0.030278703703703704
0 0.33604505208333335 0.33778796296296293 0.013756770833333333 0.023724074074074075
0 0.3880411458333333 0.048362499999999996 0.017748958333333335 0.07079907407407407
0 0.3493598958333333 0.037285185185185185 0.017469791666666668 0.02271851851851852
0 0.44918203125 0.08849722222222223 0.030655729166666666 0.05106851851851852
0 0.6632700520833333 0.06031111111111111 0.03279010416666667 0.02988148148148148
0 0.5910481770833333 0.37247083333333336 0.008138020833333334 0.057904629629629625
0 0.6312010416666667 0.215425 0.01031875 0.01973888888888889
0 0.4322609375 0.010152777777777778 0.010355208333333334 0.020305555555555556
0 0.43832161458333335 0.14746712962962963 0.012059895833333334 0.04678611111111111
0 0.9186067708333333 0.22948564814814815 0.010130208333333333 0.03119351851851852
0 0.9774591145833333 0.4065509259259259 0.0195015625 0.06310185185185185
0 0.8730583333333333 0.5725134259259259 0.02528333333333333 0.06354537037037038
0 0.8104403645833334 0.6449481481481482 0.011505729166666668 0.028785185185185184
0 0.9000684895833333 0.6289680555555555 0.010553645833333335 0.05608425925925926
0 0.9685958333333333 0.5225199074074074 0.0049 0.022817592592592594
0 0.5192109375 0.42620092592592596 0.0050885416666666666 0.026475925925925927
0 0.33258776041666666 0.7927032407407407 0.012050520833333333 0.01318425925925926
0 0.3731098958333333 0.41470092592592595 0.008719791666666667 0.018290740740740743
0 0.32098567708333337 0.6377763888888889 0.006554687500000001 0.014441666666666667
