1 0.5 0.44840185185185183 1.0 0.8968037037037037
0 0.24713229166666667 0.6617597222222222 0.00468125 0.012408333333333334
0 0.9427455729166667 0.6524787037037038 0.0052828125 0.00866111111111111
0 0.16636145833333332 0.3609606481481481 0.005639583333333333 0.007106481481481481
1 0.5 0.47950046296296295 1.0 0.9590009259259259
0 0.7666497395833333 0.56435 0.005174479166666667 0.012033333333333333
0 0.08476953125 0.8128675925925927 0.004955729166666667 0.007216666666666666
0 0.8102432291666666 0.24112962962962964 0.0059031249999999995 0.008185185185185184
1 0.5002604166666667 0.5513888888888889 0.9994791666666667 0.8972222222222223
0 0.7575520833333333 0.3625 0.0046875 0.012037037037037037
0 0.0625 0.30694444444444446 0.005208333333333333 0.008333333333333333
0 0.82890625 0.6694444444444444 0.005729166666666666 0.007407407407407408
1 0.5 0.44840185185185183 1.0 0.8968037037037037
0 0.24713229166666667 0.6617597222222222 0.00468125 0.012408333333333334
0 0.9427455729166667 0.6524787037037038 0.0052828125 0.00866111111111111
0 0.16636145833333332 0.3609606481481481 0.005639583333333333 0.007106481481481481
1 0.5 0.47950046296296295 1.0 0.9590009259259259
0 0.7666497395833333 0.56435 0.005174479166666667 0.012033333333333333
0 0.08476953125 0.8128675925925927 0.004955729166666667 0.007216666666666666
0 0.8102432291666666 0.24112962962962964 0.0059031249999999995 0.008185185185185184
1 0.5002604166666667 0.5513888888888889 0.9994791666666667 0.8972222222222223
0 0.7575520833333333 0.3625 0.0046875 0.012037037037037037
0 0.0625 0.30694444444444446 0.005208333333333333 0.008333333333333333
0 0.82890625 0.6694444444444444 0.005729166666666666 0.007407407407407408
1 0.5 0.44840185185185183 1.0 0.8968037037037037
0 0.24713229166666667 0.6617597222222222 0.00468125 0.012408333333333334
0 0.9427455729166667 0.6524787037037038 0.0052828125 0.00866111111111111
0 0.16636145833333332 0.3609606481481481 0.005639583333333333 0.007106481481481481
1 0.5 0.47950046296296295 1.0 0.9590009259259259
0 0.7666497395833333 0.56435 0.005174479166666667 0.012033333333333333
0 0.08476953125 0.8128675925925927 0.004955729166666667 0.007216666666666666
0 0.8102432291666666 0.24112962962962964 0.0059031249999999995 0.008185185185185184
1 0.5002604166666667 0.5513888888888889 0.9994791666666667 0.8972222222222223
0 0.7575520833333333 0.3625 0.0046875 0.012037037037037037
0 0.0625 0.30694444444444446 0.005208333333333333 0.008333333333333333
0 0.82890625 0.6694444444444444 0.005729166666666666 0.007407407407407408
