1 0.5 0.47770000000000007 1.0 0.9554000000000001
0 0.38065625000000003 0.6162865740740742 0.0113125 0.034425000000000004
0 0.5619585937499999 0.7895319444444444 0.03225052083333333 0.012397222222222221
0 0.6385395833333334 0.7174111111111111 0.023954166666666665 0.05334074074074074
0 0.6168726562500001 0.8155773148148148 0.0087453125 0.014487962962962963
0 0.6985130208333333 0.7092787037037037 0.016817708333333334 0.024112962962962965
0 0.5005059895833334 0.38673703703703705 0.017678645833333333 0.017918518518518518
0 0.3218346354166667 0.44398796296296295 0.0197109375 0.019457407407407406
0 0.3040361979166667 0.13081944444444443 0.0122390625 0.02089814814814815
0 0.70984453125 0.4621560185185185 0.0103140625 0.024312037037037038
0 0.8914164062500001 0.47847870370370366 0.011999479166666667 0.01992037037037037
0 0.8983135416666667 0.31236898148148146 0.00704375 0.02103425925925926
0 0.9389552083333333 0.34849166666666664 0.006035416666666666 0.015501851851851853
0 0.96897109375 0.334712962962963 0.0066921875 0.024981481481481483
0 0.4015796875 0.06344027777777778 0.01670104166666667 0.04910277777777778
1 0.5 0.5143032407407407 1.0 0.971199074074074
0 0.36582291666666666 0.4552013888888889 0.014979166666666667 0.028921296296296296
0 0.5090109375 0.19078425925925926 0.02948020833333333 0.026012962962962963
0 0.5944666666666667 0.21633194444444445 0.02851666666666667 0.04933055555555556
0 0.5560979166666667 0.1352162037037037 0.009070833333333334 0.014876851851851851
0 0.6522723958333334 0.19273842592592594 0.016003125 0.028069444444444445
0 0.5206236979166666 0.6083601851851852 0.018330729166666667 0.011164814814814815
0 0.3401044270833333 0.6511967592592592 0.0197921875 0.015356481481481483
0 0.37787473958333334 0.9608523148148147 0.014082812500000002 0.018000925925925924
0 0.7066874999999999 0.4216166666666667 0.011291666666666667 0.022862962962962963
0 0.8761916666666667 0.30550694444444443 0.008633333333333333 0.02397685185185185
0 0.9118552083333333 0.45773935185185183 0.00704375 0.02103425925925926
0 0.9432809895833334 0.4029037037037037 0.0073953125 0.015066666666666666
0 0.974653125 0.39923842592592595 0.007639583333333333 0.024402777777777777
0 0.48287109375 0.9679592592592592 0.019908854166666667 0.04702962962962963
1 0.49973958333333335 0.537962962962963 0.9994791666666667 0.9222222222222223
0 0.37161458333333336 0.4185185185185185 0.013020833333333334 0.03148148148148148
0 0.5359375 0.19675925925925927 0.03125 0.019444444444444445
0 0.61796875 0.2462962962962963 0.0265625 0.05185185185185185
0 0.5872395833333334 0.15555555555555556 0.008854166666666666 0.014814814814814815
0 0.6776041666666667 0.2388888888888889 0.015625 0.025925925925925925
0 0.5106770833333333 0.611574074074074 0.018229166666666668 0.013888888888888888
0 0.32864583333333336 0.6060185185185185 0.019791666666666666 0.01574074074074074
0 0.33932291666666664 0.9194444444444444 0.013020833333333334 0.018518518518518517
0 0.7106770833333333 0.4791666666666667 0.0109375 0.023148148148148147
0 0.8885416666666667 0.41203703703703703 0.010416666666666666 0.022222222222222223
0 0.9104166666666667 0.5736111111111111 0.00625 0.021296296296296296
0 0.9466145833333334 0.5277777777777778 0.0067708333333333336 0.014814814814814815
0 0.9776041666666667 0.5328703703703703 0.00625 0.025
0 0.44140625 0.9578703703703704 0.018229166666666668 0.04722222222222222
1 0.5 0.47770000000000007 1.0 0.9554000000000001
0 0.38065625000000003 0.6162865740740742 0.0113125 0.034425000000000004
0 0.5619585937499999 0.7895319444444444 0.03225052083333333 0.012397222222222221
0 0.6385395833333334 0.7174111111111111 0.023954166666666665 0.05334074074074074
0 0.6168726562500001 0.8155773148148148 0.0087453125 0.014487962962962963
0 0.6985130208333333 0.7092787037037037 0.016817708333333334 0.024112962962962965
0 0.5005059895833334 0.38673703703703705 0.017678645833333333 0.017918518518518518
0 0.3218346354166667 0.44398796296296295 0.0197109375 0.019457407407407406
0 0.3040361979166667 0.13081944444444443 0.0122390625 0.02089814814814815
0 0.70984453125 0.4621560185185185 0.0103140625 0.024312037037037038
0 0.8914164062500001 0.47847870370370366 0.011999479166666667 0.01992037037037037
0 0.8983135416666667 0.31236898148148146 0.00704375 0.02103425925925926
0 0.9389552083333333 0.34849166666666664 0.006035416666666666 0.015501851851851853
0 0.96897109375 0.334712962962963 0.0066921875 0.024981481481481483
0 0.4015796875 0.06344027777777778 0.01670104166666667 0.04910277777777778
1 0.5 0.5143032407407407 1.0 0.971199074074074
0 0.36582291666666666 0.4552013888888889 0.014979166666666667 0.028921296296296296
0 0.5090109375 0.19078425925925926 0.02948020833333333 0.026012962962962963
0 0.5944666666666667 0.21633194444444445 0.02851666666666667 0.04933055555555556
0 0.5560979166666667 0.1352162037037037 0.009070833333333334 0.014876851851851851
0 0.6522723958333334 0.19273842592592594 0.016003125 0.028069444444444445
0 0.5206236979166666 0.6083601851851852 0.018330729166666667 0.011164814814814815
0 0.3401044270833333 0.6511967592592592 0.0197921875 0.015356481481481483
0 0.37787473958333334 0.9608523148148147 0.014082812500000002 0.018000925925925924
0 0.7066874999999999 0.4216166666666667 0.011291666666666667 0.022862962962962963
0 0.8761916666666667 0.30550694444444443 0.008633333333333333 0.02397685185185185
0 0.9118552083333333 0.45773935185185183 0.00704375 0.02103425925925926
0 0.9432809895833334 0.4029037037037037 0.0073953125 0.015066666666666666
0 0.974653125 0.39923842592592595 0.007639583333333333 0.024402777777777777
0 0.48287109375 0.9679592592592592 0.019908854166666667 0.04702962962962963
1 0.49973958333333335 0.537962962962963 0.9994791666666667 0.9222222222222223
0 0.37161458333333336 0.4185185185185185 0.013020833333333334 0.03148148148148148
0 0.5359375 0.19675925925925927 0.03125 0.019444444444444445
0 0.61796875 0.2462962962962963 0.0265625 0.05185185185185185
0 0.5872395833333334 0.15555555555555556 0.008854166666666666 0.014814814814814815
0 0.6776041666666667 0.2388888888888889 0.015625 0.025925925925925925
0 0.5106770833333333 0.611574074074074 0.018229166666666668 0.013888888888888888
0 0.32864583333333336 0.6060185185185185 0.019791666666666666 0.01574074074074074
0 0.33932291666666664 0.9194444444444444 0.013020833333333334 0.018518518518518517
0 0.7106770833333333 0.4791666666666667 0.0109375 0.023148148148148147
0 0.8885416666666667 0.41203703703703703 0.010416666666666666 0.022222222222222223
0 0.9104166666666667 0.5736111111111111 0.00625 0.021296296296296296
0 0.9466145833333334 0.5277777777777778 0.0067708333333333336 0.014814814814814815
0 0.9776041666666667 0.5328703703703703 0.00625 0.025
0 0.44140625 0.9578703703703704 0.018229166666666668 0.04722222222222222
1 0.5 0.47770000000000007 1.0 0.9554000000000001
0 0.38065625000000003 0.6162865740740742 0.0113125 0.034425000000000004
0 0.5619585937499999 0.7895319444444444 0.03225052083333333 0.012397222222222221
0 0.6385395833333334 0.7174111111111111 0.023954166666666665 0.05334074074074074
0 0.6168726562500001 0.8155773148148148 0.0087453125 0.014487962962962963
0 0.6985130208333333 0.7092787037037037 0.016817708333333334 0.024112962962962965
0 0.5005059895833334 0.38673703703703705 0.017678645833333333 0.017918518518518518
0 0.3218346354166667 0.44398796296296295 0.0197109375 0.019457407407407406
0 0.3040361979166667 0.13081944444444443 0.0122390625 0.02089814814814815
0 0.70984453125 0.4621560185185185 0.0103140625 0.024312037037037038
0 0.8914164062500001 0.47847870370370366 0.011999479166666667 0.01992037037037037
0 0.8983135416666667 0.31236898148148146 0.00704375 0.02103425925925926
0 0.9389552083333333 0.34849166666666664 0.006035416666666666 0.015501851851851853
0 0.96897109375 0.334712962962963 0.0066921875 0.024981481481481483
0 0.4015796875 0.06344027777777778 0.01670104166666667 0.04910277777777778
1 0.5 0.5143032407407407 1.0 0.971199074074074
0 0.36582291666666666 0.4552013888888889 0.014979166666666667 0.028921296296296296
0 0.5090109375 0.19078425925925926 0.02948020833333333 0.026012962962962963
0 0.5944666666666667 0.21633194444444445 0.02851666666666667 0.04933055555555556
0 0.5560979166666667 0.1352162037037037 0.009070833333333334 0.014876851851851851
0 0.6522723958333334 0.19273842592592594 0.016003125 0.028069444444444445
0 0.5206236979166666 0.6083601851851852 0.018330729166666667 0.011164814814814815
0 0.3401044270833333 0.6511967592592592 0.0197921875 0.015356481481481483
0 0.37787473958333334 0.9608523148148147 0.014082812500000002 0.018000925925925924
0 0.7066874999999999 0.4216166666666667 0.011291666666666667 0.022862962962962963
0 0.8761916666666667 0.30550694444444443 0.008633333333333333 0.02397685185185185
0 0.9118552083333333 0.45773935185185183 0.00704375 0.02103425925925926
0 0.9432809895833334 0.4029037037037037 0.0073953125 0.015066666666666666
0 0.974653125 0.39923842592592595 0.007639583333333333 0.024402777777777777
0 0.48287109375 0.9679592592592592 0.019908854166666667 0.04702962962962963
1 0.49973958333333335 0.537962962962963 0.9994791666666667 0.9222222222222223
0 0.37161458333333336 0.4185185185185185 0.013020833333333334 0.03148148148148148
0 0.5359375 0.19675925925925927 0.03125 0.019444444444444445
0 0.61796875 0.2462962962962963 0.0265625 0.05185185185185185
0 0.5872395833333334 0.15555555555555556 0.008854166666666666 0.014814814814814815
0 0.6776041666666667 0.2388888888888889 0.015625 0.025925925925925925
0 0.5106770833333333 0.611574074074074 0.018229166666666668 0.013888888888888888
0 0.32864583333333336 0.6060185185185185 0.019791666666666666 0.01574074074074074
0 0.33932291666666664 0.9194444444444444 0.013020833333333334 0.018518518518518517
0 0.7106770833333333 0.4791666666666667 0.0109375 0.023148148148148147
0 0.8885416666666667 0.41203703703703703 0.010416666666666666 0.022222222222222223
0 0.9104166666666667 0.5736111111111111 0.00625 0.021296296296296296
0 0.9466145833333334 0.5277777777777778 0.0067708333333333336 0.014814814814814815
0 0.9776041666666667 0.5328703703703703 0.00625 0.025
0 0.44140625 0.9578703703703704 0.018229166666666668 0.04722222222222222
