1 0.5 0.4573023148148148 1.0 0.9146046296296296
0 0.366215625 0.7241564814814814 0.02930625 0.10757222222222222
0 0.9166260416666667 0.4888504629629629 0.012418750000000001 0.04992314814814815
1 0.5 0.5353481481481481 1.0 0.9299555555555555
0 0.3615364583333333 0.2847472222222222 0.03036458333333333 0.10653148148148148
0 0.9168546875000001 0.484387962962963 0.011834375000000001 0.0502574074074074
1 0.49973958333333335 0.5518518518518518 0.9994791666666667 0.8944444444444445
0 0.6244791666666667 0.25925925925925924 0.027083333333333334 0.10925925925925926
0 0.08489583333333334 0.5625 0.013541666666666667 0.049074074074074076
1 0.5 0.4573023148148148 1.0 0.9146046296296296
0 0.366215625 0.7241564814814814 0.02930625 0.10757222222222222
0 0.9166260416666667 0.4888504629629629 0.012418750000000001 0.04992314814814815
1 0.5 0.5353481481481481 1.0 0.9299555555555555
0 0.3615364583333333 0.2847472222222222 0.03036458333333333 0.10653148148148148
0 0.9168546875000001 0.484387962962963 0.011834375000000001 0.0502574074074074
1 0.49973958333333335 0.5518518518518518 0.9994791666666667 0.8944444444444445
0 0.6244791666666667 0.25925925925925924 0.027083333333333334 0.10925925925925926
0 0.08489583333333334 0.5625 0.013541666666666667 0.049074074074074076
1 0.5 0.4573023148148148 1.0 0.9146046296296296
0 0.366215625 0.7241564814814814 0.02930625 0.10757222222222222
0 0.9166260416666667 0.4888504629629629 0.012418750000000001 0.04992314814814815
1 0.5 0.5353481481481481 1.0 0.9299555555555555
0 0.3615364583333333 0.2847472222222222 0.03036458333333333 0.10653148148148148
0 0.9168546875000001 0.484387962962963 0.011834375000000001 0.0502574074074074
1 0.49973958333333335 0.5518518518518518 0.9994791666666667 0.8944444444444445
0 0.6244791666666667 0.25925925925925924 0.027083333333333334 0.10925925925925926
0 0.08489583333333334 0.5625 0.013541666666666667 0.049074074074074076
