1 0.5109375 0.5208333333333334 0.9770833333333333 0.9583333333333334
0 0.31875 0.1439814814814815 0.015625 0.03425925925925926
0 0.32005208333333335 0.5796296296296296 0.0296875 0.03148148148148148
0 0.37161458333333336 0.7430555555555556 0.009895833333333333 0.028703703703703703
0 0.41744791666666664 0.7398148148148148 0.0109375 0.020370370370370372
0 0.48072916666666665 0.30972222222222223 0.007291666666666667 0.010185185185185186
0 0.51015625 0.3125 0.0171875 0.025
0 0.50859375 0.28888888888888886 0.030729166666666665 0.027777777777777776
0 0.36744791666666665 0.4462962962962963 0.022395833333333334 0.011111111111111112
0 0.40338541666666666 0.43703703703703706 0.0078125 0.020370370370370372
0 0.47942708333333334 0.10833333333333334 0.04739583333333333 0.09444444444444444
0 0.4317708333333333 0.16574074074074074 0.014583333333333334 0.022222222222222223
0 0.6375 0.3226851851851852 0.022916666666666665 0.05092592592592592
0 0.6838541666666667 0.3148148148148148 0.027083333333333334 0.044444444444444446
0 0.5807291666666666 0.3509259259259259 0.019791666666666666 0.04814814814814815
0 0.7565104166666666 0.7736111111111111 0.04010416666666667 0.07314814814814814
0 0.4171875 0.3527777777777778 0.005208333333333333 0.007407407407407408
0 0.6190104166666667 0.12546296296296297 0.0078125 0.01574074074074074
0 0.7609375 0.10601851851851851 0.007291666666666667 0.021296296296296296
0 0.86015625 0.16712962962962963 0.0171875 0.021296296296296296
0 0.4276041666666667 0.9300925925925926 0.019791666666666666 0.03425925925925926
0 0.44765625 0.9541666666666667 0.016145833333333335 0.023148148148148147
0 0.5309895833333333 0.8398148148148148 0.011979166666666667 0.02962962962962963
0 0.7869791666666667 0.9879629629629629 0.013541666666666667 0.022222222222222223
0 0.9736979166666667 0.2777777777777778 0.0171875 0.08148148148148149
0 0.98125 0.3138888888888889 0.00625 0.012962962962962963
0 0.9614583333333333 0.5694444444444444 0.034375 0.08888888888888889
0 0.99296875 0.6805555555555556 0.013020833333333334 0.02962962962962963
0 0.66015625 0.9731481481481481 0.011979166666666667 0.03518518518518519
0 0.8174479166666667 0.8023148148148148 0.0203125 0.05462962962962963
0 0.9276041666666667 0.9347222222222222 0.008333333333333333 0.01574074074074074
0 0.9513020833333333 0.9287037037037037 0.011979166666666667 0.018518518518518517
0 0.8372395833333334 0.8967592592592593 0.0067708333333333336 0.010185185185185186
0 0.5731770833333333 0.8939814814814815 0.005729166666666666 0.019444444444444445
1 0.49040625000000004 0.5003444444444444 0.9808125000000001 0.998837037037037
0 0.6485450520833334 0.09704398148148148 0.015840104166666667 0.032976851851851854
0 0.6846388020833333 0.5269606481481481 0.0276109375 0.035402777777777776
0 0.6475570312500001 0.7041847222222222 0.009697395833333334 0.028739814814814815
0 0.6028125000000001 0.7133444444444444 0.010833333333333334 0.021133333333333334
0 0.5023963541666666 0.3062300925925926 0.006876041666666667 0.008756481481481481
0 0.47331562499999996 0.31774120370370373 0.017464583333333332 0.022519444444444446
0 0.4725078125 0.2939125 0.030432291666666667 0.03226944444444444
0 0.6263184895833334 0.41030833333333333 0.021386979166666667 0.016912962962962963
0 0.5899411458333332 0.4111462962962963 0.005923958333333334 0.022292592592592593
0 0.48488203125 0.11002268518518518 0.048930729166666666 0.0922675925925926
0 0.5387283854166667 0.15096111111111113 0.013915104166666666 0.022292592592592593
0 0.3485578125 0.3636462962962963 0.020032291666666667 0.051366666666666665
0 0.3020796875 0.3683328703703704 0.027076041666666665 0.045924999999999994
0 0.40696041666666666 0.37471481481481483 0.023295833333333335 0.04572592592592593
0 0.2706518229166666 0.8427912037037038 0.04026197916666666 0.06891574074074074
0 0.5685828125000001 0.33105092592592594 0.0048739583333333334 0.006546296296296297
0 0.34932083333333336 0.16262037037037036 0.008016666666666667 0.015981481481481482
0 0.20789869791666668 0.18409953703703702 0.008505729166666667 0.021902777777777778
0 0.11507265625 0.27139537037037037 0.018686979166666666 0.018716666666666666
0 0.6092299479166667 0.905300462962963 0.021584895833333333 0.03282314814814814
0 0.5915106770833333 0.9348694444444444 0.0163546875 0.023442592592592595
0 0.49837578125 0.8450930555555556 0.0123765625 0.029075
0 0.012204947916666665 0.41311296296296296 0.017118229166666665 0.08178148148148148
0 0.0084984375 0.4497185185185185 0.006580208333333334 0.01425185185185185
0 0.05161536458333334 0.6967009259259259 0.03448072916666667 0.08229074074074073
0 0.029038541666666664 0.8151962962962963 0.014327083333333332 0.02854074074074074
0 0.21310989583333334 0.8866981481481482 0.024136458333333333 0.049322222222222226
0 0.20198489583333332 0.9857800925925925 0.007094791666666667 0.010449074074074074
0 0.46232656250000004 0.9096023148148148 0.0059031249999999995 0.01920462962962963
1 0.5095377604166667 0.49591435185185184 0.9805338541666667 0.9918287037037037
0 0.348021875 0.8979291666666667 0.015835416666666668 0.03289537037037037
0 0.31550078125 0.4672976851851852 0.0278765625 0.03459537037037037
0 0.3542575520833333 0.2911856481481482 0.009556770833333334 0.028667592592592592
0 0.3991208333333333 0.28275925925925927 0.010741666666666667 0.021074074074074075
0 0.49565286458333335 0.6933518518518519 0.006930729166666667 0.008925925925925926
0 0.5248734374999999 0.6836342592592592 0.017455208333333336 0.022824074074074073
0 0.5251471354166667 0.7066208333333333 0.030502604166666666 0.03176018518518519
0 0.3727419270833333 0.5859208333333333 0.021525520833333332 0.01628611111111111
0 0.4093208333333333 0.5860523148148148 0.006141666666666667 0.02210462962962963
0 0.5113888020833334 0.8907560185185185 0.04881927083333334 0.09262314814814815
0 0.4580447916666667 0.8480893518518519 0.01400625 0.02210462962962963
0 0.65020625 0.6413277777777778 0.02020416666666667 0.05117407407407407
0 0.69688828125 0.6377226851851852 0.027109895833333335 0.04581574074074074
0 0.5916750000000001 0.6275523148148148 0.02293333333333333 0.04584537037037037
0 0.732646875 0.16436574074074073 0.04029375 0.06947222222222223
0 0.4295171875 0.666236574074074 0.004867708333333333 0.006547222222222222
0 0.64772265625 0.8413203703703703 0.007945312500000001 0.015974074074074075
0 0.7890861979166667 0.8257458333333334 0.008380729166666667 0.021862037037037037
0 0.88270859375 0.7409949074074074 0.018542187499999998 0.01902685185185185
0 0.3945598958333333 0.09151203703703703 0.021411458333333334 0.033024074074074074
0 0.4128630208333333 0.0626449074074074 0.016351041666666667 0.023437962962962963
0 0.50458203125 0.155275 0.0122890625 0.029068518518518518
0 0.98658203125 0.6020351851851852 0.0169140625 0.08184814814814814
0 0.9907757812500001 0.5653958333333334 0.0065515625 0.014125
0 0.95035625 0.3174893518518519 0.03404583333333333 0.08312685185185185
0 0.9737661458333334 0.1995337962962963 0.014198958333333334 0.02869722222222222
0 0.62256171875 0.004787037037037037 0.011790104166666667 0.009574074074074073
0 0.7905153645833334 0.12220925925925925 0.0237390625 0.049974074074074074
0 0.8024919270833333 0.02368287037037037 0.0070671875000000006 0.010328703703703703
0 0.5414869791666667 0.09203518518518518 0.005890625 0.019255555555555554
1 0.5109375 0.5208333333333334 0.9770833333333333 0.9583333333333334
0 0.31875 0.1439814814814815 0.015625 0.03425925925925926
0 0.32005208333333335 0.5796296296296296 0.0296875 0.03148148148148148
0 0.37161458333333336 0.7430555555555556 0.009895833333333333 0.028703703703703703
0 0.41744791666666664 0.7398148148148148 0.0109375 0.020370370370370372
0 0.48072916666666665 0.30972222222222223 0.007291666666666667 0.010185185185185186
0 0.51015625 0.3125 0.0171875 0.025
0 0.50859375 0.28888888888888886 0.030729166666666665 0.027777777777777776
0 0.36744791666666665 0.4462962962962963 0.022395833333333334 0.011111111111111112
0 0.40338541666666666 0.43703703703703706 0.0078125 0.020370370370370372
0 0.47942708333333334 0.10833333333333334 0.04739583333333333 0.09444444444444444
0 0.4317708333333333 0.16574074074074074 0.014583333333333334 0.022222222222222223
0 0.6375 0.3226851851851852 0.022916666666666665 0.05092592592592592
0 0.6838541666666667 0.3148148148148148 0.027083333333333334 0.044444444444444446
0 0.5807291666666666 0.3509259259259259 0.019791666666666666 0.04814814814814815
0 0.7565104166666666 0.7736111111111111 0.04010416666666667 0.07314814814814814
0 0.4171875 0.3527777777777778 0.005208333333333333 0.007407407407407408
0 0.6190104166666667 0.12546296296296297 0.0078125 0.01574074074074074
0 0.7609375 0.10601851851851851 0.007291666666666667 0.021296296296296296
0 0.86015625 0.16712962962962963 0.0171875 0.021296296296296296
0 0.4276041666666667 0.9300925925925926 0.019791666666666666 0.03425925925925926
0 0.44765625 0.9541666666666667 0.016145833333333335 0.023148148148148147
0 0.5309895833333333 0.8398148148148148 0.011979166666666667 0.02962962962962963
0 0.7869791666666667 0.9879629629629629 0.013541666666666667 0.022222222222222223
0 0.9736979166666667 0.2777777777777778 0.0171875 0.08148148148148149
0 0.98125 0.3138888888888889 0.00625 0.012962962962962963
0 0.9614583333333333 0.5694444444444444 0.034375 0.08888888888888889
0 0.99296875 0.6805555555555556 0.013020833333333334 0.02962962962962963
0 0.66015625 0.9731481481481481 0.011979166666666667 0.03518518518518519
0 0.8174479166666667 0.8023148148148148 0.0203125 0.05462962962962963
0 0.9276041666666667 0.9347222222222222 0.008333333333333333 0.01574074074074074
0 0.9513020833333333 0.9287037037037037 0.011979166666666667 0.018518518518518517
0 0.8372395833333334 0.8967592592592593 0.0067708333333333336 0.010185185185185186
0 0.5731770833333333 0.8939814814814815 0.005729166666666666 0.019444444444444445
1 0.49040625000000004 0.5003444444444444 0.9808125000000001 0.998837037037037
0 0.6485450520833334 0.09704398148148148 0.015840104166666667 0.032976851851851854
0 0.6846388020833333 0.5269606481481481 0.0276109375 0.035402777777777776
0 0.6475570312500001 0.7041847222222222 0.009697395833333334 0.028739814814814815
0 0.6028125000000001 0.7133444444444444 0.010833333333333334 0.021133333333333334
0 0.5023963541666666 0.3062300925925926 0.006876041666666667 0.008756481481481481
0 0.47331562499999996 0.31774120370370373 0.017464583333333332 0.022519444444444446
0 0.4725078125 0.2939125 0.030432291666666667 0.03226944444444444
0 0.6263184895833334 0.41030833333333333 0.021386979166666667 0.016912962962962963
0 0.5899411458333332 0.4111462962962963 0.005923958333333334 0.022292592592592593
0 0.48488203125 0.11002268518518518 0.048930729166666666 0.0922675925925926
0 0.5387283854166667 0.15096111111111113 0.013915104166666666 0.022292592592592593
0 0.3485578125 0.3636462962962963 0.020032291666666667 0.051366666666666665
0 0.3020796875 0.3683328703703704 0.027076041666666665 0.045924999999999994
0 0.40696041666666666 0.37471481481481483 0.023295833333333335 0.04572592592592593
0 0.2706518229166666 0.8427912037037038 0.04026197916666666 0.06891574074074074
0 0.5685828125000001 0.33105092592592594 0.0048739583333333334 0.006546296296296297
0 0.34932083333333336 0.16262037037037036 0.008016666666666667 0.015981481481481482
0 0.20789869791666668 0.18409953703703702 0.008505729166666667 0.021902777777777778
0 0.11507265625 0.27139537037037037 0.018686979166666666 0.018716666666666666
0 0.6092299479166667 0.905300462962963 0.021584895833333333 0.03282314814814814
0 0.5915106770833333 0.9348694444444444 0.0163546875 0.023442592592592595
0 0.49837578125 0.8450930555555556 0.0123765625 0.029075
0 0.012204947916666665 0.41311296296296296 0.017118229166666665 0.08178148148148148
0 0.0084984375 0.4497185185185185 0.006580208333333334 0.01425185185185185
0 0.05161536458333334 0.6967009259259259 0.03448072916666667 0.08229074074074073
0 0.029038541666666664 0.8151962962962963 0.014327083333333332 0.02854074074074074
0 0.21310989583333334 0.8866981481481482 0.024136458333333333 0.049322222222222226
0 0.20198489583333332 0.9857800925925925 0.007094791666666667 0.010449074074074074
0 0.46232656250000004 0.9096023148148148 0.0059031249999999995 0.01920462962962963
1 0.5095377604166667 0.49591435185185184 0.9805338541666667 0.9918287037037037
0 0.348021875 0.8979291666666667 0.015835416666666668 0.03289537037037037
0 0.31550078125 0.4672976851851852 0.0278765625 0.03459537037037037
0 0.3542575520833333 0.2911856481481482 0.009556770833333334 0.028667592592592592
0 0.3991208333333333 0.28275925925925927 0.010741666666666667 0.021074074074074075
0 0.49565286458333335 0.6933518518518519 0.006930729166666667 0.008925925925925926
0 0.5248734374999999 0.6836342592592592 0.017455208333333336 0.022824074074074073
0 0.5251471354166667 0.7066208333333333 0.030502604166666666 0.03176018518518519
0 0.3727419270833333 0.5859208333333333 0.021525520833333332 0.01628611111111111
0 0.4093208333333333 0.5860523148148148 0.006141666666666667 0.02210462962962963
0 0.5113888020833334 0.8907560185185185 0.04881927083333334 0.09262314814814815
0 0.4580447916666667 0.8480893518518519 0.01400625 0.02210462962962963
0 0.65020625 0.6413277777777778 0.02020416666666667 0.05117407407407407
0 0.69688828125 0.6377226851851852 0.027109895833333335 0.04581574074074074
0 0.5916750000000001 0.6275523148148148 0.02293333333333333 0.04584537037037037
0 0.732646875 0.16436574074074073 0.04029375 0.06947222222222223
0 0.4295171875 0.666236574074074 0.004867708333333333 0.006547222222222222
0 0.64772265625 0.8413203703703703 0.007945312500000001 0.015974074074074075
0 0.7890861979166667 0.8257458333333334 0.008380729166666667 0.021862037037037037
0 0.88270859375 0.7409949074074074 0.018542187499999998 0.01902685185185185
0 0.3945598958333333 0.09151203703703703 0.021411458333333334 0.033024074074074074
0 0.4128630208333333 0.0626449074074074 0.016351041666666667 0.023437962962962963
0 0.50458203125 0.155275 0.0122890625 0.029068518518518518
0 0.98658203125 0.6020351851851852 0.0169140625 0.08184814814814814
0 0.9907757812500001 0.5653958333333334 0.0065515625 0.014125
0 0.95035625 0.3174893518518519 0.03404583333333333 0.08312685185185185
0 0.9737661458333334 0.1995337962962963 0.014198958333333334 0.02869722222222222
0 0.62256171875 0.004787037037037037 0.011790104166666667 0.009574074074074073
0 0.7905153645833334 0.12220925925925925 0.0237390625 0.049974074074074074
0 0.8024919270833333 0.02368287037037037 0.0070671875000000006 0.010328703703703703
0 0.5414869791666667 0.09203518518518518 0.005890625 0.019255555555555554
