1 0.52044765625 0.5622018518518519 0.9586036458333334 0.8762555555555556
0 0.5365346354166667 0.6390513888888889 0.02619427083333333 0.06513981481481482
0 0.3254346354166667 0.849911574074074 0.025869270833333333 0.049823148148148144
0 0.61381796875 0.9006023148148148 0.025552604166666666 0.03824166666666667
0 0.4913151041666667 0.31445416666666665 0.018046875 0.051130555555555554
0 0.7446796875 0.33165185185185186 0.015401041666666667 0.035525925925925926
0 0.7331815104166667 0.5298597222222222 0.024696354166666667 0.041200925925925926
0 0.7729744791666667 0.5851064814814815 0.013657291666666667 0.05539814814814815
0 0.41740104166666664 0.5861138888888889 0.011885416666666667 0.016672222222222224
0 0.7928408854166666 0.49436435185185185 0.026306770833333333 0.0387287037037037
0 0.7476916666666666 0.2743699074074074 0.017258333333333334 0.033925000000000004
0 0.8101638020833334 0.9856532407407407 0.01720260416666667 0.02871388888888889
0 0.8546653645833333 0.9435337962962963 0.0176640625 0.038919444444444444
0 0.7036713541666667 0.365275462962963 0.015676041666666665 0.03610648148148148
0 0.9739036458333333 0.8601314814814814 0.014473958333333333 0.04618888888888889
0 0.8388619791666667 0.34385 0.013140625 0.021033333333333334
0 0.9444817708333333 0.7912472222222222 0.007713541666666667 0.019531481481481483
0 0.42367890625 0.8858634259259259 0.03589947916666667 0.07172685185185186
0 0.6142083333333334 0.22388703703703705 0.01175 0.01444074074074074
0 0.7596325520833334 0.4646375 0.010931770833333333 0.02001574074074074
0 0.80365 0.540713425925926 0.01355 0.018463888888888887
1 0.47434479166666665 0.4166537037037037 0.9486895833333333 0.8333074074074074
0 0.4487643229166667 0.3744314814814815 0.021486979166666666 0.06738148148148149
0 0.6334325520833333 0.09736898148148149 0.023115104166666667 0.05029351851851852
0 0.3448190104166667 0.14539675925925927 0.024013020833333332 0.04079351851851852
0 0.52686796875 0.6795944444444444 0.01727760416666667 0.051781481481481484
0 0.27825494791666666 0.7477777777777778 0.0138015625 0.0362962962962963
0 0.26791197916666665 0.548388425925926 0.021240625 0.04677685185185185
0 0.22255364583333334 0.509011574074074 0.012815625 0.05691203703703704
0 0.57187578125 0.3869037037037037 0.011459895833333334 0.018251851851851852
0 0.212846875 0.6042912037037037 0.024652083333333335 0.043767592592592594
0 0.2807971354166667 0.8051083333333334 0.0188859375 0.03429074074074074
0 0.14369635416666665 0.12464583333333334 0.014476041666666667 0.040032407407407405
0 0.10371666666666667 0.18525185185185186 0.015766666666666665 0.04087407407407407
0 0.3154927083333333 0.7006768518518518 0.016402083333333334 0.03653888888888889
0 0.06753515624999999 0.09988472222222222 0.017361979166666666 0.03310277777777777
0 0.18448541666666665 0.7681361111111111 0.0137625 0.021457407407407408
0 0.03221171875 0.36516018518518517 0.006090104166666666 0.01920925925925926
0 0.5332236979166667 0.09745694444444444 0.03519739583333333 0.07083981481481481
0 0.41697239583333334 0.810662037037037 0.012069791666666666 0.013916666666666666
0 0.24917526041666666 0.6230111111111111 0.010850520833333332 0.020096296296296296
0 0.19781119791666668 0.5629888888888889 0.014372395833333333 0.016718518518518518
1 0.5244791666666667 0.5805555555555556 0.95 0.837037037037037
0 0.5450520833333333 0.6324074074074074 0.0234375 0.06666666666666667
0 0.34713541666666664 0.8805555555555555 0.024479166666666666 0.05
0 0.6368924479166667 0.8773148148148148 0.0248265625 0.03981481481481482
0 0.48125 0.3162037037037037 0.017708333333333333 0.05092592592592592
0 0.7333333333333333 0.2875 0.014583333333333334 0.03611111111111111
0 0.7338541666666667 0.48703703703703705 0.022916666666666665 0.044444444444444446
0 0.7768229166666667 0.5337962962962963 0.013020833333333334 0.05648148148148148
0 0.42291666666666666 0.6013888888888889 0.011458333333333333 0.017592592592592594
0 0.7908854166666667 0.44027777777777777 0.025520833333333333 0.041666666666666664
0 0.7330729166666666 0.2300925925925926 0.018229166666666668 0.03425925925925926
0 0.8369791666666667 0.9296296296296296 0.015625 0.03888888888888889
0 0.8791666666666667 0.875462962962963 0.016666666666666666 0.03981481481481482
0 0.6940104166666666 0.3282407407407407 0.016145833333333335 0.03611111111111111
0 0.99296875 0.7699074074074074 0.013020833333333334 0.04722222222222222
0 0.9114583333333334 0.9662037037037037 0.01875 0.030555555555555555
0 0.8276041666666667 0.28194444444444444 0.013541666666666667 0.021296296296296296
0 0.9591145833333333 0.7069444444444445 0.0067708333333333336 0.019444444444444445
0 0.44635416666666666 0.8962962962962963 0.034375 0.07037037037037037
0 0.59765625 0.20416666666666666 0.011979166666666667 0.013888888888888888
0 0.7559895833333333 0.4162037037037037 0.0109375 0.019444444444444445
0 0.8044270833333333 0.4837962962962963 0.0140625 0.017592592592592594
1 0.52044765625 0.5622018518518519 0.9586036458333334 0.8762555555555556
0 0.5365346354166667 0.6390513888888889 0.02619427083333333 0.06513981481481482
0 0.3254346354166667 0.849911574074074 0.025869270833333333 0.049823148148148144
0 0.61381796875 0.9006023148148148 0.025552604166666666 0.03824166666666667
0 0.4913151041666667 0.31445416666666665 0.018046875 0.051130555555555554
0 0.7446796875 0.33165185185185186 0.015401041666666667 0.035525925925925926
0 0.7331815104166667 0.5298597222222222 0.024696354166666667 0.041200925925925926
0 0.7729744791666667 0.5851064814814815 0.013657291666666667 0.05539814814814815
0 0.41740104166666664 0.5861138888888889 0.011885416666666667 0.016672222222222224
0 0.7928408854166666 0.49436435185185185 0.026306770833333333 0.0387287037037037
0 0.7476916666666666 0.2743699074074074 0.017258333333333334 0.033925000000000004
0 0.8101638020833334 0.9856532407407407 0.01720260416666667 0.02871388888888889
0 0.8546653645833333 0.9435337962962963 0.0176640625 0.038919444444444444
0 0.7036713541666667 0.365275462962963 0.015676041666666665 0.03610648148148148
0 0.9739036458333333 0.8601314814814814 0.014473958333333333 0.04618888888888889
0 0.8388619791666667 0.34385 0.013140625 0.021033333333333334
0 0.9444817708333333 0.7912472222222222 0.007713541666666667 0.019531481481481483
0 0.42367890625 0.8858634259259259 0.03589947916666667 0.07172685185185186
0 0.6142083333333334 0.22388703703703705 0.01175 0.01444074074074074
0 0.7596325520833334 0.4646375 0.010931770833333333 0.02001574074074074
0 0.80365 0.540713425925926 0.01355 0.018463888888888887
1 0.47434479166666665 0.4166537037037037 0.9486895833333333 0.8333074074074074
0 0.4487643229166667 0.3744314814814815 0.021486979166666666 0.06738148148148149
0 0.6334325520833333 0.09736898148148149 0.023115104166666667 0.05029351851851852
0 0.3448190104166667 0.14539675925925927 0.024013020833333332 0.04079351851851852
0 0.52686796875 0.6795944444444444 0.01727760416666667 0.051781481481481484
0 0.27825494791666666 0.7477777777777778 0.0138015625 0.0362962962962963
0 0.26791197916666665 0.548388425925926 0.021240625 0.04677685185185185
0 0.22255364583333334 0.509011574074074 0.012815625 0.05691203703703704
0 0.57187578125 0.3869037037037037 0.011459895833333334 0.018251851851851852
0 0.212846875 0.6042912037037037 0.024652083333333335 0.043767592592592594
0 0.2807971354166667 0.8051083333333334 0.0188859375 0.03429074074074074
0 0.14369635416666665 0.12464583333333334 0.014476041666666667 0.040032407407407405
0 0.10371666666666667 0.18525185185185186 0.015766666666666665 0.04087407407407407
0 0.3154927083333333 0.7006768518518518 0.016402083333333334 0.03653888888888889
0 0.06753515624999999 0.09988472222222222 0.017361979166666666 0.03310277777777777
0 0.18448541666666665 0.7681361111111111 0.0137625 0.021457407407407408
0 0.03221171875 0.36516018518518517 0.006090104166666666 0.01920925925925926
0 0.5332236979166667 0.09745694444444444 0.03519739583333333 0.07083981481481481
0 0.41697239583333334 0.810662037037037 0.012069791666666666 0.013916666666666666
0 0.24917526041666666 0.6230111111111111 0.010850520833333332 0.020096296296296296
0 0.19781119791666668 0.5629888888888889 0.014372395833333333 0.016718518518518518
1 0.5244791666666667 0.5805555555555556 0.95 0.837037037037037
0 0.5450520833333333 0.6324074074074074 0.0234375 0.06666666666666667
0 0.34713541666666664 0.8805555555555555 0.024479166666666666 0.05
0 0.6368924479166667 0.8773148148148148 0.0248265625 0.03981481481481482
0 0.48125 0.3162037037037037 0.017708333333333333 0.05092592592592592
0 0.7333333333333333 0.2875 0.014583333333333334 0.03611111111111111
0 0.7338541666666667 0.48703703703703705 0.022916666666666665 0.044444444444444446
0 0.7768229166666667 0.5337962962962963 0.013020833333333334 0.05648148148148148
0 0.42291666666666666 0.6013888888888889 0.011458333333333333 0.017592592592592594
0 0.7908854166666667 0.44027777777777777 0.025520833333333333 0.041666666666666664
0 0.7330729166666666 0.2300925925925926 0.018229166666666668 0.03425925925925926
0 0.8369791666666667 0.9296296296296296 0.015625 0.03888888888888889
0 0.8791666666666667 0.875462962962963 0.016666666666666666 0.03981481481481482
0 0.6940104166666666 0.3282407407407407 0.016145833333333335 0.03611111111111111
0 0.99296875 0.7699074074074074 0.013020833333333334 0.04722222222222222
0 0.9114583333333334 0.9662037037037037 0.01875 0.030555555555555555
0 0.8276041666666667 0.28194444444444444 0.013541666666666667 0.021296296296296296
0 0.9591145833333333 0.7069444444444445 0.0067708333333333336 0.019444444444444445
0 0.44635416666666666 0.8962962962962963 0.034375 0.07037037037037037
0 0.59765625 0.20416666666666666 0.011979166666666667 0.013888888888888888
0 0.7559895833333333 0.4162037037037037 0.0109375 0.019444444444444445
0 0.8044270833333333 0.4837962962962963 0.0140625 0.017592592592592594
1 0.52044765625 0.5622018518518519 0.9586036458333334 0.8762555555555556
0 0.5365346354166667 0.6390513888888889 0.02619427083333333 0.06513981481481482
0 0.3254346354166667 0.849911574074074 0.025869270833333333 0.049823148148148144
0 0.61381796875 0.9006023148148148 0.025552604166666666 0.03824166666666667
0 0.4913151041666667 0.31445416666666665 0.018046875 0.051130555555555554
0 0.7446796875 0.33165185185185186 0.015401041666666667 0.035525925925925926
0 0.7331815104166667 0.5298597222222222 0.024696354166666667 0.041200925925925926
0 0.7729744791666667 0.5851064814814815 0.013657291666666667 0.05539814814814815
0 0.41740104166666664 0.5861138888888889 0.011885416666666667 0.016672222222222224
0 0.7928408854166666 0.49436435185185185 0.026306770833333333 0.0387287037037037
0 0.7476916666666666 0.2743699074074074 0.017258333333333334 0.033925000000000004
0 0.8101638020833334 0.9856532407407407 0.01720260416666667 0.02871388888888889
0 0.8546653645833333 0.9435337962962963 0.0176640625 0.038919444444444444
0 0.7036713541666667 0.365275462962963 0.015676041666666665 0.03610648148148148
0 0.9739036458333333 0.8601314814814814 0.014473958333333333 0.04618888888888889
0 0.8388619791666667 0.34385 0.013140625 0.021033333333333334
0 0.9444817708333333 0.7912472222222222 0.007713541666666667 0.019531481481481483
0 0.42367890625 0.8858634259259259 0.03589947916666667 0.07172685185185186
0 0.6142083333333334 0.22388703703703705 0.01175 0.01444074074074074
0 0.7596325520833334 0.4646375 0.010931770833333333 0.02001574074074074
0 0.80365 0.540713425925926 0.01355 0.018463888888888887
1 0.47434479166666665 0.4166537037037037 0.9486895833333333 0.8333074074074074
0 0.4487643229166667 0.3744314814814815 0.021486979166666666 0.06738148148148149
0 0.6334325520833333 0.09736898148148149 0.023115104166666667 0.05029351851851852
0 0.3448190104166667 0.14539675925925927 0.024013020833333332 0.04079351851851852
0 0.52686796875 0.6795944444444444 0.01727760416666667 0.051781481481481484
0 0.27825494791666666 0.7477777777777778 0.0138015625 0.0362962962962963
0 0.26791197916666665 0.548388425925926 0.021240625 0.04677685185185185
0 0.22255364583333334 0.509011574074074 0.012815625 0.05691203703703704
0 0.57187578125 0.3869037037037037 0.011459895833333334 0.018251851851851852
0 0.212846875 0.6042912037037037 0.024652083333333335 0.043767592592592594
0 0.2807971354166667 0.8051083333333334 0.0188859375 0.03429074074074074
0 0.14369635416666665 0.12464583333333334 0.014476041666666667 0.040032407407407405
0 0.10371666666666667 0.18525185185185186 0.015766666666666665 0.04087407407407407
0 0.3154927083333333 0.7006768518518518 0.016402083333333334 0.03653888888888889
0 0.06753515624999999 0.09988472222222222 0.017361979166666666 0.03310277777777777
0 0.18448541666666665 0.7681361111111111 0.0137625 0.021457407407407408
0 0.03221171875 0.36516018518518517 0.006090104166666666 0.01920925925925926
0 0.5332236979166667 0.09745694444444444 0.03519739583333333 0.07083981481481481
0 0.41697239583333334 0.810662037037037 0.012069791666666666 0.013916666666666666
0 0.24917526041666666 0.6230111111111111 0.010850520833333332 0.020096296296296296
0 0.19781119791666668 0.5629888888888889 0.014372395833333333 0.016718518518518518
1 0.5244791666666667 0.5805555555555556 0.95 0.837037037037037
0 0.5450520833333333 0.6324074074074074 0.0234375 0.06666666666666667
0 0.34713541666666664 0.8805555555555555 0.024479166666666666 0.05
0 0.6368924479166667 0.8773148148148148 0.0248265625 0.03981481481481482
0 0.48125 0.3162037037037037 0.017708333333333333 0.05092592592592592
0 0.7333333333333333 0.2875 0.014583333333333334 0.03611111111111111
0 0.7338541666666667 0.48703703703703705 0.022916666666666665 0.044444444444444446
0 0.7768229166666667 0.5337962962962963 0.013020833333333334 0.05648148148148148
0 0.42291666666666666 0.6013888888888889 0.011458333333333333 0.017592592592592594
0 0.7908854166666667 0.44027777777777777 0.025520833333333333 0.041666666666666664
0 0.7330729166666666 0.2300925925925926 0.018229166666666668 0.03425925925925926
0 0.8369791666666667 0.9296296296296296 0.015625 0.03888888888888889
0 0.8791666666666667 0.875462962962963 0.016666666666666666 0.03981481481481482
0 0.6940104166666666 0.3282407407407407 0.016145833333333335 0.03611111111111111
0 0.99296875 0.7699074074074074 0.013020833333333334 0.04722222222222222
0 0.9114583333333334 0.9662037037037037 0.01875 0.030555555555555555
0 0.8276041666666667 0.28194444444444444 0.013541666666666667 0.021296296296296296
0 0.9591145833333333 0.7069444444444445 0.0067708333333333336 0.019444444444444445
0 0.44635416666666666 0.8962962962962963 0.034375 0.07037037037037037
0 0.59765625 0.20416666666666666 0.011979166666666667 0.013888888888888888
0 0.7559895833333333 0.4162037037037037 0.0109375 0.019444444444444445
0 0.8044270833333333 0.4837962962962963 0.0140625 0.017592592592592594
