1 0.49973958333333335 0.5226851851851851 0.9994791666666667 0.9527777777777777
0 0.23958333333333334 0.1412037037037037 0.010416666666666666 0.026851851851851852
0 0.378125 0.09583333333333334 0.014583333333333334 0.03425925925925926
0 0.30130208333333336 0.1726851851851852 0.024479166666666666 0.023148148148148147
0 0.20338541666666668 0.20694444444444443 0.0078125 0.021296296296296296
0 0.16197916666666667 0.40046296296296297 0.016666666666666666 0.026851851851851852
0 0.18541666666666667 0.35138888888888886 0.00625 0.01574074074074074
0 0.17447916666666666 0.5592592592592592 0.008333333333333333 0.011111111111111112
0 0.19947916666666668 0.5300925925925926 0.0125 0.026851851851851852
0 0.14947916666666666 0.5532407407407407 0.017708333333333333 0.03796296296296296
0 0.18307291666666667 0.6375 0.011979166666666667 0.017592592592592594
0 0.11692708333333333 0.7384259259259259 0.011979166666666667 0.028703703703703703
0 0.11510416666666666 0.9282407407407407 0.01875 0.03796296296296296
0 0.08385416666666666 0.9490740740740741 0.015625 0.03148148148148148
0 0.03697916666666667 0.9407407407407408 0.008333333333333333 0.027777777777777776
0 0.23359375 0.6125 0.005729166666666666 0.012037037037037037
0 0.0046875 0.27314814814814814 0.009375 0.020370370370370372
0 0.6450520833333333 0.1726851851851852 0.030729166666666665 0.008333333333333333
0 0.5278645833333333 0.18009259259259258 0.0046875 0.058333333333333334
0 0.5432291666666667 0.11666666666666667 0.014583333333333334 0.027777777777777776
0 0.73984375 0.16712962962962963 0.0078125 0.05277777777777778
0 0.68828125 0.31574074074074077 0.008854166666666666 0.014814814814814815
0 0.52578125 0.4546296296296296 0.011979166666666667 0.018518518518518517
0 0.53515625 0.49722222222222223 0.0078125 0.025925925925925925
0 0.7588541666666667 0.4824074074074074 0.028125 0.03888888888888889
0 0.6942708333333333 0.5356481481481481 0.011458333333333333 0.019444444444444445
0 0.7927083333333333 0.45601851851851855 0.009375 0.013888888888888888
0 0.7114583333333333 0.6412037037037037 0.029166666666666667 0.08611111111111111
0 0.66328125 0.6546296296296297 0.0171875 0.03333333333333333
0 0.6252604166666667 0.7171296296296297 0.0109375 0.01574074074074074
0 0.6190104166666667 0.7620370370370371 0.0078125 0.012962962962962963
0 0.5182291666666666 0.8513888888888889 0.007291666666666667 0.010185185185185186
0 0.528125 0.8666666666666667 0.011458333333333333 0.016666666666666666
0 0.54375 0.8847222222222222 0.008333333333333333 0.012037037037037037
0 0.48333333333333334 0.9430555555555555 0.015625 0.01574074074074074
0 0.6216145833333333 0.825925925925926 0.011979166666666667 0.016666666666666666
0 0.7177083333333333 0.8629629629629629 0.016666666666666666 0.040740740740740744
0 0.7221354166666667 0.7537037037037037 0.011979166666666667 0.009259259259259259
0 0.87890625 0.9583333333333334 0.011979166666666667 0.025925925925925925
0 0.9216145833333333 0.737037037037037 0.030729166666666665 0.05555555555555555
0 0.9765625 0.6564814814814814 0.008333333333333333 0.025925925925925925
1 0.5 0.49137083333333337 1.0 0.9827416666666667
0 0.25474739583333333 0.8899865740740741 0.010536458333333333 0.026269444444444442
0 0.3942770833333333 0.9187458333333334 0.015637500000000002 0.033787962962962964
0 0.3145838541666667 0.8514148148148148 0.025001041666666668 0.021348148148148147
0 0.21563984375 0.8289148148148148 0.007321354166666667 0.02079259259259259
0 0.16693098958333333 0.6412462962962964 0.016153645833333334 0.028788888888888888
0 0.19227083333333334 0.6874486111111111 0.006416666666666667 0.01563796296296296
0 0.17292473958333332 0.4808328703703703 0.008349479166666667 0.01166574074074074
0 0.19894322916666668 0.5069439814814815 0.012469791666666667 0.026850925925925924
0 0.14830703125 0.49090972222222223 0.017447395833333334 0.03922685185185185
0 0.178334375 0.40261620370370366 0.011877083333333333 0.01819537037037037
0 0.10868828125 0.30927824074074073 0.012168229166666666 0.02966759259259259
0 0.09950494791666667 0.1208625 0.01775989583333333 0.03987314814814815
0 0.06727161458333333 0.10345 0.0147515625 0.032825925925925925
0 0.020877604166666668 0.11804305555555557 0.008421875 0.028678703703703703
0 0.22988645833333335 0.4210449074074074 0.005606249999999999 0.012460185185185185
0 0.01449375 0.7872703703703703 0.009195833333333332 0.02083703703703704
0 0.6575145833333333 0.809550462962963 0.030654166666666666 0.007989814814814814
0 0.5406010416666667 0.815174537037037 0.006202083333333333 0.05812685185185185
0 0.5583096354166667 0.8775930555555556 0.013494270833333332 0.029260185185185184
0 0.7525403645833334 0.8023796296296297 0.006122395833333334 0.05290740740740741
0 0.69498671875 0.660425462962963 0.008723437499999999 0.015295370370370369
0 0.52745625 0.5422374999999999 0.012204166666666665 0.017808333333333332
0 0.5352192708333334 0.4979875 0.007938541666666667 0.02560462962962963
0 0.7591286458333334 0.4857949074074074 0.028673958333333336 0.03640462962962963
0 0.6921916666666666 0.44041574074074075 0.011466666666666665 0.019720370370370367
0 0.7936658854166667 0.5071537037037037 0.009206770833333332 0.014307407407407408
0 0.7056453125 0.3326685185185185 0.026915625 0.0857074074074074
0 0.6567802083333334 0.32569166666666666 0.017727083333333334 0.03286481481481481
0 0.6161567708333333 0.26823009259259256 0.010438541666666667 0.016089814814814814
0 0.6087296875 0.22405833333333333 0.008084375 0.012931481481481481
0 0.5041213541666667 0.14744675925925926 0.007201041666666667 0.009708333333333333
0 0.513709375 0.1306 0.011793749999999999 0.016755555555555555
0 0.5286901041666667 0.11136574074074075 0.008421875 0.011620370370370371
0 0.46566041666666663 0.059606018518518517 0.015695833333333332 0.015508333333333332
0 0.6086153645833333 0.1599712962962963 0.012022395833333333 0.01623888888888889
0 0.70303203125 0.11135231481481482 0.016480729166666666 0.04122314814814815
0 0.7117768229166667 0.219175 0.0120953125 0.00872037037037037
0 0.8618406249999999 0.004281944444444445 0.009097916666666667 0.00856388888888889
0 0.9115419270833333 0.21126944444444443 0.0314171875 0.05587222222222222
0 0.9690848958333333 0.28432453703703703 0.009003125 0.02605648148148148
1 0.5 0.5 1.0 1.0
0 0.27040677083333337 0.0795037037037037 0.010605208333333333 0.025674074074074075
0 0.41091223958333334 0.06935416666666668 0.01661614583333333 0.033152777777777774
0 0.32884609375 0.12638842592592595 0.025400520833333332 0.019443518518518516
0 0.22968828125000001 0.1360763888888889 0.007293229166666667 0.020300925925925927
0 0.17340598958333334 0.3180703703703704 0.015561979166666667 0.03058518518518518
0 0.20015078125 0.27439583333333334 0.0065515625 0.015458333333333334
0 0.17291223958333332 0.4783037037037037 0.008324479166666668 0.012162962962962962
0 0.1999390625 0.4559523148148148 0.012378124999999999 0.026719444444444445
0 0.14865468750000002 0.46552037037037036 0.017101041666666667 0.0403
0 0.17565052083333335 0.5575032407407408 0.011717708333333333 0.018710185185185187
0 0.10250286458333333 0.6420949074074074 0.012297395833333334 0.03048611111111111
0 0.08542473958333334 0.8291273148148148 0.016682812499999998 0.041587962962962965
0 0.052985677083333335 0.8410791666666667 0.0143046875 0.034010185185185185
0 0.0068390625000000005 0.8221277777777778 0.008469791666666667 0.02944074074074074
0 0.22772786458333333 0.5453 0.005455729166666667 0.012822222222222223
0 0.027663020833333333 0.15319398148148147 0.009492708333333332 0.02120277777777778
0 0.6693817708333333 0.21074722222222222 0.030430208333333333 0.010383333333333333
0 0.5533223958333333 0.18992962962962961 0.0076864583333333325 0.057637037037037035
0 0.5728361979166666 0.13104074074074074 0.0123390625 0.030600000000000002
0 0.763659375 0.23009351851851853 0.004402083333333333 0.052779629629629635
0 0.7011502604166666 0.3643324074074074 0.008550520833333334 0.01570185185185185
0 0.5291015625 0.46174629629629627 0.012369791666666666 0.017937037037037036
0 0.5354765625 0.5060976851851852 0.008453125 0.02515833333333333
0 0.7573908854166667 0.5465009259259259 0.029365104166666666 0.033742592592592595
0 0.6895638020833333 0.5830976851851852 0.011419270833333333 0.019899074074074072
0 0.7930385416666667 0.5286240740740741 0.00899375 0.014655555555555555
0 0.69886875 0.6924430555555555 0.024820833333333334 0.08488611111111112
0 0.6491942708333334 0.6938958333333334 0.018180208333333333 0.03223611111111111
0 0.6070596354166666 0.7463291666666666 0.009952604166666667 0.016732407407407408
0 0.5973872395833334 0.7888259259259259 0.008316145833333333 0.012837037037037037
0 0.49058541666666666 0.8527402777777778 0.0072125 0.00918425925925926
0 0.49874427083333334 0.8704180555555556 0.012071875000000001 0.016762037037037037
0 0.5136098958333333 0.8916842592592593 0.008469791666666667 0.011146296296296297
0 0.44847031249999997 0.9348958333333334 0.015690625 0.016087962962962964
0 0.5945455729166667 0.8532361111111111 0.0120078125 0.01573148148148148
0 0.6872739583333334 0.9133444444444445 0.016214583333333334 0.0415037037037037
0 0.7003471354166667 0.8055601851851851 0.012152604166666666 0.009268518518518518
0 0.899309375 0.8390694444444445 0.03195208333333333 0.05591666666666667
0 0.95950234375 0.7732152777777778 0.009629687500000001 0.026060185185185186
1 0.49973958333333335 0.5226851851851851 0.9994791666666667 0.9527777777777777
0 0.23958333333333334 0.1412037037037037 0.010416666666666666 0.026851851851851852
0 0.378125 0.09583333333333334 0.014583333333333334 0.03425925925925926
0 0.30130208333333336 0.1726851851851852 0.024479166666666666 0.023148148148148147
0 0.20338541666666668 0.20694444444444443 0.0078125 0.021296296296296296
0 0.16197916666666667 0.40046296296296297 0.016666666666666666 0.026851851851851852
0 0.18541666666666667 0.35138888888888886 0.00625 0.01574074074074074
0 0.17447916666666666 0.5592592592592592 0.008333333333333333 0.011111111111111112
0 0.19947916666666668 0.5300925925925926 0.0125 0.026851851851851852
0 0.14947916666666666 0.5532407407407407 0.017708333333333333 0.03796296296296296
0 0.18307291666666667 0.6375 0.011979166666666667 0.017592592592592594
0 0.11692708333333333 0.7384259259259259 0.011979166666666667 0.028703703703703703
0 0.11510416666666666 0.9282407407407407 0.01875 0.03796296296296296
0 0.08385416666666666 0.9490740740740741 0.015625 0.03148148148148148
0 0.03697916666666667 0.9407407407407408 0.008333333333333333 0.027777777777777776
0 0.23359375 0.6125 0.005729166666666666 0.012037037037037037
0 0.0046875 0.27314814814814814 0.009375 0.020370370370370372
0 0.6450520833333333 0.1726851851851852 0.030729166666666665 0.008333333333333333
0 0.5278645833333333 0.18009259259259258 0.0046875 0.058333333333333334
0 0.5432291666666667 0.11666666666666667 0.014583333333333334 0.027777777777777776
0 0.73984375 0.16712962962962963 0.0078125 0.05277777777777778
0 0.68828125 0.31574074074074077 0.008854166666666666 0.014814814814814815
0 0.52578125 0.4546296296296296 0.011979166666666667 0.018518518518518517
0 0.53515625 0.49722222222222223 0.0078125 0.025925925925925925
0 0.7588541666666667 0.4824074074074074 0.028125 0.03888888888888889
0 0.6942708333333333 0.5356481481481481 0.011458333333333333 0.019444444444444445
0 0.7927083333333333 0.45601851851851855 0.009375 0.013888888888888888
0 0.7114583333333333 0.6412037037037037 0.029166666666666667 0.08611111111111111
0 0.66328125 0.6546296296296297 0.0171875 0.03333333333333333
0 0.6252604166666667 0.7171296296296297 0.0109375 0.01574074074074074
0 0.6190104166666667 0.7620370370370371 0.0078125 0.012962962962962963
0 0.5182291666666666 0.8513888888888889 0.007291666666666667 0.010185185185185186
0 0.528125 0.8666666666666667 0.011458333333333333 0.016666666666666666
0 0.54375 0.8847222222222222 0.008333333333333333 0.012037037037037037
0 0.48333333333333334 0.9430555555555555 0.015625 0.01574074074074074
0 0.6216145833333333 0.825925925925926 0.011979166666666667 0.016666666666666666
0 0.7177083333333333 0.8629629629629629 0.016666666666666666 0.040740740740740744
0 0.7221354166666667 0.7537037037037037 0.011979166666666667 0.009259259259259259
0 0.87890625 0.9583333333333334 0.011979166666666667 0.025925925925925925
0 0.9216145833333333 0.737037037037037 0.030729166666666665 0.05555555555555555
0 0.9765625 0.6564814814814814 0.008333333333333333 0.025925925925925925
1 0.5 0.49137083333333337 1.0 0.9827416666666667
0 0.25474739583333333 0.8899865740740741 0.010536458333333333 0.026269444444444442
0 0.3942770833333333 0.9187458333333334 0.015637500000000002 0.033787962962962964
0 0.3145838541666667 0.8514148148148148 0.025001041666666668 0.021348148148148147
0 0.21563984375 0.8289148148148148 0.007321354166666667 0.02079259259259259
0 0.16693098958333333 0.6412462962962964 0.016153645833333334 0.028788888888888888
0 0.19227083333333334 0.6874486111111111 0.006416666666666667 0.01563796296296296
0 0.17292473958333332 0.4808328703703703 0.008349479166666667 0.01166574074074074
0 0.19894322916666668 0.5069439814814815 0.012469791666666667 0.026850925925925924
0 0.14830703125 0.49090972222222223 0.017447395833333334 0.03922685185185185
0 0.178334375 0.40261620370370366 0.011877083333333333 0.01819537037037037
0 0.10868828125 0.30927824074074073 0.012168229166666666 0.02966759259259259
0 0.09950494791666667 0.1208625 0.01775989583333333 0.03987314814814815
0 0.06727161458333333 0.10345 0.0147515625 0.032825925925925925
0 0.020877604166666668 0.11804305555555557 0.008421875 0.028678703703703703
0 0.22988645833333335 0.4210449074074074 0.005606249999999999 0.012460185185185185
0 0.01449375 0.7872703703703703 0.009195833333333332 0.02083703703703704
0 0.6575145833333333 0.809550462962963 0.030654166666666666 0.007989814814814814
0 0.5406010416666667 0.815174537037037 0.006202083333333333 0.05812685185185185
0 0.5583096354166667 0.8775930555555556 0.013494270833333332 0.029260185185185184
0 0.7525403645833334 0.8023796296296297 0.006122395833333334 0.05290740740740741
0 0.69498671875 0.660425462962963 0.008723437499999999 0.015295370370370369
0 0.52745625 0.5422374999999999 0.012204166666666665 0.017808333333333332
0 0.5352192708333334 0.4979875 0.007938541666666667 0.02560462962962963
0 0.7591286458333334 0.4857949074074074 0.028673958333333336 0.03640462962962963
0 0.6921916666666666 0.44041574074074075 0.011466666666666665 0.019720370370370367
0 0.7936658854166667 0.5071537037037037 0.009206770833333332 0.014307407407407408
0 0.7056453125 0.3326685185185185 0.026915625 0.0857074074074074
0 0.6567802083333334 0.32569166666666666 0.017727083333333334 0.03286481481481481
0 0.6161567708333333 0.26823009259259256 0.010438541666666667 0.016089814814814814
0 0.6087296875 0.22405833333333333 0.008084375 0.012931481481481481
0 0.5041213541666667 0.14744675925925926 0.007201041666666667 0.009708333333333333
0 0.513709375 0.1306 0.011793749999999999 0.016755555555555555
0 0.5286901041666667 0.11136574074074075 0.008421875 0.011620370370370371
0 0.46566041666666663 0.059606018518518517 0.015695833333333332 0.015508333333333332
0 0.6086153645833333 0.1599712962962963 0.012022395833333333 0.01623888888888889
0 0.70303203125 0.11135231481481482 0.016480729166666666 0.04122314814814815
0 0.7117768229166667 0.219175 0.0120953125 0.00872037037037037
0 0.8618406249999999 0.004281944444444445 0.009097916666666667 0.00856388888888889
0 0.9115419270833333 0.21126944444444443 0.0314171875 0.05587222222222222
0 0.9690848958333333 0.28432453703703703 0.009003125 0.02605648148148148
1 0.5 0.5 1.0 1.0
0 0.27040677083333337 0.0795037037037037 0.010605208333333333 0.025674074074074075
0 0.41091223958333334 0.06935416666666668 0.01661614583333333 0.033152777777777774
0 0.32884609375 0.12638842592592595 0.025400520833333332 0.019443518518518516
0 0.22968828125000001 0.1360763888888889 0.007293229166666667 0.020300925925925927
0 0.17340598958333334 0.3180703703703704 0.015561979166666667 0.03058518518518518
0 0.20015078125 0.27439583333333334 0.0065515625 0.015458333333333334
0 0.17291223958333332 0.4783037037037037 0.008324479166666668 0.012162962962962962
0 0.1999390625 0.4559523148148148 0.012378124999999999 0.026719444444444445
0 0.14865468750000002 0.46552037037037036 0.017101041666666667 0.0403
0 0.17565052083333335 0.5575032407407408 0.011717708333333333 0.018710185185185187
0 0.10250286458333333 0.6420949074074074 0.012297395833333334 0.03048611111111111
0 0.08542473958333334 0.8291273148148148 0.016682812499999998 0.041587962962962965
0 0.052985677083333335 0.8410791666666667 0.0143046875 0.034010185185185185
0 0.0068390625000000005 0.8221277777777778 0.008469791666666667 0.02944074074074074
0 0.22772786458333333 0.5453 0.005455729166666667 0.012822222222222223
0 0.027663020833333333 0.15319398148148147 0.009492708333333332 0.02120277777777778
0 0.6693817708333333 0.21074722222222222 0.030430208333333333 0.010383333333333333
0 0.5533223958333333 0.18992962962962961 0.0076864583333333325 0.057637037037037035
0 0.5728361979166666 0.13104074074074074 0.0123390625 0.030600000000000002
0 0.763659375 0.23009351851851853 0.004402083333333333 0.052779629629629635
0 0.7011502604166666 0.3643324074074074 0.008550520833333334 0.01570185185185185
0 0.5291015625 0.46174629629629627 0.012369791666666666 0.017937037037037036
0 0.5354765625 0.5060976851851852 0.008453125 0.02515833333333333
0 0.7573908854166667 0.5465009259259259 0.029365104166666666 0.033742592592592595
0 0.6895638020833333 0.5830976851851852 0.011419270833333333 0.019899074074074072
0 0.7930385416666667 0.5286240740740741 0.00899375 0.014655555555555555
0 0.69886875 0.6924430555555555 0.024820833333333334 0.08488611111111112
0 0.6491942708333334 0.6938958333333334 0.018180208333333333 0.03223611111111111
0 0.6070596354166666 0.7463291666666666 0.009952604166666667 0.016732407407407408
0 0.5973872395833334 0.7888259259259259 0.008316145833333333 0.012837037037037037
0 0.49058541666666666 0.8527402777777778 0.0072125 0.00918425925925926
0 0.49874427083333334 0.8704180555555556 0.012071875000000001 0.016762037037037037
0 0.5136098958333333 0.8916842592592593 0.008469791666666667 0.011146296296296297
0 0.44847031249999997 0.9348958333333334 0.015690625 0.016087962962962964
0 0.5945455729166667 0.8532361111111111 0.0120078125 0.01573148148148148
0 0.6872739583333334 0.9133444444444445 0.016214583333333334 0.0415037037037037
0 0.7003471354166667 0.8055601851851851 0.012152604166666666 0.009268518518518518
0 0.899309375 0.8390694444444445 0.03195208333333333 0.05591666666666667
0 0.95950234375 0.7732152777777778 0.009629687500000001 0.026060185185185186
