1 0.5 0.48138472222222217 1.0 0.9627694444444443
0 0.7427716145833333 0.6170444444444445 0.07095989583333333 0.1377925925925926
0 0.8562953125 0.7765092592592593 0.010507291666666667 0.02338888888888889
0 0.6854315104166666 0.8398199074074074 0.0125296875 0.03149166666666667
0 0.827634375 0.5899037037037037 0.012560416666666666 0.03721481481481481
0 0.9368080729166667 0.5737157407407408 0.010074479166666667 0.01409814814814815
0 0.9186388020833333 0.5304796296296297 0.0049859375 0.020218518518518518
0 0.9052559895833333 0.40617685185185187 0.010511979166666666 0.02902037037037037
0 0.9824080729166667 0.4321763888888889 0.010649479166666666 0.053241666666666666
0 0.9644145833333333 0.2233162037037037 0.010079166666666667 0.039225
0 0.9568544270833333 0.2509837962962963 0.008500520833333334 0.026041666666666668
0 0.9289763020833333 0.050895833333333335 0.008994270833333333 0.020310185185185185
0 0.8406874999999999 0.05133425925925926 0.025125 0.032298148148148145
0 0.7504572916666666 0.3789782407407407 0.015497916666666667 0.04128981481481482
0 0.79222890625 0.10146342592592593 0.011541145833333332 0.03070462962962963
0 0.7772765625000001 0.014784722222222223 0.008719791666666667 0.012902777777777779
0 0.7370372395833333 0.07132731481481482 0.008449479166666666 0.014876851851851851
0 0.59002734375 0.06838194444444444 0.012346354166666665 0.01824537037037037
0 0.6322083333333333 0.13381018518518517 0.011291666666666667 0.017620370370370373
0 0.5339872395833333 0.04845740740740741 0.013807812499999999 0.01358148148148148
0 0.54127265625 0.2719300925925926 0.008586979166666666 0.051267592592592594
0 0.32804817708333334 0.5028777777777778 0.012346354166666665 0.04279259259259259
0 0.8646244791666666 0.39532546296296295 0.019873958333333334 0.03509537037037037
0 0.08675208333333333 0.1581324074074074 0.0162125 0.029227777777777776
0 0.01324609375 0.40324305555555556 0.005658854166666667 0.019449074074074073
0 0.0030723958333333332 0.39300833333333335 0.0061447916666666665 0.015646296296296297
0 0.21989921875000001 0.7637064814814815 0.0116734375 0.02185740740740741
0 0.28862187499999997 0.8077814814814814 0.025160416666666668 0.04148888888888889
0 0.21263151041666667 0.6431763888888888 0.008596354166666665 0.0548712962962963
0 0.17947161458333336 0.6530226851851851 0.0110265625 0.04308240740740741
0 0.16380989583333333 0.6528550925925926 0.014078125 0.04274722222222222
1 0.49973958333333335 0.5319444444444444 0.9994791666666667 0.9342592592592592
0 0.27239583333333334 0.32037037037037036 0.07291666666666667 0.12777777777777777
0 0.17265625 0.12731481481481483 0.009895833333333333 0.025
0 0.3463541666666667 0.11296296296296296 0.014583333333333334 0.027777777777777776
0 0.184375 0.32037037037037036 0.013541666666666667 0.03518518518518519
0 0.07552083333333333 0.3050925925925926 0.009375 0.01574074074074074
0 0.08958333333333333 0.35324074074074074 0.004166666666666667 0.019444444444444445
0 0.09114583333333333 0.48009259259259257 0.008333333333333333 0.030555555555555555
0 0.016666666666666666 0.43287037037037035 0.009375 0.05277777777777778
0 0.017447916666666667 0.6435185185185185 0.0078125 0.040740740740740744
0 0.026302083333333334 0.6185185185185185 0.008854166666666666 0.025925925925925925
0 0.03697916666666667 0.8236111111111111 0.008333333333333333 0.021296296296296296
0 0.12421875 0.8495370370370371 0.025520833333333333 0.032407407407407406
0 0.24192708333333332 0.549074074074074 0.011979166666666667 0.044444444444444446
0 0.18203125 0.9837962962962963 0.008854166666666666 0.012037037037037037
0 0.20546875 0.9518518518518518 0.022395833333333334 0.05740740740740741
0 0.17604166666666668 0.8125 0.009375 0.032407407407407406
0 0.18333333333333332 0.9027777777777778 0.008333333333333333 0.012962962962962963
0 0.22838541666666667 0.8578703703703704 0.0078125 0.013888888888888888
0 0.27265625 0.9847222222222223 0.0140625 0.017592592592592594
0 0.3729166666666667 0.9009259259259259 0.0125 0.018518518518518517
0 0.33697916666666666 0.8240740740740741 0.011458333333333333 0.016666666666666666
0 0.42682291666666666 0.9361111111111111 0.0140625 0.011111111111111112
0 0.4388020833333333 0.7138888888888889 0.0109375 0.05
0 0.6700520833333333 0.5453703703703704 0.015104166666666667 0.04259259259259259
0 0.13046875 0.5018518518518519 0.0203125 0.03333333333333333
0 0.8778645833333333 0.9527777777777777 0.018229166666666668 0.025925925925925925
0 0.97265625 0.7305555555555555 0.005729166666666666 0.018518518518518517
0 0.98203125 0.7435185185185185 0.0067708333333333336 0.014814814814814815
0 0.8 0.3175925925925926 0.010416666666666666 0.020370370370370372
0 0.7359375 0.2537037037037037 0.023958333333333335 0.04259259259259259
0 0.7979166666666667 0.4388888888888889 0.007291666666666667 0.05555555555555555
0 0.8296875 0.4388888888888889 0.009375 0.04259259259259259
0 0.8458333333333333 0.44212962962962965 0.015625 0.041666666666666664
1 0.5 0.5131023148148148 1.0 0.9743527777777777
0 0.28920677083333335 0.2662467592592592 0.07633020833333333 0.11953055555555554
0 0.20509453125 0.04999537037037037 0.009147395833333332 0.025916666666666664
0 0.3780997395833333 0.0786162037037037 0.01661614583333333 0.023899074074074073
0 0.20121614583333333 0.24369351851851853 0.014932291666666668 0.033683333333333336
0 0.09515807291666666 0.20103055555555555 0.009066145833333334 0.016875925925925926
0 0.10517057291666668 0.2522847222222222 0.0051328125 0.019384259259259257
0 0.09664895833333334 0.37953333333333333 0.00788125 0.03128888888888889
0 0.026694010416666667 0.3145699074074074 0.012763020833333333 0.05136203703703703
0 0.0106390625 0.522475 0.007736458333333333 0.041246296296296295
0 0.021521875000000003 0.5006064814814815 0.009710416666666666 0.025287037037037035
0 0.016069010416666665 0.7054324074074074 0.0081796875 0.021975925925925927
0 0.10069322916666666 0.7543953703703703 0.025344791666666665 0.03286481481481481
0 0.24220833333333333 0.4842768518518519 0.0115 0.04633148148148148
0 0.14750442708333333 0.9013949074074074 0.008550520833333334 0.012049074074074073
0 0.17453125 0.8760976851851853 0.0209375 0.05775092592592593
0 0.15454244791666666 0.729588888888889 0.008043229166666667 0.03325185185185185
0 0.15495026041666668 0.8212333333333334 0.0078171875 0.012837037037037037
0 0.20302109375 0.7869171296296297 0.007083854166666667 0.012723148148148148
0 0.23657786458333332 0.9242986111111111 0.013780729166666667 0.01896759259259259
0 0.34282864583333333 0.8661018518518518 0.012740625 0.019240740740740742
0 0.3130375 0.7799587962962963 0.011491666666666667 0.015473148148148147
0 0.39345729166666665 0.9143097222222223 0.013997916666666667 0.010100925925925926
0 0.42259895833333333 0.6970671296296296 0.013947916666666667 0.047837962962962964
0 0.6649609375 0.5871518518518519 0.017421875 0.04282222222222222
0 0.13367604166666666 0.40962916666666666 0.020477083333333333 0.032221296296296296
0 0.94980703125 0.8451513888888889 0.006905729166666667 0.018080555555555558
0 0.9580265625000001 0.8603708333333334 0.0077197916666666665 0.01518611111111111
0 0.8110283854166667 0.3938148148148148 0.009556770833333334 0.01911111111111111
0 0.7528229166666667 0.3141101851851852 0.02335416666666667 0.04303518518518518
0 0.8000651041666667 0.5136185185185185 0.010546875 0.055014814814814815
0 0.8315036458333334 0.5215638888888888 0.011965625 0.04127592592592593
0 0.8468083333333334 0.5282550925925926 0.017575 0.039843518518518514
1 0.5 0.48138472222222217 1.0 0.9627694444444443
0 0.7427716145833333 0.6170444444444445 0.07095989583333333 0.1377925925925926
0 0.8562953125 0.7765092592592593 0.010507291666666667 0.02338888888888889
0 0.6854315104166666 0.8398199074074074 0.0125296875 0.03149166666666667
0 0.827634375 0.5899037037037037 0.012560416666666666 0.03721481481481481
0 0.9368080729166667 0.5737157407407408 0.010074479166666667 0.01409814814814815
0 0.9186388020833333 0.5304796296296297 0.0049859375 0.020218518518518518
0 0.9052559895833333 0.40617685185185187 0.010511979166666666 0.02902037037037037
0 0.9824080729166667 0.4321763888888889 0.010649479166666666 0.053241666666666666
0 0.9644145833333333 0.2233162037037037 0.010079166666666667 0.039225
0 0.9568544270833333 0.2509837962962963 0.008500520833333334 0.026041666666666668
0 0.9289763020833333 0.050895833333333335 0.008994270833333333 0.020310185185185185
0 0.8406874999999999 0.05133425925925926 0.025125 0.032298148148148145
0 0.7504572916666666 0.3789782407407407 0.015497916666666667 0.04128981481481482
0 0.79222890625 0.10146342592592593 0.011541145833333332 0.03070462962962963
0 0.7772765625000001 0.014784722222222223 0.008719791666666667 0.012902777777777779
0 0.7370372395833333 0.07132731481481482 0.008449479166666666 0.014876851851851851
0 0.59002734375 0.06838194444444444 0.012346354166666665 0.01824537037037037
0 0.6322083333333333 0.13381018518518517 0.011291666666666667 0.017620370370370373
0 0.5339872395833333 0.04845740740740741 0.013807812499999999 0.01358148148148148
0 0.54127265625 0.2719300925925926 0.008586979166666666 0.051267592592592594
0 0.32804817708333334 0.5028777777777778 0.012346354166666665 0.04279259259259259
0 0.8646244791666666 0.39532546296296295 0.019873958333333334 0.03509537037037037
0 0.08675208333333333 0.1581324074074074 0.0162125 0.029227777777777776
0 0.01324609375 0.40324305555555556 0.005658854166666667 0.019449074074074073
0 0.0030723958333333332 0.39300833333333335 0.0061447916666666665 0.015646296296296297
0 0.21989921875000001 0.7637064814814815 0.0116734375 0.02185740740740741
0 0.28862187499999997 0.8077814814814814 0.025160416666666668 0.04148888888888889
0 0.21263151041666667 0.6431763888888888 0.008596354166666665 0.0548712962962963
0 0.17947161458333336 0.6530226851851851 0.0110265625 0.04308240740740741
0 0.16380989583333333 0.6528550925925926 0.014078125 0.04274722222222222
1 0.49973958333333335 0.5319444444444444 0.9994791666666667 0.9342592592592592
0 0.27239583333333334 0.32037037037037036 0.07291666666666667 0.12777777777777777
0 0.17265625 0.12731481481481483 0.009895833333333333 0.025
0 0.3463541666666667 0.11296296296296296 0.014583333333333334 0.027777777777777776
0 0.184375 0.32037037037037036 0.013541666666666667 0.03518518518518519
0 0.07552083333333333 0.3050925925925926 0.009375 0.01574074074074074
0 0.08958333333333333 0.35324074074074074 0.004166666666666667 0.019444444444444445
0 0.09114583333333333 0.48009259259259257 0.008333333333333333 0.030555555555555555
0 0.016666666666666666 0.43287037037037035 0.009375 0.05277777777777778
0 0.017447916666666667 0.6435185185185185 0.0078125 0.040740740740740744
0 0.026302083333333334 0.6185185185185185 0.008854166666666666 0.025925925925925925
0 0.03697916666666667 0.8236111111111111 0.008333333333333333 0.021296296296296296
0 0.12421875 0.8495370370370371 0.025520833333333333 0.032407407407407406
0 0.24192708333333332 0.549074074074074 0.011979166666666667 0.044444444444444446
0 0.18203125 0.9837962962962963 0.008854166666666666 0.012037037037037037
0 0.20546875 0.9518518518518518 0.022395833333333334 0.05740740740740741
0 0.17604166666666668 0.8125 0.009375 0.032407407407407406
0 0.18333333333333332 0.9027777777777778 0.008333333333333333 0.012962962962962963
0 0.22838541666666667 0.8578703703703704 0.0078125 0.013888888888888888
0 0.27265625 0.9847222222222223 0.0140625 0.017592592592592594
0 0.3729166666666667 0.9009259259259259 0.0125 0.018518518518518517
0 0.33697916666666666 0.8240740740740741 0.011458333333333333 0.016666666666666666
0 0.42682291666666666 0.9361111111111111 0.0140625 0.011111111111111112
0 0.4388020833333333 0.7138888888888889 0.0109375 0.05
0 0.6700520833333333 0.5453703703703704 0.015104166666666667 0.04259259259259259
0 0.13046875 0.5018518518518519 0.0203125 0.03333333333333333
0 0.8778645833333333 0.9527777777777777 0.018229166666666668 0.025925925925925925
0 0.97265625 0.7305555555555555 0.005729166666666666 0.018518518518518517
0 0.98203125 0.7435185185185185 0.0067708333333333336 0.014814814814814815
0 0.8 0.3175925925925926 0.010416666666666666 0.020370370370370372
0 0.7359375 0.2537037037037037 0.023958333333333335 0.04259259259259259
0 0.7979166666666667 0.4388888888888889 0.007291666666666667 0.05555555555555555
0 0.8296875 0.4388888888888889 0.009375 0.04259259259259259
0 0.8458333333333333 0.44212962962962965 0.015625 0.041666666666666664
1 0.5 0.5131023148148148 1.0 0.9743527777777777
0 0.28920677083333335 0.2662467592592592 0.07633020833333333 0.11953055555555554
0 0.20509453125 0.04999537037037037 0.009147395833333332 0.025916666666666664
0 0.3780997395833333 0.0786162037037037 0.01661614583333333 0.023899074074074073
0 0.20121614583333333 0.24369351851851853 0.014932291666666668 0.033683333333333336
0 0.09515807291666666 0.20103055555555555 0.009066145833333334 0.016875925925925926
0 0.10517057291666668 0.2522847222222222 0.0051328125 0.019384259259259257
0 0.09664895833333334 0.37953333333333333 0.00788125 0.03128888888888889
0 0.026694010416666667 0.3145699074074074 0.012763020833333333 0.05136203703703703
0 0.0106390625 0.522475 0.007736458333333333 0.041246296296296295
0 0.021521875000000003 0.5006064814814815 0.009710416666666666 0.025287037037037035
0 0.016069010416666665 0.7054324074074074 0.0081796875 0.021975925925925927
0 0.10069322916666666 0.7543953703703703 0.025344791666666665 0.03286481481481481
0 0.24220833333333333 0.4842768518518519 0.0115 0.04633148148148148
0 0.14750442708333333 0.9013949074074074 0.008550520833333334 0.012049074074074073
0 0.17453125 0.8760976851851853 0.0209375 0.05775092592592593
0 0.15454244791666666 0.729588888888889 0.008043229166666667 0.03325185185185185
0 0.15495026041666668 0.8212333333333334 0.0078171875 0.012837037037037037
0 0.20302109375 0.7869171296296297 0.007083854166666667 0.012723148148148148
0 0.23657786458333332 0.9242986111111111 0.013780729166666667 0.01896759259259259
0 0.34282864583333333 0.8661018518518518 0.012740625 0.019240740740740742
0 0.3130375 0.7799587962962963 0.011491666666666667 0.015473148148148147
0 0.39345729166666665 0.9143097222222223 0.013997916666666667 0.010100925925925926
0 0.42259895833333333 0.6970671296296296 0.013947916666666667 0.047837962962962964
0 0.6649609375 0.5871518518518519 0.017421875 0.04282222222222222
0 0.13367604166666666 0.40962916666666666 0.020477083333333333 0.032221296296296296
0 0.94980703125 0.8451513888888889 0.006905729166666667 0.018080555555555558
0 0.9580265625000001 0.8603708333333334 0.0077197916666666665 0.01518611111111111
0 0.8110283854166667 0.3938148148148148 0.009556770833333334 0.01911111111111111
0 0.7528229166666667 0.3141101851851852 0.02335416666666667 0.04303518518518518
0 0.8000651041666667 0.5136185185185185 0.010546875 0.055014814814814815
0 0.8315036458333334 0.5215638888888888 0.011965625 0.04127592592592593
0 0.8468083333333334 0.5282550925925926 0.017575 0.039843518518518514
1 0.5 0.48138472222222217 1.0 0.9627694444444443
0 0.7427716145833333 0.6170444444444445 0.07095989583333333 0.1377925925925926
0 0.8562953125 0.7765092592592593 0.010507291666666667 0.02338888888888889
0 0.6854315104166666 0.8398199074074074 0.0125296875 0.03149166666666667
0 0.827634375 0.5899037037037037 0.012560416666666666 0.03721481481481481
0 0.9368080729166667 0.5737157407407408 0.010074479166666667 0.01409814814814815
0 0.9186388020833333 0.5304796296296297 0.0049859375 0.020218518518518518
0 0.9052559895833333 0.40617685185185187 0.010511979166666666 0.02902037037037037
0 0.9824080729166667 0.4321763888888889 0.010649479166666666 0.053241666666666666
0 0.9644145833333333 0.2233162037037037 0.010079166666666667 0.039225
0 0.9568544270833333 0.2509837962962963 0.008500520833333334 0.026041666666666668
0 0.9289763020833333 0.050895833333333335 0.008994270833333333 0.020310185185185185
0 0.8406874999999999 0.05133425925925926 0.025125 0.032298148148148145
0 0.7504572916666666 0.3789782407407407 0.015497916666666667 0.04128981481481482
0 0.79222890625 0.10146342592592593 0.011541145833333332 0.03070462962962963
0 0.7772765625000001 0.014784722222222223 0.008719791666666667 0.012902777777777779
0 0.7370372395833333 0.07132731481481482 0.008449479166666666 0.014876851851851851
0 0.59002734375 0.06838194444444444 0.012346354166666665 0.01824537037037037
0 0.6322083333333333 0.13381018518518517 0.011291666666666667 0.017620370370370373
0 0.5339872395833333 0.04845740740740741 0.013807812499999999 0.01358148148148148
0 0.54127265625 0.2719300925925926 0.008586979166666666 0.051267592592592594
0 0.32804817708333334 0.5028777777777778 0.012346354166666665 0.04279259259259259
0 0.8646244791666666 0.39532546296296295 0.019873958333333334 0.03509537037037037
0 0.08675208333333333 0.1581324074074074 0.0162125 0.029227777777777776
0 0.01324609375 0.40324305555555556 0.005658854166666667 0.019449074074074073
0 0.0030723958333333332 0.39300833333333335 0.0061447916666666665 0.015646296296296297
0 0.21989921875000001 0.7637064814814815 0.0116734375 0.02185740740740741
0 0.28862187499999997 0.8077814814814814 0.025160416666666668 0.04148888888888889
0 0.21263151041666667 0.6431763888888888 0.008596354166666665 0.0548712962962963
0 0.17947161458333336 0.6530226851851851 0.0110265625 0.04308240740740741
0 0.16380989583333333 0.6528550925925926 0.014078125 0.04274722222222222
1 0.49973958333333335 0.5319444444444444 0.9994791666666667 0.9342592592592592
0 0.27239583333333334 0.32037037037037036 0.07291666666666667 0.12777777777777777
0 0.17265625 0.12731481481481483 0.009895833333333333 0.025
0 0.3463541666666667 0.11296296296296296 0.014583333333333334 0.027777777777777776
0 0.184375 0.32037037037037036 0.013541666666666667 0.03518518518518519
0 0.07552083333333333 0.3050925925925926 0.009375 0.01574074074074074
0 0.08958333333333333 0.35324074074074074 0.004166666666666667 0.019444444444444445
0 0.09114583333333333 0.48009259259259257 0.008333333333333333 0.030555555555555555
0 0.016666666666666666 0.43287037037037035 0.009375 0.05277777777777778
0 0.017447916666666667 0.6435185185185185 0.0078125 0.040740740740740744
0 0.026302083333333334 0.6185185185185185 0.008854166666666666 0.025925925925925925
0 0.03697916666666667 0.8236111111111111 0.008333333333333333 0.021296296296296296
0 0.12421875 0.8495370370370371 0.025520833333333333 0.032407407407407406
0 0.24192708333333332 0.549074074074074 0.011979166666666667 0.044444444444444446
0 0.18203125 0.9837962962962963 0.008854166666666666 0.012037037037037037
0 0.20546875 0.9518518518518518 0.022395833333333334 0.05740740740740741
0 0.17604166666666668 0.8125 0.009375 0.032407407407407406
0 0.18333333333333332 0.9027777777777778 0.008333333333333333 0.012962962962962963
0 0.22838541666666667 0.8578703703703704 0.0078125 0.013888888888888888
0 0.27265625 0.9847222222222223 0.0140625 0.017592592592592594
0 0.3729166666666667 0.9009259259259259 0.0125 0.018518518518518517
0 0.33697916666666666 0.8240740740740741 0.011458333333333333 0.016666666666666666
0 0.42682291666666666 0.9361111111111111 0.0140625 0.011111111111111112
0 0.4388020833333333 0.7138888888888889 0.0109375 0.05
0 0.6700520833333333 0.5453703703703704 0.015104166666666667 0.04259259259259259
0 0.13046875 0.5018518518518519 0.0203125 0.03333333333333333
0 0.8778645833333333 0.9527777777777777 0.018229166666666668 0.025925925925925925
0 0.97265625 0.7305555555555555 0.005729166666666666 0.018518518518518517
0 0.98203125 0.7435185185185185 0.0067708333333333336 0.014814814814814815
0 0.8 0.3175925925925926 0.010416666666666666 0.020370370370370372
0 0.7359375 0.2537037037037037 0.023958333333333335 0.04259259259259259
0 0.7979166666666667 0.4388888888888889 0.007291666666666667 0.05555555555555555
0 0.8296875 0.4388888888888889 0.009375 0.04259259259259259
0 0.8458333333333333 0.44212962962962965 0.015625 0.041666666666666664
1 0.5 0.5131023148148148 1.0 0.9743527777777777
0 0.28920677083333335 0.2662467592592592 0.07633020833333333 0.11953055555555554
0 0.20509453125 0.04999537037037037 0.009147395833333332 0.025916666666666664
0 0.3780997395833333 0.0786162037037037 0.01661614583333333 0.023899074074074073
0 0.20121614583333333 0.24369351851851853 0.014932291666666668 0.033683333333333336
0 0.09515807291666666 0.20103055555555555 0.009066145833333334 0.016875925925925926
0 0.10517057291666668 0.2522847222222222 0.0051328125 0.019384259259259257
0 0.09664895833333334 0.37953333333333333 0.00788125 0.03128888888888889
0 0.026694010416666667 0.3145699074074074 0.012763020833333333 0.05136203703703703
0 0.0106390625 0.522475 0.007736458333333333 0.041246296296296295
0 0.021521875000000003 0.5006064814814815 0.009710416666666666 0.025287037037037035
0 0.016069010416666665 0.7054324074074074 0.0081796875 0.021975925925925927
0 0.10069322916666666 0.7543953703703703 0.025344791666666665 0.03286481481481481
0 0.24220833333333333 0.4842768518518519 0.0115 0.04633148148148148
0 0.14750442708333333 0.9013949074074074 0.008550520833333334 0.012049074074074073
0 0.17453125 0.8760976851851853 0.0209375 0.05775092592592593
0 0.15454244791666666 0.729588888888889 0.008043229166666667 0.03325185185185185
0 0.15495026041666668 0.8212333333333334 0.0078171875 0.012837037037037037
0 0.20302109375 0.7869171296296297 0.007083854166666667 0.012723148148148148
0 0.23657786458333332 0.9242986111111111 0.013780729166666667 0.01896759259259259
0 0.34282864583333333 0.8661018518518518 0.012740625 0.019240740740740742
0 0.3130375 0.7799587962962963 0.011491666666666667 0.015473148148148147
0 0.39345729166666665 0.9143097222222223 0.013997916666666667 0.010100925925925926
0 0.42259895833333333 0.6970671296296296 0.013947916666666667 0.047837962962962964
0 0.6649609375 0.5871518518518519 0.017421875 0.04282222222222222
0 0.13367604166666666 0.40962916666666666 0.020477083333333333 0.032221296296296296
0 0.94980703125 0.8451513888888889 0.006905729166666667 0.018080555555555558
0 0.9580265625000001 0.8603708333333334 0.0077197916666666665 0.01518611111111111
0 0.8110283854166667 0.3938148148148148 0.009556770833333334 0.01911111111111111
0 0.7528229166666667 0.3141101851851852 0.02335416666666667 0.04303518518518518
0 0.8000651041666667 0.5136185185185185 0.010546875 0.055014814814814815
0 0.8315036458333334 0.5215638888888888 0.011965625 0.04127592592592593
0 0.8468083333333334 0.5282550925925926 0.017575 0.039843518518518514
