1 0.5 0.5 1.0 1.0
0 0.3913854166666667 0.6771148148148148 0.010895833333333334 0.03200740740740741
0 0.44009375 0.37271620370370373 0.021854166666666668 0.03987685185185185
0 0.39975234375 0.15838425925925925 0.017213020833333332 0.02787962962962963
0 0.11939296875 0.34550185185185184 0.012744270833333333 0.02804074074074074
0 0.81714609375 0.08916203703703704 0.011375520833333335 0.03573148148148148
0 0.5880690104166667 0.1688236111111111 0.010513020833333333 0.019128703703703703
0 0.8933809895833333 0.08000787037037037 0.029470312499999998 0.04149722222222222
1 0.49973958333333335 0.49953703703703706 0.9994791666666667 0.9990740740740741
0 0.38307291666666665 0.34074074074074073 0.0109375 0.03148148148148148
0 0.4462890625 0.6364583333333333 0.022786458333333332 0.03958333333333333
0 0.41692708333333334 0.8560185185185185 0.0171875 0.026851851851851852
0 0.12838541666666667 0.7134259259259259 0.013020833333333334 0.026851851851851852
0 0.8364583333333333 0.8597222222222223 0.010416666666666666 0.03611111111111111
0 0.6041666666666666 0.8162037037037037 0.010416666666666666 0.019444444444444445
0 0.9125 0.8574074074074074 0.028125 0.044444444444444446
1 0.5 0.5 1.0 1.0
0 0.3760229166666667 0.6406810185185186 0.011420833333333333 0.03136203703703704
0 0.45291848958333336 0.3556055555555555 0.023545312500000002 0.038988888888888885
0 0.4345572916666667 0.13225416666666664 0.01703125 0.025619444444444445
0 0.1399453125 0.23004166666666667 0.013223958333333334 0.02675
0 0.8526783854166666 0.1940337962962963 0.010565104166666667 0.03621574074074074
0 0.6191828125 0.20147314814814815 0.010240625 0.01961296296296296
0 0.9285458333333333 0.20784953703703704 0.026883333333333332 0.04718055555555555
1 0.5 0.5 1.0 1.0
0 0.3913854166666667 0.6771148148148148 0.010895833333333334 0.03200740740740741
0 0.44009375 0.37271620370370373 0.021854166666666668 0.03987685185185185
0 0.39975234375 0.15838425925925925 0.017213020833333332 0.02787962962962963
0 0.11939296875 0.34550185185185184 0.012744270833333333 0.02804074074074074
0 0.81714609375 0.08916203703703704 0.011375520833333335 0.03573148148148148
0 0.5880690104166667 0.1688236111111111 0.010513020833333333 0.019128703703703703
0 0.8933809895833333 0.08000787037037037 0.029470312499999998 0.04149722222222222
1 0.49973958333333335 0.49953703703703706 0.9994791666666667 0.9990740740740741
0 0.38307291666666665 0.34074074074074073 0.0109375 0.03148148148148148
0 0.4462890625 0.6364583333333333 0.022786458333333332 0.03958333333333333
0 0.41692708333333334 0.8560185185185185 0.0171875 0.026851851851851852
0 0.12838541666666667 0.7134259259259259 0.013020833333333334 0.026851851851851852
0 0.8364583333333333 0.8597222222222223 0.010416666666666666 0.03611111111111111
0 0.6041666666666666 0.8162037037037037 0.010416666666666666 0.019444444444444445
0 0.9125 0.8574074074074074 0.028125 0.044444444444444446
1 0.5 0.5 1.0 1.0
0 0.3760229166666667 0.6406810185185186 0.011420833333333333 0.03136203703703704
0 0.45291848958333336 0.3556055555555555 0.023545312500000002 0.038988888888888885
0 0.4345572916666667 0.13225416666666664 0.01703125 0.025619444444444445
0 0.1399453125 0.23004166666666667 0.013223958333333334 0.02675
0 0.8526783854166666 0.1940337962962963 0.010565104166666667 0.03621574074074074
0 0.6191828125 0.20147314814814815 0.010240625 0.01961296296296296
0 0.9285458333333333 0.20784953703703704 0.026883333333333332 0.04718055555555555
1 0.5 0.5 1.0 1.0
0 0.3913854166666667 0.6771148148148148 0.010895833333333334 0.03200740740740741
0 0.44009375 0.37271620370370373 0.021854166666666668 0.03987685185185185
0 0.39975234375 0.15838425925925925 0.017213020833333332 0.02787962962962963
0 0.11939296875 0.34550185185185184 0.012744270833333333 0.02804074074074074
0 0.81714609375 0.08916203703703704 0.011375520833333335 0.03573148148148148
0 0.5880690104166667 0.1688236111111111 0.010513020833333333 0.019128703703703703
0 0.8933809895833333 0.08000787037037037 0.029470312499999998 0.04149722222222222
1 0.49973958333333335 0.49953703703703706 0.9994791666666667 0.9990740740740741
0 0.38307291666666665 0.34074074074074073 0.0109375 0.03148148148148148
0 0.4462890625 0.6364583333333333 0.022786458333333332 0.03958333333333333
0 0.41692708333333334 0.8560185185185185 0.0171875 0.026851851851851852
0 0.12838541666666667 0.7134259259259259 0.013020833333333334 0.026851851851851852
0 0.8364583333333333 0.8597222222222223 0.010416666666666666 0.03611111111111111
0 0.6041666666666666 0.8162037037037037 0.010416666666666666 0.019444444444444445
0 0.9125 0.8574074074074074 0.028125 0.044444444444444446
1 0.5 0.5 1.0 1.0
0 0.3760229166666667 0.6406810185185186 0.011420833333333333 0.03136203703703704
0 0.45291848958333336 0.3556055555555555 0.023545312500000002 0.038988888888888885
0 0.4345572916666667 0.13225416666666664 0.01703125 0.025619444444444445
0 0.1399453125 0.23004166666666667 0.013223958333333334 0.02675
0 0.8526783854166666 0.1940337962962963 0.010565104166666667 0.03621574074074074
0 0.6191828125 0.20147314814814815 0.010240625 0.01961296296296296
0 0.9285458333333333 0.20784953703703704 0.026883333333333332 0.04718055555555555
