1 0.5 0.5353027777777777 1.0 0.9298648148148149
0 0.01528515625 0.2609402777777778 0.0086953125 0.020028703703703705
0 0.017199218750000002 0.3829333333333333 0.004190104166666667 0.012162962962962962
0 0.01325078125 0.5827981481481481 0.011918229166666666 0.03967037037037037
0 0.061908333333333336 0.6868837962962964 0.006108333333333333 0.031174999999999998
0 0.3615096354166667 0.6802310185185185 0.028227604166666666 0.0660175925925926
0 0.44858046875 0.5898847222222222 0.030494270833333333 0.03717685185185186
0 0.44236015625 0.6536101851851852 0.020136979166666666 0.05722037037037037
0 0.36014765625 0.5923152777777778 0.014045312499999999 0.04018611111111112
0 0.3869302083333333 0.6018324074074074 0.01656875 0.025887037037037035
0 0.40257630208333334 0.6781638888888889 0.011402604166666667 0.030401851851851854
0 0.3857041666666667 0.6633939814814815 0.0068249999999999995 0.021232407407407408
0 0.41930364583333335 0.9583689814814816 0.0073572916666666665 0.0074787037037037036
0 0.5434598958333333 0.7878189814814816 0.019211458333333334 0.029341666666666665
0 0.5081049479166667 0.8160893518518518 0.0141265625 0.024771296296296295
0 0.6032716145833333 0.7677462962962963 0.018001562500000002 0.041048148148148146
0 0.5328403645833333 0.9361606481481481 0.008389062499999999 0.014913888888888888
0 0.5958817708333334 0.8932740740740741 0.03655520833333334 0.05691851851851852
0 0.58099375 0.8753981481481481 0.014070833333333333 0.02487037037037037
0 0.6240888020833334 0.8331175925925927 0.010677604166666667 0.014383333333333335
0 0.69007109375 0.8235402777777777 0.012433854166666668 0.01745092592592593
0 0.6679002604166667 0.7953041666666667 0.013925520833333333 0.022089814814814816
0 0.65244296875 0.7116675925925926 0.03509427083333334 0.04000185185185185
0 0.7523161458333334 0.6576370370370371 0.037965625 0.0449037037037037
0 0.7097846354166666 0.8486171296296295 0.006027604166666667 0.012049074074074073
0 0.7460119791666667 0.7745263888888889 0.014940625 0.028682407407407406
0 0.7333231770833333 0.5342666666666667 0.010396354166666667 0.035199999999999995
0 0.7260796875000001 0.4781912037037037 0.006326041666666667 0.010086111111111112
0 0.72317109375 0.5675847222222222 0.007800520833333334 0.014799074074074074
0 0.7082067708333334 0.3346365740740741 0.009121875 0.017421296296296296
0 0.69904765625 0.2861796296296296 0.011636979166666667 0.02421111111111111
0 0.8847809895833334 0.1294300925925926 0.010186979166666667 0.027378703703703704
0 0.9838351562500001 0.7768435185185185 0.0239203125 0.09442777777777778
0 0.6071591145833334 0.4715944444444444 0.011193229166666667 0.017262962962962963
0 0.48409322916666664 0.11301944444444445 0.019228125 0.02974259259259259
0 0.44557838541666667 0.11581851851851852 0.025531770833333335 0.042748148148148146
0 0.4229130208333334 0.12465648148148148 0.015617708333333334 0.02709074074074074
0 0.39285989583333336 0.17866157407407407 0.013844791666666667 0.02028611111111111
0 0.4376583333333333 0.16831157407407407 0.010733333333333334 0.02736388888888889
0 0.46319453125 0.22321064814814814 0.0076390625 0.016791666666666667
0 0.475171875 0.2578476851851852 0.00971875 0.019399074074074076
0 0.5175901041666667 0.23254444444444444 0.020596875 0.042866666666666664
0 0.48622734375000004 0.21210462962962964 0.008913020833333334 0.011246296296296298
0 0.4750380208333333 0.20635555555555557 0.006326041666666667 0.01085925925925926
0 0.4314596354166667 0.311699537037037 0.016044270833333332 0.02895462962962963
0 0.44540260416666666 0.31097731481481483 0.010596875 0.02565833333333333
0 0.4561294270833333 0.3472263888888889 0.015383854166666665 0.024082407407407407
0 0.4380671875 0.32232129629629624 0.006342708333333334 0.016864814814814815
0 0.42826484375 0.27972546296296297 0.0096546875 0.018710185185185187
0 0.36240104166666665 0.18451342592592593 0.02271875 0.03939722222222222
0 0.30173177083333336 0.2451523148148148 0.015963541666666668 0.04586018518518519
0 0.2385828125 0.2546699074074074 0.007373958333333333 0.016747222222222222
0 0.251915625 0.32287916666666666 0.03299791666666667 0.08835092592592593
0 0.36161015625000004 0.35612453703703706 0.016970312499999998 0.054841666666666664
0 0.342971875 0.4858828703703704 0.02656875 0.049543518518518515
0 0.3910692708333333 0.38583935185185186 0.011305208333333334 0.04204907407407407
0 0.16948489583333334 0.9881574074074074 0.0077197916666666665 0.013351851851851853
0 0.8313645833333333 0.6397606481481481 0.006479166666666666 0.011002777777777776
0 0.73828046875 0.8370398148148148 0.006769270833333333 0.011116666666666667
0 0.4406205729166667 0.23430092592592594 0.0166578125 0.029712962962962965
0 0.4378901041666667 0.21287592592592594 0.017446874999999997 0.029455555555555558
0 0.406809375 0.2447314814814815 0.01361875 0.035759259259259255
0 0.44973359375000005 0.13697824074074075 0.016133854166666666 0.02210462962962963
1 0.5 0.4956226851851852 1.0 0.9912453703703704
0 0.07665494791666667 0.9799726851851852 0.009559895833333333 0.01920462962962963
0 0.05749114583333333 0.8618962962962963 0.005607291666666667 0.01082962962962963
0 0.020375260416666666 0.6736898148148148 0.012625520833333332 0.038120370370370374
0 0.04979453125 0.5488800925925925 0.006880729166666667 0.03109351851851852
0 0.33805390625 0.40078657407407403 0.0261078125 0.06638796296296297
0 0.434690625 0.44393518518518515 0.030839583333333333 0.03601851851851852
0 0.4204528645833333 0.38170740740740744 0.015905729166666667 0.057859259259259256
0 0.3499684895833333 0.4855819444444444 0.012436979166666667 0.037830555555555555
0 0.3747903645833333 0.45942361111111113 0.016247395833333334 0.024402777777777777
0 0.377784375 0.3800875 0.010777083333333333 0.03239722222222222
0 0.36390833333333333 0.4032925925925926 0.0049 0.02325185185185185
0 0.34727578124999997 0.1032050925925926 0.006009895833333333 0.01011388888888889
0 0.49439739583333336 0.20352129629629628 0.016919791666666666 0.029264814814814816
0 0.45587109375 0.19386574074074073 0.0148671875 0.02662037037037037
0 0.5552273437499999 0.19028101851851853 0.011496354166666667 0.0472287037037037
0 0.45955546875 0.06731805555555556 0.008694270833333333 0.01241388888888889
0 0.5260856770833333 0.07656666666666667 0.039671354166666666 0.04942962962962963
0 0.5158203125 0.09992407407407408 0.014973958333333334 0.02392222222222222
0 0.5643156250000001 0.11755092592592592 0.009881250000000001 0.01473148148148148
0 0.6283588541666667 0.09231527777777779 0.010884375 0.021667592592592592
0 0.6122432291666667 0.13057500000000002 0.015111458333333333 0.020409259259259262
0 0.6115080729166666 0.2200638888888889 0.029266145833333333 0.05123888888888889
0 0.715553125 0.21811666666666668 0.04048125 0.05845555555555555
0 0.6429526041666667 0.057522222222222225 0.004655208333333333 0.013192592592592593
0 0.6893091145833333 0.10869212962962964 0.012993229166666667 0.02849537037037037
0 0.7172973958333333 0.3444069444444444 0.011678125000000001 0.03325833333333333
0 0.7201989583333333 0.4037574074074074 0.0049812500000000004 0.011218518518518518
0 0.702559375 0.3198601851851852 0.007202083333333333 0.015646296296296297
0 0.7256044270833333 0.5503814814814815 0.008500520833333334 0.01742962962962963
0 0.7248351562500001 0.6011013888888889 0.011128645833333334 0.022573148148148148
0 0.92870625 0.6554569444444445 0.012620833333333333 0.027580555555555556
0 0.6071484374999999 0.47059166666666663 0.012213541666666666 0.015257407407407409
0 0.5493252604166667 0.8781407407407408 0.02052552083333333 0.03220740740740741
0 0.5110263020833333 0.8967342592592592 0.0303859375 0.03420925925925926
0 0.48790546875 0.8983009259259259 0.0164359375 0.02623148148148148
0 0.45071380208333334 0.8618009259259259 0.0128859375 0.018046296296296296
0 0.495715625 0.8487356481481482 0.01018125 0.027100925925925924
0 0.5104062500000001 0.784088425925926 0.006229166666666667 0.020028703703703705
0 0.5169283854166667 0.7444069444444444 0.008856770833333333 0.022147222222222224
0 0.5607231770833334 0.747688425925926 0.016238020833333332 0.0472287037037037
0 0.5334578125 0.7820537037037038 0.008582291666666667 0.010403703703703705
0 0.5243377604166667 0.7932101851851853 0.004925520833333334 0.010494444444444443
0 0.46510859375 0.7149717592592593 0.0145921875 0.02994351851851852
0 0.47885416666666664 0.7096180555555556 0.010833333333333334 0.024791666666666667
0 0.48361015625000003 0.6694564814814815 0.015136979166666667 0.02595
0 0.47021406250000003 0.7020624999999999 0.007094791666666667 0.01523611111111111
0 0.4672328125 0.7477217592592592 0.010507291666666667 0.017665740740740742
0 0.42037994791666666 0.8779189814814815 0.027218229166666667 0.03546759259259259
0 0.3506171875 0.8476046296296297 0.012692708333333334 0.048912962962962964
0 0.29058255208333333 0.8698828703703703 0.009290104166666667 0.015691666666666666
0 0.29230911458333336 0.7971861111111112 0.032534895833333334 0.08881666666666667
0 0.3916653645833333 0.7092453703703704 0.018747395833333333 0.053675925925925926
0 0.3516036458333333 0.5947925925925925 0.024040625 0.054400000000000004
0 0.41532760416666664 0.6655509259259259 0.010863541666666667 0.042212962962962966
0 0.1036609375 0.2054912037037037 0.006280208333333333 0.014686111111111112
0 0.7938338541666667 0.19344999999999998 0.0064177083333333326 0.010974074074074074
0 0.6731419270833333 0.0543212962962963 0.005658854166666667 0.010494444444444443
0 0.4863986979166667 0.7838212962962964 0.01863072916666667 0.02690185185185185
0 0.48745104166666664 0.807525925925926 0.01656875 0.028014814814814815
0 0.45446041666666664 0.7924143518518518 0.012045833333333334 0.036680555555555557
0 0.5110169270833333 0.873975462962963 0.015783854166666667 0.02017314814814815
1 0.49973958333333335 0.5365740740740741 0.9994791666666667 0.925
0 0.039322916666666666 0.14305555555555555 0.008854166666666666 0.019444444444444445
0 0.030989583333333334 0.26481481481481484 0.0046875 0.011111111111111112
0 0.011458333333333333 0.46111111111111114 0.011458333333333333 0.03888888888888889
0 0.05182291666666667 0.5768518518518518 0.005729166666666666 0.03148148148148148
0 0.3489583333333333 0.6435185185185185 0.025 0.06666666666666667
0 0.44140625 0.5745370370370371 0.030729166666666665 0.03611111111111111
0 0.4309895833333333 0.637962962962963 0.0171875 0.05740740740740741
0 0.3541666666666667 0.5564814814814815 0.0125 0.03888888888888889
0 0.37942708333333336 0.5736111111111111 0.016145833333333335 0.025
0 0.38958333333333334 0.6527777777777778 0.010416666666666666 0.03148148148148148
0 0.37395833333333334 0.6333333333333333 0.005208333333333333 0.022222222222222223
0 0.3841145833333333 0.9347222222222222 0.0067708333333333336 0.008333333333333333
0 0.5205729166666667 0.7953703703703704 0.018229166666666668 0.02962962962962963
0 0.4830729166666667 0.8148148148148148 0.0140625 0.025925925925925925
0 0.5815104166666667 0.7907407407407407 0.015104166666666667 0.044444444444444446
0 0.4981770833333333 0.9393518518518519 0.0078125 0.013888888888888888
0 0.5638020833333334 0.9120370370370371 0.03802083333333333 0.053703703703703705
0 0.5510416666666667 0.8916666666666667 0.014583333333333334 0.024074074074074074
0 0.596875 0.8597222222222223 0.010416666666666666 0.013888888888888888
0 0.6630208333333333 0.8671296296296296 0.011458333333333333 0.019444444444444445
0 0.64296875 0.8333333333333334 0.0140625 0.020370370370370372
0 0.6348958333333333 0.7462962962962963 0.03229166666666667 0.044444444444444446
0 0.7375 0.7185185185185186 0.03958333333333333 0.05185185185185185
0 0.6802083333333333 0.8976851851851851 0.005208333333333333 0.012037037037037037
0 0.7216145833333333 0.8328703703703704 0.0140625 0.028703703703703703
0 0.7283854166666667 0.5921296296296297 0.0109375 0.03425925925925926
0 0.72578125 0.5337962962962963 0.005729166666666666 0.010185185185185186
0 0.7161458333333334 0.6222222222222222 0.007291666666666667 0.014814814814814815
0 0.7190104166666667 0.3875 0.008854166666666666 0.017592592592592594
0 0.7135416666666666 0.3375 0.011458333333333333 0.023148148148148147
0 0.9098958333333333 0.22777777777777777 0.011458333333333333 0.027777777777777776
0 0.95625 0.8944444444444445 0.027083333333333334 0.09444444444444444
0 0.6083333333333333 0.4986111111111111 0.011458333333333333 0.01574074074074074
0 0.5151041666666667 0.11342592592592593 0.019791666666666666 0.030555555555555555
0 0.47604166666666664 0.10555555555555556 0.028125 0.03888888888888889
0 0.45286458333333335 0.10972222222222222 0.016145833333333335 0.026851851851851852
0 0.4192708333333333 0.15601851851851853 0.013541666666666667 0.019444444444444445
0 0.46432291666666664 0.15601851851851853 0.009895833333333333 0.026851851851851852
0 0.48541666666666666 0.21666666666666667 0.00625 0.018518518518518517
0 0.4947916666666667 0.25462962962962965 0.009375 0.020370370370370372
0 0.5385416666666667 0.23935185185185184 0.01875 0.04537037037037037
0 0.50859375 0.21157407407407408 0.008854166666666666 0.010185185185185186
0 0.4981770833333333 0.20324074074074075 0.005729166666666666 0.010185185185185186
0 0.4471354166666667 0.2972222222222222 0.015104166666666667 0.02962962962962963
0 0.46119791666666665 0.29953703703703705 0.009895833333333333 0.025
0 0.46875 0.33796296296296297 0.014583333333333334 0.024074074074074074
0 0.45286458333333335 0.30892731481481484 0.0067708333333333336 0.01600277777777778
0 0.44609375 0.26435185185185184 0.009895833333333333 0.017592592592592594
0 0.3885416666666667 0.15138888888888888 0.025 0.03796296296296296
0 0.3229166666666667 0.19768518518518519 0.014583333333333334 0.04722222222222222
0 0.2604166666666667 0.19305555555555556 0.008333333333333333 0.01574074074074074
0 0.26848958333333334 0.26481481481481484 0.028645833333333332 0.08703703703703704
0 0.37473958333333335 0.3236111111111111 0.015104166666666667 0.05277777777777778
0 0.34479166666666666 0.44722222222222224 0.025 0.05185185185185185
0 0.4015625 0.36018518518518516 0.009375 0.04259259259259259
0 0.13463541666666667 0.9013888888888889 0.0067708333333333336 0.013888888888888888
0 0.8171875 0.7203703703703703 0.00625 0.011111111111111112
0 0.7098958333333333 0.8930555555555556 0.00625 0.010185185185185186
0 0.46197916666666666 0.22268518518518518 0.017708333333333333 0.028703703703703703
0 0.46067708333333335 0.20046296296296295 0.0171875 0.028703703703703703
0 0.4283854166666667 0.22453703703703703 0.013020833333333334 0.03611111111111111
0 0.4783854166666667 0.12777777777777777 0.016145833333333335 0.020370370370370372
1 0.5 0.5353027777777777 1.0 0.9298648148148149
0 0.01528515625 0.2609402777777778 0.0086953125 0.020028703703703705
0 0.017199218750000002 0.3829333333333333 0.004190104166666667 0.012162962962962962
0 0.01325078125 0.5827981481481481 0.011918229166666666 0.03967037037037037
0 0.061908333333333336 0.6868837962962964 0.006108333333333333 0.031174999999999998
0 0.3615096354166667 0.6802310185185185 0.028227604166666666 0.0660175925925926
0 0.44858046875 0.5898847222222222 0.030494270833333333 0.03717685185185186
0 0.44236015625 0.6536101851851852 0.020136979166666666 0.05722037037037037
0 0.36014765625 0.5923152777777778 0.014045312499999999 0.04018611111111112
0 0.3869302083333333 0.6018324074074074 0.01656875 0.025887037037037035
0 0.40257630208333334 0.6781638888888889 0.011402604166666667 0.030401851851851854
0 0.3857041666666667 0.6633939814814815 0.0068249999999999995 0.021232407407407408
0 0.41930364583333335 0.9583689814814816 0.0073572916666666665 0.0074787037037037036
0 0.5434598958333333 0.7878189814814816 0.019211458333333334 0.029341666666666665
0 0.5081049479166667 0.8160893518518518 0.0141265625 0.024771296296296295
0 0.6032716145833333 0.7677462962962963 0.018001562500000002 0.041048148148148146
0 0.5328403645833333 0.9361606481481481 0.008389062499999999 0.014913888888888888
0 0.5958817708333334 0.8932740740740741 0.03655520833333334 0.05691851851851852
0 0.58099375 0.8753981481481481 0.014070833333333333 0.02487037037037037
0 0.6240888020833334 0.8331175925925927 0.010677604166666667 0.014383333333333335
0 0.69007109375 0.8235402777777777 0.012433854166666668 0.01745092592592593
0 0.6679002604166667 0.7953041666666667 0.013925520833333333 0.022089814814814816
0 0.65244296875 0.7116675925925926 0.03509427083333334 0.04000185185185185
0 0.7523161458333334 0.6576370370370371 0.037965625 0.0449037037037037
0 0.7097846354166666 0.8486171296296295 0.006027604166666667 0.012049074074074073
0 0.7460119791666667 0.7745263888888889 0.014940625 0.028682407407407406
0 0.7333231770833333 0.5342666666666667 0.010396354166666667 0.035199999999999995
0 0.7260796875000001 0.4781912037037037 0.006326041666666667 0.010086111111111112
0 0.72317109375 0.5675847222222222 0.007800520833333334 0.014799074074074074
0 0.7082067708333334 0.3346365740740741 0.009121875 0.017421296296296296
0 0.69904765625 0.2861796296296296 0.011636979166666667 0.02421111111111111
0 0.8847809895833334 0.1294300925925926 0.010186979166666667 0.027378703703703704
0 0.9838351562500001 0.7768435185185185 0.0239203125 0.09442777777777778
0 0.6071591145833334 0.4715944444444444 0.011193229166666667 0.017262962962962963
0 0.48409322916666664 0.11301944444444445 0.019228125 0.02974259259259259
0 0.44557838541666667 0.11581851851851852 0.025531770833333335 0.042748148148148146
0 0.4229130208333334 0.12465648148148148 0.015617708333333334 0.02709074074074074
0 0.39285989583333336 0.17866157407407407 0.013844791666666667 0.02028611111111111
0 0.4376583333333333 0.16831157407407407 0.010733333333333334 0.02736388888888889
0 0.46319453125 0.22321064814814814 0.0076390625 0.016791666666666667
0 0.475171875 0.2578476851851852 0.00971875 0.019399074074074076
0 0.5175901041666667 0.23254444444444444 0.020596875 0.042866666666666664
0 0.48622734375000004 0.21210462962962964 0.008913020833333334 0.011246296296296298
0 0.4750380208333333 0.20635555555555557 0.006326041666666667 0.01085925925925926
0 0.4314596354166667 0.311699537037037 0.016044270833333332 0.02895462962962963
0 0.44540260416666666 0.31097731481481483 0.010596875 0.02565833333333333
0 0.4561294270833333 0.3472263888888889 0.015383854166666665 0.024082407407407407
0 0.4380671875 0.32232129629629624 0.006342708333333334 0.016864814814814815
0 0.42826484375 0.27972546296296297 0.0096546875 0.018710185185185187
0 0.36240104166666665 0.18451342592592593 0.02271875 0.03939722222222222
0 0.30173177083333336 0.2451523148148148 0.015963541666666668 0.04586018518518519
0 0.2385828125 0.2546699074074074 0.007373958333333333 0.016747222222222222
0 0.251915625 0.32287916666666666 0.03299791666666667 0.08835092592592593
0 0.36161015625000004 0.35612453703703706 0.016970312499999998 0.054841666666666664
0 0.342971875 0.4858828703703704 0.02656875 0.049543518518518515
0 0.3910692708333333 0.38583935185185186 0.011305208333333334 0.04204907407407407
0 0.16948489583333334 0.9881574074074074 0.0077197916666666665 0.013351851851851853
0 0.8313645833333333 0.6397606481481481 0.006479166666666666 0.011002777777777776
0 0.73828046875 0.8370398148148148 0.006769270833333333 0.011116666666666667
0 0.4406205729166667 0.23430092592592594 0.0166578125 0.029712962962962965
0 0.4378901041666667 0.21287592592592594 0.017446874999999997 0.029455555555555558
0 0.406809375 0.2447314814814815 0.01361875 0.035759259259259255
0 0.44973359375000005 0.13697824074074075 0.016133854166666666 0.02210462962962963
1 0.5 0.4956226851851852 1.0 0.9912453703703704
0 0.07665494791666667 0.9799726851851852 0.009559895833333333 0.01920462962962963
0 0.05749114583333333 0.8618962962962963 0.005607291666666667 0.01082962962962963
0 0.020375260416666666 0.6736898148148148 0.012625520833333332 0.038120370370370374
0 0.04979453125 0.5488800925925925 0.006880729166666667 0.03109351851851852
0 0.33805390625 0.40078657407407403 0.0261078125 0.06638796296296297
0 0.434690625 0.44393518518518515 0.030839583333333333 0.03601851851851852
0 0.4204528645833333 0.38170740740740744 0.015905729166666667 0.057859259259259256
0 0.3499684895833333 0.4855819444444444 0.012436979166666667 0.037830555555555555
0 0.3747903645833333 0.45942361111111113 0.016247395833333334 0.024402777777777777
0 0.377784375 0.3800875 0.010777083333333333 0.03239722222222222
0 0.36390833333333333 0.4032925925925926 0.0049 0.02325185185185185
0 0.34727578124999997 0.1032050925925926 0.006009895833333333 0.01011388888888889
0 0.49439739583333336 0.20352129629629628 0.016919791666666666 0.029264814814814816
0 0.45587109375 0.19386574074074073 0.0148671875 0.02662037037037037
0 0.5552273437499999 0.19028101851851853 0.011496354166666667 0.0472287037037037
0 0.45955546875 0.06731805555555556 0.008694270833333333 0.01241388888888889
0 0.5260856770833333 0.07656666666666667 0.039671354166666666 0.04942962962962963
0 0.5158203125 0.09992407407407408 0.014973958333333334 0.02392222222222222
0 0.5643156250000001 0.11755092592592592 0.009881250000000001 0.01473148148148148
0 0.6283588541666667 0.09231527777777779 0.010884375 0.021667592592592592
0 0.6122432291666667 0.13057500000000002 0.015111458333333333 0.020409259259259262
0 0.6115080729166666 0.2200638888888889 0.029266145833333333 0.05123888888888889
0 0.715553125 0.21811666666666668 0.04048125 0.05845555555555555
0 0.6429526041666667 0.057522222222222225 0.004655208333333333 0.013192592592592593
0 0.6893091145833333 0.10869212962962964 0.012993229166666667 0.02849537037037037
0 0.7172973958333333 0.3444069444444444 0.011678125000000001 0.03325833333333333
0 0.7201989583333333 0.4037574074074074 0.0049812500000000004 0.011218518518518518
0 0.702559375 0.3198601851851852 0.007202083333333333 0.015646296296296297
0 0.7256044270833333 0.5503814814814815 0.008500520833333334 0.01742962962962963
0 0.7248351562500001 0.6011013888888889 0.011128645833333334 0.022573148148148148
0 0.92870625 0.6554569444444445 0.012620833333333333 0.027580555555555556
0 0.6071484374999999 0.47059166666666663 0.012213541666666666 0.015257407407407409
0 0.5493252604166667 0.8781407407407408 0.02052552083333333 0.03220740740740741
0 0.5110263020833333 0.8967342592592592 0.0303859375 0.03420925925925926
0 0.48790546875 0.8983009259259259 0.0164359375 0.02623148148148148
0 0.45071380208333334 0.8618009259259259 0.0128859375 0.018046296296296296
0 0.495715625 0.8487356481481482 0.01018125 0.027100925925925924
0 0.5104062500000001 0.784088425925926 0.006229166666666667 0.020028703703703705
0 0.5169283854166667 0.7444069444444444 0.008856770833333333 0.022147222222222224
0 0.5607231770833334 0.747688425925926 0.016238020833333332 0.0472287037037037
0 0.5334578125 0.7820537037037038 0.008582291666666667 0.010403703703703705
0 0.5243377604166667 0.7932101851851853 0.004925520833333334 0.010494444444444443
0 0.46510859375 0.7149717592592593 0.0145921875 0.02994351851851852
0 0.47885416666666664 0.7096180555555556 0.010833333333333334 0.024791666666666667
0 0.48361015625000003 0.6694564814814815 0.015136979166666667 0.02595
0 0.47021406250000003 0.7020624999999999 0.007094791666666667 0.01523611111111111
0 0.4672328125 0.7477217592592592 0.010507291666666667 0.017665740740740742
0 0.42037994791666666 0.8779189814814815 0.027218229166666667 0.03546759259259259
0 0.3506171875 0.8476046296296297 0.012692708333333334 0.048912962962962964
0 0.29058255208333333 0.8698828703703703 0.009290104166666667 0.015691666666666666
0 0.29230911458333336 0.7971861111111112 0.032534895833333334 0.08881666666666667
0 0.3916653645833333 0.7092453703703704 0.018747395833333333 0.053675925925925926
0 0.3516036458333333 0.5947925925925925 0.024040625 0.054400000000000004
0 0.41532760416666664 0.6655509259259259 0.010863541666666667 0.042212962962962966
0 0.1036609375 0.2054912037037037 0.006280208333333333 0.014686111111111112
0 0.7938338541666667 0.19344999999999998 0.0064177083333333326 0.010974074074074074
0 0.6731419270833333 0.0543212962962963 0.005658854166666667 0.010494444444444443
0 0.4863986979166667 0.7838212962962964 0.01863072916666667 0.02690185185185185
0 0.48745104166666664 0.807525925925926 0.01656875 0.028014814814814815
0 0.45446041666666664 0.7924143518518518 0.012045833333333334 0.036680555555555557
0 0.5110169270833333 0.873975462962963 0.015783854166666667 0.02017314814814815
1 0.49973958333333335 0.5365740740740741 0.9994791666666667 0.925
0 0.039322916666666666 0.14305555555555555 0.008854166666666666 0.019444444444444445
0 0.030989583333333334 0.26481481481481484 0.0046875 0.011111111111111112
0 0.011458333333333333 0.46111111111111114 0.011458333333333333 0.03888888888888889
0 0.05182291666666667 0.5768518518518518 0.005729166666666666 0.03148148148148148
0 0.3489583333333333 0.6435185185185185 0.025 0.06666666666666667
0 0.44140625 0.5745370370370371 0.030729166666666665 0.03611111111111111
0 0.4309895833333333 0.637962962962963 0.0171875 0.05740740740740741
0 0.3541666666666667 0.5564814814814815 0.0125 0.03888888888888889
0 0.37942708333333336 0.5736111111111111 0.016145833333333335 0.025
0 0.38958333333333334 0.6527777777777778 0.010416666666666666 0.03148148148148148
0 0.37395833333333334 0.6333333333333333 0.005208333333333333 0.022222222222222223
0 0.3841145833333333 0.9347222222222222 0.0067708333333333336 0.008333333333333333
0 0.5205729166666667 0.7953703703703704 0.018229166666666668 0.02962962962962963
0 0.4830729166666667 0.8148148148148148 0.0140625 0.025925925925925925
0 0.5815104166666667 0.7907407407407407 0.015104166666666667 0.044444444444444446
0 0.4981770833333333 0.9393518518518519 0.0078125 0.013888888888888888
0 0.5638020833333334 0.9120370370370371 0.03802083333333333 0.053703703703703705
0 0.5510416666666667 0.8916666666666667 0.014583333333333334 0.024074074074074074
0 0.596875 0.8597222222222223 0.010416666666666666 0.013888888888888888
0 0.6630208333333333 0.8671296296296296 0.011458333333333333 0.019444444444444445
0 0.64296875 0.8333333333333334 0.0140625 0.020370370370370372
0 0.6348958333333333 0.7462962962962963 0.03229166666666667 0.044444444444444446
0 0.7375 0.7185185185185186 0.03958333333333333 0.05185185185185185
0 0.6802083333333333 0.8976851851851851 0.005208333333333333 0.012037037037037037
0 0.7216145833333333 0.8328703703703704 0.0140625 0.028703703703703703
0 0.7283854166666667 0.5921296296296297 0.0109375 0.03425925925925926
0 0.72578125 0.5337962962962963 0.005729166666666666 0.010185185185185186
0 0.7161458333333334 0.6222222222222222 0.007291666666666667 0.014814814814814815
0 0.7190104166666667 0.3875 0.008854166666666666 0.017592592592592594
0 0.7135416666666666 0.3375 0.011458333333333333 0.023148148148148147
0 0.9098958333333333 0.22777777777777777 0.011458333333333333 0.027777777777777776
0 0.95625 0.8944444444444445 0.027083333333333334 0.09444444444444444
0 0.6083333333333333 0.4986111111111111 0.011458333333333333 0.01574074074074074
0 0.5151041666666667 0.11342592592592593 0.019791666666666666 0.030555555555555555
0 0.47604166666666664 0.10555555555555556 0.028125 0.03888888888888889
0 0.45286458333333335 0.10972222222222222 0.016145833333333335 0.026851851851851852
0 0.4192708333333333 0.15601851851851853 0.013541666666666667 0.019444444444444445
0 0.46432291666666664 0.15601851851851853 0.009895833333333333 0.026851851851851852
0 0.48541666666666666 0.21666666666666667 0.00625 0.018518518518518517
0 0.4947916666666667 0.25462962962962965 0.009375 0.020370370370370372
0 0.5385416666666667 0.23935185185185184 0.01875 0.04537037037037037
0 0.50859375 0.21157407407407408 0.008854166666666666 0.010185185185185186
0 0.4981770833333333 0.20324074074074075 0.005729166666666666 0.010185185185185186
0 0.4471354166666667 0.2972222222222222 0.015104166666666667 0.02962962962962963
0 0.46119791666666665 0.29953703703703705 0.009895833333333333 0.025
0 0.46875 0.33796296296296297 0.014583333333333334 0.024074074074074074
0 0.45286458333333335 0.30892731481481484 0.0067708333333333336 0.01600277777777778
0 0.44609375 0.26435185185185184 0.009895833333333333 0.017592592592592594
0 0.3885416666666667 0.15138888888888888 0.025 0.03796296296296296
0 0.3229166666666667 0.19768518518518519 0.014583333333333334 0.04722222222222222
0 0.2604166666666667 0.19305555555555556 0.008333333333333333 0.01574074074074074
0 0.26848958333333334 0.26481481481481484 0.028645833333333332 0.08703703703703704
0 0.37473958333333335 0.3236111111111111 0.015104166666666667 0.05277777777777778
0 0.34479166666666666 0.44722222222222224 0.025 0.05185185185185185
0 0.4015625 0.36018518518518516 0.009375 0.04259259259259259
0 0.13463541666666667 0.9013888888888889 0.0067708333333333336 0.013888888888888888
0 0.8171875 0.7203703703703703 0.00625 0.011111111111111112
0 0.7098958333333333 0.8930555555555556 0.00625 0.010185185185185186
0 0.46197916666666666 0.22268518518518518 0.017708333333333333 0.028703703703703703
0 0.46067708333333335 0.20046296296296295 0.0171875 0.028703703703703703
0 0.4283854166666667 0.22453703703703703 0.013020833333333334 0.03611111111111111
0 0.4783854166666667 0.12777777777777777 0.016145833333333335 0.020370370370370372
