1 0.5 0.5083500000000001 1.0 0.9833666666666667
0 0.4806872395833333 0.3567300925925926 0.0228328125 0.05420092592592592
0 0.415396875 0.42192268518518516 0.02454375 0.06791944444444444
0 0.452634375 0.4076287037037037 0.010477083333333333 0.015257407407407409
0 0.5671950520833333 0.4790662037037037 0.019806770833333334 0.05442870370370371
0 0.4005473958333334 0.6946745370370371 0.025053125 0.065275
0 0.30228932291666666 0.5755037037037037 0.0087453125 0.02137777777777778
0 0.2954908854166666 0.6558768518518518 0.022231770833333334 0.05064259259259259
0 0.17252656249999998 0.8057240740740741 0.007553125 0.024411111111111113
0 0.04620859375 0.7019097222222223 0.010125520833333334 0.01863425925925926
0 0.2159940104166667 0.9206527777777778 0.006988020833333333 0.009824074074074074
0 0.20546770833333333 0.9127199074074074 0.0067687500000000005 0.01988425925925926
0 0.34188541666666666 0.8804800925925926 0.008770833333333334 0.01651574074074074
0 0.3569622395833333 0.9047680555555555 0.018091145833333332 0.044721296296296294
0 0.5331515625 0.9536435185185185 0.020469791666666667 0.02950925925925926
0 0.7101817708333333 0.8801481481481481 0.035988541666666665 0.05288888888888889
0 0.7064091145833333 0.8808458333333333 0.029484895833333333 0.035765740740740744
0 0.749559375 0.9690564814814814 0.02724375 0.023298148148148148
0 0.9512244791666667 0.729474074074074 0.008698958333333335 0.036725925925925926
0 0.9815158854166667 0.7381768518518519 0.005740104166666667 0.02079814814814815
0 0.9789546875 0.5643356481481481 0.014159375 0.03793055555555556
0 0.9888210937499999 0.35253935185185187 0.022433854166666666 0.06248611111111111
0 0.9835799479166667 0.31731111111111115 0.0067432291666666665 0.01425185185185185
0 0.8890864583333333 0.34778287037037037 0.0052562500000000005 0.01593611111111111
0 0.7557015625 0.3890527777777778 0.01973645833333333 0.03180925925925926
0 0.7810210937500001 0.2499212962962963 0.025583854166666666 0.01836111111111111
0 0.6447942708333334 0.24981435185185188 0.023963541666666664 0.0496287037037037
0 0.6036119791666666 0.10182175925925926 0.016598958333333334 0.01660648148148148
0 0.4600953125 0.39881944444444445 0.011857291666666665 0.01800925925925926
0 0.5554828125 0.4774351851851852 0.010965625 0.019685185185185188
0 0.6252552083333334 0.4256486111111111 0.014052083333333333 0.025371296296296295
0 0.6752059895833333 0.5577009259259259 0.006661979166666667 0.015401851851851852
0 0.6543471354166667 0.8279037037037037 0.008694270833333333 0.015066666666666666
0 0.28928359374999996 0.863987962962963 0.0129421875 0.015012962962962962
0 0.20251432291666666 0.315512962962963 0.012320312500000001 0.032877777777777784
1 0.49973958333333335 0.5314814814814814 0.9994791666666667 0.9351851851851852
0 0.4671875 0.3638888888888889 0.021875 0.053703703703703705
0 0.40963541666666664 0.4476851851851852 0.0203125 0.06759259259259259
0 0.44505208333333335 0.4217592592592593 0.0109375 0.01574074074074074
0 0.5643229166666667 0.46064814814814814 0.015104166666666667 0.058333333333333334
0 0.41770833333333335 0.7194444444444444 0.023958333333333335 0.06666666666666667
0 0.3111979166666667 0.6296296296296297 0.009895833333333333 0.020370370370370372
0 0.3109375 0.711574074074074 0.022916666666666665 0.049074074074074076
0 0.20286458333333332 0.8935185185185185 0.008854166666666666 0.022222222222222223
0 0.06927083333333334 0.825925925925926 0.011458333333333333 0.016666666666666666
0 0.25625 0.9944444444444445 0.00625 0.009259259259259259
0 0.24505208333333334 0.9893518518518518 0.0078125 0.019444444444444445
0 0.3776041666666667 0.9194444444444444 0.009375 0.014814814814814815
0 0.39375 0.9393518518518519 0.016666666666666666 0.04351851851851852
0 0.5723958333333333 0.9384259259259259 0.020833333333333332 0.028703703703703703
0 0.7401041666666667 0.8162037037037037 0.034375 0.05648148148148148
0 0.7377604166666667 0.8185185185185185 0.0296875 0.03518518518518519
0 0.7872395833333333 0.8944444444444445 0.0265625 0.025925925925925925
0 0.8403645833333333 0.9847222222222223 0.005729166666666666 0.017592592592592594
0 0.9408854166666667 0.8967592592592593 0.005729166666666666 0.013888888888888888
0 0.96640625 0.600925925925926 0.0067708333333333336 0.037037037037037035
0 0.9966145833333333 0.6013888888888889 0.005729166666666666 0.019444444444444445
0 0.9786458333333333 0.4310185185185185 0.014583333333333334 0.03796296296296296
0 0.97109375 0.21805555555555556 0.024479166666666666 0.06018518518518518
0 0.9611979166666667 0.18518518518518517 0.0067708333333333336 0.012962962962962963
0 0.8703125 0.24166666666666667 0.005208333333333333 0.014814814814814815
0 0.74296875 0.3199074074074074 0.0203125 0.03425925925925926
0 0.7559895833333333 0.175 0.0265625 0.011111111111111112
0 0.6205729166666667 0.2125 0.024479166666666666 0.049074074074074076
0 0.5677083333333334 0.07777777777777778 0.016666666666666666 0.020370370370370372
0 0.45208333333333334 0.4115740740740741 0.0125 0.01574074074074074
0 0.5533854166666666 0.46111111111111114 0.0109375 0.020370370370370372
0 0.6169270833333333 0.39166666666666666 0.0140625 0.024074074074074074
0 0.678125 0.5078703703703704 0.00625 0.01574074074074074
0 0.6815104166666667 0.7814814814814814 0.0078125 0.014814814814814815
0 0.32369791666666664 0.9185185185185185 0.013020833333333334 0.016666666666666666
0 0.190625 0.40046296296296297 0.0125 0.032407407407407406
1 0.5 0.5230490740740741 1.0 0.9535055555555556
0 0.47470989583333334 0.35948009259259256 0.022336458333333333 0.054145370370370365
0 0.41240755208333335 0.4330643518518518 0.022731770833333335 0.06798055555555556
0 0.44910703124999996 0.41331527777777777 0.010714062500000001 0.015519444444444443
0 0.5661768229166667 0.4707606481481481 0.0177703125 0.056336111111111115
0 0.40815286458333333 0.7069578703703704 0.0246390625 0.06576759259259259
0 0.3056302083333333 0.6002435185185185 0.009177083333333334 0.020857407407407408
0 0.30105833333333337 0.6815305555555555 0.021908333333333332 0.05009814814814815
0 0.18459479166666667 0.846013888888889 0.007731249999999999 0.02350925925925926
0 0.054846093750000005 0.7579810185185185 0.010733854166666668 0.01781388888888889
0 0.23302760416666668 0.955537962962963 0.006680208333333334 0.009224074074074074
0 0.22236901041666668 0.9485569444444444 0.007238020833333333 0.01933611111111111
0 0.35765859375000003 0.8986444444444444 0.009067187499999999 0.015807407407407405
0 0.37281796875 0.9212347222222222 0.0175109375 0.044321296296296296
0 0.5509111979166667 0.9479532407407407 0.020572395833333333 0.029239814814814816
0 0.7239395833333333 0.8532523148148149 0.03537916666666666 0.05465277777777778
0 0.7210825520833333 0.8539189814814815 0.029665104166666668 0.035615740740740746
0 0.7671033854166667 0.9367032407407407 0.026915104166666665 0.023406481481481483
0 0.9199049479166667 0.9640027777777779 0.005434895833333333 0.01319074074074074
0 0.9595458333333333 0.6731180555555555 0.007633333333333334 0.03697685185185185
0 0.98985546875 0.6777217592592593 0.005752604166666666 0.020258333333333333
0 0.9801125 0.5051412037037037 0.014391666666666667 0.03806018518518518
0 0.98318515625 0.2919365740740741 0.024703645833333333 0.06165092592592592
0 0.9751567708333333 0.2577861111111111 0.006563541666666667 0.01372037037037037
0 0.8817609375 0.3003351851851852 0.005188541666666667 0.015485185185185185
0 0.7506518229166667 0.3581662037037037 0.020053645833333335 0.032999074074074077
0 0.77086171875 0.21592546296296297 0.026098437500000002 0.01518425925925926
0 0.634296875 0.23217407407407406 0.023802083333333335 0.04953333333333333
0 0.5879111979166667 0.08969305555555555 0.016447395833333333 0.018275
0 0.4566109375 0.4048226851851852 0.012180208333333333 0.017052777777777778
0 0.5549723958333334 0.4702106481481481 0.010986458333333334 0.020050925925925927
0 0.6216333333333334 0.4096574074074074 0.0141 0.02487037037037037
0 0.6772075520833333 0.5355777777777777 0.0064984375 0.0156
0 0.6671846354166667 0.8084263888888888 0.008327604166666667 0.015000925925925926
0 0.30390416666666664 0.8893796296296296 0.013016666666666668 0.015796296296296294
0 0.19676041666666666 0.3534212962962963 0.012270833333333333 0.032768518518518516
1 0.5 0.5083500000000001 1.0 0.9833666666666667
0 0.4806872395833333 0.3567300925925926 0.0228328125 0.05420092592592592
0 0.415396875 0.42192268518518516 0.02454375 0.06791944444444444
0 0.452634375 0.4076287037037037 0.010477083333333333 0.015257407407407409
0 0.5671950520833333 0.4790662037037037 0.019806770833333334 0.05442870370370371
0 0.4005473958333334 0.6946745370370371 0.025053125 0.065275
0 0.30228932291666666 0.5755037037037037 0.0087453125 0.02137777777777778
0 0.2954908854166666 0.6558768518518518 0.022231770833333334 0.05064259259259259
0 0.17252656249999998 0.8057240740740741 0.007553125 0.024411111111111113
0 0.04620859375 0.7019097222222223 0.010125520833333334 0.01863425925925926
0 0.2159940104166667 0.9206527777777778 0.006988020833333333 0.009824074074074074
0 0.20546770833333333 0.9127199074074074 0.0067687500000000005 0.01988425925925926
0 0.34188541666666666 0.8804800925925926 0.008770833333333334 0.01651574074074074
0 0.3569622395833333 0.9047680555555555 0.018091145833333332 0.044721296296296294
0 0.5331515625 0.9536435185185185 0.020469791666666667 0.02950925925925926
0 0.7101817708333333 0.8801481481481481 0.035988541666666665 0.05288888888888889
0 0.7064091145833333 0.8808458333333333 0.029484895833333333 0.035765740740740744
0 0.749559375 0.9690564814814814 0.02724375 0.023298148148148148
0 0.9512244791666667 0.729474074074074 0.008698958333333335 0.036725925925925926
0 0.9815158854166667 0.7381768518518519 0.005740104166666667 0.02079814814814815
0 0.9789546875 0.5643356481481481 0.014159375 0.03793055555555556
0 0.9888210937499999 0.35253935185185187 0.022433854166666666 0.06248611111111111
0 0.9835799479166667 0.31731111111111115 0.0067432291666666665 0.01425185185185185
0 0.8890864583333333 0.34778287037037037 0.0052562500000000005 0.01593611111111111
0 0.7557015625 0.3890527777777778 0.01973645833333333 0.03180925925925926
0 0.7810210937500001 0.2499212962962963 0.025583854166666666 0.01836111111111111
0 0.6447942708333334 0.24981435185185188 0.023963541666666664 0.0496287037037037
0 0.6036119791666666 0.10182175925925926 0.016598958333333334 0.01660648148148148
0 0.4600953125 0.39881944444444445 0.011857291666666665 0.01800925925925926
0 0.5554828125 0.4774351851851852 0.010965625 0.019685185185185188
0 0.6252552083333334 0.4256486111111111 0.014052083333333333 0.025371296296296295
0 0.6752059895833333 0.5577009259259259 0.006661979166666667 0.015401851851851852
0 0.6543471354166667 0.8279037037037037 0.008694270833333333 0.015066666666666666
0 0.28928359374999996 0.863987962962963 0.0129421875 0.015012962962962962
0 0.20251432291666666 0.315512962962963 0.012320312500000001 0.032877777777777784
1 0.49973958333333335 0.5314814814814814 0.9994791666666667 0.9351851851851852
0 0.4671875 0.3638888888888889 0.021875 0.053703703703703705
0 0.40963541666666664 0.4476851851851852 0.0203125 0.06759259259259259
0 0.44505208333333335 0.4217592592592593 0.0109375 0.01574074074074074
0 0.5643229166666667 0.46064814814814814 0.015104166666666667 0.058333333333333334
0 0.41770833333333335 0.7194444444444444 0.023958333333333335 0.06666666666666667
0 0.3111979166666667 0.6296296296296297 0.009895833333333333 0.020370370370370372
0 0.3109375 0.711574074074074 0.022916666666666665 0.049074074074074076
0 0.20286458333333332 0.8935185185185185 0.008854166666666666 0.022222222222222223
0 0.06927083333333334 0.825925925925926 0.011458333333333333 0.016666666666666666
0 0.25625 0.9944444444444445 0.00625 0.009259259259259259
0 0.24505208333333334 0.9893518518518518 0.0078125 0.019444444444444445
0 0.3776041666666667 0.9194444444444444 0.009375 0.014814814814814815
0 0.39375 0.9393518518518519 0.016666666666666666 0.04351851851851852
0 0.5723958333333333 0.9384259259259259 0.020833333333333332 0.028703703703703703
0 0.7401041666666667 0.8162037037037037 0.034375 0.05648148148148148
0 0.7377604166666667 0.8185185185185185 0.0296875 0.03518518518518519
0 0.7872395833333333 0.8944444444444445 0.0265625 0.025925925925925925
0 0.8403645833333333 0.9847222222222223 0.005729166666666666 0.017592592592592594
0 0.9408854166666667 0.8967592592592593 0.005729166666666666 0.013888888888888888
0 0.96640625 0.600925925925926 0.0067708333333333336 0.037037037037037035
0 0.9966145833333333 0.6013888888888889 0.005729166666666666 0.019444444444444445
0 0.9786458333333333 0.4310185185185185 0.014583333333333334 0.03796296296296296
0 0.97109375 0.21805555555555556 0.024479166666666666 0.06018518518518518
0 0.9611979166666667 0.18518518518518517 0.0067708333333333336 0.012962962962962963
0 0.8703125 0.24166666666666667 0.005208333333333333 0.014814814814814815
0 0.74296875 0.3199074074074074 0.0203125 0.03425925925925926
0 0.7559895833333333 0.175 0.0265625 0.011111111111111112
0 0.6205729166666667 0.2125 0.024479166666666666 0.049074074074074076
0 0.5677083333333334 0.07777777777777778 0.016666666666666666 0.020370370370370372
0 0.45208333333333334 0.4115740740740741 0.0125 0.01574074074074074
0 0.5533854166666666 0.46111111111111114 0.0109375 0.020370370370370372
0 0.6169270833333333 0.39166666666666666 0.0140625 0.024074074074074074
0 0.678125 0.5078703703703704 0.00625 0.01574074074074074
0 0.6815104166666667 0.7814814814814814 0.0078125 0.014814814814814815
0 0.32369791666666664 0.9185185185185185 0.013020833333333334 0.016666666666666666
0 0.190625 0.40046296296296297 0.0125 0.032407407407407406
1 0.5 0.5230490740740741 1.0 0.9535055555555556
0 0.47470989583333334 0.35948009259259256 0.022336458333333333 0.054145370370370365
0 0.41240755208333335 0.4330643518518518 0.022731770833333335 0.06798055555555556
0 0.44910703124999996 0.41331527777777777 0.010714062500000001 0.015519444444444443
0 0.5661768229166667 0.4707606481481481 0.0177703125 0.056336111111111115
0 0.40815286458333333 0.7069578703703704 0.0246390625 0.06576759259259259
0 0.3056302083333333 0.6002435185185185 0.009177083333333334 0.020857407407407408
0 0.30105833333333337 0.6815305555555555 0.021908333333333332 0.05009814814814815
0 0.18459479166666667 0.846013888888889 0.007731249999999999 0.02350925925925926
0 0.054846093750000005 0.7579810185185185 0.010733854166666668 0.01781388888888889
0 0.23302760416666668 0.955537962962963 0.006680208333333334 0.009224074074074074
0 0.22236901041666668 0.9485569444444444 0.007238020833333333 0.01933611111111111
0 0.35765859375000003 0.8986444444444444 0.009067187499999999 0.015807407407407405
0 0.37281796875 0.9212347222222222 0.0175109375 0.044321296296296296
0 0.5509111979166667 0.9479532407407407 0.020572395833333333 0.029239814814814816
0 0.7239395833333333 0.8532523148148149 0.03537916666666666 0.05465277777777778
0 0.7210825520833333 0.8539189814814815 0.029665104166666668 0.035615740740740746
0 0.7671033854166667 0.9367032407407407 0.026915104166666665 0.023406481481481483
0 0.9199049479166667 0.9640027777777779 0.005434895833333333 0.01319074074074074
0 0.9595458333333333 0.6731180555555555 0.007633333333333334 0.03697685185185185
0 0.98985546875 0.6777217592592593 0.005752604166666666 0.020258333333333333
0 0.9801125 0.5051412037037037 0.014391666666666667 0.03806018518518518
0 0.98318515625 0.2919365740740741 0.024703645833333333 0.06165092592592592
0 0.9751567708333333 0.2577861111111111 0.006563541666666667 0.01372037037037037
0 0.8817609375 0.3003351851851852 0.005188541666666667 0.015485185185185185
0 0.7506518229166667 0.3581662037037037 0.020053645833333335 0.032999074074074077
0 0.77086171875 0.21592546296296297 0.026098437500000002 0.01518425925925926
0 0.634296875 0.23217407407407406 0.023802083333333335 0.04953333333333333
0 0.5879111979166667 0.08969305555555555 0.016447395833333333 0.018275
0 0.4566109375 0.4048226851851852 0.012180208333333333 0.017052777777777778
0 0.5549723958333334 0.4702106481481481 0.010986458333333334 0.020050925925925927
0 0.6216333333333334 0.4096574074074074 0.0141 0.02487037037037037
0 0.6772075520833333 0.5355777777777777 0.0064984375 0.0156
0 0.6671846354166667 0.8084263888888888 0.008327604166666667 0.015000925925925926
0 0.30390416666666664 0.8893796296296296 0.013016666666666668 0.015796296296296294
0 0.19676041666666666 0.3534212962962963 0.012270833333333333 0.032768518518518516
