1 0.49973958333333335 0.524537037037037 0.9994791666666667 0.9490740740740741
0 0.22916666666666666 0.3648148148148148 0.0125 0.03148148148148148
0 0.04348958333333333 0.4648148148148148 0.0078125 0.044444444444444446
0 0.015364583333333333 0.44212962962962965 0.0109375 0.026851851851851852
0 0.042708333333333334 0.6768518518518518 0.004166666666666667 0.03888888888888889
0 0.28802083333333334 0.2111111111111111 0.019791666666666666 0.04259259259259259
0 0.625 0.4009259259259259 0.011458333333333333 0.022222222222222223
0 0.6174479166666667 0.6921296296296297 0.013020833333333334 0.021296296296296296
0 0.8075520833333333 0.7541666666666667 0.0078125 0.019444444444444445
0 0.09869791666666666 0.8930555555555556 0.005729166666666666 0.03611111111111111
0 0.24479166666666666 0.9453703703703704 0.011458333333333333 0.03333333333333333
0 0.13463541666666667 0.586574074074074 0.0078125 0.023148148148148147
0 0.9338541666666667 0.8009259259259259 0.005208333333333333 0.018518518518518517
0 0.010677083333333334 0.2462962962962963 0.0067708333333333336 0.022222222222222223
1 0.5 0.49130972222222224 1.0 0.9826194444444445
0 0.76501640625 0.6687708333333333 0.012324479166666668 0.03198611111111111
0 0.9543453125 0.5914833333333334 0.008690625 0.04407777777777778
0 0.9813578125000001 0.6177643518518519 0.011673958333333335 0.026269444444444442
0 0.9632591145833334 0.38054027777777777 0.004643229166666666 0.038858333333333335
0 0.7003763020833333 0.8138476851851852 0.0184609375 0.04436203703703704
0 0.3710372395833333 0.5834356481481482 0.011866145833333334 0.02242685185185185
0 0.3905666666666667 0.2933203703703704 0.013425 0.021825925925925926
0 0.20324322916666665 0.2081050925925926 0.007528125 0.01991388888888889
0 0.91562578125 0.15785879629629632 0.005209895833333334 0.03608796296296297
0 0.7717822916666666 0.08761018518518518 0.010231249999999999 0.03447962962962963
0 0.8678684895833333 0.4592523148148148 0.007611979166666667 0.024060185185185184
0 0.07930572916666666 0.14601527777777779 0.005486458333333334 0.017956481481481483
0 0.9780197916666666 0.8138939814814815 0.00708125 0.022232407407407406
1 0.5 0.5166300925925926 1.0 0.9665935185185186
0 0.7681890625 0.3482837962962963 0.012419791666666668 0.031752777777777776
0 0.9555606770833334 0.4369587962962963 0.007996354166666667 0.044287962962962966
0 0.9832604166666666 0.41236249999999997 0.0113125 0.02657685185185185
0 0.9602765625 0.6481523148148148 0.0038864583333333333 0.03889722222222222
0 0.7063830729166667 0.1986037037037037 0.019016145833333335 0.043503703703703704
0 0.3730221354166667 0.4083912037037037 0.011669270833333334 0.022337962962962962
0 0.386303125 0.6996759259259259 0.01323125 0.021574074074074075
0 0.19758124999999999 0.7728083333333333 0.0076625 0.019690740740740738
0 0.90880703125 0.8680606481481481 0.0051140625000000006 0.0361212962962963
0 0.7637591145833333 0.929000462962963 0.0108515625 0.03392685185185185
0 0.8668791666666666 0.5636611111111112 0.007716666666666667 0.023618518518518518
0 0.07246692708333334 0.8276430555555556 0.005350520833333333 0.018249074074074074
0 0.9841942708333333 0.21575 0.0069302083333333325 0.02224074074074074
1 0.49973958333333335 0.524537037037037 0.9994791666666667 0.9490740740740741
0 0.22916666666666666 0.3648148148148148 0.0125 0.03148148148148148
0 0.04348958333333333 0.4648148148148148 0.0078125 0.044444444444444446
0 0.015364583333333333 0.44212962962962965 0.0109375 0.026851851851851852
0 0.042708333333333334 0.6768518518518518 0.004166666666666667 0.03888888888888889
0 0.28802083333333334 0.2111111111111111 0.019791666666666666 0.04259259259259259
0 0.625 0.4009259259259259 0.011458333333333333 0.022222222222222223
0 0.6174479166666667 0.6921296296296297 0.013020833333333334 0.021296296296296296
0 0.8075520833333333 0.7541666666666667 0.0078125 0.019444444444444445
0 0.09869791666666666 0.8930555555555556 0.005729166666666666 0.03611111111111111
0 0.24479166666666666 0.9453703703703704 0.011458333333333333 0.03333333333333333
0 0.13463541666666667 0.586574074074074 0.0078125 0.023148148148148147
0 0.9338541666666667 0.8009259259259259 0.005208333333333333 0.018518518518518517
0 0.010677083333333334 0.2462962962962963 0.0067708333333333336 0.022222222222222223
1 0.5 0.49130972222222224 1.0 0.9826194444444445
0 0.76501640625 0.6687708333333333 0.012324479166666668 0.03198611111111111
0 0.9543453125 0.5914833333333334 0.008690625 0.04407777777777778
0 0.9813578125000001 0.6177643518518519 0.011673958333333335 0.026269444444444442
0 0.9632591145833334 0.38054027777777777 0.004643229166666666 0.038858333333333335
0 0.7003763020833333 0.8138476851851852 0.0184609375 0.04436203703703704
0 0.3710372395833333 0.5834356481481482 0.011866145833333334 0.02242685185185185
0 0.3905666666666667 0.2933203703703704 0.013425 0.021825925925925926
0 0.20324322916666665 0.2081050925925926 0.007528125 0.01991388888888889
0 0.91562578125 0.15785879629629632 0.005209895833333334 0.03608796296296297
0 0.7717822916666666 0.08761018518518518 0.010231249999999999 0.03447962962962963
0 0.8678684895833333 0.4592523148148148 0.007611979166666667 0.024060185185185184
0 0.07930572916666666 0.14601527777777779 0.005486458333333334 0.017956481481481483
0 0.9780197916666666 0.8138939814814815 0.00708125 0.022232407407407406
1 0.5 0.5166300925925926 1.0 0.9665935185185186
0 0.7681890625 0.3482837962962963 0.012419791666666668 0.031752777777777776
0 0.9555606770833334 0.4369587962962963 0.007996354166666667 0.044287962962962966
0 0.9832604166666666 0.41236249999999997 0.0113125 0.02657685185185185
0 0.9602765625 0.6481523148148148 0.0038864583333333333 0.03889722222222222
0 0.7063830729166667 0.1986037037037037 0.019016145833333335 0.043503703703703704
0 0.3730221354166667 0.4083912037037037 0.011669270833333334 0.022337962962962962
0 0.386303125 0.6996759259259259 0.01323125 0.021574074074074075
0 0.19758124999999999 0.7728083333333333 0.0076625 0.019690740740740738
0 0.90880703125 0.8680606481481481 0.0051140625000000006 0.0361212962962963
0 0.7637591145833333 0.929000462962963 0.0108515625 0.03392685185185185
0 0.8668791666666666 0.5636611111111112 0.007716666666666667 0.023618518518518518
0 0.07246692708333334 0.8276430555555556 0.005350520833333333 0.018249074074074074
0 0.9841942708333333 0.21575 0.0069302083333333325 0.02224074074074074
1 0.49973958333333335 0.524537037037037 0.9994791666666667 0.9490740740740741
0 0.22916666666666666 0.3648148148148148 0.0125 0.03148148148148148
0 0.04348958333333333 0.4648148148148148 0.0078125 0.044444444444444446
0 0.015364583333333333 0.44212962962962965 0.0109375 0.026851851851851852
0 0.042708333333333334 0.6768518518518518 0.004166666666666667 0.03888888888888889
0 0.28802083333333334 0.2111111111111111 0.019791666666666666 0.04259259259259259
0 0.625 0.4009259259259259 0.011458333333333333 0.022222222222222223
0 0.6174479166666667 0.6921296296296297 0.013020833333333334 0.021296296296296296
0 0.8075520833333333 0.7541666666666667 0.0078125 0.019444444444444445
0 0.09869791666666666 0.8930555555555556 0.005729166666666666 0.03611111111111111
0 0.24479166666666666 0.9453703703703704 0.011458333333333333 0.03333333333333333
0 0.13463541666666667 0.586574074074074 0.0078125 0.023148148148148147
0 0.9338541666666667 0.8009259259259259 0.005208333333333333 0.018518518518518517
0 0.010677083333333334 0.2462962962962963 0.0067708333333333336 0.022222222222222223
1 0.5 0.49130972222222224 1.0 0.9826194444444445
0 0.76501640625 0.6687708333333333 0.012324479166666668 0.03198611111111111
0 0.9543453125 0.5914833333333334 0.008690625 0.04407777777777778
0 0.9813578125000001 0.6177643518518519 0.011673958333333335 0.026269444444444442
0 0.9632591145833334 0.38054027777777777 0.004643229166666666 0.038858333333333335
0 0.7003763020833333 0.8138476851851852 0.0184609375 0.04436203703703704
0 0.3710372395833333 0.5834356481481482 0.011866145833333334 0.02242685185185185
0 0.3905666666666667 0.2933203703703704 0.013425 0.021825925925925926
0 0.20324322916666665 0.2081050925925926 0.007528125 0.01991388888888889
0 0.91562578125 0.15785879629629632 0.005209895833333334 0.03608796296296297
0 0.7717822916666666 0.08761018518518518 0.010231249999999999 0.03447962962962963
0 0.8678684895833333 0.4592523148148148 0.007611979166666667 0.024060185185185184
0 0.07930572916666666 0.14601527777777779 0.005486458333333334 0.017956481481481483
0 0.9780197916666666 0.8138939814814815 0.00708125 0.022232407407407406
1 0.5 0.5166300925925926 1.0 0.9665935185185186
0 0.7681890625 0.3482837962962963 0.012419791666666668 0.031752777777777776
0 0.9555606770833334 0.4369587962962963 0.007996354166666667 0.044287962962962966
0 0.9832604166666666 0.41236249999999997 0.0113125 0.02657685185185185
0 0.9602765625 0.6481523148148148 0.0038864583333333333 0.03889722222222222
0 0.7063830729166667 0.1986037037037037 0.019016145833333335 0.043503703703703704
0 0.3730221354166667 0.4083912037037037 0.011669270833333334 0.022337962962962962
0 0.386303125 0.6996759259259259 0.01323125 0.021574074074074075
0 0.19758124999999999 0.7728083333333333 0.0076625 0.019690740740740738
0 0.90880703125 0.8680606481481481 0.0051140625000000006 0.0361212962962963
0 0.7637591145833333 0.929000462962963 0.0108515625 0.03392685185185185
0 0.8668791666666666 0.5636611111111112 0.007716666666666667 0.023618518518518518
0 0.07246692708333334 0.8276430555555556 0.005350520833333333 0.018249074074074074
0 0.9841942708333333 0.21575 0.0069302083333333325 0.02224074074074074
