1 0.5 0.5115462962962963 1.0 0.9767962962962964
0 0.5329286458333333 0.47380231481481483 0.021065624999999998 0.04204907407407407
0 0.9052934895833334 0.42771620370370367 0.011628645833333335 0.02580277777777778
1 0.5 0.4673791666666667 1.0 0.9347583333333334
0 0.47022708333333335 0.5373958333333334 0.022745833333333333 0.04331018518518518
0 0.10835703125 0.6962722222222223 0.011505729166666668 0.025877777777777777
1 0.49973958333333335 0.5319444444444444 0.9994791666666667 0.9342592592592592
0 0.53046875 0.4648148148148148 0.022395833333333334 0.04259259259259259
0 0.8953125 0.3277777777777778 0.011458333333333333 0.025925925925925925
1 0.5 0.5115462962962963 1.0 0.9767962962962964
0 0.5329286458333333 0.47380231481481483 0.021065624999999998 0.04204907407407407
0 0.9052934895833334 0.42771620370370367 0.011628645833333335 0.02580277777777778
1 0.5 0.4673791666666667 1.0 0.9347583333333334
0 0.47022708333333335 0.5373958333333334 0.022745833333333333 0.04331018518518518
0 0.10835703125 0.6962722222222223 0.011505729166666668 0.025877777777777777
1 0.49973958333333335 0.5319444444444444 0.9994791666666667 0.9342592592592592
0 0.53046875 0.4648148148148148 0.022395833333333334 0.04259259259259259
0 0.8953125 0.3277777777777778 0.011458333333333333 0.025925925925925925
