1 0.4812752604166667 0.5945731481481482 0.9625505208333334 0.8113685185185185
0 0.7346122395833333 0.734924537037037 0.014016145833333334 0.02355277777777778
0 0.6748877604166666 0.8147907407407408 0.022692187500000002 0.035137037037037036
0 0.5253622395833334 0.7189662037037038 0.0121828125 0.019413888888888887
0 0.4599697916666667 0.686537962962963 0.01160625 0.01752037037037037
0 0.3087947916666666 0.38644537037037036 0.010297916666666665 0.04326111111111111
0 0.5922309895833333 0.2283888888888889 0.0177953125 0.029
0 0.57741875 0.22484305555555556 0.010045833333333334 0.01635277777777778
0 0.15644843749999998 0.38356435185185184 0.010813541666666667 0.0171287037037037
0 0.16072864583333332 0.6869435185185185 0.023540625 0.0331462962962963
0 0.573346875 0.5216175925925925 0.014402083333333334 0.02656851851851852
0 0.26366875 0.2939967592592593 0.016920833333333333 0.04540092592592593
1 0.48353125 0.5847444444444444 0.9670625 0.8306
0 0.741340625 0.7128722222222222 0.013931250000000001 0.02389259259259259
0 0.6838591145833333 0.7982689814814815 0.0229265625 0.035426851851851855
0 0.5314502604166667 0.7166092592592592 0.011858854166666665 0.020255555555555558
0 0.46575703125 0.6901810185185185 0.011722395833333335 0.017399074074074074
0 0.3058544270833333 0.404312962962963 0.009625520833333335 0.04381111111111111
0 0.583696875 0.22062638888888889 0.01739375 0.030141666666666664
0 0.5691466145833334 0.21839953703703704 0.010168229166666666 0.016428703703703702
0 0.15376744791666666 0.41617916666666666 0.010659895833333332 0.017543518518518517
0 0.16672942708333333 0.7178462962962963 0.024083854166666665 0.03198888888888889
0 0.5742213541666668 0.5154212962962963 0.014067708333333335 0.027138888888888886
0 0.25804348958333334 0.3166351851851852 0.016086979166666668 0.046233333333333335
1 0.52109375 0.5981481481481481 0.9567708333333333 0.8037037037037037
0 0.27265625 0.7560185185185185 0.0140625 0.023148148148148147
0 0.3346354166666667 0.8305555555555556 0.022395833333333334 0.03518518518518519
0 0.48125 0.7212962962962963 0.0125 0.018518518518518517
0 0.5453125 0.6828703703703703 0.011458333333333333 0.017592592592592594
0 0.6875 0.3685185185185185 0.011458333333333333 0.04259259259259259
0 0.3997395833333333 0.23796296296296296 0.018229166666666668 0.027777777777777776
0 0.41484375 0.2324074074074074 0.009895833333333333 0.016666666666666666
0 0.83984375 0.35185185185185186 0.0109375 0.016666666666666666
0 0.8444010416666666 0.6560185185185186 0.023177083333333334 0.03425925925925926
0 0.9536458333333333 0.9819444444444444 0.007291666666666667 0.019444444444444445
0 0.42734375 0.5287037037037037 0.015104166666666667 0.025925925925925925
0 0.7296875 0.2722222222222222 0.017708333333333333 0.044444444444444446
1 0.4812752604166667 0.5945731481481482 0.9625505208333334 0.8113685185185185
0 0.7346122395833333 0.734924537037037 0.014016145833333334 0.02355277777777778
0 0.6748877604166666 0.8147907407407408 0.022692187500000002 0.035137037037037036
0 0.5253622395833334 0.7189662037037038 0.0121828125 0.019413888888888887
0 0.4599697916666667 0.686537962962963 0.01160625 0.01752037037037037
0 0.3087947916666666 0.38644537037037036 0.010297916666666665 0.04326111111111111
0 0.5922309895833333 0.2283888888888889 0.0177953125 0.029
0 0.57741875 0.22484305555555556 0.010045833333333334 0.01635277777777778
0 0.15644843749999998 0.38356435185185184 0.010813541666666667 0.0171287037037037
0 0.16072864583333332 0.6869435185185185 0.023540625 0.0331462962962963
0 0.573346875 0.5216175925925925 0.014402083333333334 0.02656851851851852
0 0.26366875 0.2939967592592593 0.016920833333333333 0.04540092592592593
1 0.48353125 0.5847444444444444 0.9670625 0.8306
0 0.741340625 0.7128722222222222 0.013931250000000001 0.02389259259259259
0 0.6838591145833333 0.7982689814814815 0.0229265625 0.035426851851851855
0 0.5314502604166667 0.7166092592592592 0.011858854166666665 0.020255555555555558
0 0.46575703125 0.6901810185185185 0.011722395833333335 0.017399074074074074
0 0.3058544270833333 0.404312962962963 0.009625520833333335 0.04381111111111111
0 0.583696875 0.22062638888888889 0.01739375 0.030141666666666664
0 0.5691466145833334 0.21839953703703704 0.010168229166666666 0.016428703703703702
0 0.15376744791666666 0.41617916666666666 0.010659895833333332 0.017543518518518517
0 0.16672942708333333 0.7178462962962963 0.024083854166666665 0.03198888888888889
0 0.5742213541666668 0.5154212962962963 0.014067708333333335 0.027138888888888886
0 0.25804348958333334 0.3166351851851852 0.016086979166666668 0.046233333333333335
1 0.52109375 0.5981481481481481 0.9567708333333333 0.8037037037037037
0 0.27265625 0.7560185185185185 0.0140625 0.023148148148148147
0 0.3346354166666667 0.8305555555555556 0.022395833333333334 0.03518518518518519
0 0.48125 0.7212962962962963 0.0125 0.018518518518518517
0 0.5453125 0.6828703703703703 0.011458333333333333 0.017592592592592594
0 0.6875 0.3685185185185185 0.011458333333333333 0.04259259259259259
0 0.3997395833333333 0.23796296296296296 0.018229166666666668 0.027777777777777776
0 0.41484375 0.2324074074074074 0.009895833333333333 0.016666666666666666
0 0.83984375 0.35185185185185186 0.0109375 0.016666666666666666
0 0.8444010416666666 0.6560185185185186 0.023177083333333334 0.03425925925925926
0 0.9536458333333333 0.9819444444444444 0.007291666666666667 0.019444444444444445
0 0.42734375 0.5287037037037037 0.015104166666666667 0.025925925925925925
0 0.7296875 0.2722222222222222 0.017708333333333333 0.044444444444444446
