1 0.49973958333333335 0.49953703703703706 0.9994791666666667 0.9990740740740741
0 0.16510416666666666 0.05740740740740741 0.014583333333333334 0.05
0 0.50546875 0.13935185185185187 0.018229166666666668 0.03611111111111111
0 0.4973958333333333 0.10277777777777777 0.013541666666666667 0.025925925925925925
0 0.5364583333333334 0.10601851851851851 0.04583333333333333 0.15648148148148147
0 0.56328125 0.06620370370370371 0.0140625 0.028703703703703703
0 0.5346354166666667 0.2523148148148148 0.011979166666666667 0.01574074074074074
0 0.5953125 0.21805555555555556 0.036458333333333336 0.06944444444444445
0 0.5783854166666667 0.21712962962962962 0.0234375 0.03611111111111111
0 0.6333333333333333 0.26851851851851855 0.014583333333333334 0.020370370370370372
0 0.6622395833333333 0.19583333333333333 0.019270833333333334 0.04537037037037037
0 0.6541666666666667 0.3773148148148148 0.008333333333333333 0.01574074074074074
0 0.6567708333333333 0.6296296296296297 0.01875 0.03518518518518519
0 0.6348958333333333 0.5574074074074075 0.008333333333333333 0.014814814814814815
0 0.6088541666666667 0.7041666666666667 0.008333333333333333 0.019444444444444445
0 0.5958333333333333 0.6726851851851852 0.0125 0.017592592592592594
0 0.6348958333333333 0.8060185185185185 0.026041666666666668 0.06388888888888888
0 0.6278645833333333 0.7851851851851852 0.011979166666666667 0.02962962962962963
0 0.571875 0.8162037037037037 0.013541666666666667 0.025
0 0.5989583333333334 0.888425925925926 0.013541666666666667 0.028703703703703703
0 0.5846354166666666 0.8578703703703704 0.0067708333333333336 0.010185185185185186
0 0.8229166666666666 0.8810185185185185 0.009375 0.05092592592592592
0 0.7955729166666666 0.7587962962962963 0.008854166666666666 0.028703703703703703
0 0.83515625 0.7569444444444444 0.013020833333333334 0.032407407407407406
0 0.9677083333333333 0.5189814814814815 0.022916666666666665 0.06574074074074074
0 0.9182291666666667 0.65 0.008333333333333333 0.03333333333333333
0 0.9494791666666667 0.8009259259259259 0.015625 0.03333333333333333
0 0.97578125 0.8337962962962963 0.0171875 0.021296296296296296
0 0.9958333333333333 0.825 0.007291666666666667 0.025925925925925925
0 0.99296875 0.7861111111111111 0.013020833333333334 0.046296296296296294
0 0.9200520833333333 0.9675925925925926 0.009895833333333333 0.020370370370370372
0 0.93671875 0.8875 0.005729166666666666 0.010185185185185186
0 0.8875 0.7166666666666667 0.007291666666666667 0.011111111111111112
1 0.5 0.5 1.0 1.0
0 0.14832291666666667 0.09956203703703703 0.0133125 0.050975925925925925
0 0.4914270833333333 0.13908194444444447 0.017229166666666667 0.035571296296296295
0 0.48231145833333333 0.10402731481481482 0.01358125 0.02657314814814815
0 0.52110703125 0.10216712962962964 0.044297395833333336 0.15803796296296296
0 0.5462039062499999 0.059375 0.014282812499999999 0.029861111111111113
0 0.5249611979166667 0.24810740740740742 0.012422395833333332 0.014733333333333334
0 0.5833979166666666 0.20637546296296297 0.0365875 0.06830648148148148
0 0.5671164062499999 0.2079125 0.023816145833333333 0.034343518518518516
0 0.6238497395833333 0.25240833333333335 0.014366145833333333 0.021483333333333333
0 0.6503278645833334 0.17662407407407407 0.019405729166666667 0.045840740740740744
0 0.6486091145833334 0.35903564814814815 0.0086765625 0.016219444444444443
0 0.6616656249999999 0.6098837962962963 0.018122916666666666 0.0345824074074074
0 0.6365934895833333 0.5407875000000001 0.008603645833333333 0.014908333333333332
0 0.6167291666666667 0.6905125 0.008458333333333333 0.01991388888888889
0 0.60251640625 0.6599916666666668 0.012324479166666668 0.01813148148148148
0 0.6461346354166667 0.7885314814814816 0.027685937499999997 0.06224814814814814
0 0.6390781249999999 0.7681916666666667 0.012531249999999999 0.028975925925925926
0 0.5841101562500001 0.8067203703703704 0.014053645833333333 0.02455185185185185
0 0.6143549479166667 0.8754601851851851 0.0141265625 0.028698148148148146
0 0.5982960937499999 0.845788425925926 0.007008854166666667 0.010095370370370371
0 0.83688359375 0.8395481481481482 0.0081421875 0.05131851851851852
0 0.8047919270833332 0.7219180555555555 0.0085421875 0.029021296296296295
0 0.8446729166666667 0.7146032407407407 0.0122625 0.03291018518518518
0 0.96685078125 0.46123564814814816 0.022243229166666666 0.0650638888888889
0 0.9229973958333333 0.5974722222222222 0.008494791666666666 0.03383333333333333
0 0.9602341145833333 0.7437685185185186 0.015259895833333334 0.03383333333333333
0 0.9875942708333334 0.7734018518518518 0.016855208333333333 0.022729629629629627
0 0.9372455729166667 0.9143486111111111 0.0099078125 0.021289814814814813
0 0.950846875 0.8321583333333333 0.005860416666666667 0.010612962962962963
0 0.895321875 0.6677083333333333 0.0073104166666666665 0.011342592592592593
1 0.5 0.5 1.0 1.0
0 0.8555088541666667 0.11077592592592593 0.013101041666666667 0.05118148148148149
0 0.5121940104166667 0.13992685185185186 0.017096354166666668 0.03540925925925926
0 0.52189453125 0.10502407407407408 0.013580729166666666 0.026714814814814816
0 0.4831377604166667 0.10137592592592592 0.04440052083333333 0.15830740740740742
0 0.45768411458333336 0.05765648148148148 0.0143265625 0.030127777777777774
0 0.47761614583333334 0.24797592592592593 0.012523958333333333 0.014470370370370371
0 0.41985859375 0.20342916666666666 0.036592187500000005 0.06796944444444444
0 0.4359049479166667 0.20582685185185184 0.023893229166666665 0.03387592592592593
0 0.37850468750000005 0.24883564814814815 0.014301041666666665 0.02174537037037037
0 0.35294140625000003 0.1720361111111111 0.019424479166666668 0.045924074074074075
0 0.3528153645833333 0.3544597222222222 0.008755729166666667 0.01632685185185185
0 0.3376221354166667 0.6051657407407407 0.017952604166666667 0.03440555555555556
0 0.362665625 0.5361634259259259 0.008664583333333333 0.014919444444444444
0 0.381325 0.6868597222222222 0.008483333333333334 0.02001574074074074
0 0.3962395833333333 0.6572740740740741 0.012270833333333333 0.018251851851851852
0 0.3510171875 0.7845986111111111 0.028076041666666666 0.06178981481481482
0 0.35841328125 0.7643953703703704 0.012659895833333332 0.028790740740740742
0 0.4128145833333334 0.8038768518518519 0.014170833333333332 0.02442037037037037
0 0.38213098958333336 0.8717449074074074 0.014261979166666666 0.028675000000000003
0 0.39780234374999995 0.8429958333333334 0.0070630208333333335 0.010065740740740741
0 0.16022890625 0.8293925925925926 0.0079578125 0.05137777777777778
0 0.1927703125 0.711761574074074 0.008457291666666667 0.029078703703703704
0 0.15342760416666668 0.7035421296296297 0.012063541666666667 0.03301018518518519
0 0.033424739583333335 0.44631157407407407 0.0220578125 0.06484537037037037
0 0.07613932291666667 0.5845587962962963 0.008528645833333333 0.033932407407407404
0 0.037786718749999997 0.7299291666666666 0.015156770833333333 0.033932407407407404
0 0.009941927083333333 0.7587578703703703 0.016758854166666667 0.023071296296296298
0 0.05859765625 0.9005666666666666 0.009903645833333334 0.021503703703703705
0 0.04565286458333333 0.8183185185185186 0.0058890625 0.01071111111111111
0 0.10313385416666666 0.6556958333333334 0.007309375000000001 0.011391666666666668
1 0.49973958333333335 0.49953703703703706 0.9994791666666667 0.9990740740740741
0 0.16510416666666666 0.05740740740740741 0.014583333333333334 0.05
0 0.50546875 0.13935185185185187 0.018229166666666668 0.03611111111111111
0 0.4973958333333333 0.10277777777777777 0.013541666666666667 0.025925925925925925
0 0.5364583333333334 0.10601851851851851 0.04583333333333333 0.15648148148148147
0 0.56328125 0.06620370370370371 0.0140625 0.028703703703703703
0 0.5346354166666667 0.2523148148148148 0.011979166666666667 0.01574074074074074
0 0.5953125 0.21805555555555556 0.036458333333333336 0.06944444444444445
0 0.5783854166666667 0.21712962962962962 0.0234375 0.03611111111111111
0 0.6333333333333333 0.26851851851851855 0.014583333333333334 0.020370370370370372
0 0.6622395833333333 0.19583333333333333 0.019270833333333334 0.04537037037037037
0 0.6541666666666667 0.3773148148148148 0.008333333333333333 0.01574074074074074
0 0.6567708333333333 0.6296296296296297 0.01875 0.03518518518518519
0 0.6348958333333333 0.5574074074074075 0.008333333333333333 0.014814814814814815
0 0.6088541666666667 0.7041666666666667 0.008333333333333333 0.019444444444444445
0 0.5958333333333333 0.6726851851851852 0.0125 0.017592592592592594
0 0.6348958333333333 0.8060185185185185 0.026041666666666668 0.06388888888888888
0 0.6278645833333333 0.7851851851851852 0.011979166666666667 0.02962962962962963
0 0.571875 0.8162037037037037 0.013541666666666667 0.025
0 0.5989583333333334 0.888425925925926 0.013541666666666667 0.028703703703703703
0 0.5846354166666666 0.8578703703703704 0.0067708333333333336 0.010185185185185186
0 0.8229166666666666 0.8810185185185185 0.009375 0.05092592592592592
0 0.7955729166666666 0.7587962962962963 0.008854166666666666 0.028703703703703703
0 0.83515625 0.7569444444444444 0.013020833333333334 0.032407407407407406
0 0.9677083333333333 0.5189814814814815 0.022916666666666665 0.06574074074074074
0 0.9182291666666667 0.65 0.008333333333333333 0.03333333333333333
0 0.9494791666666667 0.8009259259259259 0.015625 0.03333333333333333
0 0.97578125 0.8337962962962963 0.0171875 0.021296296296296296
0 0.9958333333333333 0.825 0.007291666666666667 0.025925925925925925
0 0.99296875 0.7861111111111111 0.013020833333333334 0.046296296296296294
0 0.9200520833333333 0.9675925925925926 0.009895833333333333 0.020370370370370372
0 0.93671875 0.8875 0.005729166666666666 0.010185185185185186
0 0.8875 0.7166666666666667 0.007291666666666667 0.011111111111111112
1 0.5 0.5 1.0 1.0
0 0.14832291666666667 0.09956203703703703 0.0133125 0.050975925925925925
0 0.4914270833333333 0.13908194444444447 0.017229166666666667 0.035571296296296295
0 0.48231145833333333 0.10402731481481482 0.01358125 0.02657314814814815
0 0.52110703125 0.10216712962962964 0.044297395833333336 0.15803796296296296
0 0.5462039062499999 0.059375 0.014282812499999999 0.029861111111111113
0 0.5249611979166667 0.24810740740740742 0.012422395833333332 0.014733333333333334
0 0.5833979166666666 0.20637546296296297 0.0365875 0.06830648148148148
0 0.5671164062499999 0.2079125 0.023816145833333333 0.034343518518518516
0 0.6238497395833333 0.25240833333333335 0.014366145833333333 0.021483333333333333
0 0.6503278645833334 0.17662407407407407 0.019405729166666667 0.045840740740740744
0 0.6486091145833334 0.35903564814814815 0.0086765625 0.016219444444444443
0 0.6616656249999999 0.6098837962962963 0.018122916666666666 0.0345824074074074
0 0.6365934895833333 0.5407875000000001 0.008603645833333333 0.014908333333333332
0 0.6167291666666667 0.6905125 0.008458333333333333 0.01991388888888889
0 0.60251640625 0.6599916666666668 0.012324479166666668 0.01813148148148148
0 0.6461346354166667 0.7885314814814816 0.027685937499999997 0.06224814814814814
0 0.6390781249999999 0.7681916666666667 0.012531249999999999 0.028975925925925926
0 0.5841101562500001 0.8067203703703704 0.014053645833333333 0.02455185185185185
0 0.6143549479166667 0.8754601851851851 0.0141265625 0.028698148148148146
0 0.5982960937499999 0.845788425925926 0.007008854166666667 0.010095370370370371
0 0.83688359375 0.8395481481481482 0.0081421875 0.05131851851851852
0 0.8047919270833332 0.7219180555555555 0.0085421875 0.029021296296296295
0 0.8446729166666667 0.7146032407407407 0.0122625 0.03291018518518518
0 0.96685078125 0.46123564814814816 0.022243229166666666 0.0650638888888889
0 0.9229973958333333 0.5974722222222222 0.008494791666666666 0.03383333333333333
0 0.9602341145833333 0.7437685185185186 0.015259895833333334 0.03383333333333333
0 0.9875942708333334 0.7734018518518518 0.016855208333333333 0.022729629629629627
0 0.9372455729166667 0.9143486111111111 0.0099078125 0.021289814814814813
0 0.950846875 0.8321583333333333 0.005860416666666667 0.010612962962962963
0 0.895321875 0.6677083333333333 0.0073104166666666665 0.011342592592592593
1 0.5 0.5 1.0 1.0
0 0.8555088541666667 0.11077592592592593 0.013101041666666667 0.05118148148148149
0 0.5121940104166667 0.13992685185185186 0.017096354166666668 0.03540925925925926
0 0.52189453125 0.10502407407407408 0.013580729166666666 0.026714814814814816
0 0.4831377604166667 0.10137592592592592 0.04440052083333333 0.15830740740740742
0 0.45768411458333336 0.05765648148148148 0.0143265625 0.030127777777777774
0 0.47761614583333334 0.24797592592592593 0.012523958333333333 0.014470370370370371
0 0.41985859375 0.20342916666666666 0.036592187500000005 0.06796944444444444
0 0.4359049479166667 0.20582685185185184 0.023893229166666665 0.03387592592592593
0 0.37850468750000005 0.24883564814814815 0.014301041666666665 0.02174537037037037
0 0.35294140625000003 0.1720361111111111 0.019424479166666668 0.045924074074074075
0 0.3528153645833333 0.3544597222222222 0.008755729166666667 0.01632685185185185
0 0.3376221354166667 0.6051657407407407 0.017952604166666667 0.03440555555555556
0 0.362665625 0.5361634259259259 0.008664583333333333 0.014919444444444444
0 0.381325 0.6868597222222222 0.008483333333333334 0.02001574074074074
0 0.3962395833333333 0.6572740740740741 0.012270833333333333 0.018251851851851852
0 0.3510171875 0.7845986111111111 0.028076041666666666 0.06178981481481482
0 0.35841328125 0.7643953703703704 0.012659895833333332 0.028790740740740742
0 0.4128145833333334 0.8038768518518519 0.014170833333333332 0.02442037037037037
0 0.38213098958333336 0.8717449074074074 0.014261979166666666 0.028675000000000003
0 0.39780234374999995 0.8429958333333334 0.0070630208333333335 0.010065740740740741
0 0.16022890625 0.8293925925925926 0.0079578125 0.05137777777777778
0 0.1927703125 0.711761574074074 0.008457291666666667 0.029078703703703704
0 0.15342760416666668 0.7035421296296297 0.012063541666666667 0.03301018518518519
0 0.033424739583333335 0.44631157407407407 0.0220578125 0.06484537037037037
0 0.07613932291666667 0.5845587962962963 0.008528645833333333 0.033932407407407404
0 0.037786718749999997 0.7299291666666666 0.015156770833333333 0.033932407407407404
0 0.009941927083333333 0.7587578703703703 0.016758854166666667 0.023071296296296298
0 0.05859765625 0.9005666666666666 0.009903645833333334 0.021503703703703705
0 0.04565286458333333 0.8183185185185186 0.0058890625 0.01071111111111111
0 0.10313385416666666 0.6556958333333334 0.007309375000000001 0.011391666666666668
1 0.49973958333333335 0.49953703703703706 0.9994791666666667 0.9990740740740741
0 0.16510416666666666 0.05740740740740741 0.014583333333333334 0.05
0 0.50546875 0.13935185185185187 0.018229166666666668 0.03611111111111111
0 0.4973958333333333 0.10277777777777777 0.013541666666666667 0.025925925925925925
0 0.5364583333333334 0.10601851851851851 0.04583333333333333 0.15648148148148147
0 0.56328125 0.06620370370370371 0.0140625 0.028703703703703703
0 0.5346354166666667 0.2523148148148148 0.011979166666666667 0.01574074074074074
0 0.5953125 0.21805555555555556 0.036458333333333336 0.06944444444444445
0 0.5783854166666667 0.21712962962962962 0.0234375 0.03611111111111111
0 0.6333333333333333 0.26851851851851855 0.014583333333333334 0.020370370370370372
0 0.6622395833333333 0.19583333333333333 0.019270833333333334 0.04537037037037037
0 0.6541666666666667 0.3773148148148148 0.008333333333333333 0.01574074074074074
0 0.6567708333333333 0.6296296296296297 0.01875 0.03518518518518519
0 0.6348958333333333 0.5574074074074075 0.008333333333333333 0.014814814814814815
0 0.6088541666666667 0.7041666666666667 0.008333333333333333 0.019444444444444445
0 0.5958333333333333 0.6726851851851852 0.0125 0.017592592592592594
0 0.6348958333333333 0.8060185185185185 0.026041666666666668 0.06388888888888888
0 0.6278645833333333 0.7851851851851852 0.011979166666666667 0.02962962962962963
0 0.571875 0.8162037037037037 0.013541666666666667 0.025
0 0.5989583333333334 0.888425925925926 0.013541666666666667 0.028703703703703703
0 0.5846354166666666 0.8578703703703704 0.0067708333333333336 0.010185185185185186
0 0.8229166666666666 0.8810185185185185 0.009375 0.05092592592592592
0 0.7955729166666666 0.7587962962962963 0.008854166666666666 0.028703703703703703
0 0.83515625 0.7569444444444444 0.013020833333333334 0.032407407407407406
0 0.9677083333333333 0.5189814814814815 0.022916666666666665 0.06574074074074074
0 0.9182291666666667 0.65 0.008333333333333333 0.03333333333333333
0 0.9494791666666667 0.8009259259259259 0.015625 0.03333333333333333
0 0.97578125 0.8337962962962963 0.0171875 0.021296296296296296
0 0.9958333333333333 0.825 0.007291666666666667 0.025925925925925925
0 0.99296875 0.7861111111111111 0.013020833333333334 0.046296296296296294
0 0.9200520833333333 0.9675925925925926 0.009895833333333333 0.020370370370370372
0 0.93671875 0.8875 0.005729166666666666 0.010185185185185186
0 0.8875 0.7166666666666667 0.007291666666666667 0.011111111111111112
1 0.5 0.5 1.0 1.0
0 0.14832291666666667 0.09956203703703703 0.0133125 0.050975925925925925
0 0.4914270833333333 0.13908194444444447 0.017229166666666667 0.035571296296296295
0 0.48231145833333333 0.10402731481481482 0.01358125 0.02657314814814815
0 0.52110703125 0.10216712962962964 0.044297395833333336 0.15803796296296296
0 0.5462039062499999 0.059375 0.014282812499999999 0.029861111111111113
0 0.5249611979166667 0.24810740740740742 0.012422395833333332 0.014733333333333334
0 0.5833979166666666 0.20637546296296297 0.0365875 0.06830648148148148
0 0.5671164062499999 0.2079125 0.023816145833333333 0.034343518518518516
0 0.6238497395833333 0.25240833333333335 0.014366145833333333 0.021483333333333333
0 0.6503278645833334 0.17662407407407407 0.019405729166666667 0.045840740740740744
0 0.6486091145833334 0.35903564814814815 0.0086765625 0.016219444444444443
0 0.6616656249999999 0.6098837962962963 0.018122916666666666 0.0345824074074074
0 0.6365934895833333 0.5407875000000001 0.008603645833333333 0.014908333333333332
0 0.6167291666666667 0.6905125 0.008458333333333333 0.01991388888888889
0 0.60251640625 0.6599916666666668 0.012324479166666668 0.01813148148148148
0 0.6461346354166667 0.7885314814814816 0.027685937499999997 0.06224814814814814
0 0.6390781249999999 0.7681916666666667 0.012531249999999999 0.028975925925925926
0 0.5841101562500001 0.8067203703703704 0.014053645833333333 0.02455185185185185
0 0.6143549479166667 0.8754601851851851 0.0141265625 0.028698148148148146
0 0.5982960937499999 0.845788425925926 0.007008854166666667 0.010095370370370371
0 0.83688359375 0.8395481481481482 0.0081421875 0.05131851851851852
0 0.8047919270833332 0.7219180555555555 0.0085421875 0.029021296296296295
0 0.8446729166666667 0.7146032407407407 0.0122625 0.03291018518518518
0 0.96685078125 0.46123564814814816 0.022243229166666666 0.0650638888888889
0 0.9229973958333333 0.5974722222222222 0.008494791666666666 0.03383333333333333
0 0.9602341145833333 0.7437685185185186 0.015259895833333334 0.03383333333333333
0 0.9875942708333334 0.7734018518518518 0.016855208333333333 0.022729629629629627
0 0.9372455729166667 0.9143486111111111 0.0099078125 0.021289814814814813
0 0.950846875 0.8321583333333333 0.005860416666666667 0.010612962962962963
0 0.895321875 0.6677083333333333 0.0073104166666666665 0.011342592592592593
1 0.5 0.5 1.0 1.0
0 0.8555088541666667 0.11077592592592593 0.013101041666666667 0.05118148148148149
0 0.5121940104166667 0.13992685185185186 0.017096354166666668 0.03540925925925926
0 0.52189453125 0.10502407407407408 0.013580729166666666 0.026714814814814816
0 0.4831377604166667 0.10137592592592592 0.04440052083333333 0.15830740740740742
0 0.45768411458333336 0.05765648148148148 0.0143265625 0.030127777777777774
0 0.47761614583333334 0.24797592592592593 0.012523958333333333 0.014470370370370371
0 0.41985859375 0.20342916666666666 0.036592187500000005 0.06796944444444444
0 0.4359049479166667 0.20582685185185184 0.023893229166666665 0.03387592592592593
0 0.37850468750000005 0.24883564814814815 0.014301041666666665 0.02174537037037037
0 0.35294140625000003 0.1720361111111111 0.019424479166666668 0.045924074074074075
0 0.3528153645833333 0.3544597222222222 0.008755729166666667 0.01632685185185185
0 0.3376221354166667 0.6051657407407407 0.017952604166666667 0.03440555555555556
0 0.362665625 0.5361634259259259 0.008664583333333333 0.014919444444444444
0 0.381325 0.6868597222222222 0.008483333333333334 0.02001574074074074
0 0.3962395833333333 0.6572740740740741 0.012270833333333333 0.018251851851851852
0 0.3510171875 0.7845986111111111 0.028076041666666666 0.06178981481481482
0 0.35841328125 0.7643953703703704 0.012659895833333332 0.028790740740740742
0 0.4128145833333334 0.8038768518518519 0.014170833333333332 0.02442037037037037
0 0.38213098958333336 0.8717449074074074 0.014261979166666666 0.028675000000000003
0 0.39780234374999995 0.8429958333333334 0.0070630208333333335 0.010065740740740741
0 0.16022890625 0.8293925925925926 0.0079578125 0.05137777777777778
0 0.1927703125 0.711761574074074 0.008457291666666667 0.029078703703703704
0 0.15342760416666668 0.7035421296296297 0.012063541666666667 0.03301018518518519
0 0.033424739583333335 0.44631157407407407 0.0220578125 0.06484537037037037
0 0.07613932291666667 0.5845587962962963 0.008528645833333333 0.033932407407407404
0 0.037786718749999997 0.7299291666666666 0.015156770833333333 0.033932407407407404
0 0.009941927083333333 0.7587578703703703 0.016758854166666667 0.023071296296296298
0 0.05859765625 0.9005666666666666 0.009903645833333334 0.021503703703703705
0 0.04565286458333333 0.8183185185185186 0.0058890625 0.01071111111111111
0 0.10313385416666666 0.6556958333333334 0.007309375000000001 0.011391666666666668
