1 0.49973958333333335 0.5310185185185186 0.9994791666666667 0.937962962962963
0 0.6614583333333334 0.33101851851851855 0.025 0.04537037037037037
0 0.8671875 0.7555555555555555 0.011458333333333333 0.03148148148148148
0 0.15572916666666667 0.3023148148148148 0.0125 0.030555555555555555
0 0.08515625 0.48194444444444445 0.0067708333333333336 0.03981481481481482
1 0.5 0.4854638888888889 1.0 0.9709277777777778
0 0.6676416666666667 0.6487819444444444 0.024866666666666665 0.04571203703703704
0 0.8562057291666666 0.19976805555555557 0.012411458333333332 0.031017592592592593
0 0.16412578125000002 0.7394652777777777 0.013668229166666665 0.028930555555555557
0 0.08655286458333333 0.5699560185185185 0.007480729166666667 0.03991203703703704
1 0.5 0.5421805555555557 1.0 0.9158425925925926
0 0.34748437499999996 0.30657546296296295 0.025177083333333336 0.04463240740740741
0 0.12126744791666667 0.6974046296296297 0.011284895833333334 0.031846296296296296
0 0.8530674479166667 0.3560027777777778 0.011343229166666666 0.032375925925925926
0 0.913828125 0.5465625000000001 0.006822916666666666 0.0394212962962963
1 0.49973958333333335 0.5310185185185186 0.9994791666666667 0.937962962962963
0 0.6614583333333334 0.33101851851851855 0.025 0.04537037037037037
0 0.8671875 0.7555555555555555 0.011458333333333333 0.03148148148148148
0 0.15572916666666667 0.3023148148148148 0.0125 0.030555555555555555
0 0.08515625 0.48194444444444445 0.0067708333333333336 0.03981481481481482
1 0.5 0.4854638888888889 1.0 0.9709277777777778
0 0.6676416666666667 0.6487819444444444 0.024866666666666665 0.04571203703703704
0 0.8562057291666666 0.19976805555555557 0.012411458333333332 0.031017592592592593
0 0.16412578125000002 0.7394652777777777 0.013668229166666665 0.028930555555555557
0 0.08655286458333333 0.5699560185185185 0.007480729166666667 0.03991203703703704
1 0.5 0.5421805555555557 1.0 0.9158425925925926
0 0.34748437499999996 0.30657546296296295 0.025177083333333336 0.04463240740740741
0 0.12126744791666667 0.6974046296296297 0.011284895833333334 0.031846296296296296
0 0.8530674479166667 0.3560027777777778 0.011343229166666666 0.032375925925925926
0 0.913828125 0.5465625000000001 0.006822916666666666 0.0394212962962963
