1 0.5026815104166666 0.5513134259259259 0.9949463541666667 0.8970712962962963
0 0.9279859375 0.42595601851851855 0.01951354166666667 0.025986111111111113
0 0.31693307291666667 0.20098472222222222 0.0099078125 0.01863611111111111
0 0.30467838541666664 0.3631912037037037 0.018731770833333335 0.04675277777777778
0 0.29988984375 0.45934166666666665 0.014363020833333334 0.04831296296296296
0 0.19882708333333332 0.6664365740740741 0.013279166666666667 0.031021296296296297
0 0.22945286458333333 0.7084472222222222 0.016197395833333333 0.03170925925925926
0 0.28995078125 0.7050689814814816 0.006984895833333333 0.02495277777777778
0 0.29167317708333335 0.6741657407407408 0.008346354166666665 0.01685
0 0.3082419270833333 0.7380837962962963 0.0123171875 0.028019444444444444
0 0.3146083333333333 0.9262694444444445 0.0073416666666666665 0.021057407407407407
0 0.12233333333333334 0.6794134259259259 0.007166666666666667 0.019937962962962963
0 0.049583072916666665 0.31908935185185183 0.006457812499999999 0.017808333333333332
0 0.015695052083333334 0.33941064814814814 0.008473437499999998 0.019562037037037038
0 0.19342890625 0.44002083333333336 0.0118578125 0.04670833333333333
0 0.22971640625 0.3546347222222222 0.005266145833333334 0.037047222222222224
0 0.45946171875 0.7821745370370371 0.013715104166666665 0.02175648148148148
0 0.7288104166666667 0.9239092592592593 0.01595416666666667 0.0293
0 0.8492700520833334 0.45111712962962963 0.011040104166666667 0.009641666666666666
1 0.5020833333333333 0.5481481481481482 0.9947916666666666 0.9018518518518519
0 0.9294270833333333 0.45231481481481484 0.019270833333333334 0.025
0 0.32317708333333334 0.18981481481481483 0.009895833333333333 0.018518518518518517
0 0.30755208333333334 0.3509259259259259 0.019270833333333334 0.046296296296296294
0 0.30078125 0.44722222222222224 0.0140625 0.04814814814814815
0 0.19583333333333333 0.6476851851851851 0.013541666666666667 0.030555555555555555
0 0.22552083333333334 0.6912037037037037 0.015625 0.032407407407407406
0 0.28619791666666666 0.6921296296296297 0.0067708333333333336 0.025
0 0.28854166666666664 0.6611111111111111 0.008333333333333333 0.016666666666666666
0 0.30390625 0.725925925925926 0.011979166666666667 0.027777777777777776
0 0.30625 0.9143518518518519 0.007291666666666667 0.021296296296296296
0 0.11901041666666666 0.6555555555555556 0.0067708333333333336 0.020370370370370372
0 0.053385416666666664 0.2912037037037037 0.0067708333333333336 0.017592592592592594
0 0.019270833333333334 0.30972222222222223 0.008333333333333333 0.019444444444444445
0 0.19505208333333332 0.42083333333333334 0.0109375 0.04722222222222222
0 0.23255208333333333 0.33796296296296297 0.0046875 0.037037037037037035
0 0.45416666666666666 0.7796296296296297 0.013541666666666667 0.022222222222222223
0 0.7200520833333334 0.9375 0.016145833333333335 0.028703703703703703
0 0.8502604166666666 0.47314814814814815 0.0109375 0.009259259259259259
1 0.5020833333333333 0.5481481481481482 0.9947916666666666 0.9018518518518519
0 0.9294270833333333 0.45231481481481484 0.019270833333333334 0.025
0 0.32317708333333334 0.18981481481481483 0.009895833333333333 0.018518518518518517
0 0.30755208333333334 0.3509259259259259 0.019270833333333334 0.046296296296296294
0 0.30078125 0.44722222222222224 0.0140625 0.04814814814814815
0 0.19583333333333333 0.6476851851851851 0.013541666666666667 0.030555555555555555
0 0.22552083333333334 0.6912037037037037 0.015625 0.032407407407407406
0 0.28619791666666666 0.6921296296296297 0.0067708333333333336 0.025
0 0.28854166666666664 0.6611111111111111 0.008333333333333333 0.016666666666666666
0 0.30390625 0.725925925925926 0.011979166666666667 0.027777777777777776
0 0.30625 0.9143518518518519 0.007291666666666667 0.021296296296296296
0 0.11901041666666666 0.6555555555555556 0.0067708333333333336 0.020370370370370372
0 0.053385416666666664 0.2912037037037037 0.0067708333333333336 0.017592592592592594
0 0.019270833333333334 0.30972222222222223 0.008333333333333333 0.019444444444444445
0 0.19505208333333332 0.42083333333333334 0.0109375 0.04722222222222222
0 0.23255208333333333 0.33796296296296297 0.0046875 0.037037037037037035
0 0.45416666666666666 0.7796296296296297 0.013541666666666667 0.022222222222222223
0 0.7200520833333334 0.9375 0.016145833333333335 0.028703703703703703
0 0.8502604166666666 0.47314814814814815 0.0109375 0.009259259259259259
1 0.5026815104166666 0.5513134259259259 0.9949463541666667 0.8970712962962963
0 0.9279859375 0.42595601851851855 0.01951354166666667 0.025986111111111113
0 0.31693307291666667 0.20098472222222222 0.0099078125 0.01863611111111111
0 0.30467838541666664 0.3631912037037037 0.018731770833333335 0.04675277777777778
0 0.29988984375 0.45934166666666665 0.014363020833333334 0.04831296296296296
0 0.19882708333333332 0.6664365740740741 0.013279166666666667 0.031021296296296297
0 0.22945286458333333 0.7084472222222222 0.016197395833333333 0.03170925925925926
0 0.28995078125 0.7050689814814816 0.006984895833333333 0.02495277777777778
0 0.29167317708333335 0.6741657407407408 0.008346354166666665 0.01685
0 0.3082419270833333 0.7380837962962963 0.0123171875 0.028019444444444444
0 0.3146083333333333 0.9262694444444445 0.0073416666666666665 0.021057407407407407
0 0.12233333333333334 0.6794134259259259 0.007166666666666667 0.019937962962962963
0 0.049583072916666665 0.31908935185185183 0.006457812499999999 0.017808333333333332
0 0.015695052083333334 0.33941064814814814 0.008473437499999998 0.019562037037037038
0 0.19342890625 0.44002083333333336 0.0118578125 0.04670833333333333
0 0.22971640625 0.3546347222222222 0.005266145833333334 0.037047222222222224
0 0.45946171875 0.7821745370370371 0.013715104166666665 0.02175648148148148
0 0.7288104166666667 0.9239092592592593 0.01595416666666667 0.0293
0 0.8492700520833334 0.45111712962962963 0.011040104166666667 0.009641666666666666
1 0.5020833333333333 0.5481481481481482 0.9947916666666666 0.9018518518518519
0 0.9294270833333333 0.45231481481481484 0.019270833333333334 0.025
0 0.32317708333333334 0.18981481481481483 0.009895833333333333 0.018518518518518517
0 0.30755208333333334 0.3509259259259259 0.019270833333333334 0.046296296296296294
0 0.30078125 0.44722222222222224 0.0140625 0.04814814814814815
0 0.19583333333333333 0.6476851851851851 0.013541666666666667 0.030555555555555555
0 0.22552083333333334 0.6912037037037037 0.015625 0.032407407407407406
0 0.28619791666666666 0.6921296296296297 0.0067708333333333336 0.025
0 0.28854166666666664 0.6611111111111111 0.008333333333333333 0.016666666666666666
0 0.30390625 0.725925925925926 0.011979166666666667 0.027777777777777776
0 0.30625 0.9143518518518519 0.007291666666666667 0.021296296296296296
0 0.11901041666666666 0.6555555555555556 0.0067708333333333336 0.020370370370370372
0 0.053385416666666664 0.2912037037037037 0.0067708333333333336 0.017592592592592594
0 0.019270833333333334 0.30972222222222223 0.008333333333333333 0.019444444444444445
0 0.19505208333333332 0.42083333333333334 0.0109375 0.04722222222222222
0 0.23255208333333333 0.33796296296296297 0.0046875 0.037037037037037035
0 0.45416666666666666 0.7796296296296297 0.013541666666666667 0.022222222222222223
0 0.7200520833333334 0.9375 0.016145833333333335 0.028703703703703703
0 0.8502604166666666 0.47314814814814815 0.0109375 0.009259259259259259
1 0.5020833333333333 0.5481481481481482 0.9947916666666666 0.9018518518518519
0 0.9294270833333333 0.45231481481481484 0.019270833333333334 0.025
0 0.32317708333333334 0.18981481481481483 0.009895833333333333 0.018518518518518517
0 0.30755208333333334 0.3509259259259259 0.019270833333333334 0.046296296296296294
0 0.30078125 0.44722222222222224 0.0140625 0.04814814814814815
0 0.19583333333333333 0.6476851851851851 0.013541666666666667 0.030555555555555555
0 0.22552083333333334 0.6912037037037037 0.015625 0.032407407407407406
0 0.28619791666666666 0.6921296296296297 0.0067708333333333336 0.025
0 0.28854166666666664 0.6611111111111111 0.008333333333333333 0.016666666666666666
0 0.30390625 0.725925925925926 0.011979166666666667 0.027777777777777776
0 0.30625 0.9143518518518519 0.007291666666666667 0.021296296296296296
0 0.11901041666666666 0.6555555555555556 0.0067708333333333336 0.020370370370370372
0 0.053385416666666664 0.2912037037037037 0.0067708333333333336 0.017592592592592594
0 0.019270833333333334 0.30972222222222223 0.008333333333333333 0.019444444444444445
0 0.19505208333333332 0.42083333333333334 0.0109375 0.04722222222222222
0 0.23255208333333333 0.33796296296296297 0.0046875 0.037037037037037035
0 0.45416666666666666 0.7796296296296297 0.013541666666666667 0.022222222222222223
0 0.7200520833333334 0.9375 0.016145833333333335 0.028703703703703703
0 0.8502604166666666 0.47314814814814815 0.0109375 0.009259259259259259
1 0.5026815104166666 0.5513134259259259 0.9949463541666667 0.8970712962962963
0 0.9279859375 0.42595601851851855 0.01951354166666667 0.025986111111111113
0 0.31693307291666667 0.20098472222222222 0.0099078125 0.01863611111111111
0 0.30467838541666664 0.3631912037037037 0.018731770833333335 0.04675277777777778
0 0.29988984375 0.45934166666666665 0.014363020833333334 0.04831296296296296
0 0.19882708333333332 0.6664365740740741 0.013279166666666667 0.031021296296296297
0 0.22945286458333333 0.7084472222222222 0.016197395833333333 0.03170925925925926
0 0.28995078125 0.7050689814814816 0.006984895833333333 0.02495277777777778
0 0.29167317708333335 0.6741657407407408 0.008346354166666665 0.01685
0 0.3082419270833333 0.7380837962962963 0.0123171875 0.028019444444444444
0 0.3146083333333333 0.9262694444444445 0.0073416666666666665 0.021057407407407407
0 0.12233333333333334 0.6794134259259259 0.007166666666666667 0.019937962962962963
0 0.049583072916666665 0.31908935185185183 0.006457812499999999 0.017808333333333332
0 0.015695052083333334 0.33941064814814814 0.008473437499999998 0.019562037037037038
0 0.19342890625 0.44002083333333336 0.0118578125 0.04670833333333333
0 0.22971640625 0.3546347222222222 0.005266145833333334 0.037047222222222224
0 0.45946171875 0.7821745370370371 0.013715104166666665 0.02175648148148148
0 0.7288104166666667 0.9239092592592593 0.01595416666666667 0.0293
0 0.8492700520833334 0.45111712962962963 0.011040104166666667 0.009641666666666666
1 0.5020833333333333 0.5481481481481482 0.9947916666666666 0.9018518518518519
0 0.9294270833333333 0.45231481481481484 0.019270833333333334 0.025
0 0.32317708333333334 0.18981481481481483 0.009895833333333333 0.018518518518518517
0 0.30755208333333334 0.3509259259259259 0.019270833333333334 0.046296296296296294
0 0.30078125 0.44722222222222224 0.0140625 0.04814814814814815
0 0.19583333333333333 0.6476851851851851 0.013541666666666667 0.030555555555555555
0 0.22552083333333334 0.6912037037037037 0.015625 0.032407407407407406
0 0.28619791666666666 0.6921296296296297 0.0067708333333333336 0.025
0 0.28854166666666664 0.6611111111111111 0.008333333333333333 0.016666666666666666
0 0.30390625 0.725925925925926 0.011979166666666667 0.027777777777777776
0 0.30625 0.9143518518518519 0.007291666666666667 0.021296296296296296
0 0.11901041666666666 0.6555555555555556 0.0067708333333333336 0.020370370370370372
0 0.053385416666666664 0.2912037037037037 0.0067708333333333336 0.017592592592592594
0 0.019270833333333334 0.30972222222222223 0.008333333333333333 0.019444444444444445
0 0.19505208333333332 0.42083333333333334 0.0109375 0.04722222222222222
0 0.23255208333333333 0.33796296296296297 0.0046875 0.037037037037037035
0 0.45416666666666666 0.7796296296296297 0.013541666666666667 0.022222222222222223
0 0.7200520833333334 0.9375 0.016145833333333335 0.028703703703703703
0 0.8502604166666666 0.47314814814814815 0.0109375 0.009259259259259259
1 0.5020833333333333 0.5481481481481482 0.9947916666666666 0.9018518518518519
0 0.9294270833333333 0.45231481481481484 0.019270833333333334 0.025
0 0.32317708333333334 0.18981481481481483 0.009895833333333333 0.018518518518518517
0 0.30755208333333334 0.3509259259259259 0.019270833333333334 0.046296296296296294
0 0.30078125 0.44722222222222224 0.0140625 0.04814814814814815
0 0.19583333333333333 0.6476851851851851 0.013541666666666667 0.030555555555555555
0 0.22552083333333334 0.6912037037037037 0.015625 0.032407407407407406
0 0.28619791666666666 0.6921296296296297 0.0067708333333333336 0.025
0 0.28854166666666664 0.6611111111111111 0.008333333333333333 0.016666666666666666
0 0.30390625 0.725925925925926 0.011979166666666667 0.027777777777777776
0 0.30625 0.9143518518518519 0.007291666666666667 0.021296296296296296
0 0.11901041666666666 0.6555555555555556 0.0067708333333333336 0.020370370370370372
0 0.053385416666666664 0.2912037037037037 0.0067708333333333336 0.017592592592592594
0 0.019270833333333334 0.30972222222222223 0.008333333333333333 0.019444444444444445
0 0.19505208333333332 0.42083333333333334 0.0109375 0.04722222222222222
0 0.23255208333333333 0.33796296296296297 0.0046875 0.037037037037037035
0 0.45416666666666666 0.7796296296296297 0.013541666666666667 0.022222222222222223
0 0.7200520833333334 0.9375 0.016145833333333335 0.028703703703703703
0 0.8502604166666666 0.47314814814814815 0.0109375 0.009259259259259259
