1 0.5 0.48394907407407406 1.0 0.9678981481481481
0 0.23639088541666667 0.32362268518518517 0.031115104166666668 0.060208333333333336
0 0.5259981770833334 0.06596342592592593 0.0353296875 0.04674166666666667
0 0.6507802083333334 0.3950347222222222 0.015102083333333332 0.023402777777777776
0 0.19741796875 0.8671282407407408 0.0073359375000000004 0.017589814814814815
0 0.24317291666666666 0.41242361111111114 0.020720833333333334 0.04706944444444445
1 0.49973958333333335 0.5152777777777777 0.9994791666666667 0.9675925925925926
0 0.23463541666666668 0.6680555555555555 0.030729166666666665 0.06018518518518518
0 0.521875 0.9351851851851852 0.035416666666666666 0.046296296296296294
0 0.6497395833333334 0.6097222222222223 0.015104166666666667 0.023148148148148147
0 0.20104166666666667 0.12361111111111112 0.007291666666666667 0.017592592592592594
0 0.2421875 0.5791666666666667 0.020833333333333332 0.04722222222222222
1 0.5 0.48801666666666665 1.0 0.9760333333333333
0 0.7515106770833333 0.2753513888888889 0.0332296875 0.059962037037037036
0 0.44854062499999997 0.07275185185185186 0.03458125 0.04920740740740741
0 0.34395416666666667 0.42350185185185185 0.014991666666666665 0.02478148148148148
0 0.82252734375 0.8087305555555555 0.007554687500000001 0.01746111111111111
0 0.7496184895833333 0.3645939814814815 0.0200703125 0.045854629629629634
1 0.5 0.48394907407407406 1.0 0.9678981481481481
0 0.23639088541666667 0.32362268518518517 0.031115104166666668 0.060208333333333336
0 0.5259981770833334 0.06596342592592593 0.0353296875 0.04674166666666667
0 0.6507802083333334 0.3950347222222222 0.015102083333333332 0.023402777777777776
0 0.19741796875 0.8671282407407408 0.0073359375000000004 0.017589814814814815
0 0.24317291666666666 0.41242361111111114 0.020720833333333334 0.04706944444444445
1 0.49973958333333335 0.5152777777777777 0.9994791666666667 0.9675925925925926
0 0.23463541666666668 0.6680555555555555 0.030729166666666665 0.06018518518518518
0 0.521875 0.9351851851851852 0.035416666666666666 0.046296296296296294
0 0.6497395833333334 0.6097222222222223 0.015104166666666667 0.023148148148148147
0 0.20104166666666667 0.12361111111111112 0.007291666666666667 0.017592592592592594
0 0.2421875 0.5791666666666667 0.020833333333333332 0.04722222222222222
1 0.5 0.48801666666666665 1.0 0.9760333333333333
0 0.7515106770833333 0.2753513888888889 0.0332296875 0.059962037037037036
0 0.44854062499999997 0.07275185185185186 0.03458125 0.04920740740740741
0 0.34395416666666667 0.42350185185185185 0.014991666666666665 0.02478148148148148
0 0.82252734375 0.8087305555555555 0.007554687500000001 0.01746111111111111
0 0.7496184895833333 0.3645939814814815 0.0200703125 0.045854629629629634
1 0.5 0.48394907407407406 1.0 0.9678981481481481
0 0.23639088541666667 0.32362268518518517 0.031115104166666668 0.060208333333333336
0 0.5259981770833334 0.06596342592592593 0.0353296875 0.04674166666666667
0 0.6507802083333334 0.3950347222222222 0.015102083333333332 0.023402777777777776
0 0.19741796875 0.8671282407407408 0.0073359375000000004 0.017589814814814815
0 0.24317291666666666 0.41242361111111114 0.020720833333333334 0.04706944444444445
1 0.49973958333333335 0.5152777777777777 0.9994791666666667 0.9675925925925926
0 0.23463541666666668 0.6680555555555555 0.030729166666666665 0.06018518518518518
0 0.521875 0.9351851851851852 0.035416666666666666 0.046296296296296294
0 0.6497395833333334 0.6097222222222223 0.015104166666666667 0.023148148148148147
0 0.20104166666666667 0.12361111111111112 0.007291666666666667 0.017592592592592594
0 0.2421875 0.5791666666666667 0.020833333333333332 0.04722222222222222
1 0.5 0.48801666666666665 1.0 0.9760333333333333
0 0.7515106770833333 0.2753513888888889 0.0332296875 0.059962037037037036
0 0.44854062499999997 0.07275185185185186 0.03458125 0.04920740740740741
0 0.34395416666666667 0.42350185185185185 0.014991666666666665 0.02478148148148148
0 0.82252734375 0.8087305555555555 0.007554687500000001 0.01746111111111111
0 0.7496184895833333 0.3645939814814815 0.0200703125 0.045854629629629634
