1 0.5 0.552749537037037 1.0 0.894387962962963
0 0.7408651041666666 0.27859074074074075 0.018188541666666665 0.09236666666666667
0 0.6504067708333333 0.593099537037037 0.024771875 0.02508796296296296
0 0.5505692708333334 0.8423810185185184 0.019888541666666665 0.03291018518518518
0 0.5928395833333333 0.9379199074074074 0.011720833333333335 0.035099074074074074
0 0.5203395833333333 0.8924564814814815 0.016720833333333334 0.042320370370370376
0 0.3902067708333333 0.5730333333333333 0.029371875 0.05162222222222222
0 0.36839895833333336 0.4532319444444444 0.026381250000000002 0.060167592592592585
0 0.42959036458333333 0.7154546296296297 0.015430729166666666 0.05683518518518518
0 0.31733359375 0.6725555555555556 0.0190421875 0.02659259259259259
0 0.502521875 0.9814416666666668 0.022752083333333332 0.03695740740740741
0 0.44514427083333336 0.8278981481481481 0.018413541666666665 0.026166666666666668
0 0.39714322916666667 0.8649092592592592 0.013036458333333334 0.02055925925925926
0 0.3347377604166667 0.9732171296296296 0.010100520833333333 0.014952777777777778
0 0.08247994791666667 0.7784041666666667 0.0097515625 0.025326851851851854
0 0.11389348958333333 0.9394162037037036 0.010078645833333334 0.026980555555555556
0 0.09640260416666666 0.44399675925925924 0.009471875 0.013919444444444444
0 0.17442473958333335 0.2624671296296296 0.010307812500000001 0.02678611111111111
0 0.024710677083333334 0.9294083333333333 0.008796354166666666 0.014372222222222222
0 0.04283802083333333 0.5782379629629629 0.008592708333333334 0.028698148148148146
0 0.020499739583333332 0.5291550925925925 0.010791145833333333 0.017569444444444447
0 0.27980703125 0.6149888888888889 0.016905729166666668 0.024422222222222224
0 0.34033020833333333 0.13929305555555554 0.008785416666666665 0.013771296296296295
0 0.7099677083333333 0.6354300925925926 0.005352083333333333 0.011600925925925926
0 0.7053854166666667 0.6060986111111111 0.008687499999999999 0.014049074074074075
0 0.7686658854166667 0.6585736111111111 0.009206770833333332 0.015295370370370369
0 0.9898901041666667 0.4342990740740741 0.006863541666666667 0.02045
0 0.8506934895833334 0.2795740740740741 0.007636979166666667 0.011000000000000001
0 0.7838520833333333 0.4125064814814815 0.006245833333333334 0.021309259259259257
0 0.27497421875 0.9646555555555555 0.0061984375 0.016348148148148146
1 0.5 0.5093768518518518 1.0 0.9817166666666666
0 0.29265598958333333 0.1883189814814815 0.0186453125 0.09145277777777779
0 0.0377484375 0.841712037037037 0.037996875 0.07786851851851852
0 0.34210390625000003 0.5299513888888888 0.0217078125 0.032125
0 0.40792239583333334 0.813500462962963 0.020011458333333332 0.03070462962962963
0 0.35368697916666664 0.8886722222222222 0.013623958333333333 0.034751851851851846
0 0.4301169270833333 0.8737921296296297 0.01960885416666667 0.03647314814814814
0 0.5980653645833333 0.6144032407407408 0.03154739583333333 0.045473148148148144
0 0.6343361979166667 0.5067004629629629 0.020755729166666667 0.06340092592592593
0 0.5383018229166667 0.7386615740740741 0.014103645833333334 0.060656481481481485
0 0.6560747395833334 0.7412555555555556 0.019441145833333333 0.026955555555555556
0 0.43667109375 0.9692476851851851 0.0233421875 0.04034722222222222
0 0.5118317708333333 0.840599537037037 0.019496875 0.021939814814814815
0 0.5546130208333333 0.8966962962962963 0.014434375 0.01746666666666667
0 0.87106328125 0.9396893518518519 0.009834895833333333 0.02382314814814815
0 0.9631843750000001 0.9247791666666666 0.011785416666666666 0.02733611111111111
0 0.90064765625 0.6067865740740741 0.0106703125 0.013573148148148148
0 0.84762734375 0.39844583333333333 0.008796354166666666 0.026521296296296296
0 0.9351447916666668 0.7585472222222223 0.00883125 0.028205555555555557
0 0.9635182291666666 0.7212703703703703 0.010369791666666666 0.020318518518518517
0 0.7006067708333333 0.6996162037037037 0.014755208333333332 0.027010185185185186
0 0.7013098958333334 0.2126587962962963 0.007828125 0.014206481481481481
0 0.27823671875 0.5472986111111111 0.0064734375 0.011263888888888888
0 0.28630625 0.5209652777777778 0.009070833333333334 0.014152777777777778
0 0.21781354166666667 0.5471310185185185 0.009585416666666667 0.014632407407407408
0 0.031781770833333334 0.2404703703703704 0.007313541666666667 0.01982962962962963
0 0.18660442708333333 0.14447546296296296 0.007583854166666667 0.011173148148148149
0 0.23412239583333333 0.30118518518518517 0.007828125 0.020888888888888887
1 0.5 0.5472222222222223 1.0 0.9055555555555556
0 0.26875 0.2490740740740741 0.016666666666666666 0.09259259259259259
0 0.07395833333333333 0.9657407407407408 0.04375 0.06666666666666667
0 0.3463541666666667 0.5745370370370371 0.023958333333333335 0.026851851851851852
0 0.43645833333333334 0.8356481481481481 0.019791666666666666 0.032407407407407406
0 0.39036458333333335 0.925 0.011979166666666667 0.03518518518518519
0 0.4640625 0.8888888888888888 0.017708333333333333 0.040740740740740744
0 0.6067708333333334 0.5861111111111111 0.030208333333333334 0.05
0 0.6330729166666667 0.46944444444444444 0.024479166666666666 0.06111111111111111
0 0.5606770833333333 0.7236111111111111 0.015104166666666667 0.058333333333333334
0 0.6752604166666667 0.6949074074074074 0.019270833333333334 0.026851851851851852
0 0.4786458333333333 0.9805555555555555 0.022916666666666665 0.037037037037037035
0 0.5416666666666666 0.8337962962962963 0.01875 0.025
0 0.5885416666666666 0.8763888888888889 0.013541666666666667 0.019444444444444445
0 0.6463541666666667 0.9921296296296296 0.010416666666666666 0.013888888888888888
0 0.9052083333333333 0.8300925925925926 0.009375 0.025
0 0.86796875 0.9856481481481482 0.009895833333333333 0.026851851851851852
0 0.9947916666666666 0.7912037037037037 0.009375 0.028703703703703703
0 0.9049479166666666 0.49398148148148147 0.009895833333333333 0.013888888888888888
0 0.8341145833333333 0.30324074074074076 0.009895833333333333 0.026851851851851852
0 0.95703125 0.9875 0.008854166666666666 0.013888888888888888
0 0.9528645833333333 0.6347222222222222 0.0078125 0.028703703703703703
0 0.9770833333333333 0.5888888888888889 0.010416666666666666 0.018518518518518517
0 0.7153645833333333 0.6421296296296296 0.016145833333333335 0.025
0 0.6734375 0.16018518518518518 0.008333333333333333 0.012962962962962963
0 0.28515625 0.6092592592592593 0.005729166666666666 0.011111111111111112
0 0.2908854166666667 0.5800925925925926 0.008854166666666666 0.013888888888888888
0 0.22552083333333334 0.625 0.009375 0.014814814814814815
0 0.014322916666666666 0.37407407407407406 0.0067708333333333336 0.020370370370370372
0 0.15885416666666666 0.23657407407407408 0.007291666666666667 0.010185185185185186
0 0.22005208333333334 0.3773148148148148 0.0067708333333333336 0.021296296296296296
0 0.7067708333333333 0.9912037037037037 0.00625 0.01574074074074074
1 0.5 0.552749537037037 1.0 0.894387962962963
0 0.7408651041666666 0.27859074074074075 0.018188541666666665 0.09236666666666667
0 0.6504067708333333 0.593099537037037 0.024771875 0.02508796296296296
0 0.5505692708333334 0.8423810185185184 0.019888541666666665 0.03291018518518518
0 0.5928395833333333 0.9379199074074074 0.011720833333333335 0.035099074074074074
0 0.5203395833333333 0.8924564814814815 0.016720833333333334 0.042320370370370376
0 0.3902067708333333 0.5730333333333333 0.029371875 0.05162222222222222
0 0.36839895833333336 0.4532319444444444 0.026381250000000002 0.060167592592592585
0 0.42959036458333333 0.7154546296296297 0.015430729166666666 0.05683518518518518
0 0.31733359375 0.6725555555555556 0.0190421875 0.02659259259259259
0 0.502521875 0.9814416666666668 0.022752083333333332 0.03695740740740741
0 0.44514427083333336 0.8278981481481481 0.018413541666666665 0.026166666666666668
0 0.39714322916666667 0.8649092592592592 0.013036458333333334 0.02055925925925926
0 0.3347377604166667 0.9732171296296296 0.010100520833333333 0.014952777777777778
0 0.08247994791666667 0.7784041666666667 0.0097515625 0.025326851851851854
0 0.11389348958333333 0.9394162037037036 0.010078645833333334 0.026980555555555556
0 0.09640260416666666 0.44399675925925924 0.009471875 0.013919444444444444
0 0.17442473958333335 0.2624671296296296 0.010307812500000001 0.02678611111111111
0 0.024710677083333334 0.9294083333333333 0.008796354166666666 0.014372222222222222
0 0.04283802083333333 0.5782379629629629 0.008592708333333334 0.028698148148148146
0 0.020499739583333332 0.5291550925925925 0.010791145833333333 0.017569444444444447
0 0.27980703125 0.6149888888888889 0.016905729166666668 0.024422222222222224
0 0.34033020833333333 0.13929305555555554 0.008785416666666665 0.013771296296296295
0 0.7099677083333333 0.6354300925925926 0.005352083333333333 0.011600925925925926
0 0.7053854166666667 0.6060986111111111 0.008687499999999999 0.014049074074074075
0 0.7686658854166667 0.6585736111111111 0.009206770833333332 0.015295370370370369
0 0.9898901041666667 0.4342990740740741 0.006863541666666667 0.02045
0 0.8506934895833334 0.2795740740740741 0.007636979166666667 0.011000000000000001
0 0.7838520833333333 0.4125064814814815 0.006245833333333334 0.021309259259259257
0 0.27497421875 0.9646555555555555 0.0061984375 0.016348148148148146
1 0.5 0.5093768518518518 1.0 0.9817166666666666
0 0.29265598958333333 0.1883189814814815 0.0186453125 0.09145277777777779
0 0.0377484375 0.841712037037037 0.037996875 0.07786851851851852
0 0.34210390625000003 0.5299513888888888 0.0217078125 0.032125
0 0.40792239583333334 0.813500462962963 0.020011458333333332 0.03070462962962963
0 0.35368697916666664 0.8886722222222222 0.013623958333333333 0.034751851851851846
0 0.4301169270833333 0.8737921296296297 0.01960885416666667 0.03647314814814814
0 0.5980653645833333 0.6144032407407408 0.03154739583333333 0.045473148148148144
0 0.6343361979166667 0.5067004629629629 0.020755729166666667 0.06340092592592593
0 0.5383018229166667 0.7386615740740741 0.014103645833333334 0.060656481481481485
0 0.6560747395833334 0.7412555555555556 0.019441145833333333 0.026955555555555556
0 0.43667109375 0.9692476851851851 0.0233421875 0.04034722222222222
0 0.5118317708333333 0.840599537037037 0.019496875 0.021939814814814815
0 0.5546130208333333 0.8966962962962963 0.014434375 0.01746666666666667
0 0.87106328125 0.9396893518518519 0.009834895833333333 0.02382314814814815
0 0.9631843750000001 0.9247791666666666 0.011785416666666666 0.02733611111111111
0 0.90064765625 0.6067865740740741 0.0106703125 0.013573148148148148
0 0.84762734375 0.39844583333333333 0.008796354166666666 0.026521296296296296
0 0.9351447916666668 0.7585472222222223 0.00883125 0.028205555555555557
0 0.9635182291666666 0.7212703703703703 0.010369791666666666 0.020318518518518517
0 0.7006067708333333 0.6996162037037037 0.014755208333333332 0.027010185185185186
0 0.7013098958333334 0.2126587962962963 0.007828125 0.014206481481481481
0 0.27823671875 0.5472986111111111 0.0064734375 0.011263888888888888
0 0.28630625 0.5209652777777778 0.009070833333333334 0.014152777777777778
0 0.21781354166666667 0.5471310185185185 0.009585416666666667 0.014632407407407408
0 0.031781770833333334 0.2404703703703704 0.007313541666666667 0.01982962962962963
0 0.18660442708333333 0.14447546296296296 0.007583854166666667 0.011173148148148149
0 0.23412239583333333 0.30118518518518517 0.007828125 0.020888888888888887
1 0.5 0.5472222222222223 1.0 0.9055555555555556
0 0.26875 0.2490740740740741 0.016666666666666666 0.09259259259259259
0 0.07395833333333333 0.9657407407407408 0.04375 0.06666666666666667
0 0.3463541666666667 0.5745370370370371 0.023958333333333335 0.026851851851851852
0 0.43645833333333334 0.8356481481481481 0.019791666666666666 0.032407407407407406
0 0.39036458333333335 0.925 0.011979166666666667 0.03518518518518519
0 0.4640625 0.8888888888888888 0.017708333333333333 0.040740740740740744
0 0.6067708333333334 0.5861111111111111 0.030208333333333334 0.05
0 0.6330729166666667 0.46944444444444444 0.024479166666666666 0.06111111111111111
0 0.5606770833333333 0.7236111111111111 0.015104166666666667 0.058333333333333334
0 0.6752604166666667 0.6949074074074074 0.019270833333333334 0.026851851851851852
0 0.4786458333333333 0.9805555555555555 0.022916666666666665 0.037037037037037035
0 0.5416666666666666 0.8337962962962963 0.01875 0.025
0 0.5885416666666666 0.8763888888888889 0.013541666666666667 0.019444444444444445
0 0.6463541666666667 0.9921296296296296 0.010416666666666666 0.013888888888888888
0 0.9052083333333333 0.8300925925925926 0.009375 0.025
0 0.86796875 0.9856481481481482 0.009895833333333333 0.026851851851851852
0 0.9947916666666666 0.7912037037037037 0.009375 0.028703703703703703
0 0.9049479166666666 0.49398148148148147 0.009895833333333333 0.013888888888888888
0 0.8341145833333333 0.30324074074074076 0.009895833333333333 0.026851851851851852
0 0.95703125 0.9875 0.008854166666666666 0.013888888888888888
0 0.9528645833333333 0.6347222222222222 0.0078125 0.028703703703703703
0 0.9770833333333333 0.5888888888888889 0.010416666666666666 0.018518518518518517
0 0.7153645833333333 0.6421296296296296 0.016145833333333335 0.025
0 0.6734375 0.16018518518518518 0.008333333333333333 0.012962962962962963
0 0.28515625 0.6092592592592593 0.005729166666666666 0.011111111111111112
0 0.2908854166666667 0.5800925925925926 0.008854166666666666 0.013888888888888888
0 0.22552083333333334 0.625 0.009375 0.014814814814814815
0 0.014322916666666666 0.37407407407407406 0.0067708333333333336 0.020370370370370372
0 0.15885416666666666 0.23657407407407408 0.007291666666666667 0.010185185185185186
0 0.22005208333333334 0.3773148148148148 0.0067708333333333336 0.021296296296296296
0 0.7067708333333333 0.9912037037037037 0.00625 0.01574074074074074
