1 0.49973958333333335 0.549537037037037 0.9994791666666667 0.899074074074074
0 0.221875 0.21805555555555556 0.020833333333333332 0.032407407407407406
0 0.29322916666666665 0.13703703703703704 0.0125 0.044444444444444446
0 0.24947916666666667 0.22685185185185186 0.011458333333333333 0.024074074074074074
0 0.4783854166666667 0.7125 0.033854166666666664 0.013888888888888888
0 0.27890625 0.8939814814814815 0.0078125 0.026851851851851852
0 0.14661458333333333 0.9708333333333333 0.0067708333333333336 0.030555555555555555
0 0.0067708333333333336 0.6717592592592593 0.00625 0.013888888888888888
0 0.07109375 0.24537037037037038 0.0067708333333333336 0.014814814814814815
0 0.014322916666666666 0.46574074074074073 0.0109375 0.027777777777777776
0 0.8247395833333333 0.700925925925926 0.009895833333333333 0.027777777777777776
0 0.8705729166666667 0.7671296296296296 0.0078125 0.01574074074074074
0 0.9161458333333333 0.7398148148148148 0.004166666666666667 0.007407407407407408
0 0.85234375 0.4083333333333333 0.005729166666666666 0.018518518518518517
0 0.76328125 0.3175925925925926 0.011979166666666667 0.025925925925925925
0 0.8671875 0.2 0.004166666666666667 0.016666666666666666
0 0.23723958333333334 0.17962962962962964 0.0109375 0.04814814814814815
1 0.9755208333333333 0.9638888888888889 0.04791666666666667 0.07037037037037037
0 0.9864583333333333 0.46805555555555556 0.00625 0.026851851851851852
1 0.5002604166666667 0.45046296296296295 0.9994791666666667 0.899074074074074
0 0.778125 0.7819444444444444 0.020833333333333332 0.032407407407407406
0 0.7067708333333333 0.8629629629629629 0.0125 0.044444444444444446
0 0.7505208333333333 0.7731481481481481 0.011458333333333333 0.024074074074074074
0 0.5216145833333333 0.2875 0.033854166666666664 0.013888888888888888
0 0.72109375 0.10601851851851851 0.0078125 0.026851851851851852
0 0.8533854166666667 0.029166666666666667 0.0067708333333333336 0.030555555555555555
0 0.9932291666666667 0.3282407407407407 0.00625 0.013888888888888888
0 0.92890625 0.7546296296296297 0.0067708333333333336 0.014814814814814815
0 0.9856770833333334 0.5342592592592592 0.0109375 0.027777777777777776
0 0.17526041666666667 0.29907407407407405 0.009895833333333333 0.027777777777777776
0 0.12942708333333333 0.23287037037037037 0.0078125 0.01574074074074074
0 0.08385416666666666 0.2601851851851852 0.004166666666666667 0.007407407407407408
0 0.14765625 0.5916666666666667 0.005729166666666666 0.018518518518518517
0 0.23671875 0.6824074074074075 0.011979166666666667 0.025925925925925925
0 0.1328125 0.8 0.004166666666666667 0.016666666666666666
0 0.7627604166666667 0.8203703703703704 0.0109375 0.04814814814814815
1 0.024479166666666666 0.03611111111111111 0.04791666666666667 0.07037037037037037
0 0.013541666666666667 0.5319444444444444 0.00625 0.026851851851851852
1 0.5 0.547450925925926 1.0 0.906012962962963
0 0.2070640625 0.27090277777777777 0.022461458333333333 0.02884259259259259
0 0.27288828125000003 0.17746898148148146 0.0145265625 0.041975
0 0.23450703125 0.2744986111111111 0.011722395833333335 0.023071296296296298
0 0.4912317708333333 0.716249537037037 0.033505208333333335 0.01768425925925926
0 0.3030572916666667 0.9327486111111112 0.009239583333333332 0.02660833333333333
0 0.019556770833333334 0.7623652777777778 0.005780208333333333 0.013619444444444444
0 0.0586296875 0.32622407407407406 0.0068427083333333335 0.01541111111111111
0 0.01494921875 0.5558666666666667 0.0111484375 0.0284
0 0.8345838541666667 0.6400291666666666 0.008751041666666666 0.02820648148148148
0 0.8843963541666666 0.6973453703703704 0.007334375000000001 0.016912962962962963
0 0.9277559895833334 0.6612842592592593 0.0044703125 0.0077537037037037045
0 0.8447192708333334 0.34332268518518516 0.006105208333333333 0.018126851851851852
0 0.75120078125 0.26980879629629634 0.0117765625 0.02665462962962963
0 0.84729921875 0.13323935185185187 0.005015104166666667 0.016478703703703704
0 0.21993671875 0.23032685185185184 0.011748437499999998 0.04769074074074074
1 0.9894294270833334 0.8912212962962963 0.021567187499999998 0.04170185185185185
0 0.9824106770833333 0.3779736111111111 0.0064880208333333335 0.02631759259259259
1 0.49973958333333335 0.549537037037037 0.9994791666666667 0.899074074074074
0 0.221875 0.21805555555555556 0.020833333333333332 0.032407407407407406
0 0.29322916666666665 0.13703703703703704 0.0125 0.044444444444444446
0 0.24947916666666667 0.22685185185185186 0.011458333333333333 0.024074074074074074
0 0.4783854166666667 0.7125 0.033854166666666664 0.013888888888888888
0 0.27890625 0.8939814814814815 0.0078125 0.026851851851851852
0 0.14661458333333333 0.9708333333333333 0.0067708333333333336 0.030555555555555555
0 0.0067708333333333336 0.6717592592592593 0.00625 0.013888888888888888
0 0.07109375 0.24537037037037038 0.0067708333333333336 0.014814814814814815
0 0.014322916666666666 0.46574074074074073 0.0109375 0.027777777777777776
0 0.8247395833333333 0.700925925925926 0.009895833333333333 0.027777777777777776
0 0.8705729166666667 0.7671296296296296 0.0078125 0.01574074074074074
0 0.9161458333333333 0.7398148148148148 0.004166666666666667 0.007407407407407408
0 0.85234375 0.4083333333333333 0.005729166666666666 0.018518518518518517
0 0.76328125 0.3175925925925926 0.011979166666666667 0.025925925925925925
0 0.8671875 0.2 0.004166666666666667 0.016666666666666666
0 0.23723958333333334 0.17962962962962964 0.0109375 0.04814814814814815
1 0.9755208333333333 0.9638888888888889 0.04791666666666667 0.07037037037037037
0 0.9864583333333333 0.46805555555555556 0.00625 0.026851851851851852
1 0.5002604166666667 0.45046296296296295 0.9994791666666667 0.899074074074074
0 0.778125 0.7819444444444444 0.020833333333333332 0.032407407407407406
0 0.7067708333333333 0.8629629629629629 0.0125 0.044444444444444446
0 0.7505208333333333 0.7731481481481481 0.011458333333333333 0.024074074074074074
0 0.5216145833333333 0.2875 0.033854166666666664 0.013888888888888888
0 0.72109375 0.10601851851851851 0.0078125 0.026851851851851852
0 0.8533854166666667 0.029166666666666667 0.0067708333333333336 0.030555555555555555
0 0.9932291666666667 0.3282407407407407 0.00625 0.013888888888888888
0 0.92890625 0.7546296296296297 0.0067708333333333336 0.014814814814814815
0 0.9856770833333334 0.5342592592592592 0.0109375 0.027777777777777776
0 0.17526041666666667 0.29907407407407405 0.009895833333333333 0.027777777777777776
0 0.12942708333333333 0.23287037037037037 0.0078125 0.01574074074074074
0 0.08385416666666666 0.2601851851851852 0.004166666666666667 0.007407407407407408
0 0.14765625 0.5916666666666667 0.005729166666666666 0.018518518518518517
0 0.23671875 0.6824074074074075 0.011979166666666667 0.025925925925925925
0 0.1328125 0.8 0.004166666666666667 0.016666666666666666
0 0.7627604166666667 0.8203703703703704 0.0109375 0.04814814814814815
1 0.024479166666666666 0.03611111111111111 0.04791666666666667 0.07037037037037037
0 0.013541666666666667 0.5319444444444444 0.00625 0.026851851851851852
1 0.5 0.547450925925926 1.0 0.906012962962963
0 0.2070640625 0.27090277777777777 0.022461458333333333 0.02884259259259259
0 0.27288828125000003 0.17746898148148146 0.0145265625 0.041975
0 0.23450703125 0.2744986111111111 0.011722395833333335 0.023071296296296298
0 0.4912317708333333 0.716249537037037 0.033505208333333335 0.01768425925925926
0 0.3030572916666667 0.9327486111111112 0.009239583333333332 0.02660833333333333
0 0.019556770833333334 0.7623652777777778 0.005780208333333333 0.013619444444444444
0 0.0586296875 0.32622407407407406 0.0068427083333333335 0.01541111111111111
0 0.01494921875 0.5558666666666667 0.0111484375 0.0284
0 0.8345838541666667 0.6400291666666666 0.008751041666666666 0.02820648148148148
0 0.8843963541666666 0.6973453703703704 0.007334375000000001 0.016912962962962963
0 0.9277559895833334 0.6612842592592593 0.0044703125 0.0077537037037037045
0 0.8447192708333334 0.34332268518518516 0.006105208333333333 0.018126851851851852
0 0.75120078125 0.26980879629629634 0.0117765625 0.02665462962962963
0 0.84729921875 0.13323935185185187 0.005015104166666667 0.016478703703703704
0 0.21993671875 0.23032685185185184 0.011748437499999998 0.04769074074074074
1 0.9894294270833334 0.8912212962962963 0.021567187499999998 0.04170185185185185
0 0.9824106770833333 0.3779736111111111 0.0064880208333333335 0.02631759259259259
1 0.49973958333333335 0.549537037037037 0.9994791666666667 0.899074074074074
0 0.221875 0.21805555555555556 0.020833333333333332 0.032407407407407406
0 0.29322916666666665 0.13703703703703704 0.0125 0.044444444444444446
0 0.24947916666666667 0.22685185185185186 0.011458333333333333 0.024074074074074074
0 0.4783854166666667 0.7125 0.033854166666666664 0.013888888888888888
0 0.27890625 0.8939814814814815 0.0078125 0.026851851851851852
0 0.14661458333333333 0.9708333333333333 0.0067708333333333336 0.030555555555555555
0 0.0067708333333333336 0.6717592592592593 0.00625 0.013888888888888888
0 0.07109375 0.24537037037037038 0.0067708333333333336 0.014814814814814815
0 0.014322916666666666 0.46574074074074073 0.0109375 0.027777777777777776
0 0.8247395833333333 0.700925925925926 0.009895833333333333 0.027777777777777776
0 0.8705729166666667 0.7671296296296296 0.0078125 0.01574074074074074
0 0.9161458333333333 0.7398148148148148 0.004166666666666667 0.007407407407407408
0 0.85234375 0.4083333333333333 0.005729166666666666 0.018518518518518517
0 0.76328125 0.3175925925925926 0.011979166666666667 0.025925925925925925
0 0.8671875 0.2 0.004166666666666667 0.016666666666666666
0 0.23723958333333334 0.17962962962962964 0.0109375 0.04814814814814815
1 0.9755208333333333 0.9638888888888889 0.04791666666666667 0.07037037037037037
0 0.9864583333333333 0.46805555555555556 0.00625 0.026851851851851852
1 0.5002604166666667 0.45046296296296295 0.9994791666666667 0.899074074074074
0 0.778125 0.7819444444444444 0.020833333333333332 0.032407407407407406
0 0.7067708333333333 0.8629629629629629 0.0125 0.044444444444444446
0 0.7505208333333333 0.7731481481481481 0.011458333333333333 0.024074074074074074
0 0.5216145833333333 0.2875 0.033854166666666664 0.013888888888888888
0 0.72109375 0.10601851851851851 0.0078125 0.026851851851851852
0 0.8533854166666667 0.029166666666666667 0.0067708333333333336 0.030555555555555555
0 0.9932291666666667 0.3282407407407407 0.00625 0.013888888888888888
0 0.92890625 0.7546296296296297 0.0067708333333333336 0.014814814814814815
0 0.9856770833333334 0.5342592592592592 0.0109375 0.027777777777777776
0 0.17526041666666667 0.29907407407407405 0.009895833333333333 0.027777777777777776
0 0.12942708333333333 0.23287037037037037 0.0078125 0.01574074074074074
0 0.08385416666666666 0.2601851851851852 0.004166666666666667 0.007407407407407408
0 0.14765625 0.5916666666666667 0.005729166666666666 0.018518518518518517
0 0.23671875 0.6824074074074075 0.011979166666666667 0.025925925925925925
0 0.1328125 0.8 0.004166666666666667 0.016666666666666666
0 0.7627604166666667 0.8203703703703704 0.0109375 0.04814814814814815
1 0.024479166666666666 0.03611111111111111 0.04791666666666667 0.07037037037037037
0 0.013541666666666667 0.5319444444444444 0.00625 0.026851851851851852
1 0.5 0.547450925925926 1.0 0.906012962962963
0 0.2070640625 0.27090277777777777 0.022461458333333333 0.02884259259259259
0 0.27288828125000003 0.17746898148148146 0.0145265625 0.041975
0 0.23450703125 0.2744986111111111 0.011722395833333335 0.023071296296296298
0 0.4912317708333333 0.716249537037037 0.033505208333333335 0.01768425925925926
0 0.3030572916666667 0.9327486111111112 0.009239583333333332 0.02660833333333333
0 0.019556770833333334 0.7623652777777778 0.005780208333333333 0.013619444444444444
0 0.0586296875 0.32622407407407406 0.0068427083333333335 0.01541111111111111
0 0.01494921875 0.5558666666666667 0.0111484375 0.0284
0 0.8345838541666667 0.6400291666666666 0.008751041666666666 0.02820648148148148
0 0.8843963541666666 0.6973453703703704 0.007334375000000001 0.016912962962962963
0 0.9277559895833334 0.6612842592592593 0.0044703125 0.0077537037037037045
0 0.8447192708333334 0.34332268518518516 0.006105208333333333 0.018126851851851852
0 0.75120078125 0.26980879629629634 0.0117765625 0.02665462962962963
0 0.84729921875 0.13323935185185187 0.005015104166666667 0.016478703703703704
0 0.21993671875 0.23032685185185184 0.011748437499999998 0.04769074074074074
1 0.9894294270833334 0.8912212962962963 0.021567187499999998 0.04170185185185185
0 0.9824106770833333 0.3779736111111111 0.0064880208333333335 0.02631759259259259
