1 0.5 0.5273342592592593 1.0 0.9454092592592593
0 0.52386484375 0.4251569444444444 0.0102296875 0.046610185185185185
0 0.3913752604166667 0.2306023148148148 0.0119171875 0.018612037037037035
0 0.6330929687500001 0.6831902777777777 0.017227604166666667 0.025639814814814813
0 0.24508958333333333 0.6913203703703703 0.013095833333333333 0.027085185185185184
0 0.07091432291666666 0.29245185185185185 0.007453645833333333 0.018237037037037038
0 0.5296815104166667 0.28502916666666667 0.014571354166666666 0.027465740740740742
0 0.08230989583333333 0.8466861111111111 0.011494791666666667 0.03411296296296296
0 0.5494895833333333 0.6834476851851852 0.012520833333333333 0.01689537037037037
0 0.4789453125 0.9315717592592593 0.006848958333333334 0.009439814814814816
0 0.882878125 0.689449537037037 0.005339583333333333 0.008528703703703703
0 0.9311802083333334 0.9593902777777777 0.0050687499999999995 0.007669444444444444
0 0.7553263020833333 0.3160981481481482 0.0064859374999999995 0.013677777777777778
0 0.20445859375 0.3662587962962963 0.0057921875000000005 0.013999074074074074
0 0.07921822916666667 0.4916467592592593 0.005311458333333334 0.01662685185185185
0 0.47933749999999997 0.7472870370370371 0.007633333333333334 0.005685185185185185
1 0.5 0.47270462962962967 1.0 0.9454092592592593
0 0.47646901041666667 0.5742310185185185 0.0102296875 0.046610185185185185
0 0.6085627604166667 0.7694912037037037 0.0119171875 0.018612037037037035
0 0.3669471354166667 0.31744953703703704 0.017227604166666667 0.025639814814814813
0 0.7549854166666666 0.30891296296296294 0.013095833333333333 0.027085185185185184
0 0.92924765625 0.7081925925925926 0.007453645833333333 0.018237037037037038
0 0.4703065104166667 0.7155847222222222 0.014571354166666666 0.027465740740740742
0 0.9177265625000001 0.15316759259259258 0.011494791666666667 0.03411296296296296
0 0.45053125 0.3167810185185185 0.012520833333333333 0.01689537037037037
0 0.5211328125 0.06860879629629629 0.006848958333333334 0.009439814814814816
0 0.117253125 0.31074583333333333 0.005339583333333333 0.008528703703703703
0 0.06868020833333333 0.04087175925925926 0.0050687499999999995 0.007669444444444444
0 0.24438880208333333 0.6836907407407408 0.0064859374999999995 0.013677777777777778
0 0.7956044270833333 0.6338513888888888 0.0057921875000000005 0.013999074074074074
0 0.9208848958333333 0.508313425925926 0.005311458333333334 0.01662685185185185
0 0.5210041666666666 0.25284259259259256 0.007633333333333334 0.005685185185185185
1 0.49973958333333335 0.5291666666666667 0.9994791666666667 0.9398148148148148
0 0.48359375 0.41944444444444445 0.013020833333333334 0.046296296296296294
0 0.6333333333333333 0.26805555555555555 0.011458333333333333 0.017592592592592594
0 0.35104166666666664 0.6393518518518518 0.016666666666666666 0.026851851851851852
0 0.7328125 0.7675925925925926 0.014583333333333334 0.024074074074074074
0 0.94296875 0.42777777777777776 0.008854166666666666 0.018518518518518517
0 0.49140625 0.27870370370370373 0.013020833333333334 0.03148148148148148
0 0.8770833333333333 0.9712962962962963 0.011458333333333333 0.03333333333333333
0 0.43307291666666664 0.6657407407407407 0.011979166666666667 0.016666666666666666
0 0.47890625 0.9314814814814815 0.0067708333333333336 0.009259259259259259
0 0.10442708333333334 0.5680555555555555 0.0046875 0.008333333333333333
0 0.03046875 0.8189814814814815 0.0046875 0.006481481481481481
0 0.26588541666666665 0.2412037037037037 0.005729166666666666 0.013888888888888888
0 0.80390625 0.4587962962962963 0.0046875 0.013888888888888888
0 0.9153645833333334 0.6208333333333333 0.0067708333333333336 0.01574074074074074
0 0.49635416666666665 0.749537037037037 0.007291666666666667 0.004629629629629629
1 0.5 0.5273342592592593 1.0 0.9454092592592593
0 0.52386484375 0.4251569444444444 0.0102296875 0.046610185185185185
0 0.3913752604166667 0.2306023148148148 0.0119171875 0.018612037037037035
0 0.6330929687500001 0.6831902777777777 0.017227604166666667 0.025639814814814813
0 0.24508958333333333 0.6913203703703703 0.013095833333333333 0.027085185185185184
0 0.07091432291666666 0.29245185185185185 0.007453645833333333 0.018237037037037038
0 0.5296815104166667 0.28502916666666667 0.014571354166666666 0.027465740740740742
0 0.08230989583333333 0.8466861111111111 0.011494791666666667 0.03411296296296296
0 0.5494895833333333 0.6834476851851852 0.012520833333333333 0.01689537037037037
0 0.4789453125 0.9315717592592593 0.006848958333333334 0.009439814814814816
0 0.882878125 0.689449537037037 0.005339583333333333 0.008528703703703703
0 0.9311802083333334 0.9593902777777777 0.0050687499999999995 0.007669444444444444
0 0.7553263020833333 0.3160981481481482 0.0064859374999999995 0.013677777777777778
0 0.20445859375 0.3662587962962963 0.0057921875000000005 0.013999074074074074
0 0.07921822916666667 0.4916467592592593 0.005311458333333334 0.01662685185185185
0 0.47933749999999997 0.7472870370370371 0.007633333333333334 0.005685185185185185
1 0.5 0.47270462962962967 1.0 0.9454092592592593
0 0.47646901041666667 0.5742310185185185 0.0102296875 0.046610185185185185
0 0.6085627604166667 0.7694912037037037 0.0119171875 0.018612037037037035
0 0.3669471354166667 0.31744953703703704 0.017227604166666667 0.025639814814814813
0 0.7549854166666666 0.30891296296296294 0.013095833333333333 0.027085185185185184
0 0.92924765625 0.7081925925925926 0.007453645833333333 0.018237037037037038
0 0.4703065104166667 0.7155847222222222 0.014571354166666666 0.027465740740740742
0 0.9177265625000001 0.15316759259259258 0.011494791666666667 0.03411296296296296
0 0.45053125 0.3167810185185185 0.012520833333333333 0.01689537037037037
0 0.5211328125 0.06860879629629629 0.006848958333333334 0.009439814814814816
0 0.117253125 0.31074583333333333 0.005339583333333333 0.008528703703703703
0 0.06868020833333333 0.04087175925925926 0.0050687499999999995 0.007669444444444444
0 0.24438880208333333 0.6836907407407408 0.0064859374999999995 0.013677777777777778
0 0.7956044270833333 0.6338513888888888 0.0057921875000000005 0.013999074074074074
0 0.9208848958333333 0.508313425925926 0.005311458333333334 0.01662685185185185
0 0.5210041666666666 0.25284259259259256 0.007633333333333334 0.005685185185185185
1 0.49973958333333335 0.5291666666666667 0.9994791666666667 0.9398148148148148
0 0.48359375 0.41944444444444445 0.013020833333333334 0.046296296296296294
0 0.6333333333333333 0.26805555555555555 0.011458333333333333 0.017592592592592594
0 0.35104166666666664 0.6393518518518518 0.016666666666666666 0.026851851851851852
0 0.7328125 0.7675925925925926 0.014583333333333334 0.024074074074074074
0 0.94296875 0.42777777777777776 0.008854166666666666 0.018518518518518517
0 0.49140625 0.27870370370370373 0.013020833333333334 0.03148148148148148
0 0.8770833333333333 0.9712962962962963 0.011458333333333333 0.03333333333333333
0 0.43307291666666664 0.6657407407407407 0.011979166666666667 0.016666666666666666
0 0.47890625 0.9314814814814815 0.0067708333333333336 0.009259259259259259
0 0.10442708333333334 0.5680555555555555 0.0046875 0.008333333333333333
0 0.03046875 0.8189814814814815 0.0046875 0.006481481481481481
0 0.26588541666666665 0.2412037037037037 0.005729166666666666 0.013888888888888888
0 0.80390625 0.4587962962962963 0.0046875 0.013888888888888888
0 0.9153645833333334 0.6208333333333333 0.0067708333333333336 0.01574074074074074
0 0.49635416666666665 0.749537037037037 0.007291666666666667 0.004629629629629629
1 0.5 0.5273342592592593 1.0 0.9454092592592593
0 0.52386484375 0.4251569444444444 0.0102296875 0.046610185185185185
0 0.3913752604166667 0.2306023148148148 0.0119171875 0.018612037037037035
0 0.6330929687500001 0.6831902777777777 0.017227604166666667 0.025639814814814813
0 0.24508958333333333 0.6913203703703703 0.013095833333333333 0.027085185185185184
0 0.07091432291666666 0.29245185185185185 0.007453645833333333 0.018237037037037038
0 0.5296815104166667 0.28502916666666667 0.014571354166666666 0.027465740740740742
0 0.08230989583333333 0.8466861111111111 0.011494791666666667 0.03411296296296296
0 0.5494895833333333 0.6834476851851852 0.012520833333333333 0.01689537037037037
0 0.4789453125 0.9315717592592593 0.006848958333333334 0.009439814814814816
0 0.882878125 0.689449537037037 0.005339583333333333 0.008528703703703703
0 0.9311802083333334 0.9593902777777777 0.0050687499999999995 0.007669444444444444
0 0.7553263020833333 0.3160981481481482 0.0064859374999999995 0.013677777777777778
0 0.20445859375 0.3662587962962963 0.0057921875000000005 0.013999074074074074
0 0.07921822916666667 0.4916467592592593 0.005311458333333334 0.01662685185185185
0 0.47933749999999997 0.7472870370370371 0.007633333333333334 0.005685185185185185
1 0.5 0.47270462962962967 1.0 0.9454092592592593
0 0.47646901041666667 0.5742310185185185 0.0102296875 0.046610185185185185
0 0.6085627604166667 0.7694912037037037 0.0119171875 0.018612037037037035
0 0.3669471354166667 0.31744953703703704 0.017227604166666667 0.025639814814814813
0 0.7549854166666666 0.30891296296296294 0.013095833333333333 0.027085185185185184
0 0.92924765625 0.7081925925925926 0.007453645833333333 0.018237037037037038
0 0.4703065104166667 0.7155847222222222 0.014571354166666666 0.027465740740740742
0 0.9177265625000001 0.15316759259259258 0.011494791666666667 0.03411296296296296
0 0.45053125 0.3167810185185185 0.012520833333333333 0.01689537037037037
0 0.5211328125 0.06860879629629629 0.006848958333333334 0.009439814814814816
0 0.117253125 0.31074583333333333 0.005339583333333333 0.008528703703703703
0 0.06868020833333333 0.04087175925925926 0.0050687499999999995 0.007669444444444444
0 0.24438880208333333 0.6836907407407408 0.0064859374999999995 0.013677777777777778
0 0.7956044270833333 0.6338513888888888 0.0057921875000000005 0.013999074074074074
0 0.9208848958333333 0.508313425925926 0.005311458333333334 0.01662685185185185
0 0.5210041666666666 0.25284259259259256 0.007633333333333334 0.005685185185185185
1 0.49973958333333335 0.5291666666666667 0.9994791666666667 0.9398148148148148
0 0.48359375 0.41944444444444445 0.013020833333333334 0.046296296296296294
0 0.6333333333333333 0.26805555555555555 0.011458333333333333 0.017592592592592594
0 0.35104166666666664 0.6393518518518518 0.016666666666666666 0.026851851851851852
0 0.7328125 0.7675925925925926 0.014583333333333334 0.024074074074074074
0 0.94296875 0.42777777777777776 0.008854166666666666 0.018518518518518517
0 0.49140625 0.27870370370370373 0.013020833333333334 0.03148148148148148
0 0.8770833333333333 0.9712962962962963 0.011458333333333333 0.03333333333333333
0 0.43307291666666664 0.6657407407407407 0.011979166666666667 0.016666666666666666
0 0.47890625 0.9314814814814815 0.0067708333333333336 0.009259259259259259
0 0.10442708333333334 0.5680555555555555 0.0046875 0.008333333333333333
0 0.03046875 0.8189814814814815 0.0046875 0.006481481481481481
0 0.26588541666666665 0.2412037037037037 0.005729166666666666 0.013888888888888888
0 0.80390625 0.4587962962962963 0.0046875 0.013888888888888888
0 0.9153645833333334 0.6208333333333333 0.0067708333333333336 0.01574074074074074
0 0.49635416666666665 0.749537037037037 0.007291666666666667 0.004629629629629629
