1 0.5125 0.5217592592592593 0.975 0.9564814814814815
0 0.72578125 0.7171296296296297 0.0359375 0.04537037037037037
0 0.8619791666666666 0.35648148148148145 0.014583333333333334 0.05
0 0.8760416666666667 0.5305555555555556 0.014583333333333334 0.03518518518518519
0 0.51484375 0.4388888888888889 0.027604166666666666 0.040740740740740744
0 0.4122395833333333 0.9652777777777778 0.0109375 0.023148148148148147
0 0.5096354166666667 0.3490740740740741 0.025520833333333333 0.016666666666666666
0 0.42630208333333336 0.34305555555555556 0.033854166666666664 0.05462962962962963
1 0.48787890624999997 0.4800523148148148 0.9757578124999999 0.9601046296296296
0 0.26857291666666666 0.3051828703703704 0.036104166666666666 0.045550925925925925
0 0.14287552083333335 0.6768662037037037 0.014917708333333333 0.0500287037037037
0 0.12386666666666667 0.5048722222222222 0.0144 0.03567037037037037
0 0.48694505208333333 0.5632796296296296 0.028056770833333335 0.03952222222222222
0 0.5742520833333333 0.027226388888888887 0.011004166666666667 0.0229712962962963
0 0.49511640625000003 0.6514212962962963 0.025649479166666666 0.017657407407407406
0 0.5784304687499999 0.6498875000000001 0.03394427083333333 0.055330555555555556
1 0.48799140625 0.5205611111111111 0.9759828125 0.9596407407407408
0 0.27842890625 0.7314893518518518 0.036024479166666665 0.04631203703703704
0 0.13529401041666667 0.37872083333333334 0.014338020833333333 0.05003425925925926
0 0.12452916666666666 0.5536606481481481 0.014683333333333333 0.035099074074074074
0 0.4839427083333333 0.4403194444444445 0.02726041666666667 0.04175
0 0.59669296875 0.959812037037037 0.011094270833333333 0.023327777777777777
0 0.48717734375 0.34900416666666667 0.02539635416666667 0.01652685185185185
0 0.5705171875 0.3382962962962963 0.033742708333333336 0.05437037037037037
1 0.5125 0.5217592592592593 0.975 0.9564814814814815
0 0.72578125 0.7171296296296297 0.0359375 0.04537037037037037
0 0.8619791666666666 0.35648148148148145 0.014583333333333334 0.05
0 0.8760416666666667 0.5305555555555556 0.014583333333333334 0.03518518518518519
0 0.51484375 0.4388888888888889 0.027604166666666666 0.040740740740740744
0 0.4122395833333333 0.9652777777777778 0.0109375 0.023148148148148147
0 0.5096354166666667 0.3490740740740741 0.025520833333333333 0.016666666666666666
0 0.42630208333333336 0.34305555555555556 0.033854166666666664 0.05462962962962963
1 0.48787890624999997 0.4800523148148148 0.9757578124999999 0.9601046296296296
0 0.26857291666666666 0.3051828703703704 0.036104166666666666 0.045550925925925925
0 0.14287552083333335 0.6768662037037037 0.014917708333333333 0.0500287037037037
0 0.12386666666666667 0.5048722222222222 0.0144 0.03567037037037037
0 0.48694505208333333 0.5632796296296296 0.028056770833333335 0.03952222222222222
0 0.5742520833333333 0.027226388888888887 0.011004166666666667 0.0229712962962963
0 0.49511640625000003 0.6514212962962963 0.025649479166666666 0.017657407407407406
0 0.5784304687499999 0.6498875000000001 0.03394427083333333 0.055330555555555556
1 0.48799140625 0.5205611111111111 0.9759828125 0.9596407407407408
0 0.27842890625 0.7314893518518518 0.036024479166666665 0.04631203703703704
0 0.13529401041666667 0.37872083333333334 0.014338020833333333 0.05003425925925926
0 0.12452916666666666 0.5536606481481481 0.014683333333333333 0.035099074074074074
0 0.4839427083333333 0.4403194444444445 0.02726041666666667 0.04175
0 0.59669296875 0.959812037037037 0.011094270833333333 0.023327777777777777
0 0.48717734375 0.34900416666666667 0.02539635416666667 0.01652685185185185
0 0.5705171875 0.3382962962962963 0.033742708333333336 0.05437037037037037
