1 0.5 0.5433509259259259 1.0 0.9126277777777778
0 0.29887578124999997 0.6450958333333333 0.024834895833333332 0.06426574074074073
0 0.40627734375 0.5835046296296296 0.029221354166666665 0.044787037037037035
0 0.32151145833333333 0.17058518518518517 0.007606249999999999 0.018948148148148148
0 0.5542739583333333 0.2236324074074074 0.015839583333333334 0.0361537037037037
0 0.4225830729166667 0.7215217592592593 0.0212078125 0.033784259259259264
0 0.5748859374999999 0.7962967592592592 0.016438541666666667 0.035186111111111106
0 0.6406955729166667 0.6378268518518518 0.024099479166666667 0.031209259259259263
0 0.6143315104166667 0.29493564814814816 0.006788020833333333 0.02505648148148148
0 0.6397986979166668 0.30795694444444444 0.016055729166666668 0.030728703703703703
0 0.6564520833333333 0.29052638888888893 0.016029166666666667 0.01623796296296296
0 0.5955203124999999 0.18709768518518516 0.013957291666666666 0.02234351851851852
0 0.8913622395833334 0.4277583333333333 0.010849479166666667 0.033294444444444446
0 0.8920666666666667 0.5366226851851852 0.03934166666666667 0.07880092592592593
0 0.35973125 0.911500925925926 0.0100875 0.017446296296296297
0 0.9156075520833333 0.8466078703703703 0.0114234375 0.019141666666666664
0 0.7002546875 0.8254847222222222 0.017176041666666666 0.02689537037037037
0 0.9414703125 0.6626277777777778 0.036065625 0.04192222222222223
0 0.5854247395833333 0.2733101851851852 0.016682812499999998 0.029953703703703705
1 0.5 0.5 1.0 1.0
0 0.7150716145833333 0.43822916666666667 0.028059895833333334 0.06534722222222222
0 0.6019450520833334 0.4558375 0.0247234375 0.05241574074074074
0 0.6326052083333333 0.8921435185185185 0.008960416666666667 0.01576851851851852
0 0.41222526041666663 0.7484351851851851 0.017158854166666668 0.03390740740740741
0 0.6032041666666667 0.3155712962962963 0.017866666666666666 0.03855
0 0.46548177083333336 0.18219675925925927 0.017421875 0.03661574074074074
0 0.38048125 0.3082944444444445 0.0234625 0.0277
0 0.3623963541666667 0.6541300925925926 0.008126041666666667 0.024926851851851853
0 0.33955625 0.6322106481481482 0.014529166666666668 0.03293981481481482
0 0.32153125 0.6417921296296296 0.0149375 0.020621296296296297
0 0.36704192708333333 0.7665689814814814 0.013250520833333333 0.023878703703703704
0 0.10873880208333334 0.41372314814814815 0.011227604166666665 0.031150000000000004
0 0.12507630208333334 0.31118842592592594 0.0428609375 0.07237685185185186
0 0.6886614583333334 0.15515509259259258 0.01065625 0.015865740740740743
0 0.1380984375 0.0025726851851851852 0.009530208333333333 0.0051453703703703705
0 0.34608020833333336 0.10280925925925927 0.018202083333333334 0.024137037037037037
0 0.0918015625 0.16601851851851854 0.03464479166666667 0.045
0 0.3878169270833334 0.6878787037037037 0.014175520833333333 0.033164814814814814
1 0.49973958333333335 0.5314814814814814 0.9994791666666667 0.9351851851851852
0 0.29140625 0.6074074074074074 0.025520833333333333 0.06481481481481481
0 0.4015625 0.5657407407407408 0.027083333333333334 0.04814814814814815
0 0.34140625 0.13935185185185187 0.0078125 0.017592592592592594
0 0.5700520833333333 0.2351851851851852 0.016145833333333335 0.03518518518518519
0 0.40989583333333335 0.7060185185185185 0.019791666666666666 0.03611111111111111
0 0.5565104166666667 0.8074074074074075 0.016145833333333335 0.03518518518518519
0 0.6317708333333333 0.6638888888888889 0.023958333333333335 0.02962962962962963
0 0.6260416666666667 0.31712962962962965 0.007291666666666667 0.025
0 0.6502604166666667 0.33425925925925926 0.015104166666666667 0.03148148148148148
0 0.6677083333333333 0.32083333333333336 0.015625 0.017592592592592594
0 0.6135416666666667 0.20694444444444443 0.013541666666666667 0.023148148148148147
0 0.89375 0.5013888888888889 0.010416666666666666 0.032407407407407406
0 0.88671875 0.6074074074074074 0.04114583333333333 0.07592592592592592
0 0.33645833333333336 0.8833333333333333 0.010416666666666666 0.016666666666666666
0 0.89296875 0.9217592592592593 0.011979166666666667 0.017592592592592594
0 0.6802083333333333 0.8606481481481482 0.017708333333333333 0.025
0 0.9291666666666667 0.7430555555555556 0.035416666666666666 0.04351851851851852
0 0.5984375 0.2898148148148148 0.015625 0.03148148148148148
1 0.5 0.5433509259259259 1.0 0.9126277777777778
0 0.29887578124999997 0.6450958333333333 0.024834895833333332 0.06426574074074073
0 0.40627734375 0.5835046296296296 0.029221354166666665 0.044787037037037035
0 0.32151145833333333 0.17058518518518517 0.007606249999999999 0.018948148148148148
0 0.5542739583333333 0.2236324074074074 0.015839583333333334 0.0361537037037037
0 0.4225830729166667 0.7215217592592593 0.0212078125 0.033784259259259264
0 0.5748859374999999 0.7962967592592592 0.016438541666666667 0.035186111111111106
0 0.6406955729166667 0.6378268518518518 0.024099479166666667 0.031209259259259263
0 0.6143315104166667 0.29493564814814816 0.006788020833333333 0.02505648148148148
0 0.6397986979166668 0.30795694444444444 0.016055729166666668 0.030728703703703703
0 0.6564520833333333 0.29052638888888893 0.016029166666666667 0.01623796296296296
0 0.5955203124999999 0.18709768518518516 0.013957291666666666 0.02234351851851852
0 0.8913622395833334 0.4277583333333333 0.010849479166666667 0.033294444444444446
0 0.8920666666666667 0.5366226851851852 0.03934166666666667 0.07880092592592593
0 0.35973125 0.911500925925926 0.0100875 0.017446296296296297
0 0.9156075520833333 0.8466078703703703 0.0114234375 0.019141666666666664
0 0.7002546875 0.8254847222222222 0.017176041666666666 0.02689537037037037
0 0.9414703125 0.6626277777777778 0.036065625 0.04192222222222223
0 0.5854247395833333 0.2733101851851852 0.016682812499999998 0.029953703703703705
1 0.5 0.5 1.0 1.0
0 0.7150716145833333 0.43822916666666667 0.028059895833333334 0.06534722222222222
0 0.6019450520833334 0.4558375 0.0247234375 0.05241574074074074
0 0.6326052083333333 0.8921435185185185 0.008960416666666667 0.01576851851851852
0 0.41222526041666663 0.7484351851851851 0.017158854166666668 0.03390740740740741
0 0.6032041666666667 0.3155712962962963 0.017866666666666666 0.03855
0 0.46548177083333336 0.18219675925925927 0.017421875 0.03661574074074074
0 0.38048125 0.3082944444444445 0.0234625 0.0277
0 0.3623963541666667 0.6541300925925926 0.008126041666666667 0.024926851851851853
0 0.33955625 0.6322106481481482 0.014529166666666668 0.03293981481481482
0 0.32153125 0.6417921296296296 0.0149375 0.020621296296296297
0 0.36704192708333333 0.7665689814814814 0.013250520833333333 0.023878703703703704
0 0.10873880208333334 0.41372314814814815 0.011227604166666665 0.031150000000000004
0 0.12507630208333334 0.31118842592592594 0.0428609375 0.07237685185185186
0 0.6886614583333334 0.15515509259259258 0.01065625 0.015865740740740743
0 0.1380984375 0.0025726851851851852 0.009530208333333333 0.0051453703703703705
0 0.34608020833333336 0.10280925925925927 0.018202083333333334 0.024137037037037037
0 0.0918015625 0.16601851851851854 0.03464479166666667 0.045
0 0.3878169270833334 0.6878787037037037 0.014175520833333333 0.033164814814814814
1 0.49973958333333335 0.5314814814814814 0.9994791666666667 0.9351851851851852
0 0.29140625 0.6074074074074074 0.025520833333333333 0.06481481481481481
0 0.4015625 0.5657407407407408 0.027083333333333334 0.04814814814814815
0 0.34140625 0.13935185185185187 0.0078125 0.017592592592592594
0 0.5700520833333333 0.2351851851851852 0.016145833333333335 0.03518518518518519
0 0.40989583333333335 0.7060185185185185 0.019791666666666666 0.03611111111111111
0 0.5565104166666667 0.8074074074074075 0.016145833333333335 0.03518518518518519
0 0.6317708333333333 0.6638888888888889 0.023958333333333335 0.02962962962962963
0 0.6260416666666667 0.31712962962962965 0.007291666666666667 0.025
0 0.6502604166666667 0.33425925925925926 0.015104166666666667 0.03148148148148148
0 0.6677083333333333 0.32083333333333336 0.015625 0.017592592592592594
0 0.6135416666666667 0.20694444444444443 0.013541666666666667 0.023148148148148147
0 0.89375 0.5013888888888889 0.010416666666666666 0.032407407407407406
0 0.88671875 0.6074074074074074 0.04114583333333333 0.07592592592592592
0 0.33645833333333336 0.8833333333333333 0.010416666666666666 0.016666666666666666
0 0.89296875 0.9217592592592593 0.011979166666666667 0.017592592592592594
0 0.6802083333333333 0.8606481481481482 0.017708333333333333 0.025
0 0.9291666666666667 0.7430555555555556 0.035416666666666666 0.04351851851851852
0 0.5984375 0.2898148148148148 0.015625 0.03148148148148148
1 0.5 0.5433509259259259 1.0 0.9126277777777778
0 0.29887578124999997 0.6450958333333333 0.024834895833333332 0.06426574074074073
0 0.40627734375 0.5835046296296296 0.029221354166666665 0.044787037037037035
0 0.32151145833333333 0.17058518518518517 0.007606249999999999 0.018948148148148148
0 0.5542739583333333 0.2236324074074074 0.015839583333333334 0.0361537037037037
0 0.4225830729166667 0.7215217592592593 0.0212078125 0.033784259259259264
0 0.5748859374999999 0.7962967592592592 0.016438541666666667 0.035186111111111106
0 0.6406955729166667 0.6378268518518518 0.024099479166666667 0.031209259259259263
0 0.6143315104166667 0.29493564814814816 0.006788020833333333 0.02505648148148148
0 0.6397986979166668 0.30795694444444444 0.016055729166666668 0.030728703703703703
0 0.6564520833333333 0.29052638888888893 0.016029166666666667 0.01623796296296296
0 0.5955203124999999 0.18709768518518516 0.013957291666666666 0.02234351851851852
0 0.8913622395833334 0.4277583333333333 0.010849479166666667 0.033294444444444446
0 0.8920666666666667 0.5366226851851852 0.03934166666666667 0.07880092592592593
0 0.35973125 0.911500925925926 0.0100875 0.017446296296296297
0 0.9156075520833333 0.8466078703703703 0.0114234375 0.019141666666666664
0 0.7002546875 0.8254847222222222 0.017176041666666666 0.02689537037037037
0 0.9414703125 0.6626277777777778 0.036065625 0.04192222222222223
0 0.5854247395833333 0.2733101851851852 0.016682812499999998 0.029953703703703705
1 0.5 0.5 1.0 1.0
0 0.7150716145833333 0.43822916666666667 0.028059895833333334 0.06534722222222222
0 0.6019450520833334 0.4558375 0.0247234375 0.05241574074074074
0 0.6326052083333333 0.8921435185185185 0.008960416666666667 0.01576851851851852
0 0.41222526041666663 0.7484351851851851 0.017158854166666668 0.03390740740740741
0 0.6032041666666667 0.3155712962962963 0.017866666666666666 0.03855
0 0.46548177083333336 0.18219675925925927 0.017421875 0.03661574074074074
0 0.38048125 0.3082944444444445 0.0234625 0.0277
0 0.3623963541666667 0.6541300925925926 0.008126041666666667 0.024926851851851853
0 0.33955625 0.6322106481481482 0.014529166666666668 0.03293981481481482
0 0.32153125 0.6417921296296296 0.0149375 0.020621296296296297
0 0.36704192708333333 0.7665689814814814 0.013250520833333333 0.023878703703703704
0 0.10873880208333334 0.41372314814814815 0.011227604166666665 0.031150000000000004
0 0.12507630208333334 0.31118842592592594 0.0428609375 0.07237685185185186
0 0.6886614583333334 0.15515509259259258 0.01065625 0.015865740740740743
0 0.1380984375 0.0025726851851851852 0.009530208333333333 0.0051453703703703705
0 0.34608020833333336 0.10280925925925927 0.018202083333333334 0.024137037037037037
0 0.0918015625 0.16601851851851854 0.03464479166666667 0.045
0 0.3878169270833334 0.6878787037037037 0.014175520833333333 0.033164814814814814
1 0.49973958333333335 0.5314814814814814 0.9994791666666667 0.9351851851851852
0 0.29140625 0.6074074074074074 0.025520833333333333 0.06481481481481481
0 0.4015625 0.5657407407407408 0.027083333333333334 0.04814814814814815
0 0.34140625 0.13935185185185187 0.0078125 0.017592592592592594
0 0.5700520833333333 0.2351851851851852 0.016145833333333335 0.03518518518518519
0 0.40989583333333335 0.7060185185185185 0.019791666666666666 0.03611111111111111
0 0.5565104166666667 0.8074074074074075 0.016145833333333335 0.03518518518518519
0 0.6317708333333333 0.6638888888888889 0.023958333333333335 0.02962962962962963
0 0.6260416666666667 0.31712962962962965 0.007291666666666667 0.025
0 0.6502604166666667 0.33425925925925926 0.015104166666666667 0.03148148148148148
0 0.6677083333333333 0.32083333333333336 0.015625 0.017592592592592594
0 0.6135416666666667 0.20694444444444443 0.013541666666666667 0.023148148148148147
0 0.89375 0.5013888888888889 0.010416666666666666 0.032407407407407406
0 0.88671875 0.6074074074074074 0.04114583333333333 0.07592592592592592
0 0.33645833333333336 0.8833333333333333 0.010416666666666666 0.016666666666666666
0 0.89296875 0.9217592592592593 0.011979166666666667 0.017592592592592594
0 0.6802083333333333 0.8606481481481482 0.017708333333333333 0.025
0 0.9291666666666667 0.7430555555555556 0.035416666666666666 0.04351851851851852
0 0.5984375 0.2898148148148148 0.015625 0.03148148148148148
