0 0.5 0.41980925925925927 1.0 0.8396185185185185
0 0.49774531250000004 0.40718518518518515 0.9954906250000001 0.8143703703703703
0 0.5 0.4674236111111111 1.0 0.9348472222222222
0 0.69119921875 0.4603763888888889 0.0605234375 0.10593796296296296
0 0.5582276041666667 0.7353064814814815 0.8831218750000001 0.4113537037037037
0 0.42211484375 0.6094365740740741 0.005688020833333333 0.013317592592592591
0 0.4508817708333333 0.6786509259259259 0.006971875 0.027672222222222223
0 0.22209791666666667 0.7777319444444445 0.0077375 0.023982407407407407
0 0.09674192708333333 0.45850694444444445 0.0049421875 0.015162037037037036
0 0.14963020833333335 0.47152083333333333 0.00446875 0.009708333333333333
0 0.25916380208333334 0.2994300925925926 0.009994270833333334 0.013675
0 0.27566770833333337 0.3445615740740741 0.00654375 0.01134537037037037
0 0.8238270833333333 0.06284398148148147 0.009112499999999999 0.01087314814814815
0 0.8771395833333333 0.14723425925925926 0.006362499999999999 0.01483888888888889
0 0.7944828125 0.5326129629629629 0.025423958333333333 0.013374074074074075
0 0.8094401041666667 0.4074685185185185 0.008463541666666666 0.0316037037037037
0 0.49973958333333335 0.6162037037037037 0.9994791666666667 0.7657407407407407
0 0.49973958333333335 0.6208333333333333 0.9994791666666667 0.7564814814814815
0 0.49973958333333335 0.5606481481481481 0.9994791666666667 0.8768518518518519
0 0.6927083333333334 0.5092592592592593 0.057291666666666664 0.10925925925925926
0 0.5505208333333333 0.24305555555555555 0.8979166666666667 0.30092592592592593
0 0.4171875 0.4027777777777778 0.005208333333333333 0.012962962962962963
0 0.44244791666666666 0.3296296296296296 0.0067708333333333336 0.027777777777777776
0 0.20963541666666666 0.26666666666666666 0.0078125 0.024074074074074074
0 0.10052083333333334 0.6037037037037037 0.005208333333333333 0.014814814814814815
0 0.15208333333333332 0.5824074074074074 0.004166666666666667 0.009259259259259259
0 0.27005208333333336 0.736574074074074 0.009895833333333333 0.013888888888888888
0 0.2838541666666667 0.6893518518518519 0.00625 0.012037037037037037
0 0.8442708333333333 0.8856481481481482 0.009375 0.010185185185185186
0 0.8932291666666666 0.7935185185185185 0.00625 0.014814814814814815
0 0.7919270833333333 0.4217592592592593 0.025520833333333333 0.013888888888888888
0 0.8127604166666667 0.5444444444444444 0.0078125 0.03148148148148148
0 0.5 0.3977833333333333 1.0 0.7955666666666666
0 0.49916927083333335 0.3902259259259259 0.9983385416666667 0.7804518518518518
0 0.5 0.45048796296296295 1.0 0.9009759259259259
0 0.69233984375 0.4780888888888889 0.05863802083333333 0.10802962962962963
0 0.5536263020833334 0.7472412037037037 0.8926692708333334 0.34263055555555555
0 0.4193692708333333 0.6019287037037037 0.005405208333333333 0.013116666666666667
0 0.44561640625 0.6740657407407408 0.0068578125 0.02776111111111111
0 0.21431145833333334 0.7509185185185184 0.007789583333333333 0.02405925925925926
0 0.09889322916666667 0.42137268518518517 0.005078125 0.014967592592592591
0 0.15058307291666667 0.43898287037037037 0.0042911458333333334 0.009447222222222221
0 0.2653888020833333 0.27727824074074076 0.009944270833333333 0.01381574074074074
0 0.28027005208333333 0.32440416666666666 0.0063734375 0.011771296296296295
0 0.83641015625 0.09319768518518518 0.009278645833333333 0.010469444444444444
0 0.8870044270833334 0.18241898148148147 0.006300520833333333 0.01483796296296296
0 0.7934817708333333 0.5600138888888889 0.02550520833333333 0.01262037037037037
0 0.8118526041666667 0.43615000000000004 0.008080208333333333 0.03155925925925926
0 0.5 0.41980925925925927 1.0 0.8396185185185185
0 0.49774531250000004 0.40718518518518515 0.9954906250000001 0.8143703703703703
0 0.5 0.4674236111111111 1.0 0.9348472222222222
0 0.69119921875 0.4603763888888889 0.0605234375 0.10593796296296296
0 0.5582276041666667 0.7353064814814815 0.8831218750000001 0.4113537037037037
0 0.42211484375 0.6094365740740741 0.005688020833333333 0.013317592592592591
0 0.4508817708333333 0.6786509259259259 0.006971875 0.027672222222222223
0 0.22209791666666667 0.7777319444444445 0.0077375 0.023982407407407407
0 0.09674192708333333 0.45850694444444445 0.0049421875 0.015162037037037036
0 0.14963020833333335 0.47152083333333333 0.00446875 0.009708333333333333
0 0.25916380208333334 0.2994300925925926 0.009994270833333334 0.013675
0 0.27566770833333337 0.3445615740740741 0.00654375 0.01134537037037037
0 0.8238270833333333 0.06284398148148147 0.009112499999999999 0.01087314814814815
0 0.8771395833333333 0.14723425925925926 0.006362499999999999 0.01483888888888889
0 0.7944828125 0.5326129629629629 0.025423958333333333 0.013374074074074075
0 0.8094401041666667 0.4074685185185185 0.008463541666666666 0.0316037037037037
0 0.49973958333333335 0.6162037037037037 0.9994791666666667 0.7657407407407407
0 0.49973958333333335 0.6208333333333333 0.9994791666666667 0.7564814814814815
0 0.49973958333333335 0.5606481481481481 0.9994791666666667 0.8768518518518519
0 0.6927083333333334 0.5092592592592593 0.057291666666666664 0.10925925925925926
0 0.5505208333333333 0.24305555555555555 0.8979166666666667 0.30092592592592593
0 0.4171875 0.4027777777777778 0.005208333333333333 0.012962962962962963
0 0.44244791666666666 0.3296296296296296 0.0067708333333333336 0.027777777777777776
0 0.20963541666666666 0.26666666666666666 0.0078125 0.024074074074074074
0 0.10052083333333334 0.6037037037037037 0.005208333333333333 0.014814814814814815
0 0.15208333333333332 0.5824074074074074 0.004166666666666667 0.009259259259259259
0 0.27005208333333336 0.736574074074074 0.009895833333333333 0.013888888888888888
0 0.2838541666666667 0.6893518518518519 0.00625 0.012037037037037037
0 0.8442708333333333 0.8856481481481482 0.009375 0.010185185185185186
0 0.8932291666666666 0.7935185185185185 0.00625 0.014814814814814815
0 0.7919270833333333 0.4217592592592593 0.025520833333333333 0.013888888888888888
0 0.8127604166666667 0.5444444444444444 0.0078125 0.03148148148148148
0 0.5 0.3977833333333333 1.0 0.7955666666666666
0 0.49916927083333335 0.3902259259259259 0.9983385416666667 0.7804518518518518
0 0.5 0.45048796296296295 1.0 0.9009759259259259
0 0.69233984375 0.4780888888888889 0.05863802083333333 0.10802962962962963
0 0.5536263020833334 0.7472412037037037 0.8926692708333334 0.34263055555555555
0 0.4193692708333333 0.6019287037037037 0.005405208333333333 0.013116666666666667
0 0.44561640625 0.6740657407407408 0.0068578125 0.02776111111111111
0 0.21431145833333334 0.7509185185185184 0.007789583333333333 0.02405925925925926
0 0.09889322916666667 0.42137268518518517 0.005078125 0.014967592592592591
0 0.15058307291666667 0.43898287037037037 0.0042911458333333334 0.009447222222222221
0 0.2653888020833333 0.27727824074074076 0.009944270833333333 0.01381574074074074
0 0.28027005208333333 0.32440416666666666 0.0063734375 0.011771296296296295
0 0.83641015625 0.09319768518518518 0.009278645833333333 0.010469444444444444
0 0.8870044270833334 0.18241898148148147 0.006300520833333333 0.01483796296296296
0 0.7934817708333333 0.5600138888888889 0.02550520833333333 0.01262037037037037
0 0.8118526041666667 0.43615000000000004 0.008080208333333333 0.03155925925925926
