1 0.5 0.5 1.0 1.0
0 0.3610828125 0.5515453703703703 0.028415625 0.05494259259259259
0 0.1399015625 0.5629625 0.015219791666666668 0.03333240740740741
0 0.2039796875 0.5740791666666667 0.012126041666666667 0.027787962962962962
0 0.239453125 0.6343166666666666 0.009114583333333334 0.022337037037037037
0 0.20139973958333332 0.7704768518518519 0.018424479166666667 0.05391666666666666
0 0.2920046875 0.8680944444444445 0.007967708333333334 0.013966666666666667
0 0.049803125 0.6865592592592593 0.006897916666666667 0.021266666666666666
0 0.012741666666666667 0.31648194444444444 0.005691666666666667 0.021852777777777777
0 0.0639296875 0.10506527777777779 0.011192708333333332 0.03976018518518519
0 0.0646875 0.09813148148148149 0.007500000000000001 0.02404074074074074
0 0.22958463541666668 0.23774953703703702 0.009169270833333333 0.025499074074074077
0 0.30129609375000005 0.2763643518518519 0.0088421875 0.03606203703703704
0 0.34567552083333336 0.21772037037037037 0.011142708333333333 0.026181481481481483
0 0.35623932291666666 0.317137962962963 0.015603645833333334 0.023164814814814815
0 0.39655130208333333 0.01737361111111111 0.018102604166666664 0.03474722222222222
0 0.5553221354166666 0.1218699074074074 0.031477604166666666 0.056702777777777776
0 0.5516463541666667 0.13494212962962965 0.016834375000000002 0.03284722222222222
0 0.57582890625 0.2263425925925926 0.009991145833333333 0.03231481481481481
0 0.5693007812499999 0.34276249999999997 0.017768229166666667 0.035524999999999994
0 0.7268653645833333 0.4108185185185185 0.019355729166666665 0.0346
0 0.7578416666666666 0.2829847222222222 0.015683333333333334 0.04559907407407408
0 0.7189760416666666 0.7456185185185186 0.011910416666666666 0.030125925925925928
0 0.7413901041666667 0.7506333333333333 0.020280208333333334 0.040155555555555555
0 0.65883515625 0.6876564814814815 0.006211979166666667 0.019757407407407408
0 0.6874963541666667 0.8306907407407407 0.005201041666666667 0.015085185185185186
0 0.7443598958333334 0.8230652777777777 0.009553124999999999 0.014649074074074073
0 0.7933567708333332 0.8182615740740741 0.012755208333333332 0.01800462962962963
0 0.5089645833333333 0.9610666666666666 0.017929166666666666 0.02954074074074074
0 0.35788671875 0.7409412037037038 0.0095234375 0.02632685185185185
0 0.37193671875 0.8194574074074075 0.0094984375 0.016692592592592592
0 0.39527838541666666 0.7871912037037038 0.008265104166666667 0.022530555555555554
0 0.24786979166666667 0.7064388888888888 0.010322916666666666 0.02398888888888889
0 0.58129765625 0.04164490740740741 0.008428645833333333 0.031437962962962966
0 0.8441921874999999 0.21021342592592593 0.013384375 0.02968611111111111
0 0.793828125 0.19692314814814815 0.005364583333333334 0.00866111111111111
0 0.6714869791666668 0.21573425925925926 0.005473958333333333 0.009246296296296298
0 0.6623875 0.26714814814814813 0.0049833333333333335 0.00837037037037037
0 0.7244721354166667 0.5861703703703703 0.013527604166666667 0.05197037037037037
0 0.6908911458333333 0.3665157407407407 0.013032291666666666 0.040438888888888885
0 0.6385919270833333 0.128575 0.006350520833333333 0.010853703703703704
1 0.49973958333333335 0.49953703703703706 0.9994791666666667 0.9990740740740741
0 0.36276041666666664 0.5643518518518519 0.028645833333333332 0.05462962962962963
0 0.14244791666666667 0.5958333333333333 0.015104166666666667 0.032407407407407406
0 0.20651041666666667 0.600925925925926 0.011979166666666667 0.027777777777777776
0 0.24401041666666667 0.6583333333333333 0.008854166666666666 0.022222222222222223
0 0.21015625 0.7976851851851852 0.019270833333333334 0.05277777777777778
0 0.303125 0.8865740740740741 0.008333333333333333 0.013888888888888888
0 0.055989583333333336 0.7282407407407407 0.0067708333333333336 0.021296296296296296
0 0.008072916666666667 0.36203703703703705 0.005729166666666666 0.022222222222222223
0 0.053125 0.14583333333333334 0.010416666666666666 0.03981481481481482
0 0.05364583333333333 0.1388888888888889 0.007291666666666667 0.024074074074074074
0 0.22265625 0.26342592592592595 0.008854166666666666 0.025
0 0.2950520833333333 0.2949074074074074 0.008854166666666666 0.03611111111111111
0 0.3375 0.2324074074074074 0.011458333333333333 0.025925925925925925
0 0.35104166666666664 0.3300925925925926 0.015625 0.023148148148148147
0 0.38255208333333335 0.026851851851851852 0.019270833333333334 0.03518518518518519
0 0.5440104166666667 0.11712962962962963 0.030729166666666665 0.058333333333333334
0 0.540625 0.1300925925925926 0.016666666666666666 0.032407407407407406
0 0.56796875 0.2199074074074074 0.009895833333333333 0.032407407407407406
0 0.56484375 0.337037037037037 0.018229166666666668 0.03518518518518519
0 0.7239583333333334 0.38981481481481484 0.019791666666666666 0.03518518518518519
0 0.7510416666666667 0.2587962962962963 0.015625 0.04537037037037037
0 0.7260416666666667 0.7245370370370371 0.0125 0.030555555555555555
0 0.7481770833333333 0.7282407407407407 0.019270833333333334 0.041666666666666664
0 0.6643229166666667 0.6726851851851852 0.005729166666666666 0.019444444444444445
0 0.696875 0.812962962962963 0.005208333333333333 0.014814814814814815
0 0.7536458333333333 0.8 0.009375 0.014814814814814815
0 0.8020833333333334 0.7902777777777777 0.0125 0.017592592592592594
0 0.5223958333333333 0.9592592592592593 0.017708333333333333 0.02962962962962963
0 0.3651041666666667 0.7537037037037037 0.009375 0.025925925925925925
0 0.38177083333333334 0.8314814814814815 0.009375 0.016666666666666666
0 0.40390625 0.7962962962962963 0.0078125 0.022222222222222223
0 0.25442708333333336 0.7291666666666666 0.0109375 0.023148148148148147
0 0.56796875 0.03425925925925926 0.0078125 0.03148148148148148
0 0.83515625 0.1787037037037037 0.013020833333333334 0.02962962962962963
0 0.784375 0.1699074074074074 0.005208333333333333 0.008333333333333333
0 0.6630208333333333 0.2 0.005208333333333333 0.009259259259259259
0 0.6552083333333333 0.2523148148148148 0.005208333333333333 0.008333333333333333
0 0.7270833333333333 0.5652777777777778 0.014583333333333334 0.05092592592592592
0 0.6869791666666667 0.3486111111111111 0.013541666666666667 0.03981481481481482
0 0.6276041666666666 0.11574074074074074 0.00625 0.011111111111111112
1 0.5 0.5 1.0 1.0
0 0.37119270833333334 0.3937273148148148 0.02884375 0.0541212962962963
0 0.15680911458333335 0.29462222222222223 0.016743229166666665 0.029985185185185184
0 0.22048203125 0.31013518518518524 0.011797395833333333 0.027677777777777777
0 0.26362109375 0.26459212962962964 0.009533854166666666 0.02177685185185185
0 0.24338515625 0.11749675925925926 0.023228645833333332 0.04795648148148148
0 0.3437536458333333 0.058649074074074076 0.009382291666666666 0.015446296296296295
0 0.08450833333333334 0.13826435185185185 0.006516666666666667 0.020973148148148147
0 0.00233984375 0.48372731481481485 0.0046796875 0.023010185185185186
0 0.025163541666666667 0.7107199074074074 0.008660416666666667 0.03995833333333333
0 0.025435156249999997 0.7175166666666667 0.0071203125 0.02392222222222222
0 0.20366432291666667 0.6464351851851852 0.009411979166666667 0.024351851851851854
0 0.2779315104166667 0.6390777777777777 0.011071354166666667 0.03556296296296296
0 0.31343125 0.7122837962962962 0.012279166666666667 0.024567592592592592
0 0.33644505208333336 0.6216902777777779 0.015598437500000001 0.023010185185185186
0 0.33810989583333334 0.9291226851851851 0.022053125 0.030467592592592595
0 0.5062630208333333 0.8914814814814814 0.028151041666666664 0.06259259259259259
0 0.5041002604166667 0.8779944444444445 0.016533854166666667 0.03191481481481482
0 0.5398723958333334 0.7964175925925926 0.012036458333333333 0.033575925925925926
0 0.5487622395833333 0.680288425925926 0.019399479166666667 0.034650925925925925
0 0.70938203125 0.6777101851851852 0.020847395833333334 0.03690185185185185
0 0.7240119791666667 0.8165425925925925 0.016773958333333335 0.044196296296296296
0 0.7446046875000001 0.34902222222222223 0.014209375 0.031377777777777775
0 0.7666247395833333 0.35163240740740737 0.015541145833333332 0.04585740740740741
0 0.678265625 0.3806560185185185 0.005489583333333333 0.018719444444444445
0 0.7239187499999999 0.252987037037037 0.005129166666666667 0.015233333333333335
0 0.7789598958333334 0.2831791666666667 0.008961458333333333 0.016358333333333336
0 0.8257658854166666 0.3071712962962963 0.011948437499999999 0.019898148148148147
0 0.5669625 0.05515462962962963 0.017258333333333334 0.03067962962962963
0 0.391646875 0.20769305555555556 0.010377083333333334 0.026497222222222224
0 0.4158484375 0.1370171296296296 0.008780208333333334 0.01662685185185185
0 0.43376848958333336 0.17797222222222223 0.0071203125 0.020759259259259262
0 0.28085963541666664 0.19889305555555556 0.012760937500000001 0.020008333333333336
0 0.5216520833333333 0.9803162037037038 0.008929166666666665 0.031002777777777775
0 0.79848671875 0.9197018518518518 0.011556770833333334 0.030144444444444442
0 0.7476658854166666 0.9130675925925926 0.004706770833333334 0.007616666666666667
0 0.6315721354166667 0.8461041666666667 0.0058526041666666665 0.010726851851851852
0 0.6284471354166666 0.7917032407407407 0.0058526041666666665 0.009332407407407407
0 0.730109375 0.5056347222222223 0.018552083333333334 0.04645462962962963
0 0.66961171875 0.7062398148148148 0.015265104166666666 0.038405555555555554
0 0.5883734374999999 0.9179101851851852 0.005913541666666666 0.011746296296296296
1 0.5 0.5 1.0 1.0
0 0.3610828125 0.5515453703703703 0.028415625 0.05494259259259259
0 0.1399015625 0.5629625 0.015219791666666668 0.03333240740740741
0 0.2039796875 0.5740791666666667 0.012126041666666667 0.027787962962962962
0 0.239453125 0.6343166666666666 0.009114583333333334 0.022337037037037037
0 0.20139973958333332 0.7704768518518519 0.018424479166666667 0.05391666666666666
0 0.2920046875 0.8680944444444445 0.007967708333333334 0.013966666666666667
0 0.049803125 0.6865592592592593 0.006897916666666667 0.021266666666666666
0 0.012741666666666667 0.31648194444444444 0.005691666666666667 0.021852777777777777
0 0.0639296875 0.10506527777777779 0.011192708333333332 0.03976018518518519
0 0.0646875 0.09813148148148149 0.007500000000000001 0.02404074074074074
0 0.22958463541666668 0.23774953703703702 0.009169270833333333 0.025499074074074077
0 0.30129609375000005 0.2763643518518519 0.0088421875 0.03606203703703704
0 0.34567552083333336 0.21772037037037037 0.011142708333333333 0.026181481481481483
0 0.35623932291666666 0.317137962962963 0.015603645833333334 0.023164814814814815
0 0.39655130208333333 0.01737361111111111 0.018102604166666664 0.03474722222222222
0 0.5553221354166666 0.1218699074074074 0.031477604166666666 0.056702777777777776
0 0.5516463541666667 0.13494212962962965 0.016834375000000002 0.03284722222222222
0 0.57582890625 0.2263425925925926 0.009991145833333333 0.03231481481481481
0 0.5693007812499999 0.34276249999999997 0.017768229166666667 0.035524999999999994
0 0.7268653645833333 0.4108185185185185 0.019355729166666665 0.0346
0 0.7578416666666666 0.2829847222222222 0.015683333333333334 0.04559907407407408
0 0.7189760416666666 0.7456185185185186 0.011910416666666666 0.030125925925925928
0 0.7413901041666667 0.7506333333333333 0.020280208333333334 0.040155555555555555
0 0.65883515625 0.6876564814814815 0.006211979166666667 0.019757407407407408
0 0.6874963541666667 0.8306907407407407 0.005201041666666667 0.015085185185185186
0 0.7443598958333334 0.8230652777777777 0.009553124999999999 0.014649074074074073
0 0.7933567708333332 0.8182615740740741 0.012755208333333332 0.01800462962962963
0 0.5089645833333333 0.9610666666666666 0.017929166666666666 0.02954074074074074
0 0.35788671875 0.7409412037037038 0.0095234375 0.02632685185185185
0 0.37193671875 0.8194574074074075 0.0094984375 0.016692592592592592
0 0.39527838541666666 0.7871912037037038 0.008265104166666667 0.022530555555555554
0 0.24786979166666667 0.7064388888888888 0.010322916666666666 0.02398888888888889
0 0.58129765625 0.04164490740740741 0.008428645833333333 0.031437962962962966
0 0.8441921874999999 0.21021342592592593 0.013384375 0.02968611111111111
0 0.793828125 0.19692314814814815 0.005364583333333334 0.00866111111111111
0 0.6714869791666668 0.21573425925925926 0.005473958333333333 0.009246296296296298
0 0.6623875 0.26714814814814813 0.0049833333333333335 0.00837037037037037
0 0.7244721354166667 0.5861703703703703 0.013527604166666667 0.05197037037037037
0 0.6908911458333333 0.3665157407407407 0.013032291666666666 0.040438888888888885
0 0.6385919270833333 0.128575 0.006350520833333333 0.010853703703703704
1 0.49973958333333335 0.49953703703703706 0.9994791666666667 0.9990740740740741
0 0.36276041666666664 0.5643518518518519 0.028645833333333332 0.05462962962962963
0 0.14244791666666667 0.5958333333333333 0.015104166666666667 0.032407407407407406
0 0.20651041666666667 0.600925925925926 0.011979166666666667 0.027777777777777776
0 0.24401041666666667 0.6583333333333333 0.008854166666666666 0.022222222222222223
0 0.21015625 0.7976851851851852 0.019270833333333334 0.05277777777777778
0 0.303125 0.8865740740740741 0.008333333333333333 0.013888888888888888
0 0.055989583333333336 0.7282407407407407 0.0067708333333333336 0.021296296296296296
0 0.008072916666666667 0.36203703703703705 0.005729166666666666 0.022222222222222223
0 0.053125 0.14583333333333334 0.010416666666666666 0.03981481481481482
0 0.05364583333333333 0.1388888888888889 0.007291666666666667 0.024074074074074074
0 0.22265625 0.26342592592592595 0.008854166666666666 0.025
0 0.2950520833333333 0.2949074074074074 0.008854166666666666 0.03611111111111111
0 0.3375 0.2324074074074074 0.011458333333333333 0.025925925925925925
0 0.35104166666666664 0.3300925925925926 0.015625 0.023148148148148147
0 0.38255208333333335 0.026851851851851852 0.019270833333333334 0.03518518518518519
0 0.5440104166666667 0.11712962962962963 0.030729166666666665 0.058333333333333334
0 0.540625 0.1300925925925926 0.016666666666666666 0.032407407407407406
0 0.56796875 0.2199074074074074 0.009895833333333333 0.032407407407407406
0 0.56484375 0.337037037037037 0.018229166666666668 0.03518518518518519
0 0.7239583333333334 0.38981481481481484 0.019791666666666666 0.03518518518518519
0 0.7510416666666667 0.2587962962962963 0.015625 0.04537037037037037
0 0.7260416666666667 0.7245370370370371 0.0125 0.030555555555555555
0 0.7481770833333333 0.7282407407407407 0.019270833333333334 0.041666666666666664
0 0.6643229166666667 0.6726851851851852 0.005729166666666666 0.019444444444444445
0 0.696875 0.812962962962963 0.005208333333333333 0.014814814814814815
0 0.7536458333333333 0.8 0.009375 0.014814814814814815
0 0.8020833333333334 0.7902777777777777 0.0125 0.017592592592592594
0 0.5223958333333333 0.9592592592592593 0.017708333333333333 0.02962962962962963
0 0.3651041666666667 0.7537037037037037 0.009375 0.025925925925925925
0 0.38177083333333334 0.8314814814814815 0.009375 0.016666666666666666
0 0.40390625 0.7962962962962963 0.0078125 0.022222222222222223
0 0.25442708333333336 0.7291666666666666 0.0109375 0.023148148148148147
0 0.56796875 0.03425925925925926 0.0078125 0.03148148148148148
0 0.83515625 0.1787037037037037 0.013020833333333334 0.02962962962962963
0 0.784375 0.1699074074074074 0.005208333333333333 0.008333333333333333
0 0.6630208333333333 0.2 0.005208333333333333 0.009259259259259259
0 0.6552083333333333 0.2523148148148148 0.005208333333333333 0.008333333333333333
0 0.7270833333333333 0.5652777777777778 0.014583333333333334 0.05092592592592592
0 0.6869791666666667 0.3486111111111111 0.013541666666666667 0.03981481481481482
0 0.6276041666666666 0.11574074074074074 0.00625 0.011111111111111112
1 0.5 0.5 1.0 1.0
0 0.37119270833333334 0.3937273148148148 0.02884375 0.0541212962962963
0 0.15680911458333335 0.29462222222222223 0.016743229166666665 0.029985185185185184
0 0.22048203125 0.31013518518518524 0.011797395833333333 0.027677777777777777
0 0.26362109375 0.26459212962962964 0.009533854166666666 0.02177685185185185
0 0.24338515625 0.11749675925925926 0.023228645833333332 0.04795648148148148
0 0.3437536458333333 0.058649074074074076 0.009382291666666666 0.015446296296296295
0 0.08450833333333334 0.13826435185185185 0.006516666666666667 0.020973148148148147
0 0.00233984375 0.48372731481481485 0.0046796875 0.023010185185185186
0 0.025163541666666667 0.7107199074074074 0.008660416666666667 0.03995833333333333
0 0.025435156249999997 0.7175166666666667 0.0071203125 0.02392222222222222
0 0.20366432291666667 0.6464351851851852 0.009411979166666667 0.024351851851851854
0 0.2779315104166667 0.6390777777777777 0.011071354166666667 0.03556296296296296
0 0.31343125 0.7122837962962962 0.012279166666666667 0.024567592592592592
0 0.33644505208333336 0.6216902777777779 0.015598437500000001 0.023010185185185186
0 0.33810989583333334 0.9291226851851851 0.022053125 0.030467592592592595
0 0.5062630208333333 0.8914814814814814 0.028151041666666664 0.06259259259259259
0 0.5041002604166667 0.8779944444444445 0.016533854166666667 0.03191481481481482
0 0.5398723958333334 0.7964175925925926 0.012036458333333333 0.033575925925925926
0 0.5487622395833333 0.680288425925926 0.019399479166666667 0.034650925925925925
0 0.70938203125 0.6777101851851852 0.020847395833333334 0.03690185185185185
0 0.7240119791666667 0.8165425925925925 0.016773958333333335 0.044196296296296296
0 0.7446046875000001 0.34902222222222223 0.014209375 0.031377777777777775
0 0.7666247395833333 0.35163240740740737 0.015541145833333332 0.04585740740740741
0 0.678265625 0.3806560185185185 0.005489583333333333 0.018719444444444445
0 0.7239187499999999 0.252987037037037 0.005129166666666667 0.015233333333333335
0 0.7789598958333334 0.2831791666666667 0.008961458333333333 0.016358333333333336
0 0.8257658854166666 0.3071712962962963 0.011948437499999999 0.019898148148148147
0 0.5669625 0.05515462962962963 0.017258333333333334 0.03067962962962963
0 0.391646875 0.20769305555555556 0.010377083333333334 0.026497222222222224
0 0.4158484375 0.1370171296296296 0.008780208333333334 0.01662685185185185
0 0.43376848958333336 0.17797222222222223 0.0071203125 0.020759259259259262
0 0.28085963541666664 0.19889305555555556 0.012760937500000001 0.020008333333333336
0 0.5216520833333333 0.9803162037037038 0.008929166666666665 0.031002777777777775
0 0.79848671875 0.9197018518518518 0.011556770833333334 0.030144444444444442
0 0.7476658854166666 0.9130675925925926 0.004706770833333334 0.007616666666666667
0 0.6315721354166667 0.8461041666666667 0.0058526041666666665 0.010726851851851852
0 0.6284471354166666 0.7917032407407407 0.0058526041666666665 0.009332407407407407
0 0.730109375 0.5056347222222223 0.018552083333333334 0.04645462962962963
0 0.66961171875 0.7062398148148148 0.015265104166666666 0.038405555555555554
0 0.5883734374999999 0.9179101851851852 0.005913541666666666 0.011746296296296296
1 0.5 0.5 1.0 1.0
0 0.3610828125 0.5515453703703703 0.028415625 0.05494259259259259
0 0.1399015625 0.5629625 0.015219791666666668 0.03333240740740741
0 0.2039796875 0.5740791666666667 0.012126041666666667 0.027787962962962962
0 0.239453125 0.6343166666666666 0.009114583333333334 0.022337037037037037
0 0.20139973958333332 0.7704768518518519 0.018424479166666667 0.05391666666666666
0 0.2920046875 0.8680944444444445 0.007967708333333334 0.013966666666666667
0 0.049803125 0.6865592592592593 0.006897916666666667 0.021266666666666666
0 0.012741666666666667 0.31648194444444444 0.005691666666666667 0.021852777777777777
0 0.0639296875 0.10506527777777779 0.011192708333333332 0.03976018518518519
0 0.0646875 0.09813148148148149 0.007500000000000001 0.02404074074074074
0 0.22958463541666668 0.23774953703703702 0.009169270833333333 0.025499074074074077
0 0.30129609375000005 0.2763643518518519 0.0088421875 0.03606203703703704
0 0.34567552083333336 0.21772037037037037 0.011142708333333333 0.026181481481481483
0 0.35623932291666666 0.317137962962963 0.015603645833333334 0.023164814814814815
0 0.39655130208333333 0.01737361111111111 0.018102604166666664 0.03474722222222222
0 0.5553221354166666 0.1218699074074074 0.031477604166666666 0.056702777777777776
0 0.5516463541666667 0.13494212962962965 0.016834375000000002 0.03284722222222222
0 0.57582890625 0.2263425925925926 0.009991145833333333 0.03231481481481481
0 0.5693007812499999 0.34276249999999997 0.017768229166666667 0.035524999999999994
0 0.7268653645833333 0.4108185185185185 0.019355729166666665 0.0346
0 0.7578416666666666 0.2829847222222222 0.015683333333333334 0.04559907407407408
0 0.7189760416666666 0.7456185185185186 0.011910416666666666 0.030125925925925928
0 0.7413901041666667 0.7506333333333333 0.020280208333333334 0.040155555555555555
0 0.65883515625 0.6876564814814815 0.006211979166666667 0.019757407407407408
0 0.6874963541666667 0.8306907407407407 0.005201041666666667 0.015085185185185186
0 0.7443598958333334 0.8230652777777777 0.009553124999999999 0.014649074074074073
0 0.7933567708333332 0.8182615740740741 0.012755208333333332 0.01800462962962963
0 0.5089645833333333 0.9610666666666666 0.017929166666666666 0.02954074074074074
0 0.35788671875 0.7409412037037038 0.0095234375 0.02632685185185185
0 0.37193671875 0.8194574074074075 0.0094984375 0.016692592592592592
0 0.39527838541666666 0.7871912037037038 0.008265104166666667 0.022530555555555554
0 0.24786979166666667 0.7064388888888888 0.010322916666666666 0.02398888888888889
0 0.58129765625 0.04164490740740741 0.008428645833333333 0.031437962962962966
0 0.8441921874999999 0.21021342592592593 0.013384375 0.02968611111111111
0 0.793828125 0.19692314814814815 0.005364583333333334 0.00866111111111111
0 0.6714869791666668 0.21573425925925926 0.005473958333333333 0.009246296296296298
0 0.6623875 0.26714814814814813 0.0049833333333333335 0.00837037037037037
0 0.7244721354166667 0.5861703703703703 0.013527604166666667 0.05197037037037037
0 0.6908911458333333 0.3665157407407407 0.013032291666666666 0.040438888888888885
0 0.6385919270833333 0.128575 0.006350520833333333 0.010853703703703704
1 0.49973958333333335 0.49953703703703706 0.9994791666666667 0.9990740740740741
0 0.36276041666666664 0.5643518518518519 0.028645833333333332 0.05462962962962963
0 0.14244791666666667 0.5958333333333333 0.015104166666666667 0.032407407407407406
0 0.20651041666666667 0.600925925925926 0.011979166666666667 0.027777777777777776
0 0.24401041666666667 0.6583333333333333 0.008854166666666666 0.022222222222222223
0 0.21015625 0.7976851851851852 0.019270833333333334 0.05277777777777778
0 0.303125 0.8865740740740741 0.008333333333333333 0.013888888888888888
0 0.055989583333333336 0.7282407407407407 0.0067708333333333336 0.021296296296296296
0 0.008072916666666667 0.36203703703703705 0.005729166666666666 0.022222222222222223
0 0.053125 0.14583333333333334 0.010416666666666666 0.03981481481481482
0 0.05364583333333333 0.1388888888888889 0.007291666666666667 0.024074074074074074
0 0.22265625 0.26342592592592595 0.008854166666666666 0.025
0 0.2950520833333333 0.2949074074074074 0.008854166666666666 0.03611111111111111
0 0.3375 0.2324074074074074 0.011458333333333333 0.025925925925925925
0 0.35104166666666664 0.3300925925925926 0.015625 0.023148148148148147
0 0.38255208333333335 0.026851851851851852 0.019270833333333334 0.03518518518518519
0 0.5440104166666667 0.11712962962962963 0.030729166666666665 0.058333333333333334
0 0.540625 0.1300925925925926 0.016666666666666666 0.032407407407407406
0 0.56796875 0.2199074074074074 0.009895833333333333 0.032407407407407406
0 0.56484375 0.337037037037037 0.018229166666666668 0.03518518518518519
0 0.7239583333333334 0.38981481481481484 0.019791666666666666 0.03518518518518519
0 0.7510416666666667 0.2587962962962963 0.015625 0.04537037037037037
0 0.7260416666666667 0.7245370370370371 0.0125 0.030555555555555555
0 0.7481770833333333 0.7282407407407407 0.019270833333333334 0.041666666666666664
0 0.6643229166666667 0.6726851851851852 0.005729166666666666 0.019444444444444445
0 0.696875 0.812962962962963 0.005208333333333333 0.014814814814814815
0 0.7536458333333333 0.8 0.009375 0.014814814814814815
0 0.8020833333333334 0.7902777777777777 0.0125 0.017592592592592594
0 0.5223958333333333 0.9592592592592593 0.017708333333333333 0.02962962962962963
0 0.3651041666666667 0.7537037037037037 0.009375 0.025925925925925925
0 0.38177083333333334 0.8314814814814815 0.009375 0.016666666666666666
0 0.40390625 0.7962962962962963 0.0078125 0.022222222222222223
0 0.25442708333333336 0.7291666666666666 0.0109375 0.023148148148148147
0 0.56796875 0.03425925925925926 0.0078125 0.03148148148148148
0 0.83515625 0.1787037037037037 0.013020833333333334 0.02962962962962963
0 0.784375 0.1699074074074074 0.005208333333333333 0.008333333333333333
0 0.6630208333333333 0.2 0.005208333333333333 0.009259259259259259
0 0.6552083333333333 0.2523148148148148 0.005208333333333333 0.008333333333333333
0 0.7270833333333333 0.5652777777777778 0.014583333333333334 0.05092592592592592
0 0.6869791666666667 0.3486111111111111 0.013541666666666667 0.03981481481481482
0 0.6276041666666666 0.11574074074074074 0.00625 0.011111111111111112
1 0.5 0.5 1.0 1.0
0 0.37119270833333334 0.3937273148148148 0.02884375 0.0541212962962963
0 0.15680911458333335 0.29462222222222223 0.016743229166666665 0.029985185185185184
0 0.22048203125 0.31013518518518524 0.011797395833333333 0.027677777777777777
0 0.26362109375 0.26459212962962964 0.009533854166666666 0.02177685185185185
0 0.24338515625 0.11749675925925926 0.023228645833333332 0.04795648148148148
0 0.3437536458333333 0.058649074074074076 0.009382291666666666 0.015446296296296295
0 0.08450833333333334 0.13826435185185185 0.006516666666666667 0.020973148148148147
0 0.00233984375 0.48372731481481485 0.0046796875 0.023010185185185186
0 0.025163541666666667 0.7107199074074074 0.008660416666666667 0.03995833333333333
0 0.025435156249999997 0.7175166666666667 0.0071203125 0.02392222222222222
0 0.20366432291666667 0.6464351851851852 0.009411979166666667 0.024351851851851854
0 0.2779315104166667 0.6390777777777777 0.011071354166666667 0.03556296296296296
0 0.31343125 0.7122837962962962 0.012279166666666667 0.024567592592592592
0 0.33644505208333336 0.6216902777777779 0.015598437500000001 0.023010185185185186
0 0.33810989583333334 0.9291226851851851 0.022053125 0.030467592592592595
0 0.5062630208333333 0.8914814814814814 0.028151041666666664 0.06259259259259259
0 0.5041002604166667 0.8779944444444445 0.016533854166666667 0.03191481481481482
0 0.5398723958333334 0.7964175925925926 0.012036458333333333 0.033575925925925926
0 0.5487622395833333 0.680288425925926 0.019399479166666667 0.034650925925925925
0 0.70938203125 0.6777101851851852 0.020847395833333334 0.03690185185185185
0 0.7240119791666667 0.8165425925925925 0.016773958333333335 0.044196296296296296
0 0.7446046875000001 0.34902222222222223 0.014209375 0.031377777777777775
0 0.7666247395833333 0.35163240740740737 0.015541145833333332 0.04585740740740741
0 0.678265625 0.3806560185185185 0.005489583333333333 0.018719444444444445
0 0.7239187499999999 0.252987037037037 0.005129166666666667 0.015233333333333335
0 0.7789598958333334 0.2831791666666667 0.008961458333333333 0.016358333333333336
0 0.8257658854166666 0.3071712962962963 0.011948437499999999 0.019898148148148147
0 0.5669625 0.05515462962962963 0.017258333333333334 0.03067962962962963
0 0.391646875 0.20769305555555556 0.010377083333333334 0.026497222222222224
0 0.4158484375 0.1370171296296296 0.008780208333333334 0.01662685185185185
0 0.43376848958333336 0.17797222222222223 0.0071203125 0.020759259259259262
0 0.28085963541666664 0.19889305555555556 0.012760937500000001 0.020008333333333336
0 0.5216520833333333 0.9803162037037038 0.008929166666666665 0.031002777777777775
0 0.79848671875 0.9197018518518518 0.011556770833333334 0.030144444444444442
0 0.7476658854166666 0.9130675925925926 0.004706770833333334 0.007616666666666667
0 0.6315721354166667 0.8461041666666667 0.0058526041666666665 0.010726851851851852
0 0.6284471354166666 0.7917032407407407 0.0058526041666666665 0.009332407407407407
0 0.730109375 0.5056347222222223 0.018552083333333334 0.04645462962962963
0 0.66961171875 0.7062398148148148 0.015265104166666666 0.038405555555555554
0 0.5883734374999999 0.9179101851851852 0.005913541666666666 0.011746296296296296
