1 0.5 0.49060509259259266 1.0 0.9812101851851853
0 0.8258263020833333 0.49988055555555555 0.0224859375 0.044205555555555553
0 0.32392291666666667 0.041748611111111104 0.013470833333333333 0.029793518518518518
0 0.07749869791666668 0.4374384259259259 0.009164062499999999 0.032284259259259256
0 0.8443299479166666 0.6874490740740741 0.0115765625 0.02675
0 0.7175197916666666 0.25377453703703706 0.01837291666666667 0.04088240740740741
1 0.49973958333333335 0.5305555555555556 0.9994791666666667 0.937037037037037
0 0.17578125 0.55 0.0234375 0.04259259259259259
0 0.69765625 0.9291666666666667 0.013020833333333334 0.030555555555555555
0 0.9239583333333333 0.49675925925925923 0.008333333333333333 0.032407407407407406
0 0.14765625 0.36712962962962964 0.0109375 0.026851851851851852
0 0.2953869791666667 0.7785050925925926 0.017857291666666667 0.040343518518518515
1 0.5 0.5409847222222223 1.0 0.9171546296296297
0 0.18446796875 0.6381041666666667 0.025185937499999998 0.039171296296296294
0 0.7334729166666667 0.8685194444444444 0.012779166666666668 0.031483333333333335
0 0.9181395833333333 0.3789671296296296 0.008154166666666667 0.03200833333333333
0 0.13995859375 0.46696435185185187 0.010125520833333334 0.026521296296296296
0 0.32315390625 0.8294879629629629 0.0181828125 0.03860555555555556
1 0.5 0.49060509259259266 1.0 0.9812101851851853
0 0.8258263020833333 0.49988055555555555 0.0224859375 0.044205555555555553
0 0.32392291666666667 0.041748611111111104 0.013470833333333333 0.029793518518518518
0 0.07749869791666668 0.4374384259259259 0.009164062499999999 0.032284259259259256
0 0.8443299479166666 0.6874490740740741 0.0115765625 0.02675
0 0.7175197916666666 0.25377453703703706 0.01837291666666667 0.04088240740740741
1 0.49973958333333335 0.5305555555555556 0.9994791666666667 0.937037037037037
0 0.17578125 0.55 0.0234375 0.04259259259259259
0 0.69765625 0.9291666666666667 0.013020833333333334 0.030555555555555555
0 0.9239583333333333 0.49675925925925923 0.008333333333333333 0.032407407407407406
0 0.14765625 0.36712962962962964 0.0109375 0.026851851851851852
0 0.2953869791666667 0.7785050925925926 0.017857291666666667 0.040343518518518515
1 0.5 0.5409847222222223 1.0 0.9171546296296297
0 0.18446796875 0.6381041666666667 0.025185937499999998 0.039171296296296294
0 0.7334729166666667 0.8685194444444444 0.012779166666666668 0.031483333333333335
0 0.9181395833333333 0.3789671296296296 0.008154166666666667 0.03200833333333333
0 0.13995859375 0.46696435185185187 0.010125520833333334 0.026521296296296296
0 0.32315390625 0.8294879629629629 0.0181828125 0.03860555555555556
1 0.5 0.49060509259259266 1.0 0.9812101851851853
0 0.8258263020833333 0.49988055555555555 0.0224859375 0.044205555555555553
0 0.32392291666666667 0.041748611111111104 0.013470833333333333 0.029793518518518518
0 0.07749869791666668 0.4374384259259259 0.009164062499999999 0.032284259259259256
0 0.8443299479166666 0.6874490740740741 0.0115765625 0.02675
0 0.7175197916666666 0.25377453703703706 0.01837291666666667 0.04088240740740741
1 0.49973958333333335 0.5305555555555556 0.9994791666666667 0.937037037037037
0 0.17578125 0.55 0.0234375 0.04259259259259259
0 0.69765625 0.9291666666666667 0.013020833333333334 0.030555555555555555
0 0.9239583333333333 0.49675925925925923 0.008333333333333333 0.032407407407407406
0 0.14765625 0.36712962962962964 0.0109375 0.026851851851851852
0 0.2953869791666667 0.7785050925925926 0.017857291666666667 0.040343518518518515
1 0.5 0.5409847222222223 1.0 0.9171546296296297
0 0.18446796875 0.6381041666666667 0.025185937499999998 0.039171296296296294
0 0.7334729166666667 0.8685194444444444 0.012779166666666668 0.031483333333333335
0 0.9181395833333333 0.3789671296296296 0.008154166666666667 0.03200833333333333
0 0.13995859375 0.46696435185185187 0.010125520833333334 0.026521296296296296
0 0.32315390625 0.8294879629629629 0.0181828125 0.03860555555555556
