1 0.5080380208333334 0.5197333333333334 0.983784375 0.959837037037037
0 0.361340625 0.3461587962962963 0.027889583333333336 0.046021296296296296
0 0.2696161458333333 0.20200555555555555 0.009023958333333333 0.026233333333333334
0 0.73853046875 0.7837763888888889 0.007269270833333333 0.011997222222222223
0 0.7573802083333334 0.7574194444444444 0.00746875 0.012987037037037037
0 0.806225 0.7797282407407408 0.011408333333333333 0.04834537037037037
0 0.8063283854166666 0.7651583333333333 0.011615104166666666 0.021057407407407407
0 0.8347421875 0.8611078703703703 0.008026041666666667 0.01110462962962963
0 0.4898138020833333 0.06792037037037037 0.008794270833333334 0.019174074074074073
0 0.4151283854166667 0.06922916666666666 0.010465104166666666 0.01623611111111111
0 0.2904450520833333 0.19041805555555555 0.0048484374999999994 0.01787314814814815
0 0.5393026041666666 0.25203842592592596 0.018188541666666665 0.05778055555555556
0 0.5375078125 0.16840092592592593 0.004182291666666667 0.01457962962962963
0 0.5165632812500001 0.24972685185185184 0.011251562500000001 0.014268518518518519
0 0.34382135416666665 0.2828671296296297 0.004309375 0.010178703703703704
0 0.3361888020833333 0.2974375 0.01925260416666667 0.035615740740740746
0 0.48433020833333335 0.9427842592592592 0.028035416666666667 0.04112407407407408
0 0.6346684895833333 0.8726638888888889 0.011003645833333332 0.01755
0 0.6080625000000001 0.803238888888889 0.004666666666666667 0.0064777777777777785
0 0.6156059895833333 0.8023462962962963 0.0030869791666666663 0.002840740740740741
0 0.6132533854166666 0.8171430555555556 0.0015067708333333333 0.008360185185185186
0 0.5825869791666667 0.7921754629629629 0.004757291666666667 0.008425
0 0.5829890624999999 0.7407046296296297 0.0066031250000000005 0.01289074074074074
0 0.5482882812500001 0.6834342592592593 0.022618229166666667 0.02057222222222222
0 0.5506294270833333 0.6092851851851852 0.0314671875 0.020422222222222224
0 0.476728125 0.49004768518518516 0.012831249999999999 0.031947222222222224
0 0.3378981770833333 0.5312365740740741 0.014338020833333333 0.027287962962962962
0 0.3156666666666667 0.5977273148148148 0.012583333333333334 0.021380555555555555
0 0.20173723958333334 0.7612648148148149 0.012849479166666667 0.026233333333333334
0 0.4541427083333333 0.617163425925926 0.018702083333333334 0.013956481481481481
0 0.48181432291666665 0.5403222222222223 0.006336979166666667 0.013977777777777778
0 0.6453640625 0.7599203703703704 0.009478125 0.019840740740740742
0 0.32768463541666665 0.5227958333333333 0.004327604166666666 0.00855462962962963
0 0.3744705729166667 0.9197240740740741 0.01769114583333333 0.037596296296296294
0 0.4122361979166667 0.9876087962962964 0.010930729166666665 0.01410648148148148
0 0.5577002604166666 0.9469472222222222 0.0101921875 0.01982037037037037
0 0.5681302083333333 0.8704101851851852 0.007093749999999999 0.027857407407407407
0 0.7173455729166667 0.8667277777777778 0.0076078125 0.011233333333333333
0 0.9362585937500001 0.9115509259259259 0.0100171875 0.023101851851851853
0 0.98008046875 0.9875962962962963 0.012244270833333333 0.025192592592592593
0 0.8505213541666666 0.9987990740740741 0.006251041666666667 0.0031537037037037037
0 0.7511033854166667 0.8430194444444444 0.0063734375 0.011964814814814815
0 0.6646544270833333 0.7065592592592592 0.005350520833333333 0.009414814814814813
0 0.8000309895833334 0.6089930555555555 0.0177703125 0.02539351851851852
0 0.788315625 0.902775 0.006839583333333333 0.009253703703703703
0 0.6884382812500001 0.9959550925925925 0.011251562500000001 0.008576851851851851
0 0.5663236979166667 0.9184 0.012855729166666666 0.018281481481481482
0 0.5851986979166667 0.8992749999999999 0.009980729166666667 0.011512962962962963
0 0.5200299479166667 0.5244268518518518 0.0129765625 0.009964814814814815
0 0.5899145833333334 0.5648106481481482 0.005870833333333334 0.01295462962962963
0 0.6202190104166667 0.7506694444444444 0.008146354166666666 0.01245
0 0.9088799479166667 0.8753319444444445 0.0052598958333333334 0.006219444444444444
0 0.2726002604166667 0.9301069444444444 0.004575520833333333 0.006510185185185185
0 0.3628869791666667 0.9763675925925926 0.0028572916666666664 0.01755
0 0.2916065104166667 0.9818180555555555 0.0186296875 0.009932407407407407
0 0.45993098958333334 0.9613402777777778 0.019861979166666665 0.07082870370370371
0 0.28382838541666666 0.3588824074074074 0.027031770833333336 0.056653703703703706
1 0.4918921875 0.5197333333333334 0.983784375 0.959837037037037
0 0.6384239583333333 0.3461587962962963 0.027889583333333336 0.046021296296296296
0 0.7305536458333334 0.20200555555555555 0.009023958333333333 0.026233333333333334
0 0.26144713541666664 0.7837763888888889 0.007269270833333333 0.011997222222222223
0 0.24227604166666666 0.7574194444444444 0.00746875 0.012987037037037037
0 0.193725 0.7797282407407408 0.011408333333333333 0.04834537037037037
0 0.19382838541666667 0.7651583333333333 0.011615104166666666 0.021057407407407407
0 0.16547135416666667 0.8611078703703703 0.008026041666666667 0.01110462962962963
0 0.5101263020833333 0.06792037037037037 0.008794270833333334 0.019174074074074073
0 0.5849200520833333 0.06922916666666666 0.010465104166666666 0.01623611111111111
0 0.7091950520833333 0.19041805555555555 0.0048484374999999994 0.01787314814814815
0 0.46065677083333334 0.25203842592592596 0.018188541666666665 0.05778055555555556
0 0.4625078125 0.16840092592592593 0.004182291666666667 0.01457962962962963
0 0.48375078125000004 0.24972685185185184 0.011251562500000001 0.014268518518518519
0 0.6563213541666666 0.2828671296296297 0.004309375 0.010178703703703704
0 0.66379296875 0.2974375 0.01925260416666667 0.035615740740740746
0 0.5155802083333333 0.9427842592592592 0.028035416666666667 0.04112407407407408
0 0.36539765625 0.8726638888888889 0.011003645833333332 0.01755
0 0.3919166666666667 0.803238888888889 0.004666666666666667 0.0064777777777777785
0 0.38435598958333334 0.8023462962962963 0.0030869791666666663 0.002840740740740741
0 0.3866908854166667 0.8171430555555556 0.0015067708333333333 0.008360185185185186
0 0.4174828125 0.7921754629629629 0.004757291666666667 0.008425
0 0.4168432291666667 0.7407046296296297 0.0066031250000000005 0.01289074074074074
0 0.4519341145833333 0.6834342592592593 0.022618229166666667 0.02057222222222222
0 0.44958776041666665 0.6092851851851852 0.0314671875 0.020422222222222224
0 0.523603125 0.49004768518518516 0.012831249999999999 0.031947222222222224
0 0.66237734375 0.5312365740740741 0.014338020833333333 0.027287962962962962
0 0.6844166666666667 0.5977273148148148 0.012583333333333334 0.021380555555555555
0 0.79809140625 0.7612648148148149 0.012849479166666667 0.026233333333333334
0 0.5458093749999999 0.617163425925926 0.018702083333333334 0.013956481481481481
0 0.5177518229166667 0.5403222222222223 0.006336979166666667 0.013977777777777778
0 0.35473906250000004 0.7599203703703704 0.009478125 0.019840740740740742
0 0.6724763020833334 0.5227958333333333 0.004327604166666666 0.00855462962962963
0 0.6255122395833334 0.9197240740740741 0.01769114583333333 0.037596296296296294
0 0.58775703125 0.9876087962962964 0.010930729166666665 0.01410648148148148
0 0.44207526041666667 0.9469472222222222 0.0101921875 0.01982037037037037
0 0.431671875 0.8704101851851852 0.007093749999999999 0.027857407407407407
0 0.28297057291666666 0.8667277777777778 0.0076078125 0.011233333333333333
0 0.06386276041666666 0.9115509259259259 0.0100171875 0.023101851851851853
0 0.019663802083333334 0.9875962962962963 0.012244270833333333 0.025192592592592593
0 0.14947968749999999 0.9987990740740741 0.006251041666666667 0.0031537037037037037
0 0.24902005208333333 0.8430194444444444 0.0063734375 0.011964814814814815
0 0.3349669270833333 0.7065592592592592 0.005350520833333333 0.009414814814814813
0 0.20003098958333335 0.6089930555555555 0.0177703125 0.02539351851851852
0 0.211753125 0.902775 0.006839583333333333 0.009253703703703703
0 0.3113549479166667 0.9959550925925925 0.011251562500000001 0.008576851851851851
0 0.43351119791666665 0.9184 0.012855729166666666 0.018281481481481482
0 0.41488619791666664 0.8992749999999999 0.009980729166666667 0.011512962962962963
0 0.47992578125 0.5244268518518518 0.0129765625 0.009964814814814815
0 0.40970625 0.5648106481481482 0.005870833333333334 0.01295462962962963
0 0.38011484375000004 0.7506694444444444 0.008146354166666666 0.01245
0 0.09117161458333332 0.8753319444444445 0.0052598958333333334 0.006219444444444444
0 0.72780859375 0.9301069444444444 0.004575520833333333 0.006510185185185185
0 0.6373661458333333 0.9763675925925926 0.0028572916666666664 0.01755
0 0.7087940104166666 0.9818180555555555 0.0186296875 0.009932407407407407
0 0.5401393229166668 0.9613402777777778 0.019861979166666665 0.07082870370370371
0 0.7161200520833333 0.3588824074074074 0.027031770833333336 0.056653703703703706
1 0.5080729166666667 0.5212962962962963 0.9828125 0.9555555555555556
0 0.35885416666666664 0.3541666666666667 0.028125 0.04537037037037037
0 0.2640625 0.21666666666666667 0.009375 0.025925925925925925
0 0.74375 0.7689814814814815 0.007291666666666667 0.012037037037037037
0 0.7625 0.7407407407407407 0.007291666666666667 0.012962962962962963
0 0.81171875 0.7601851851851852 0.011979166666666667 0.04814814814814815
0 0.8114583333333333 0.7458333333333333 0.011458333333333333 0.021296296296296296
0 0.84140625 0.8398148148148148 0.0078125 0.011111111111111112
0 0.48151041666666666 0.06898148148148148 0.008854166666666666 0.019444444444444445
0 0.40677083333333336 0.075 0.010416666666666666 0.016666666666666666
0 0.28463541666666664 0.20324074074074075 0.0046875 0.017592592592592594
0 0.534375 0.24953703703703703 0.017708333333333333 0.058333333333333334
0 0.5307291666666667 0.16666666666666666 0.004166666666666667 0.014814814814814815
0 0.5114583333333333 0.24861111111111112 0.011458333333333333 0.013888888888888888
0 0.33958333333333335 0.29212962962962963 0.004166666666666667 0.010185185185185186
0 0.33229166666666665 0.30833333333333335 0.019791666666666666 0.03518518518518519
0 0.49322916666666666 0.9430555555555555 0.028125 0.041666666666666664
0 0.6419270833333334 0.8643518518518518 0.0109375 0.017592592592592594
0 0.6138020833333333 0.7958333333333333 0.0046875 0.006481481481481481
0 0.6213541666666667 0.7949074074074074 0.003125 0.002777777777777778
0 0.61953125 0.8097222222222222 0.0015625 0.008333333333333333
0 0.58828125 0.7865740740740741 0.0046875 0.008333333333333333
0 0.5877604166666667 0.7351851851851852 0.0067708333333333336 0.012962962962962963
0 0.5518229166666667 0.6800925925925926 0.022395833333333334 0.021296296296296296
0 0.5526041666666667 0.6055555555555555 0.03125 0.020370370370370372
0 0.47630208333333335 0.49166666666666664 0.013020833333333334 0.03148148148148148
0 0.3385416666666667 0.5412037037037037 0.014583333333333334 0.026851851851851852
0 0.3177083333333333 0.6087962962962963 0.0125 0.021296296296296296
0 0.20703125 0.7796296296296297 0.013020833333333334 0.025925925925925925
0 0.45677083333333335 0.6203703703703703 0.01875 0.012962962962962963
0 0.4828125 0.5412037037037037 0.00625 0.013888888888888888
0 0.6505208333333333 0.7509259259259259 0.009375 0.020370370370370372
0 0.328125 0.5337962962962963 0.004166666666666667 0.008333333333333333
0 0.38255208333333335 0.9268518518518518 0.018229166666666668 0.037037037037037035
0 0.42213541666666665 0.9921296296296296 0.0109375 0.013888888888888888
0 0.5666666666666667 0.9430555555555555 0.010416666666666666 0.019444444444444445
0 0.5752604166666667 0.8657407407407407 0.0067708333333333336 0.027777777777777776
0 0.72421875 0.8527777777777777 0.0078125 0.011111111111111112
0 0.9440104166666666 0.8847222222222222 0.009895833333333333 0.023148148148148147
0 0.9893229166666667 0.9574074074074074 0.011979166666666667 0.025925925925925925
0 0.8604166666666667 0.9782407407407407 0.007291666666666667 0.006481481481481481
0 0.7578125 0.8273148148148148 0.00625 0.012037037037037037
0 0.66875 0.6962962962962963 0.005208333333333333 0.009259259259259259
0 0.8015625 0.5898148148148148 0.017708333333333333 0.025925925925925925
0 0.79609375 0.8842592592592593 0.0067708333333333336 0.009259259259259259
0 0.6979166666666666 0.9893518518518518 0.011458333333333333 0.019444444444444445
0 0.5744791666666667 0.9138888888888889 0.0125 0.018518518518518517
0 0.59296875 0.8939814814814815 0.009895833333333333 0.012037037037037037
0 0.5205729166666667 0.5231481481481481 0.013020833333333334 0.009259259259259259
0 0.59140625 0.5592592592592592 0.005729166666666666 0.012962962962962963
0 0.625 0.7430555555555556 0.008333333333333333 0.012037037037037037
0 0.9161458333333333 0.8495370370370371 0.005208333333333333 0.006481481481481481
0 0.28098958333333335 0.9439814814814815 0.0046875 0.006481481481481481
0 0.37213541666666666 0.9847222222222223 0.0026041666666666665 0.017592592592592594
0 0.30104166666666665 0.9944444444444445 0.01875 0.009259259259259259
0 0.46943359375 0.9637152777777778 0.021158854166666668 0.07002314814814815
0 0.28125 0.37253101851851855 0.026041666666666668 0.058025
1 0.5080380208333334 0.5197333333333334 0.983784375 0.959837037037037
0 0.361340625 0.3461587962962963 0.027889583333333336 0.046021296296296296
0 0.2696161458333333 0.20200555555555555 0.009023958333333333 0.026233333333333334
0 0.73853046875 0.7837763888888889 0.007269270833333333 0.011997222222222223
0 0.7573802083333334 0.7574194444444444 0.00746875 0.012987037037037037
0 0.806225 0.7797282407407408 0.011408333333333333 0.04834537037037037
0 0.8063283854166666 0.7651583333333333 0.011615104166666666 0.021057407407407407
0 0.8347421875 0.8611078703703703 0.008026041666666667 0.01110462962962963
0 0.4898138020833333 0.06792037037037037 0.008794270833333334 0.019174074074074073
0 0.4151283854166667 0.06922916666666666 0.010465104166666666 0.01623611111111111
0 0.2904450520833333 0.19041805555555555 0.0048484374999999994 0.01787314814814815
0 0.5393026041666666 0.25203842592592596 0.018188541666666665 0.05778055555555556
0 0.5375078125 0.16840092592592593 0.004182291666666667 0.01457962962962963
0 0.5165632812500001 0.24972685185185184 0.011251562500000001 0.014268518518518519
0 0.34382135416666665 0.2828671296296297 0.004309375 0.010178703703703704
0 0.3361888020833333 0.2974375 0.01925260416666667 0.035615740740740746
0 0.48433020833333335 0.9427842592592592 0.028035416666666667 0.04112407407407408
0 0.6346684895833333 0.8726638888888889 0.011003645833333332 0.01755
0 0.6080625000000001 0.803238888888889 0.004666666666666667 0.0064777777777777785
0 0.6156059895833333 0.8023462962962963 0.0030869791666666663 0.002840740740740741
0 0.6132533854166666 0.8171430555555556 0.0015067708333333333 0.008360185185185186
0 0.5825869791666667 0.7921754629629629 0.004757291666666667 0.008425
0 0.5829890624999999 0.7407046296296297 0.0066031250000000005 0.01289074074074074
0 0.5482882812500001 0.6834342592592593 0.022618229166666667 0.02057222222222222
0 0.5506294270833333 0.6092851851851852 0.0314671875 0.020422222222222224
0 0.476728125 0.49004768518518516 0.012831249999999999 0.031947222222222224
0 0.3378981770833333 0.5312365740740741 0.014338020833333333 0.027287962962962962
0 0.3156666666666667 0.5977273148148148 0.012583333333333334 0.021380555555555555
0 0.20173723958333334 0.7612648148148149 0.012849479166666667 0.026233333333333334
0 0.4541427083333333 0.617163425925926 0.018702083333333334 0.013956481481481481
0 0.48181432291666665 0.5403222222222223 0.006336979166666667 0.013977777777777778
0 0.6453640625 0.7599203703703704 0.009478125 0.019840740740740742
0 0.32768463541666665 0.5227958333333333 0.004327604166666666 0.00855462962962963
0 0.3744705729166667 0.9197240740740741 0.01769114583333333 0.037596296296296294
0 0.4122361979166667 0.9876087962962964 0.010930729166666665 0.01410648148148148
0 0.5577002604166666 0.9469472222222222 0.0101921875 0.01982037037037037
0 0.5681302083333333 0.8704101851851852 0.007093749999999999 0.027857407407407407
0 0.7173455729166667 0.8667277777777778 0.0076078125 0.011233333333333333
0 0.9362585937500001 0.9115509259259259 0.0100171875 0.023101851851851853
0 0.98008046875 0.9875962962962963 0.012244270833333333 0.025192592592592593
0 0.8505213541666666 0.9987990740740741 0.006251041666666667 0.0031537037037037037
0 0.7511033854166667 0.8430194444444444 0.0063734375 0.011964814814814815
0 0.6646544270833333 0.7065592592592592 0.005350520833333333 0.009414814814814813
0 0.8000309895833334 0.6089930555555555 0.0177703125 0.02539351851851852
0 0.788315625 0.902775 0.006839583333333333 0.009253703703703703
0 0.6884382812500001 0.9959550925925925 0.011251562500000001 0.008576851851851851
0 0.5663236979166667 0.9184 0.012855729166666666 0.018281481481481482
0 0.5851986979166667 0.8992749999999999 0.009980729166666667 0.011512962962962963
0 0.5200299479166667 0.5244268518518518 0.0129765625 0.009964814814814815
0 0.5899145833333334 0.5648106481481482 0.005870833333333334 0.01295462962962963
0 0.6202190104166667 0.7506694444444444 0.008146354166666666 0.01245
0 0.9088799479166667 0.8753319444444445 0.0052598958333333334 0.006219444444444444
0 0.2726002604166667 0.9301069444444444 0.004575520833333333 0.006510185185185185
0 0.3628869791666667 0.9763675925925926 0.0028572916666666664 0.01755
0 0.2916065104166667 0.9818180555555555 0.0186296875 0.009932407407407407
0 0.45993098958333334 0.9613402777777778 0.019861979166666665 0.07082870370370371
0 0.28382838541666666 0.3588824074074074 0.027031770833333336 0.056653703703703706
1 0.4918921875 0.5197333333333334 0.983784375 0.959837037037037
0 0.6384239583333333 0.3461587962962963 0.027889583333333336 0.046021296296296296
0 0.7305536458333334 0.20200555555555555 0.009023958333333333 0.026233333333333334
0 0.26144713541666664 0.7837763888888889 0.007269270833333333 0.011997222222222223
0 0.24227604166666666 0.7574194444444444 0.00746875 0.012987037037037037
0 0.193725 0.7797282407407408 0.011408333333333333 0.04834537037037037
0 0.19382838541666667 0.7651583333333333 0.011615104166666666 0.021057407407407407
0 0.16547135416666667 0.8611078703703703 0.008026041666666667 0.01110462962962963
0 0.5101263020833333 0.06792037037037037 0.008794270833333334 0.019174074074074073
0 0.5849200520833333 0.06922916666666666 0.010465104166666666 0.01623611111111111
0 0.7091950520833333 0.19041805555555555 0.0048484374999999994 0.01787314814814815
0 0.46065677083333334 0.25203842592592596 0.018188541666666665 0.05778055555555556
0 0.4625078125 0.16840092592592593 0.004182291666666667 0.01457962962962963
0 0.48375078125000004 0.24972685185185184 0.011251562500000001 0.014268518518518519
0 0.6563213541666666 0.2828671296296297 0.004309375 0.010178703703703704
0 0.66379296875 0.2974375 0.01925260416666667 0.035615740740740746
0 0.5155802083333333 0.9427842592592592 0.028035416666666667 0.04112407407407408
0 0.36539765625 0.8726638888888889 0.011003645833333332 0.01755
0 0.3919166666666667 0.803238888888889 0.004666666666666667 0.0064777777777777785
0 0.38435598958333334 0.8023462962962963 0.0030869791666666663 0.002840740740740741
0 0.3866908854166667 0.8171430555555556 0.0015067708333333333 0.008360185185185186
0 0.4174828125 0.7921754629629629 0.004757291666666667 0.008425
0 0.4168432291666667 0.7407046296296297 0.0066031250000000005 0.01289074074074074
0 0.4519341145833333 0.6834342592592593 0.022618229166666667 0.02057222222222222
0 0.44958776041666665 0.6092851851851852 0.0314671875 0.020422222222222224
0 0.523603125 0.49004768518518516 0.012831249999999999 0.031947222222222224
0 0.66237734375 0.5312365740740741 0.014338020833333333 0.027287962962962962
0 0.6844166666666667 0.5977273148148148 0.012583333333333334 0.021380555555555555
0 0.79809140625 0.7612648148148149 0.012849479166666667 0.026233333333333334
0 0.5458093749999999 0.617163425925926 0.018702083333333334 0.013956481481481481
0 0.5177518229166667 0.5403222222222223 0.006336979166666667 0.013977777777777778
0 0.35473906250000004 0.7599203703703704 0.009478125 0.019840740740740742
0 0.6724763020833334 0.5227958333333333 0.004327604166666666 0.00855462962962963
0 0.6255122395833334 0.9197240740740741 0.01769114583333333 0.037596296296296294
0 0.58775703125 0.9876087962962964 0.010930729166666665 0.01410648148148148
0 0.44207526041666667 0.9469472222222222 0.0101921875 0.01982037037037037
0 0.431671875 0.8704101851851852 0.007093749999999999 0.027857407407407407
0 0.28297057291666666 0.8667277777777778 0.0076078125 0.011233333333333333
0 0.06386276041666666 0.9115509259259259 0.0100171875 0.023101851851851853
0 0.019663802083333334 0.9875962962962963 0.012244270833333333 0.025192592592592593
0 0.14947968749999999 0.9987990740740741 0.006251041666666667 0.0031537037037037037
0 0.24902005208333333 0.8430194444444444 0.0063734375 0.011964814814814815
0 0.3349669270833333 0.7065592592592592 0.005350520833333333 0.009414814814814813
0 0.20003098958333335 0.6089930555555555 0.0177703125 0.02539351851851852
0 0.211753125 0.902775 0.006839583333333333 0.009253703703703703
0 0.3113549479166667 0.9959550925925925 0.011251562500000001 0.008576851851851851
0 0.43351119791666665 0.9184 0.012855729166666666 0.018281481481481482
0 0.41488619791666664 0.8992749999999999 0.009980729166666667 0.011512962962962963
0 0.47992578125 0.5244268518518518 0.0129765625 0.009964814814814815
0 0.40970625 0.5648106481481482 0.005870833333333334 0.01295462962962963
0 0.38011484375000004 0.7506694444444444 0.008146354166666666 0.01245
0 0.09117161458333332 0.8753319444444445 0.0052598958333333334 0.006219444444444444
0 0.72780859375 0.9301069444444444 0.004575520833333333 0.006510185185185185
0 0.6373661458333333 0.9763675925925926 0.0028572916666666664 0.01755
0 0.7087940104166666 0.9818180555555555 0.0186296875 0.009932407407407407
0 0.5401393229166668 0.9613402777777778 0.019861979166666665 0.07082870370370371
0 0.7161200520833333 0.3588824074074074 0.027031770833333336 0.056653703703703706
1 0.5080729166666667 0.5212962962962963 0.9828125 0.9555555555555556
0 0.35885416666666664 0.3541666666666667 0.028125 0.04537037037037037
0 0.2640625 0.21666666666666667 0.009375 0.025925925925925925
0 0.74375 0.7689814814814815 0.007291666666666667 0.012037037037037037
0 0.7625 0.7407407407407407 0.007291666666666667 0.012962962962962963
0 0.81171875 0.7601851851851852 0.011979166666666667 0.04814814814814815
0 0.8114583333333333 0.7458333333333333 0.011458333333333333 0.021296296296296296
0 0.84140625 0.8398148148148148 0.0078125 0.011111111111111112
0 0.48151041666666666 0.06898148148148148 0.008854166666666666 0.019444444444444445
0 0.40677083333333336 0.075 0.010416666666666666 0.016666666666666666
0 0.28463541666666664 0.20324074074074075 0.0046875 0.017592592592592594
0 0.534375 0.24953703703703703 0.017708333333333333 0.058333333333333334
0 0.5307291666666667 0.16666666666666666 0.004166666666666667 0.014814814814814815
0 0.5114583333333333 0.24861111111111112 0.011458333333333333 0.013888888888888888
0 0.33958333333333335 0.29212962962962963 0.004166666666666667 0.010185185185185186
0 0.33229166666666665 0.30833333333333335 0.019791666666666666 0.03518518518518519
0 0.49322916666666666 0.9430555555555555 0.028125 0.041666666666666664
0 0.6419270833333334 0.8643518518518518 0.0109375 0.017592592592592594
0 0.6138020833333333 0.7958333333333333 0.0046875 0.006481481481481481
0 0.6213541666666667 0.7949074074074074 0.003125 0.002777777777777778
0 0.61953125 0.8097222222222222 0.0015625 0.008333333333333333
0 0.58828125 0.7865740740740741 0.0046875 0.008333333333333333
0 0.5877604166666667 0.7351851851851852 0.0067708333333333336 0.012962962962962963
0 0.5518229166666667 0.6800925925925926 0.022395833333333334 0.021296296296296296
0 0.5526041666666667 0.6055555555555555 0.03125 0.020370370370370372
0 0.47630208333333335 0.49166666666666664 0.013020833333333334 0.03148148148148148
0 0.3385416666666667 0.5412037037037037 0.014583333333333334 0.026851851851851852
0 0.3177083333333333 0.6087962962962963 0.0125 0.021296296296296296
0 0.20703125 0.7796296296296297 0.013020833333333334 0.025925925925925925
0 0.45677083333333335 0.6203703703703703 0.01875 0.012962962962962963
0 0.4828125 0.5412037037037037 0.00625 0.013888888888888888
0 0.6505208333333333 0.7509259259259259 0.009375 0.020370370370370372
0 0.328125 0.5337962962962963 0.004166666666666667 0.008333333333333333
0 0.38255208333333335 0.9268518518518518 0.018229166666666668 0.037037037037037035
0 0.42213541666666665 0.9921296296296296 0.0109375 0.013888888888888888
0 0.5666666666666667 0.9430555555555555 0.010416666666666666 0.019444444444444445
0 0.5752604166666667 0.8657407407407407 0.0067708333333333336 0.027777777777777776
0 0.72421875 0.8527777777777777 0.0078125 0.011111111111111112
0 0.9440104166666666 0.8847222222222222 0.009895833333333333 0.023148148148148147
0 0.9893229166666667 0.9574074074074074 0.011979166666666667 0.025925925925925925
0 0.8604166666666667 0.9782407407407407 0.007291666666666667 0.006481481481481481
0 0.7578125 0.8273148148148148 0.00625 0.012037037037037037
0 0.66875 0.6962962962962963 0.005208333333333333 0.009259259259259259
0 0.8015625 0.5898148148148148 0.017708333333333333 0.025925925925925925
0 0.79609375 0.8842592592592593 0.0067708333333333336 0.009259259259259259
0 0.6979166666666666 0.9893518518518518 0.011458333333333333 0.019444444444444445
0 0.5744791666666667 0.9138888888888889 0.0125 0.018518518518518517
0 0.59296875 0.8939814814814815 0.009895833333333333 0.012037037037037037
0 0.5205729166666667 0.5231481481481481 0.013020833333333334 0.009259259259259259
0 0.59140625 0.5592592592592592 0.005729166666666666 0.012962962962962963
0 0.625 0.7430555555555556 0.008333333333333333 0.012037037037037037
0 0.9161458333333333 0.8495370370370371 0.005208333333333333 0.006481481481481481
0 0.28098958333333335 0.9439814814814815 0.0046875 0.006481481481481481
0 0.37213541666666666 0.9847222222222223 0.0026041666666666665 0.017592592592592594
0 0.30104166666666665 0.9944444444444445 0.01875 0.009259259259259259
0 0.46943359375 0.9637152777777778 0.021158854166666668 0.07002314814814815
0 0.28125 0.37253101851851855 0.026041666666666668 0.058025
