1 0.5 0.44940416666666666 1.0 0.8988083333333333
0 0.3011361979166667 0.5652671296296297 0.012689062499999999 0.03608981481481481
0 0.7651072916666667 0.11101944444444443 0.01979791666666667 0.038705555555555556
0 0.790884375 0.15601666666666666 0.011977083333333333 0.023144444444444443
0 0.35518463541666667 0.6647712962962963 0.05620260416666667 0.07398703703703705
0 0.3481268229166667 0.5736171296296296 0.004586979166666667 0.025012037037037037
0 0.7290872395833333 0.3998898148148148 0.0290078125 0.06459444444444444
0 0.7146643229166667 0.43558148148148146 0.0116203125 0.02857037037037037
0 0.6638606770833333 0.662986111111111 0.0079296875 0.014861111111111111
0 0.6161723958333333 0.6990726851851852 0.009428125 0.016663888888888888
0 0.5783343750000001 0.6672416666666666 0.013960416666666666 0.015964814814814817
0 0.23325833333333332 0.546699074074074 0.011308333333333333 0.047101851851851846
0 0.13968697916666667 0.7032856481481481 0.011665625 0.04916388888888889
0 0.28255130208333334 0.6452009259259259 0.027602604166666666 0.07188333333333333
0 0.25629010416666664 0.6467560185185185 0.010496875 0.039808333333333334
0 0.2446125 0.612025925925926 0.009016666666666668 0.040718518518518515
0 0.5141205729166667 0.7718060185185186 0.0136578125 0.02509351851851852
0 0.59931875 0.7509222222222222 0.0173875 0.04999259259259259
0 0.9809979166666667 0.6236722222222223 0.008870833333333333 0.049196296296296294
0 0.8268632812500001 0.8203935185185185 0.0068515625 0.01300925925925926
0 0.9583783854166666 0.40738240740740744 0.004256770833333334 0.009209259259259259
0 0.9514283854166667 0.3495259259259259 0.011190104166666666 0.04164444444444444
0 0.8971296875 0.15791759259259258 0.016134375 0.015835185185185185
0 0.15224947916666667 0.5802425925925926 0.027415625 0.05678148148148148
0 0.16339401041666665 0.6054884259259259 0.0122046875 0.03505092592592592
0 0.17203411458333334 0.03304537037037037 0.0180265625 0.034609259259259256
0 0.7030145833333333 0.8501541666666667 0.0143625 0.04660462962962963
0 0.7022924479166667 0.8110009259259259 0.017084895833333332 0.02755740740740741
0 0.9605877604166667 0.7580444444444444 0.028467187499999998 0.04942222222222222
0 0.9717463541666667 0.7171208333333333 0.017451041666666667 0.03609351851851852
1 0.49973958333333335 0.549074074074074 0.9994791666666667 0.9
0 0.6994791666666667 0.4412037037037037 0.0125 0.03611111111111111
0 0.23125 0.8805555555555555 0.019791666666666666 0.03888888888888889
0 0.20598958333333334 0.8347222222222223 0.011979166666666667 0.023148148148148147
0 0.6466145833333333 0.33935185185185185 0.05572916666666667 0.075
0 0.65234375 0.4310185185185185 0.0046875 0.025
0 0.2703125 0.5925925925925926 0.029166666666666667 0.06481481481481481
0 0.28489583333333335 0.5578703703703703 0.011458333333333333 0.028703703703703703
0 0.3377604166666667 0.33240740740740743 0.0078125 0.014814814814814815
0 0.3859375 0.2972222222222222 0.009375 0.016666666666666666
0 0.4231770833333333 0.3300925925925926 0.0140625 0.01574074074074074
0 0.7674479166666667 0.4615740740740741 0.0109375 0.04722222222222222
0 0.8625 0.30787037037037035 0.011458333333333333 0.049074074074074076
0 0.71875 0.36157407407407405 0.028125 0.0712962962962963
0 0.7447916666666666 0.36064814814814816 0.010416666666666666 0.03981481481481482
0 0.7565104166666666 0.3962962962962963 0.008854166666666666 0.040740740740740744
0 0.48854166666666665 0.22824074074074074 0.013541666666666667 0.025
0 0.403125 0.2462962962962963 0.017708333333333333 0.05
0 0.020052083333333335 0.36157407407407405 0.008854166666666666 0.049074074074074076
0 0.17630208333333333 0.16944444444444445 0.0067708333333333336 0.012962962962962963
0 0.040625 0.5787037037037037 0.004166666666666667 0.009259259259259259
0 0.047135416666666666 0.6365740740740741 0.0109375 0.041666666666666664
0 0.09973958333333334 0.8291666666666667 0.016145833333333335 0.01574074074074074
0 0.8484375 0.43049768518518516 0.027083333333333334 0.057291666666666664
0 0.8377604166666667 0.4046296296296296 0.011979166666666667 0.03518518518518519
0 0.8231770833333333 0.9773148148148149 0.018229166666666668 0.03425925925925926
0 0.30040052083333335 0.14369675925925926 0.014342708333333334 0.04665277777777778
0 0.30078125 0.18305555555555555 0.0171875 0.02722222222222222
0 0.042051041666666664 0.22824074074074074 0.02889375 0.049074074074074076
0 0.030208333333333334 0.2680148148148148 0.017708333333333333 0.03602962962962963
1 0.5 0.47092962962962964 1.0 0.9418592592592593
0 0.70219921875 0.515199537037037 0.011690104166666666 0.035954629629629635
0 0.20666536458333334 0.18010555555555557 0.019580729166666665 0.03984074074074074
0 0.18511171875 0.2313837962962963 0.011890104166666667 0.023878703703703704
0 0.6572247395833333 0.6285222222222222 0.051949479166666666 0.08482222222222223
0 0.6561812499999999 0.5345726851851852 0.006112500000000001 0.024700925925925925
0 0.26564895833333335 0.45933287037037035 0.03129791666666667 0.0668138888888889
0 0.2825028645833333 0.48877037037037036 0.011880729166666666 0.02939259259259259
0 0.35023125 0.7021916666666667 0.007754166666666667 0.015494444444444446
0 0.4009385416666667 0.7263152777777777 0.00916875 0.01744537037037037
0 0.4354528645833333 0.684799537037037 0.014655729166666666 0.014043518518518518
0 0.7681127604166667 0.4804810185185185 0.009142187500000001 0.047999074074074076
0 0.8728330729166667 0.6119787037037037 0.011291145833333332 0.04803148148148148
0 0.7265640624999999 0.5882962962962963 0.03229479166666667 0.06918518518518518
0 0.7524252604166667 0.5845736111111112 0.011100520833333332 0.0395175925925926
0 0.7617622395833333 0.547126851851852 0.007899479166666666 0.040549999999999996
0 0.5070348958333333 0.7725124999999999 0.013028125 0.02650648148148148
0 0.421878125 0.7720356481481482 0.01979791666666667 0.04962685185185185
0 0.032478125000000004 0.7414953703703704 0.00870625 0.04780555555555556
0 0.20117239583333332 0.8979305555555556 0.0065114583333333335 0.012527777777777777
0 0.03901536458333333 0.521712962962963 0.004072395833333333 0.010092592592592592
0 0.04114322916666667 0.4626268518518519 0.010411458333333333 0.04192037037037037
0 0.07991953125000001 0.26025092592592597 0.016089062499999997 0.014946296296296296
0 0.8508080729166667 0.4926162037037037 0.0245328125 0.061158333333333335
0 0.8416098958333333 0.5206907407407407 0.010303125 0.03582592592592593
0 0.32569348958333333 0.8955175925925926 0.0159703125 0.04659074074074074
0 0.32346223958333337 0.8577125000000001 0.0177578125 0.02468425925925926
0 0.06373098958333333 0.8675574074074074 0.03162864583333333 0.04622592592592593
0 0.04926015625 0.8324532407407407 0.019353645833333332 0.03527685185185185
1 0.5 0.44940416666666666 1.0 0.8988083333333333
0 0.3011361979166667 0.5652671296296297 0.012689062499999999 0.03608981481481481
0 0.7651072916666667 0.11101944444444443 0.01979791666666667 0.038705555555555556
0 0.790884375 0.15601666666666666 0.011977083333333333 0.023144444444444443
0 0.35518463541666667 0.6647712962962963 0.05620260416666667 0.07398703703703705
0 0.3481268229166667 0.5736171296296296 0.004586979166666667 0.025012037037037037
0 0.7290872395833333 0.3998898148148148 0.0290078125 0.06459444444444444
0 0.7146643229166667 0.43558148148148146 0.0116203125 0.02857037037037037
0 0.6638606770833333 0.662986111111111 0.0079296875 0.014861111111111111
0 0.6161723958333333 0.6990726851851852 0.009428125 0.016663888888888888
0 0.5783343750000001 0.6672416666666666 0.013960416666666666 0.015964814814814817
0 0.23325833333333332 0.546699074074074 0.011308333333333333 0.047101851851851846
0 0.13968697916666667 0.7032856481481481 0.011665625 0.04916388888888889
0 0.28255130208333334 0.6452009259259259 0.027602604166666666 0.07188333333333333
0 0.25629010416666664 0.6467560185185185 0.010496875 0.039808333333333334
0 0.2446125 0.612025925925926 0.009016666666666668 0.040718518518518515
0 0.5141205729166667 0.7718060185185186 0.0136578125 0.02509351851851852
0 0.59931875 0.7509222222222222 0.0173875 0.04999259259259259
0 0.9809979166666667 0.6236722222222223 0.008870833333333333 0.049196296296296294
0 0.8268632812500001 0.8203935185185185 0.0068515625 0.01300925925925926
0 0.9583783854166666 0.40738240740740744 0.004256770833333334 0.009209259259259259
0 0.9514283854166667 0.3495259259259259 0.011190104166666666 0.04164444444444444
0 0.8971296875 0.15791759259259258 0.016134375 0.015835185185185185
0 0.15224947916666667 0.5802425925925926 0.027415625 0.05678148148148148
0 0.16339401041666665 0.6054884259259259 0.0122046875 0.03505092592592592
0 0.17203411458333334 0.03304537037037037 0.0180265625 0.034609259259259256
0 0.7030145833333333 0.8501541666666667 0.0143625 0.04660462962962963
0 0.7022924479166667 0.8110009259259259 0.017084895833333332 0.02755740740740741
0 0.9605877604166667 0.7580444444444444 0.028467187499999998 0.04942222222222222
0 0.9717463541666667 0.7171208333333333 0.017451041666666667 0.03609351851851852
1 0.49973958333333335 0.549074074074074 0.9994791666666667 0.9
0 0.6994791666666667 0.4412037037037037 0.0125 0.03611111111111111
0 0.23125 0.8805555555555555 0.019791666666666666 0.03888888888888889
0 0.20598958333333334 0.8347222222222223 0.011979166666666667 0.023148148148148147
0 0.6466145833333333 0.33935185185185185 0.05572916666666667 0.075
0 0.65234375 0.4310185185185185 0.0046875 0.025
0 0.2703125 0.5925925925925926 0.029166666666666667 0.06481481481481481
0 0.28489583333333335 0.5578703703703703 0.011458333333333333 0.028703703703703703
0 0.3377604166666667 0.33240740740740743 0.0078125 0.014814814814814815
0 0.3859375 0.2972222222222222 0.009375 0.016666666666666666
0 0.4231770833333333 0.3300925925925926 0.0140625 0.01574074074074074
0 0.7674479166666667 0.4615740740740741 0.0109375 0.04722222222222222
0 0.8625 0.30787037037037035 0.011458333333333333 0.049074074074074076
0 0.71875 0.36157407407407405 0.028125 0.0712962962962963
0 0.7447916666666666 0.36064814814814816 0.010416666666666666 0.03981481481481482
0 0.7565104166666666 0.3962962962962963 0.008854166666666666 0.040740740740740744
0 0.48854166666666665 0.22824074074074074 0.013541666666666667 0.025
0 0.403125 0.2462962962962963 0.017708333333333333 0.05
0 0.020052083333333335 0.36157407407407405 0.008854166666666666 0.049074074074074076
0 0.17630208333333333 0.16944444444444445 0.0067708333333333336 0.012962962962962963
0 0.040625 0.5787037037037037 0.004166666666666667 0.009259259259259259
0 0.047135416666666666 0.6365740740740741 0.0109375 0.041666666666666664
0 0.09973958333333334 0.8291666666666667 0.016145833333333335 0.01574074074074074
0 0.8484375 0.43049768518518516 0.027083333333333334 0.057291666666666664
0 0.8377604166666667 0.4046296296296296 0.011979166666666667 0.03518518518518519
0 0.8231770833333333 0.9773148148148149 0.018229166666666668 0.03425925925925926
0 0.30040052083333335 0.14369675925925926 0.014342708333333334 0.04665277777777778
0 0.30078125 0.18305555555555555 0.0171875 0.02722222222222222
0 0.042051041666666664 0.22824074074074074 0.02889375 0.049074074074074076
0 0.030208333333333334 0.2680148148148148 0.017708333333333333 0.03602962962962963
1 0.5 0.47092962962962964 1.0 0.9418592592592593
0 0.70219921875 0.515199537037037 0.011690104166666666 0.035954629629629635
0 0.20666536458333334 0.18010555555555557 0.019580729166666665 0.03984074074074074
0 0.18511171875 0.2313837962962963 0.011890104166666667 0.023878703703703704
0 0.6572247395833333 0.6285222222222222 0.051949479166666666 0.08482222222222223
0 0.6561812499999999 0.5345726851851852 0.006112500000000001 0.024700925925925925
0 0.26564895833333335 0.45933287037037035 0.03129791666666667 0.0668138888888889
0 0.2825028645833333 0.48877037037037036 0.011880729166666666 0.02939259259259259
0 0.35023125 0.7021916666666667 0.007754166666666667 0.015494444444444446
0 0.4009385416666667 0.7263152777777777 0.00916875 0.01744537037037037
0 0.4354528645833333 0.684799537037037 0.014655729166666666 0.014043518518518518
0 0.7681127604166667 0.4804810185185185 0.009142187500000001 0.047999074074074076
0 0.8728330729166667 0.6119787037037037 0.011291145833333332 0.04803148148148148
0 0.7265640624999999 0.5882962962962963 0.03229479166666667 0.06918518518518518
0 0.7524252604166667 0.5845736111111112 0.011100520833333332 0.0395175925925926
0 0.7617622395833333 0.547126851851852 0.007899479166666666 0.040549999999999996
0 0.5070348958333333 0.7725124999999999 0.013028125 0.02650648148148148
0 0.421878125 0.7720356481481482 0.01979791666666667 0.04962685185185185
0 0.032478125000000004 0.7414953703703704 0.00870625 0.04780555555555556
0 0.20117239583333332 0.8979305555555556 0.0065114583333333335 0.012527777777777777
0 0.03901536458333333 0.521712962962963 0.004072395833333333 0.010092592592592592
0 0.04114322916666667 0.4626268518518519 0.010411458333333333 0.04192037037037037
0 0.07991953125000001 0.26025092592592597 0.016089062499999997 0.014946296296296296
0 0.8508080729166667 0.4926162037037037 0.0245328125 0.061158333333333335
0 0.8416098958333333 0.5206907407407407 0.010303125 0.03582592592592593
0 0.32569348958333333 0.8955175925925926 0.0159703125 0.04659074074074074
0 0.32346223958333337 0.8577125000000001 0.0177578125 0.02468425925925926
0 0.06373098958333333 0.8675574074074074 0.03162864583333333 0.04622592592592593
0 0.04926015625 0.8324532407407407 0.019353645833333332 0.03527685185185185
