1 0.5 0.5 1.0 1.0
0 0.02734375 0.37592592592592594 0.0067708333333333336 0.025925925925925925
0 0.05130208333333333 0.7861111111111111 0.009895833333333333 0.022222222222222223
0 0.07421875 0.8361111111111111 0.018229166666666668 0.053703703703703705
0 0.08125 0.7671296296296296 0.010416666666666666 0.01574074074074074
0 0.15807291666666667 0.7615740740740741 0.016145833333333335 0.026851851851851852
0 0.16588541666666667 0.674074074074074 0.022395833333333334 0.04814814814814815
0 0.1828125 0.9925925925925926 0.015625 0.012962962962962963
0 0.46328125 0.9125 0.022395833333333334 0.04722222222222222
0 0.3190104166666667 0.3673032407407407 0.015104166666666667 0.03460648148148148
0 0.34713541666666664 0.8425925925925926 0.009895833333333333 0.012962962962962963
0 0.4859375 0.29259259259259257 0.0125 0.03518518518518519
0 0.5677083333333334 0.2902777777777778 0.0125 0.03796296296296296
0 0.6018229166666667 0.17685185185185184 0.0203125 0.027777777777777776
0 0.6705729166666666 0.3736111111111111 0.018229166666666668 0.04537037037037037
0 0.6432291666666666 0.6 0.007291666666666667 0.025925925925925925
0 0.70078125 0.8643518518518518 0.005729166666666666 0.023148148148148147
0 0.6330729166666667 0.7796296296296297 0.0140625 0.03333333333333333
0 0.6786458333333333 0.7574074074074074 0.016666666666666666 0.03148148148148148
0 0.7213541666666666 0.7273148148148149 0.025 0.017592592592592594
0 0.45651041666666664 0.7759259259259259 0.008854166666666666 0.018518518518518517
0 0.8388020833333333 0.34675925925925927 0.013020833333333334 0.03981481481481482
0 0.7174479166666666 0.8856481481481482 0.016145833333333335 0.025
0 0.8705729166666667 0.47824074074074074 0.011979166666666667 0.030555555555555555
0 0.8796875 0.575925925925926 0.036458333333333336 0.05555555555555555
0 0.7783854166666667 0.46574074074074073 0.0067708333333333336 0.016666666666666666
0 0.8276041666666667 0.7805555555555556 0.013541666666666667 0.037037037037037035
0 0.8744791666666667 0.8143518518518519 0.026041666666666668 0.05462962962962963
0 0.9013020833333333 0.8055555555555556 0.009895833333333333 0.03333333333333333
0 0.9252604166666667 0.8541666666666666 0.011979166666666667 0.021296296296296296
0 0.91796875 0.7050925925925926 0.008854166666666666 0.023148148148148147
0 0.821875 0.4722222222222222 0.0125 0.020370370370370372
0 0.5549479166666667 0.9740740740740741 0.009895833333333333 0.016666666666666666
0 0.85078125 0.9347222222222222 0.0036458333333333334 0.017592592592592594
0 0.39348958333333334 0.5050925925925925 0.005729166666666666 0.017592592592592594
1 0.5 0.5 1.0 1.0
0 0.967040625 0.31749629629629633 0.006997916666666667 0.025733333333333334
0 0.9588971354166667 0.7299578703703704 0.009460937499999999 0.022878703703703703
0 0.93785390625 0.7820296296296296 0.01737447916666667 0.054799999999999995
0 0.92852421875 0.7149787037037038 0.0101734375 0.016994444444444444
0 0.8513552083333333 0.7186259259259259 0.016252083333333334 0.02614074074074074
0 0.8400104166666666 0.6326393518518518 0.021687500000000002 0.04861203703703704
0 0.8359184895833334 0.9522138888888889 0.015586979166666666 0.013687037037037037
0 0.5527950520833333 0.9074037037037037 0.021215104166666665 0.04814074074074074
0 0.6751752604166666 0.34519351851851854 0.015975520833333333 0.034831481481481484
0 0.6657643229166667 0.8230999999999999 0.009653645833333334 0.012866666666666667
0 0.5056958333333333 0.29105324074074074 0.012433333333333333 0.03581018518518518
0 0.42393723958333335 0.29875879629629626 0.011416145833333334 0.03825833333333334
0 0.38579765625 0.1902976851851852 0.020553645833333335 0.02874351851851852
0 0.3250869791666667 0.39553055555555555 0.016840625 0.04661666666666666
0 0.3612192708333334 0.6174643518518518 0.007855208333333334 0.025669444444444443
0 0.31412213541666667 0.8883976851851852 0.006369270833333333 0.023091666666666667
0 0.37758098958333336 0.7954481481481481 0.014536979166666667 0.03163703703703703
0 0.33179895833333334 0.7787083333333333 0.01568125 0.03334259259259259
0 0.28820234375000003 0.754511111111111 0.024321354166666666 0.020133333333333333
0 0.5539135416666666 0.770025 0.00886875 0.01782777777777778
0 0.1557515625 0.38847453703703705 0.011503125 0.03991203703703704
0 0.29813932291666667 0.9115111111111112 0.0160703125 0.024874074074074076
0 0.12953958333333335 0.5244351851851852 0.012204166666666665 0.030351851851851852
0 0.12433307291666666 0.622875462962963 0.03616614583333333 0.05871388888888889
0 0.22080078125 0.5010023148148148 0.0072265625 0.016819444444444442
0 0.183934375 0.8205189814814814 0.01474375 0.037334259259259255
0 0.13895807291666668 0.8602805555555555 0.0258328125 0.0520425925925926
0 0.11180338541666666 0.8542337962962963 0.011106770833333333 0.03254166666666667
0 0.08988359375 0.9057986111111112 0.012058854166666666 0.02085648148148148
0 0.09132291666666667 0.756625462962963 0.008687499999999999 0.022510185185185185
0 0.1776434895833333 0.5125185185185185 0.012578645833333334 0.01948148148148148
0 0.46407473958333334 0.9802027777777776 0.009399479166666667 0.01596111111111111
0 0.16682630208333335 0.9773254629629631 0.0034442708333333335 0.017613888888888887
0 0.6065398437499999 0.4920435185185186 0.005788020833333333 0.01742037037037037
1 0.5 0.5 1.0 1.0
0 0.9610598958333333 0.2747907407407407 0.007536458333333333 0.025507407407407406
0 0.9651643229166668 0.686649074074074 0.0094953125 0.023298148148148148
0 0.9455135416666667 0.7416125 0.01706875 0.055447222222222224
0 0.9341458333333333 0.6746810185185185 0.009958333333333335 0.017880555555555556
0 0.85761875 0.6849837962962964 0.016279166666666667 0.02552314814814815
0 0.8433557291666667 0.6012541666666666 0.021086458333333332 0.048804629629629635
0 0.8489 0.9213296296296296 0.015508333333333334 0.01488148148148148
0 0.5653390625 0.9021157407407407 0.020261458333333333 0.04867592592592593
0 0.6707893229166667 0.32948148148148143 0.016578645833333332 0.034888888888888886
0 0.6750330729166667 0.8075203703703703 0.009441145833333333 0.013188888888888889
0 0.4988799479166667 0.2903041666666667 0.012343229166666667 0.03616388888888889
0 0.41830390625 0.30621574074074076 0.010566145833333334 0.03835740740740741
0 0.37700104166666665 0.201725 0.02066875 0.029375925925925923
0 0.32245572916666665 0.4116638888888889 0.015744791666666667 0.047401851851851855
0 0.36454322916666665 0.6302898148148148 0.008253125 0.02539444444444444
0 0.3258104166666667 0.9050064814814816 0.0068291666666666665 0.022975925925925927
0 0.38677109375 0.8060337962962962 0.015208854166666667 0.030586111111111113
0 0.34034921875 0.7941680555555556 0.0150734375 0.0346324074074074
0 0.2957213541666667 0.773950462962963 0.023734375 0.021975
0 0.5617174479166667 0.7641814814814815 0.0088515625 0.01725185185185185
0 0.15366666666666667 0.420250462962963 0.0115 0.040500925925925926
0 0.31058515625 0.9301041666666667 0.015961979166666664 0.02502314814814815
0 0.13070520833333335 0.5594953703703703 0.012452083333333334 0.03010185185185185
0 0.12820208333333333 0.658225925925926 0.036612500000000006 0.060896296296296296
0 0.22148098958333332 0.5269587962962963 0.0075453125 0.01688055555555556
0 0.19373697916666668 0.849274537037037 0.015598958333333333 0.037437962962962965
0 0.14977604166666666 0.8934856481481482 0.025593750000000002 0.04993425925925926
0 0.12265677083333333 0.8899958333333333 0.011980208333333332 0.031843518518518514
0 0.10239427083333334 0.9435634259259259 0.012080208333333333 0.020460185185185185
0 0.09905885416666667 0.794313425925926 0.008534375 0.021960185185185183
0 0.17869453125 0.5427574074074074 0.012597395833333334 0.01884814814814815
0 0.47793593749999996 0.9830374999999999 0.008996875 0.016075
0 0.6060317708333333 0.4817662037037037 0.005813541666666667 0.01723611111111111
1 0.5 0.5 1.0 1.0
0 0.02734375 0.37592592592592594 0.0067708333333333336 0.025925925925925925
0 0.05130208333333333 0.7861111111111111 0.009895833333333333 0.022222222222222223
0 0.07421875 0.8361111111111111 0.018229166666666668 0.053703703703703705
0 0.08125 0.7671296296296296 0.010416666666666666 0.01574074074074074
0 0.15807291666666667 0.7615740740740741 0.016145833333333335 0.026851851851851852
0 0.16588541666666667 0.674074074074074 0.022395833333333334 0.04814814814814815
0 0.1828125 0.9925925925925926 0.015625 0.012962962962962963
0 0.46328125 0.9125 0.022395833333333334 0.04722222222222222
0 0.3190104166666667 0.3673032407407407 0.015104166666666667 0.03460648148148148
0 0.34713541666666664 0.8425925925925926 0.009895833333333333 0.012962962962962963
0 0.4859375 0.29259259259259257 0.0125 0.03518518518518519
0 0.5677083333333334 0.2902777777777778 0.0125 0.03796296296296296
0 0.6018229166666667 0.17685185185185184 0.0203125 0.027777777777777776
0 0.6705729166666666 0.3736111111111111 0.018229166666666668 0.04537037037037037
0 0.6432291666666666 0.6 0.007291666666666667 0.025925925925925925
0 0.70078125 0.8643518518518518 0.005729166666666666 0.023148148148148147
0 0.6330729166666667 0.7796296296296297 0.0140625 0.03333333333333333
0 0.6786458333333333 0.7574074074074074 0.016666666666666666 0.03148148148148148
0 0.7213541666666666 0.7273148148148149 0.025 0.017592592592592594
0 0.45651041666666664 0.7759259259259259 0.008854166666666666 0.018518518518518517
0 0.8388020833333333 0.34675925925925927 0.013020833333333334 0.03981481481481482
0 0.7174479166666666 0.8856481481481482 0.016145833333333335 0.025
0 0.8705729166666667 0.47824074074074074 0.011979166666666667 0.030555555555555555
0 0.8796875 0.575925925925926 0.036458333333333336 0.05555555555555555
0 0.7783854166666667 0.46574074074074073 0.0067708333333333336 0.016666666666666666
0 0.8276041666666667 0.7805555555555556 0.013541666666666667 0.037037037037037035
0 0.8744791666666667 0.8143518518518519 0.026041666666666668 0.05462962962962963
0 0.9013020833333333 0.8055555555555556 0.009895833333333333 0.03333333333333333
0 0.9252604166666667 0.8541666666666666 0.011979166666666667 0.021296296296296296
0 0.91796875 0.7050925925925926 0.008854166666666666 0.023148148148148147
0 0.821875 0.4722222222222222 0.0125 0.020370370370370372
0 0.5549479166666667 0.9740740740740741 0.009895833333333333 0.016666666666666666
0 0.85078125 0.9347222222222222 0.0036458333333333334 0.017592592592592594
0 0.39348958333333334 0.5050925925925925 0.005729166666666666 0.017592592592592594
1 0.5 0.5 1.0 1.0
0 0.967040625 0.31749629629629633 0.006997916666666667 0.025733333333333334
0 0.9588971354166667 0.7299578703703704 0.009460937499999999 0.022878703703703703
0 0.93785390625 0.7820296296296296 0.01737447916666667 0.054799999999999995
0 0.92852421875 0.7149787037037038 0.0101734375 0.016994444444444444
0 0.8513552083333333 0.7186259259259259 0.016252083333333334 0.02614074074074074
0 0.8400104166666666 0.6326393518518518 0.021687500000000002 0.04861203703703704
0 0.8359184895833334 0.9522138888888889 0.015586979166666666 0.013687037037037037
0 0.5527950520833333 0.9074037037037037 0.021215104166666665 0.04814074074074074
0 0.6751752604166666 0.34519351851851854 0.015975520833333333 0.034831481481481484
0 0.6657643229166667 0.8230999999999999 0.009653645833333334 0.012866666666666667
0 0.5056958333333333 0.29105324074074074 0.012433333333333333 0.03581018518518518
0 0.42393723958333335 0.29875879629629626 0.011416145833333334 0.03825833333333334
0 0.38579765625 0.1902976851851852 0.020553645833333335 0.02874351851851852
0 0.3250869791666667 0.39553055555555555 0.016840625 0.04661666666666666
0 0.3612192708333334 0.6174643518518518 0.007855208333333334 0.025669444444444443
0 0.31412213541666667 0.8883976851851852 0.006369270833333333 0.023091666666666667
0 0.37758098958333336 0.7954481481481481 0.014536979166666667 0.03163703703703703
0 0.33179895833333334 0.7787083333333333 0.01568125 0.03334259259259259
0 0.28820234375000003 0.754511111111111 0.024321354166666666 0.020133333333333333
0 0.5539135416666666 0.770025 0.00886875 0.01782777777777778
0 0.1557515625 0.38847453703703705 0.011503125 0.03991203703703704
0 0.29813932291666667 0.9115111111111112 0.0160703125 0.024874074074074076
0 0.12953958333333335 0.5244351851851852 0.012204166666666665 0.030351851851851852
0 0.12433307291666666 0.622875462962963 0.03616614583333333 0.05871388888888889
0 0.22080078125 0.5010023148148148 0.0072265625 0.016819444444444442
0 0.183934375 0.8205189814814814 0.01474375 0.037334259259259255
0 0.13895807291666668 0.8602805555555555 0.0258328125 0.0520425925925926
0 0.11180338541666666 0.8542337962962963 0.011106770833333333 0.03254166666666667
0 0.08988359375 0.9057986111111112 0.012058854166666666 0.02085648148148148
0 0.09132291666666667 0.756625462962963 0.008687499999999999 0.022510185185185185
0 0.1776434895833333 0.5125185185185185 0.012578645833333334 0.01948148148148148
0 0.46407473958333334 0.9802027777777776 0.009399479166666667 0.01596111111111111
0 0.16682630208333335 0.9773254629629631 0.0034442708333333335 0.017613888888888887
0 0.6065398437499999 0.4920435185185186 0.005788020833333333 0.01742037037037037
1 0.5 0.5 1.0 1.0
0 0.9610598958333333 0.2747907407407407 0.007536458333333333 0.025507407407407406
0 0.9651643229166668 0.686649074074074 0.0094953125 0.023298148148148148
0 0.9455135416666667 0.7416125 0.01706875 0.055447222222222224
0 0.9341458333333333 0.6746810185185185 0.009958333333333335 0.017880555555555556
0 0.85761875 0.6849837962962964 0.016279166666666667 0.02552314814814815
0 0.8433557291666667 0.6012541666666666 0.021086458333333332 0.048804629629629635
0 0.8489 0.9213296296296296 0.015508333333333334 0.01488148148148148
0 0.5653390625 0.9021157407407407 0.020261458333333333 0.04867592592592593
0 0.6707893229166667 0.32948148148148143 0.016578645833333332 0.034888888888888886
0 0.6750330729166667 0.8075203703703703 0.009441145833333333 0.013188888888888889
0 0.4988799479166667 0.2903041666666667 0.012343229166666667 0.03616388888888889
0 0.41830390625 0.30621574074074076 0.010566145833333334 0.03835740740740741
0 0.37700104166666665 0.201725 0.02066875 0.029375925925925923
0 0.32245572916666665 0.4116638888888889 0.015744791666666667 0.047401851851851855
0 0.36454322916666665 0.6302898148148148 0.008253125 0.02539444444444444
0 0.3258104166666667 0.9050064814814816 0.0068291666666666665 0.022975925925925927
0 0.38677109375 0.8060337962962962 0.015208854166666667 0.030586111111111113
0 0.34034921875 0.7941680555555556 0.0150734375 0.0346324074074074
0 0.2957213541666667 0.773950462962963 0.023734375 0.021975
0 0.5617174479166667 0.7641814814814815 0.0088515625 0.01725185185185185
0 0.15366666666666667 0.420250462962963 0.0115 0.040500925925925926
0 0.31058515625 0.9301041666666667 0.015961979166666664 0.02502314814814815
0 0.13070520833333335 0.5594953703703703 0.012452083333333334 0.03010185185185185
0 0.12820208333333333 0.658225925925926 0.036612500000000006 0.060896296296296296
0 0.22148098958333332 0.5269587962962963 0.0075453125 0.01688055555555556
0 0.19373697916666668 0.849274537037037 0.015598958333333333 0.037437962962962965
0 0.14977604166666666 0.8934856481481482 0.025593750000000002 0.04993425925925926
0 0.12265677083333333 0.8899958333333333 0.011980208333333332 0.031843518518518514
0 0.10239427083333334 0.9435634259259259 0.012080208333333333 0.020460185185185185
0 0.09905885416666667 0.794313425925926 0.008534375 0.021960185185185183
0 0.17869453125 0.5427574074074074 0.012597395833333334 0.01884814814814815
0 0.47793593749999996 0.9830374999999999 0.008996875 0.016075
0 0.6060317708333333 0.4817662037037037 0.005813541666666667 0.01723611111111111
