1 0.4998046875 0.5939236111111111 0.999609375 0.8111111111111111
0 0.5619140625 0.3237847222222222 0.028125 0.05555555555555555
0 0.51474609375 0.32395833333333335 0.0265625 0.02638888888888889
0 0.30244140625 0.42065972222222225 0.012109375 0.020138888888888887
0 0.61484375 0.22447916666666667 0.044140625 0.030555555555555558
0 0.6890625 0.24722222222222223 0.008984375 0.03263888888888889
0 0.338260498046875 0.8586805555555556 0.01831787109375 0.01597222222222222
0 0.3931640625 0.8645833333333334 0.0109375 0.017361111111111112
0 0.8533203125 0.6484375 0.023046875 0.03125
0 0.74453125 0.48142361111111115 0.006640625 0.013194444444444444
0 0.901171875 0.5684027777777777 0.011328125 0.025694444444444447
0 0.987890625 0.4782986111111111 0.0109375 0.024305555555555556
0 0.64970703125 0.35694444444444445 0.011328125 0.01597222222222222
0 0.11865234375 0.24913194444444445 0.013671875 0.024305555555555556
0 0.1486328125 0.909201388888889 0.004296875 0.018055555555555557
0 0.20028955078125 0.9067708333333333 0.0040947265625 0.009722222222222222
0 0.203978515625 0.9081371527777777 0.00268359375 0.007246527777777779
0 0.8515625 0.8887152777777777 0.017578125 0.018750000000000003
0 0.96357421875 0.8241319444444444 0.01015625 0.042361111111111106
1 0.5 0.5921193576388889 1.0 0.8161831597222222
0 0.56329833984375 0.32553472222222224 0.0279638671875 0.05558333333333333
0 0.5167109375 0.3242894965277778 0.0265859375 0.027051215277777776
0 0.30343408203125 0.41455772569444443 0.0121416015625 0.02008767361111111
0 0.617828125 0.2277065972222222 0.04425 0.030065972222222223
0 0.69159521484375 0.2524401041666666 0.0091669921875 0.03265798611111111
0 0.33482763671875 0.8533194444444444 0.0182880859375 0.015666666666666666
0 0.38929443359375 0.8611158854166666 0.0110107421875 0.017370659722222223
0 0.851853759765625 0.6589609375000001 0.02304345703125 0.03146354166666667
0 0.745063232421875 0.48929557291666664 0.00672802734375 0.013313368055555556
0 0.900146728515625 0.5805716145833333 0.01123095703125 0.0257265625
0 0.987828369140625 0.49309027777777775 0.01081298828125 0.024374999999999997
0 0.651154052734375 0.36136848958333334 0.01129248046875 0.016139756944444444
0 0.12106201171875 0.23704383680555555 0.0136083984375 0.024434895833333335
0 0.144705810546875 0.8979639756944445 0.00425537109375 0.01815017361111111
0 0.19637890625 0.8972335069444445 0.0040859375 0.009744791666666667
0 0.199572021484375 0.8986293402777777 0.00265966796875 0.0073281250000000004
0 0.8477333984375 0.8989670138888888 0.017732421875 0.01842013888888889
0 0.960278076171875 0.8380177951388889 0.01039990234375 0.04235503472222222
1 0.5 0.4188033854166667 1.0 0.8376067708333333
0 0.568386962890625 0.6692760416666667 0.02837548828125 0.055565972222222225
0 0.521604248046875 0.674216579861111 0.02660693359375 0.02898871527777778
0 0.305912841796875 0.6036979166666667 0.01221630859375 0.019895833333333335
0 0.625275390625 0.7599314236111111 0.04449609375 0.028543402777777775
0 0.69869677734375 0.7290017361111111 0.0096982421875 0.03265625
0 0.324511962890625 0.16274305555555554 0.01816455078125 0.014722222222222223
0 0.379140380859375 0.14930859375 0.01121044921875 0.017367187500000002
0 0.846456298828125 0.30855772569444445 0.02299072265625 0.03204600694444445
0 0.7447001953125 0.48772612847222224 0.006978515625 0.013646701388888889
0 0.897626953125 0.3818120659722222 0.01107421875 0.025776909722222224
0 0.987632080078125 0.4610533854166667 0.01042041015625 0.024537326388888888
0 0.65499609375 0.624625 0.0111640625 0.01661111111111111
0 0.12925537109375 0.7971119791666667 0.0133935546875 0.02477951388888889
0 0.1334091796875 0.1359357638888889 0.004123046875 0.018399305555555558
0 0.185131103515625 0.13163368055555555 0.00405126953125 0.00979513888888889
0 0.188303466796875 0.1296488715277778 0.00258349609375 0.007561631944444445
0 0.8352529296875 0.06859418402777778 0.018162109375 0.01739670138888889
0 0.94989208984375 0.11921918402777777 0.0111123046875 0.0422578125
1 0.4998046875 0.5939236111111111 0.999609375 0.8111111111111111
0 0.5619140625 0.3237847222222222 0.028125 0.05555555555555555
0 0.51474609375 0.32395833333333335 0.0265625 0.02638888888888889
0 0.30244140625 0.42065972222222225 0.012109375 0.020138888888888887
0 0.61484375 0.22447916666666667 0.044140625 0.030555555555555558
0 0.6890625 0.24722222222222223 0.008984375 0.03263888888888889
0 0.338260498046875 0.8586805555555556 0.01831787109375 0.01597222222222222
0 0.3931640625 0.8645833333333334 0.0109375 0.017361111111111112
0 0.8533203125 0.6484375 0.023046875 0.03125
0 0.74453125 0.48142361111111115 0.006640625 0.013194444444444444
0 0.901171875 0.5684027777777777 0.011328125 0.025694444444444447
0 0.987890625 0.4782986111111111 0.0109375 0.024305555555555556
0 0.64970703125 0.35694444444444445 0.011328125 0.01597222222222222
0 0.11865234375 0.24913194444444445 0.013671875 0.024305555555555556
0 0.1486328125 0.909201388888889 0.004296875 0.018055555555555557
0 0.20028955078125 0.9067708333333333 0.0040947265625 0.009722222222222222
0 0.203978515625 0.9081371527777777 0.00268359375 0.007246527777777779
0 0.8515625 0.8887152777777777 0.017578125 0.018750000000000003
0 0.96357421875 0.8241319444444444 0.01015625 0.042361111111111106
1 0.5 0.5921193576388889 1.0 0.8161831597222222
0 0.56329833984375 0.32553472222222224 0.0279638671875 0.05558333333333333
0 0.5167109375 0.3242894965277778 0.0265859375 0.027051215277777776
0 0.30343408203125 0.41455772569444443 0.0121416015625 0.02008767361111111
0 0.617828125 0.2277065972222222 0.04425 0.030065972222222223
0 0.69159521484375 0.2524401041666666 0.0091669921875 0.03265798611111111
0 0.33482763671875 0.8533194444444444 0.0182880859375 0.015666666666666666
0 0.38929443359375 0.8611158854166666 0.0110107421875 0.017370659722222223
0 0.851853759765625 0.6589609375000001 0.02304345703125 0.03146354166666667
0 0.745063232421875 0.48929557291666664 0.00672802734375 0.013313368055555556
0 0.900146728515625 0.5805716145833333 0.01123095703125 0.0257265625
0 0.987828369140625 0.49309027777777775 0.01081298828125 0.024374999999999997
0 0.651154052734375 0.36136848958333334 0.01129248046875 0.016139756944444444
0 0.12106201171875 0.23704383680555555 0.0136083984375 0.024434895833333335
0 0.144705810546875 0.8979639756944445 0.00425537109375 0.01815017361111111
0 0.19637890625 0.8972335069444445 0.0040859375 0.009744791666666667
0 0.199572021484375 0.8986293402777777 0.00265966796875 0.0073281250000000004
0 0.8477333984375 0.8989670138888888 0.017732421875 0.01842013888888889
0 0.960278076171875 0.8380177951388889 0.01039990234375 0.04235503472222222
1 0.5 0.4188033854166667 1.0 0.8376067708333333
0 0.568386962890625 0.6692760416666667 0.02837548828125 0.055565972222222225
0 0.521604248046875 0.674216579861111 0.02660693359375 0.02898871527777778
0 0.305912841796875 0.6036979166666667 0.01221630859375 0.019895833333333335
0 0.625275390625 0.7599314236111111 0.04449609375 0.028543402777777775
0 0.69869677734375 0.7290017361111111 0.0096982421875 0.03265625
0 0.324511962890625 0.16274305555555554 0.01816455078125 0.014722222222222223
0 0.379140380859375 0.14930859375 0.01121044921875 0.017367187500000002
0 0.846456298828125 0.30855772569444445 0.02299072265625 0.03204600694444445
0 0.7447001953125 0.48772612847222224 0.006978515625 0.013646701388888889
0 0.897626953125 0.3818120659722222 0.01107421875 0.025776909722222224
0 0.987632080078125 0.4610533854166667 0.01042041015625 0.024537326388888888
0 0.65499609375 0.624625 0.0111640625 0.01661111111111111
0 0.12925537109375 0.7971119791666667 0.0133935546875 0.02477951388888889
0 0.1334091796875 0.1359357638888889 0.004123046875 0.018399305555555558
0 0.185131103515625 0.13163368055555555 0.00405126953125 0.00979513888888889
0 0.188303466796875 0.1296488715277778 0.00258349609375 0.007561631944444445
0 0.8352529296875 0.06859418402777778 0.018162109375 0.01739670138888889
0 0.94989208984375 0.11921918402777777 0.0111123046875 0.0422578125
