1 0.49973958333333335 0.5365740740740741 0.9994791666666667 0.925
0 0.45286458333333335 0.3736111111111111 0.019270833333333334 0.026851851851851852
0 0.43515625 0.33564814814814814 0.013020833333333334 0.032407407407407406
0 0.6546875 0.3736111111111111 0.017708333333333333 0.032407407407407406
0 0.5924479166666666 0.23657407407407408 0.0234375 0.05462962962962963
0 0.4817708333333333 0.5074074074074074 0.01875 0.046296296296296294
0 0.5770833333333333 0.47453703703703703 0.027083333333333334 0.030555555555555555
0 0.465625 0.2523148148148148 0.026041666666666668 0.04351851851851852
0 0.40390625 0.12407407407407407 0.0171875 0.03148148148148148
0 0.5953125 0.7157407407407408 0.014583333333333334 0.046296296296296294
0 0.6807291666666667 0.6555555555555556 0.0125 0.046296296296296294
0 0.51640625 0.9277777777777778 0.016145833333333335 0.024074074074074074
0 0.5372395833333333 0.8518518518518519 0.019270833333333334 0.03518518518518519
0 0.23541666666666666 0.5953703703703703 0.010416666666666666 0.027777777777777776
0 0.2752604166666667 0.7962962962962963 0.03177083333333333 0.05555555555555555
0 0.7596354166666667 0.29259259259259257 0.016145833333333335 0.027777777777777776
0 0.6940104166666666 0.36944444444444446 0.013020833333333334 0.025925925925925925
0 0.5994791666666667 0.2898148148148148 0.015625 0.014814814814814815
0 0.6317708333333333 0.3263888888888889 0.0125 0.028703703703703703
0 0.62578125 0.6662037037037037 0.021354166666666667 0.03611111111111111
0 0.6651041666666667 0.9074074074074074 0.011458333333333333 0.037037037037037035
0 0.5885416666666666 0.6162037037037037 0.022916666666666665 0.032407407407407406
0 0.478125 0.21296296296296297 0.022916666666666665 0.03888888888888889
0 0.5174479166666667 0.6263888888888889 0.0328125 0.03611111111111111
0 0.5325520833333334 0.5402777777777777 0.008854166666666666 0.023148148148148147
0 0.46875 0.6361111111111111 0.014583333333333334 0.040740740740740744
0 0.10911458333333333 0.513425925925926 0.027604166666666666 0.03981481481481482
0 0.5622395833333333 0.7898148148148149 0.0234375 0.05
0 0.56875 0.7018518518518518 0.051041666666666666 0.06481481481481481
0 0.49166666666666664 0.9328703703703703 0.022916666666666665 0.013888888888888888
0 0.565625 0.8550925925925926 0.010416666666666666 0.023148148148148147
0 0.090625 0.19675925925925927 0.0125 0.019444444444444445
1 0.5 0.4651282407407408 1.0 0.9302564814814815
0 0.4543846354166667 0.6283277777777778 0.019185937500000003 0.027025925925925925
0 0.4366359375 0.6662175925925926 0.012855208333333333 0.032435185185185185
0 0.6557096354166667 0.6218050925925925 0.01766927083333333 0.03249907407407407
0 0.5949640625 0.7607087962962963 0.023261458333333332 0.054750925925925925
0 0.4819330729166667 0.4934101851851852 0.019074479166666665 0.04607962962962963
0 0.5771039062500001 0.5234712962962963 0.027124479166666667 0.030275925925925925
0 0.46782447916666664 0.7485027777777779 0.026273958333333333 0.04330185185185185
0 0.4075552083333333 0.8787578703703703 0.01719375 0.031589814814814814
0 0.5931098958333333 0.2814615740740741 0.014344791666666667 0.04625648148148148
0 0.67904296875 0.3389097222222222 0.012252604166666665 0.04633796296296296
0 0.5122200520833333 0.07213981481481481 0.016106770833333332 0.02390925925925926
0 0.5335377604166667 0.14728425925925925 0.019158854166666666 0.03530925925925926
0 0.23437864583333334 0.41310648148148144 0.010423958333333334 0.028064814814814813
0 0.2725901041666667 0.2104476851851852 0.031638541666666666 0.05608055555555556
0 0.7617856770833333 0.6989912037037037 0.0162796875 0.02761203703703704
0 0.6951057291666667 0.6249898148148149 0.013128125 0.025905555555555557
0 0.6015611979166666 0.7074222222222222 0.015622395833333334 0.014844444444444445
0 0.6333596354166667 0.6698569444444444 0.012552604166666667 0.028602777777777776
0 0.6242671875 0.3302027777777778 0.021451041666666667 0.03633148148148148
0 0.66108203125 0.08797638888888888 0.011747395833333334 0.03706388888888889
0 0.5874528645833333 0.3812666666666667 0.022822395833333335 0.032903703703703706
0 0.4807229166666667 0.7881537037037037 0.022904166666666666 0.03927037037037037
0 0.516421875 0.37276342592592593 0.03284375 0.03626759259259259
0 0.5319716145833333 0.4588189814814815 0.008734895833333334 0.02319351851851852
0 0.46722734375 0.36486805555555557 0.014663020833333333 0.04084722222222222
0 0.10912604166666666 0.49878564814814813 0.027627083333333333 0.04016388888888889
0 0.5595791666666667 0.20845092592592593 0.023325 0.05023518518518518
0 0.5668627604166667 0.2962106481481482 0.05143385416666667 0.06464351851851852
0 0.48752994791666665 0.06778796296296297 0.022976562500000002 0.013353703703703704
0 0.5619966145833334 0.14301342592592592 0.0104515625 0.023063888888888887
0 0.0938171875 0.8160888888888889 0.012634375 0.019214814814814813
1 0.49973958333333335 0.5365740740740741 0.9994791666666667 0.925
0 0.45286458333333335 0.3736111111111111 0.019270833333333334 0.026851851851851852
0 0.43515625 0.33564814814814814 0.013020833333333334 0.032407407407407406
0 0.6546875 0.3736111111111111 0.017708333333333333 0.032407407407407406
0 0.5924479166666666 0.23657407407407408 0.0234375 0.05462962962962963
0 0.4817708333333333 0.5074074074074074 0.01875 0.046296296296296294
0 0.5770833333333333 0.47453703703703703 0.027083333333333334 0.030555555555555555
0 0.465625 0.2523148148148148 0.026041666666666668 0.04351851851851852
0 0.40390625 0.12407407407407407 0.0171875 0.03148148148148148
0 0.5953125 0.7157407407407408 0.014583333333333334 0.046296296296296294
0 0.6807291666666667 0.6555555555555556 0.0125 0.046296296296296294
0 0.51640625 0.9277777777777778 0.016145833333333335 0.024074074074074074
0 0.5372395833333333 0.8518518518518519 0.019270833333333334 0.03518518518518519
0 0.23541666666666666 0.5953703703703703 0.010416666666666666 0.027777777777777776
0 0.2752604166666667 0.7962962962962963 0.03177083333333333 0.05555555555555555
0 0.7596354166666667 0.29259259259259257 0.016145833333333335 0.027777777777777776
0 0.6940104166666666 0.36944444444444446 0.013020833333333334 0.025925925925925925
0 0.5994791666666667 0.2898148148148148 0.015625 0.014814814814814815
0 0.6317708333333333 0.3263888888888889 0.0125 0.028703703703703703
0 0.62578125 0.6662037037037037 0.021354166666666667 0.03611111111111111
0 0.6651041666666667 0.9074074074074074 0.011458333333333333 0.037037037037037035
0 0.5885416666666666 0.6162037037037037 0.022916666666666665 0.032407407407407406
0 0.478125 0.21296296296296297 0.022916666666666665 0.03888888888888889
0 0.5174479166666667 0.6263888888888889 0.0328125 0.03611111111111111
0 0.5325520833333334 0.5402777777777777 0.008854166666666666 0.023148148148148147
0 0.46875 0.6361111111111111 0.014583333333333334 0.040740740740740744
0 0.10911458333333333 0.513425925925926 0.027604166666666666 0.03981481481481482
0 0.5622395833333333 0.7898148148148149 0.0234375 0.05
0 0.56875 0.7018518518518518 0.051041666666666666 0.06481481481481481
0 0.49166666666666664 0.9328703703703703 0.022916666666666665 0.013888888888888888
0 0.565625 0.8550925925925926 0.010416666666666666 0.023148148148148147
0 0.090625 0.19675925925925927 0.0125 0.019444444444444445
1 0.49973958333333335 0.5365740740740741 0.9994791666666667 0.925
0 0.45286458333333335 0.3736111111111111 0.019270833333333334 0.026851851851851852
0 0.43515625 0.33564814814814814 0.013020833333333334 0.032407407407407406
0 0.6546875 0.3736111111111111 0.017708333333333333 0.032407407407407406
0 0.5924479166666666 0.23657407407407408 0.0234375 0.05462962962962963
0 0.4817708333333333 0.5074074074074074 0.01875 0.046296296296296294
0 0.5770833333333333 0.47453703703703703 0.027083333333333334 0.030555555555555555
0 0.465625 0.2523148148148148 0.026041666666666668 0.04351851851851852
0 0.40390625 0.12407407407407407 0.0171875 0.03148148148148148
0 0.5953125 0.7157407407407408 0.014583333333333334 0.046296296296296294
0 0.6807291666666667 0.6555555555555556 0.0125 0.046296296296296294
0 0.51640625 0.9277777777777778 0.016145833333333335 0.024074074074074074
0 0.5372395833333333 0.8518518518518519 0.019270833333333334 0.03518518518518519
0 0.23541666666666666 0.5953703703703703 0.010416666666666666 0.027777777777777776
0 0.2752604166666667 0.7962962962962963 0.03177083333333333 0.05555555555555555
0 0.7596354166666667 0.29259259259259257 0.016145833333333335 0.027777777777777776
0 0.6940104166666666 0.36944444444444446 0.013020833333333334 0.025925925925925925
0 0.5994791666666667 0.2898148148148148 0.015625 0.014814814814814815
0 0.6317708333333333 0.3263888888888889 0.0125 0.028703703703703703
0 0.62578125 0.6662037037037037 0.021354166666666667 0.03611111111111111
0 0.6651041666666667 0.9074074074074074 0.011458333333333333 0.037037037037037035
0 0.5885416666666666 0.6162037037037037 0.022916666666666665 0.032407407407407406
0 0.478125 0.21296296296296297 0.022916666666666665 0.03888888888888889
0 0.5174479166666667 0.6263888888888889 0.0328125 0.03611111111111111
0 0.5325520833333334 0.5402777777777777 0.008854166666666666 0.023148148148148147
0 0.46875 0.6361111111111111 0.014583333333333334 0.040740740740740744
0 0.10911458333333333 0.513425925925926 0.027604166666666666 0.03981481481481482
0 0.5622395833333333 0.7898148148148149 0.0234375 0.05
0 0.56875 0.7018518518518518 0.051041666666666666 0.06481481481481481
0 0.49166666666666664 0.9328703703703703 0.022916666666666665 0.013888888888888888
0 0.565625 0.8550925925925926 0.010416666666666666 0.023148148148148147
0 0.090625 0.19675925925925927 0.0125 0.019444444444444445
1 0.5 0.4651282407407408 1.0 0.9302564814814815
0 0.4543846354166667 0.6283277777777778 0.019185937500000003 0.027025925925925925
0 0.4366359375 0.6662175925925926 0.012855208333333333 0.032435185185185185
0 0.6557096354166667 0.6218050925925925 0.01766927083333333 0.03249907407407407
0 0.5949640625 0.7607087962962963 0.023261458333333332 0.054750925925925925
0 0.4819330729166667 0.4934101851851852 0.019074479166666665 0.04607962962962963
0 0.5771039062500001 0.5234712962962963 0.027124479166666667 0.030275925925925925
0 0.46782447916666664 0.7485027777777779 0.026273958333333333 0.04330185185185185
0 0.4075552083333333 0.8787578703703703 0.01719375 0.031589814814814814
0 0.5931098958333333 0.2814615740740741 0.014344791666666667 0.04625648148148148
0 0.67904296875 0.3389097222222222 0.012252604166666665 0.04633796296296296
0 0.5122200520833333 0.07213981481481481 0.016106770833333332 0.02390925925925926
0 0.5335377604166667 0.14728425925925925 0.019158854166666666 0.03530925925925926
0 0.23437864583333334 0.41310648148148144 0.010423958333333334 0.028064814814814813
0 0.2725901041666667 0.2104476851851852 0.031638541666666666 0.05608055555555556
0 0.7617856770833333 0.6989912037037037 0.0162796875 0.02761203703703704
0 0.6951057291666667 0.6249898148148149 0.013128125 0.025905555555555557
0 0.6015611979166666 0.7074222222222222 0.015622395833333334 0.014844444444444445
0 0.6333596354166667 0.6698569444444444 0.012552604166666667 0.028602777777777776
0 0.6242671875 0.3302027777777778 0.021451041666666667 0.03633148148148148
0 0.66108203125 0.08797638888888888 0.011747395833333334 0.03706388888888889
0 0.5874528645833333 0.3812666666666667 0.022822395833333335 0.032903703703703706
0 0.4807229166666667 0.7881537037037037 0.022904166666666666 0.03927037037037037
0 0.516421875 0.37276342592592593 0.03284375 0.03626759259259259
0 0.5319716145833333 0.4588189814814815 0.008734895833333334 0.02319351851851852
0 0.46722734375 0.36486805555555557 0.014663020833333333 0.04084722222222222
0 0.10912604166666666 0.49878564814814813 0.027627083333333333 0.04016388888888889
0 0.5595791666666667 0.20845092592592593 0.023325 0.05023518518518518
0 0.5668627604166667 0.2962106481481482 0.05143385416666667 0.06464351851851852
0 0.48752994791666665 0.06778796296296297 0.022976562500000002 0.013353703703703704
0 0.5619966145833334 0.14301342592592592 0.0104515625 0.023063888888888887
0 0.0938171875 0.8160888888888889 0.012634375 0.019214814814814813
1 0.49973958333333335 0.5365740740740741 0.9994791666666667 0.925
0 0.45286458333333335 0.3736111111111111 0.019270833333333334 0.026851851851851852
0 0.43515625 0.33564814814814814 0.013020833333333334 0.032407407407407406
0 0.6546875 0.3736111111111111 0.017708333333333333 0.032407407407407406
0 0.5924479166666666 0.23657407407407408 0.0234375 0.05462962962962963
0 0.4817708333333333 0.5074074074074074 0.01875 0.046296296296296294
0 0.5770833333333333 0.47453703703703703 0.027083333333333334 0.030555555555555555
0 0.465625 0.2523148148148148 0.026041666666666668 0.04351851851851852
0 0.40390625 0.12407407407407407 0.0171875 0.03148148148148148
0 0.5953125 0.7157407407407408 0.014583333333333334 0.046296296296296294
0 0.6807291666666667 0.6555555555555556 0.0125 0.046296296296296294
0 0.51640625 0.9277777777777778 0.016145833333333335 0.024074074074074074
0 0.5372395833333333 0.8518518518518519 0.019270833333333334 0.03518518518518519
0 0.23541666666666666 0.5953703703703703 0.010416666666666666 0.027777777777777776
0 0.2752604166666667 0.7962962962962963 0.03177083333333333 0.05555555555555555
0 0.7596354166666667 0.29259259259259257 0.016145833333333335 0.027777777777777776
0 0.6940104166666666 0.36944444444444446 0.013020833333333334 0.025925925925925925
0 0.5994791666666667 0.2898148148148148 0.015625 0.014814814814814815
0 0.6317708333333333 0.3263888888888889 0.0125 0.028703703703703703
0 0.62578125 0.6662037037037037 0.021354166666666667 0.03611111111111111
0 0.6651041666666667 0.9074074074074074 0.011458333333333333 0.037037037037037035
0 0.5885416666666666 0.6162037037037037 0.022916666666666665 0.032407407407407406
0 0.478125 0.21296296296296297 0.022916666666666665 0.03888888888888889
0 0.5174479166666667 0.6263888888888889 0.0328125 0.03611111111111111
0 0.5325520833333334 0.5402777777777777 0.008854166666666666 0.023148148148148147
0 0.46875 0.6361111111111111 0.014583333333333334 0.040740740740740744
0 0.10911458333333333 0.513425925925926 0.027604166666666666 0.03981481481481482
0 0.5622395833333333 0.7898148148148149 0.0234375 0.05
0 0.56875 0.7018518518518518 0.051041666666666666 0.06481481481481481
0 0.49166666666666664 0.9328703703703703 0.022916666666666665 0.013888888888888888
0 0.565625 0.8550925925925926 0.010416666666666666 0.023148148148148147
0 0.090625 0.19675925925925927 0.0125 0.019444444444444445
