1 0.5 0.5228319444444445 1.0 0.9549231481481482
0 0.2175049479166667 0.1319212962962963 0.0079265625 0.021249999999999998
0 0.23911432291666665 0.09590925925925925 0.0105203125 0.025151851851851852
0 0.10922421875 0.8089055555555557 0.031990104166666665 0.09373703703703704
0 0.7296111979166666 0.4233967592592593 0.015472395833333335 0.03753425925925926
0 0.9405971354166667 0.5998 0.0134859375 0.04034074074074074
0 0.7060471354166666 0.627375925925926 0.008969270833333333 0.014011111111111111
0 0.9417572916666667 0.33057175925925925 0.007472916666666667 0.025958333333333333
0 0.66733203125 0.9892375000000001 0.02112239583333333 0.021067592592592593
0 0.23424427083333335 0.9075143518518518 0.008071875 0.01688055555555556
0 0.6579596354166667 0.5712754629629629 0.0107109375 0.018476851851851852
0 0.9571453125 0.7790458333333333 0.012207291666666667 0.0451287037037037
0 0.7485690104166667 0.5457666666666666 0.007554687500000001 0.015607407407407408
0 0.08457213541666667 0.5284078703703704 0.010810937500000001 0.04200092592592592
0 0.6205151041666667 0.49273472222222225 0.027488541666666665 0.033617592592592595
0 0.20357031250000002 0.25172638888888893 0.009223958333333334 0.04419351851851852
0 0.07555 0.8225606481481481 0.010475 0.013639814814814815
0 0.9307052083333333 0.8239185185185185 0.0051604166666666665 0.008948148148148148
0 0.9415713541666667 0.6460939814814816 0.007101041666666667 0.010706481481481482
0 0.8635091145833333 0.8637717592592593 0.006184895833333333 0.03124722222222222
0 0.9238895833333333 0.6999541666666667 0.006112500000000001 0.029537962962962964
1 0.49973958333333335 0.5388888888888889 0.9994791666666667 0.9203703703703704
0 0.8059895833333334 0.19583333333333333 0.0078125 0.021296296296296296
0 0.7869791666666667 0.15555555555555556 0.010416666666666666 0.025925925925925925
0 0.8673059895833333 0.8929273148148148 0.03565364583333333 0.09141018518518518
0 0.27734375 0.3736111111111111 0.0171875 0.03611111111111111
0 0.05546875 0.5041666666666667 0.0140625 0.041666666666666664
0 0.2869791666666667 0.5819444444444445 0.008333333333333333 0.013888888888888888
0 0.0734375 0.23703703703703705 0.007291666666666667 0.025925925925925925
0 0.3 0.9532407407407407 0.020833333333333332 0.030555555555555555
0 0.9830729166666666 0.9527777777777777 0.015104166666666667 0.018518518518518517
0 0.7356770833333334 0.962037037037037 0.0078125 0.016666666666666666
0 0.33828125 0.5370370370370371 0.009895833333333333 0.018518518518518517
0 0.027083333333333334 0.6777777777777778 0.0125 0.044444444444444446
0 0.25 0.49166666666666664 0.007291666666666667 0.014814814814814815
0 0.9096354166666667 0.6180555555555556 0.011979166666666667 0.03981481481481482
0 0.2359375 0.9546296296296296 0.005208333333333333 0.011111111111111112
0 0.35052083333333334 0.9842592592592593 0.005208333333333333 0.012962962962962963
0 0.3809895833333333 0.46620370370370373 0.025520833333333333 0.03796296296296296
0 0.8111979166666666 0.3175925925925926 0.011979166666666667 0.04259259259259259
0 0.89921875 0.9125 0.0109375 0.012037037037037037
0 0.05026041666666667 0.7282407407407407 0.0046875 0.008333333333333333
0 0.05182291666666667 0.549537037037037 0.0067708333333333336 0.012037037037037037
0 0.1140625 0.7824074074074074 0.005208333333333333 0.03148148148148148
0 0.065625 0.6069444444444444 0.005208333333333333 0.030555555555555555
1 0.5 0.5265810185185185 1.0 0.9476064814814814
0 0.78571015625 0.14026805555555555 0.007878645833333333 0.021276851851851852
0 0.7651161458333333 0.10424351851851851 0.010440625 0.025153703703703702
0 0.8875552083333333 0.8208189814814815 0.03240208333333334 0.0934898148148148
0 0.27088697916666665 0.41590462962962965 0.015732291666666665 0.037364814814814816
0 0.058255729166666666 0.586024537037037 0.013386458333333334 0.04056759259259259
0 0.2929848958333333 0.6208921296296296 0.008886458333333335 0.014006481481481483
0 0.05990234375 0.3176185185185185 0.0073046875 0.02597777777777778
0 0.32773776041666663 0.9863962962962963 0.021100520833333334 0.026496296296296296
0 0.7613125000000001 0.9158402777777778 0.008041666666666666 0.01686574074074074
0 0.34176015625 0.5665912037037037 0.010603645833333335 0.01836759259259259
0 0.03994713541666666 0.7651287037037037 0.012185937499999999 0.04507222222222222
0 0.2511578125 0.5383097222222223 0.007523958333333333 0.015508333333333332
0 0.9148690104166667 0.5412333333333333 0.010988020833333334 0.04172592592592592
0 0.2636911458333333 0.998212037037037 0.004465625 0.0038314814814814813
0 0.3797619791666667 0.48843148148148147 0.02723229166666667 0.03427037037037037
0 0.7985635416666667 0.26089120370370367 0.009627083333333335 0.04400462962962963
0 0.9209005208333333 0.8354152777777778 0.010551041666666667 0.013423148148148148
0 0.06609036458333334 0.8109157407407407 0.005097395833333334 0.008868518518518519
0 0.05717604166666667 0.6323050925925926 0.007060416666666666 0.01090648148148148
0 0.13323385416666667 0.8526916666666667 0.006051041666666667 0.03130925925925926
0 0.07431119791666667 0.6870777777777778 0.0059140625 0.029711111111111112
1 0.5 0.5228319444444445 1.0 0.9549231481481482
0 0.2175049479166667 0.1319212962962963 0.0079265625 0.021249999999999998
0 0.23911432291666665 0.09590925925925925 0.0105203125 0.025151851851851852
0 0.10922421875 0.8089055555555557 0.031990104166666665 0.09373703703703704
0 0.7296111979166666 0.4233967592592593 0.015472395833333335 0.03753425925925926
0 0.9405971354166667 0.5998 0.0134859375 0.04034074074074074
0 0.7060471354166666 0.627375925925926 0.008969270833333333 0.014011111111111111
0 0.9417572916666667 0.33057175925925925 0.007472916666666667 0.025958333333333333
0 0.66733203125 0.9892375000000001 0.02112239583333333 0.021067592592592593
0 0.23424427083333335 0.9075143518518518 0.008071875 0.01688055555555556
0 0.6579596354166667 0.5712754629629629 0.0107109375 0.018476851851851852
0 0.9571453125 0.7790458333333333 0.012207291666666667 0.0451287037037037
0 0.7485690104166667 0.5457666666666666 0.007554687500000001 0.015607407407407408
0 0.08457213541666667 0.5284078703703704 0.010810937500000001 0.04200092592592592
0 0.6205151041666667 0.49273472222222225 0.027488541666666665 0.033617592592592595
0 0.20357031250000002 0.25172638888888893 0.009223958333333334 0.04419351851851852
0 0.07555 0.8225606481481481 0.010475 0.013639814814814815
0 0.9307052083333333 0.8239185185185185 0.0051604166666666665 0.008948148148148148
0 0.9415713541666667 0.6460939814814816 0.007101041666666667 0.010706481481481482
0 0.8635091145833333 0.8637717592592593 0.006184895833333333 0.03124722222222222
0 0.9238895833333333 0.6999541666666667 0.006112500000000001 0.029537962962962964
1 0.49973958333333335 0.5388888888888889 0.9994791666666667 0.9203703703703704
0 0.8059895833333334 0.19583333333333333 0.0078125 0.021296296296296296
0 0.7869791666666667 0.15555555555555556 0.010416666666666666 0.025925925925925925
0 0.8673059895833333 0.8929273148148148 0.03565364583333333 0.09141018518518518
0 0.27734375 0.3736111111111111 0.0171875 0.03611111111111111
0 0.05546875 0.5041666666666667 0.0140625 0.041666666666666664
0 0.2869791666666667 0.5819444444444445 0.008333333333333333 0.013888888888888888
0 0.0734375 0.23703703703703705 0.007291666666666667 0.025925925925925925
0 0.3 0.9532407407407407 0.020833333333333332 0.030555555555555555
0 0.9830729166666666 0.9527777777777777 0.015104166666666667 0.018518518518518517
0 0.7356770833333334 0.962037037037037 0.0078125 0.016666666666666666
0 0.33828125 0.5370370370370371 0.009895833333333333 0.018518518518518517
0 0.027083333333333334 0.6777777777777778 0.0125 0.044444444444444446
0 0.25 0.49166666666666664 0.007291666666666667 0.014814814814814815
0 0.9096354166666667 0.6180555555555556 0.011979166666666667 0.03981481481481482
0 0.2359375 0.9546296296296296 0.005208333333333333 0.011111111111111112
0 0.35052083333333334 0.9842592592592593 0.005208333333333333 0.012962962962962963
0 0.3809895833333333 0.46620370370370373 0.025520833333333333 0.03796296296296296
0 0.8111979166666666 0.3175925925925926 0.011979166666666667 0.04259259259259259
0 0.89921875 0.9125 0.0109375 0.012037037037037037
0 0.05026041666666667 0.7282407407407407 0.0046875 0.008333333333333333
0 0.05182291666666667 0.549537037037037 0.0067708333333333336 0.012037037037037037
0 0.1140625 0.7824074074074074 0.005208333333333333 0.03148148148148148
0 0.065625 0.6069444444444444 0.005208333333333333 0.030555555555555555
1 0.5 0.5265810185185185 1.0 0.9476064814814814
0 0.78571015625 0.14026805555555555 0.007878645833333333 0.021276851851851852
0 0.7651161458333333 0.10424351851851851 0.010440625 0.025153703703703702
0 0.8875552083333333 0.8208189814814815 0.03240208333333334 0.0934898148148148
0 0.27088697916666665 0.41590462962962965 0.015732291666666665 0.037364814814814816
0 0.058255729166666666 0.586024537037037 0.013386458333333334 0.04056759259259259
0 0.2929848958333333 0.6208921296296296 0.008886458333333335 0.014006481481481483
0 0.05990234375 0.3176185185185185 0.0073046875 0.02597777777777778
0 0.32773776041666663 0.9863962962962963 0.021100520833333334 0.026496296296296296
0 0.7613125000000001 0.9158402777777778 0.008041666666666666 0.01686574074074074
0 0.34176015625 0.5665912037037037 0.010603645833333335 0.01836759259259259
0 0.03994713541666666 0.7651287037037037 0.012185937499999999 0.04507222222222222
0 0.2511578125 0.5383097222222223 0.007523958333333333 0.015508333333333332
0 0.9148690104166667 0.5412333333333333 0.010988020833333334 0.04172592592592592
0 0.2636911458333333 0.998212037037037 0.004465625 0.0038314814814814813
0 0.3797619791666667 0.48843148148148147 0.02723229166666667 0.03427037037037037
0 0.7985635416666667 0.26089120370370367 0.009627083333333335 0.04400462962962963
0 0.9209005208333333 0.8354152777777778 0.010551041666666667 0.013423148148148148
0 0.06609036458333334 0.8109157407407407 0.005097395833333334 0.008868518518518519
0 0.05717604166666667 0.6323050925925926 0.007060416666666666 0.01090648148148148
0 0.13323385416666667 0.8526916666666667 0.006051041666666667 0.03130925925925926
0 0.07431119791666667 0.6870777777777778 0.0059140625 0.029711111111111112
