1 0.503125 0.5486111111111112 0.9927083333333333 0.9009259259259259
0 0.49375 0.4597222222222222 0.034375 0.05648148148148148
0 0.5208333333333334 0.35185185185185186 0.0125 0.022222222222222223
0 0.18567708333333333 0.5388888888888889 0.013020833333333334 0.024074074074074074
0 0.3138020833333333 0.649537037037037 0.0265625 0.05277777777777778
0 0.36666666666666664 0.9638888888888889 0.017708333333333333 0.03888888888888889
0 0.6002604166666666 0.6759259259259259 0.0171875 0.025925925925925925
0 0.6059895833333333 0.7587962962962963 0.028645833333333332 0.04351851851851852
0 0.6104166666666667 0.7685185185185185 0.016666666666666666 0.025925925925925925
0 0.6359375 0.9685185185185186 0.021875 0.040740740740740744
0 0.6838541666666667 0.4263888888888889 0.013541666666666667 0.03425925925925926
0 0.52734375 0.2902777777777778 0.0067708333333333336 0.01574074074074074
0 0.28880208333333335 0.5819444444444445 0.019270833333333334 0.062037037037037036
0 0.2989583333333333 0.4050925925925926 0.007291666666666667 0.012037037037037037
0 0.46536458333333336 0.2875 0.0171875 0.03981481481481482
0 0.9567708333333333 0.39444444444444443 0.011458333333333333 0.02962962962962963
0 0.9671875 0.3439814814814815 0.009375 0.017592592592592594
0 0.32083333333333336 0.8643518518518518 0.013541666666666667 0.026851851851851852
1 0.4974747395833334 0.4587819444444445 0.9949494791666668 0.917563888888889
0 0.5051984375 0.5405541666666667 0.03435520833333334 0.057034259259259264
0 0.47504583333333333 0.6461842592592593 0.012591666666666666 0.02199814814814815
0 0.8151239583333333 0.49013749999999995 0.012539583333333333 0.024719444444444443
0 0.69034921875 0.3685041666666667 0.02549010416666667 0.053675
0 0.6469885416666667 0.04902314814814815 0.01689375 0.03878703703703704
0 0.40496328125 0.3149666666666667 0.017218229166666665 0.02622962962962963
0 0.40173515625 0.2318611111111111 0.028470312499999997 0.045203703703703704
0 0.39793255208333334 0.22208333333333333 0.0166984375 0.02564814814814815
0 0.3779736979166667 0.02015138888888889 0.02157239583333333 0.04030277777777778
0 0.31378072916666666 0.557138888888889 0.012978125 0.03464814814814815
0 0.46652421875 0.7068125 0.007006770833333333 0.015476851851851851
0 0.7130169270833334 0.4376805555555556 0.020825520833333333 0.0605462962962963
0 0.6979388020833334 0.6132722222222222 0.0073359375000000004 0.01172962962962963
0 0.5282890625000001 0.7157402777777778 0.018036458333333335 0.038887962962962964
0 0.04080807291666667 0.5628939814814815 0.011824479166666667 0.029491666666666666
0 0.029105729166666663 0.6127300925925926 0.009253125 0.01805277777777778
0 0.6898739583333333 0.15327083333333333 0.014122916666666667 0.02691203703703704
1 0.5026830729166667 0.4587819444444445 0.9949494791666668 0.917563888888889
0 0.49478177083333336 0.5405541666666667 0.03435520833333334 0.057034259259259264
0 0.5250458333333333 0.6461842592592593 0.012591666666666666 0.02199814814814815
0 0.184915625 0.49013749999999995 0.012539583333333333 0.024719444444444443
0 0.3096200520833333 0.3685041666666667 0.02549010416666667 0.053675
0 0.35323854166666663 0.04902314814814815 0.01689375 0.03878703703703704
0 0.5950674479166668 0.3149666666666667 0.017218229166666665 0.02622962962962963
0 0.59861015625 0.2318611111111111 0.028470312499999997 0.045203703703703704
0 0.60209921875 0.22208333333333333 0.0166984375 0.02564814814814815
0 0.62224453125 0.02015138888888889 0.02157239583333333 0.04030277777777778
0 0.6861765625 0.557138888888889 0.012978125 0.03464814814814815
0 0.53371171875 0.7068125 0.007006770833333333 0.015476851851851851
0 0.28697526041666666 0.4376805555555556 0.020825520833333333 0.0605462962962963
0 0.30210546875 0.6132722222222222 0.0073359375000000004 0.01172962962962963
0 0.47203906250000005 0.7157402777777778 0.018036458333333335 0.038887962962962964
0 0.9590372395833333 0.5628939814814815 0.011824479166666667 0.029491666666666666
0 0.9712932291666667 0.6127300925925926 0.009253125 0.01805277777777778
0 0.3101864583333333 0.15327083333333333 0.014122916666666667 0.02691203703703704
1 0.503125 0.5486111111111112 0.9927083333333333 0.9009259259259259
0 0.49375 0.4597222222222222 0.034375 0.05648148148148148
0 0.5208333333333334 0.35185185185185186 0.0125 0.022222222222222223
0 0.18567708333333333 0.5388888888888889 0.013020833333333334 0.024074074074074074
0 0.3138020833333333 0.649537037037037 0.0265625 0.05277777777777778
0 0.36666666666666664 0.9638888888888889 0.017708333333333333 0.03888888888888889
0 0.6002604166666666 0.6759259259259259 0.0171875 0.025925925925925925
0 0.6059895833333333 0.7587962962962963 0.028645833333333332 0.04351851851851852
0 0.6104166666666667 0.7685185185185185 0.016666666666666666 0.025925925925925925
0 0.6359375 0.9685185185185186 0.021875 0.040740740740740744
0 0.6838541666666667 0.4263888888888889 0.013541666666666667 0.03425925925925926
0 0.52734375 0.2902777777777778 0.0067708333333333336 0.01574074074074074
0 0.28880208333333335 0.5819444444444445 0.019270833333333334 0.062037037037037036
0 0.2989583333333333 0.4050925925925926 0.007291666666666667 0.012037037037037037
0 0.46536458333333336 0.2875 0.0171875 0.03981481481481482
0 0.9567708333333333 0.39444444444444443 0.011458333333333333 0.02962962962962963
0 0.9671875 0.3439814814814815 0.009375 0.017592592592592594
0 0.32083333333333336 0.8643518518518518 0.013541666666666667 0.026851851851851852
1 0.4974747395833334 0.4587819444444445 0.9949494791666668 0.917563888888889
0 0.5051984375 0.5405541666666667 0.03435520833333334 0.057034259259259264
0 0.47504583333333333 0.6461842592592593 0.012591666666666666 0.02199814814814815
0 0.8151239583333333 0.49013749999999995 0.012539583333333333 0.024719444444444443
0 0.69034921875 0.3685041666666667 0.02549010416666667 0.053675
0 0.6469885416666667 0.04902314814814815 0.01689375 0.03878703703703704
0 0.40496328125 0.3149666666666667 0.017218229166666665 0.02622962962962963
0 0.40173515625 0.2318611111111111 0.028470312499999997 0.045203703703703704
0 0.39793255208333334 0.22208333333333333 0.0166984375 0.02564814814814815
0 0.3779736979166667 0.02015138888888889 0.02157239583333333 0.04030277777777778
0 0.31378072916666666 0.557138888888889 0.012978125 0.03464814814814815
0 0.46652421875 0.7068125 0.007006770833333333 0.015476851851851851
0 0.7130169270833334 0.4376805555555556 0.020825520833333333 0.0605462962962963
0 0.6979388020833334 0.6132722222222222 0.0073359375000000004 0.01172962962962963
0 0.5282890625000001 0.7157402777777778 0.018036458333333335 0.038887962962962964
0 0.04080807291666667 0.5628939814814815 0.011824479166666667 0.029491666666666666
0 0.029105729166666663 0.6127300925925926 0.009253125 0.01805277777777778
0 0.6898739583333333 0.15327083333333333 0.014122916666666667 0.02691203703703704
1 0.5026830729166667 0.4587819444444445 0.9949494791666668 0.917563888888889
0 0.49478177083333336 0.5405541666666667 0.03435520833333334 0.057034259259259264
0 0.5250458333333333 0.6461842592592593 0.012591666666666666 0.02199814814814815
0 0.184915625 0.49013749999999995 0.012539583333333333 0.024719444444444443
0 0.3096200520833333 0.3685041666666667 0.02549010416666667 0.053675
0 0.35323854166666663 0.04902314814814815 0.01689375 0.03878703703703704
0 0.5950674479166668 0.3149666666666667 0.017218229166666665 0.02622962962962963
0 0.59861015625 0.2318611111111111 0.028470312499999997 0.045203703703703704
0 0.60209921875 0.22208333333333333 0.0166984375 0.02564814814814815
0 0.62224453125 0.02015138888888889 0.02157239583333333 0.04030277777777778
0 0.6861765625 0.557138888888889 0.012978125 0.03464814814814815
0 0.53371171875 0.7068125 0.007006770833333333 0.015476851851851851
0 0.28697526041666666 0.4376805555555556 0.020825520833333333 0.0605462962962963
0 0.30210546875 0.6132722222222222 0.0073359375000000004 0.01172962962962963
0 0.47203906250000005 0.7157402777777778 0.018036458333333335 0.038887962962962964
0 0.9590372395833333 0.5628939814814815 0.011824479166666667 0.029491666666666666
0 0.9712932291666667 0.6127300925925926 0.009253125 0.01805277777777778
0 0.3101864583333333 0.15327083333333333 0.014122916666666667 0.02691203703703704
1 0.503125 0.5486111111111112 0.9927083333333333 0.9009259259259259
0 0.49375 0.4597222222222222 0.034375 0.05648148148148148
0 0.5208333333333334 0.35185185185185186 0.0125 0.022222222222222223
0 0.18567708333333333 0.5388888888888889 0.013020833333333334 0.024074074074074074
0 0.3138020833333333 0.649537037037037 0.0265625 0.05277777777777778
0 0.36666666666666664 0.9638888888888889 0.017708333333333333 0.03888888888888889
0 0.6002604166666666 0.6759259259259259 0.0171875 0.025925925925925925
0 0.6059895833333333 0.7587962962962963 0.028645833333333332 0.04351851851851852
0 0.6104166666666667 0.7685185185185185 0.016666666666666666 0.025925925925925925
0 0.6359375 0.9685185185185186 0.021875 0.040740740740740744
0 0.6838541666666667 0.4263888888888889 0.013541666666666667 0.03425925925925926
0 0.52734375 0.2902777777777778 0.0067708333333333336 0.01574074074074074
0 0.28880208333333335 0.5819444444444445 0.019270833333333334 0.062037037037037036
0 0.2989583333333333 0.4050925925925926 0.007291666666666667 0.012037037037037037
0 0.46536458333333336 0.2875 0.0171875 0.03981481481481482
0 0.9567708333333333 0.39444444444444443 0.011458333333333333 0.02962962962962963
0 0.9671875 0.3439814814814815 0.009375 0.017592592592592594
0 0.32083333333333336 0.8643518518518518 0.013541666666666667 0.026851851851851852
1 0.4974747395833334 0.4587819444444445 0.9949494791666668 0.917563888888889
0 0.5051984375 0.5405541666666667 0.03435520833333334 0.057034259259259264
0 0.47504583333333333 0.6461842592592593 0.012591666666666666 0.02199814814814815
0 0.8151239583333333 0.49013749999999995 0.012539583333333333 0.024719444444444443
0 0.69034921875 0.3685041666666667 0.02549010416666667 0.053675
0 0.6469885416666667 0.04902314814814815 0.01689375 0.03878703703703704
0 0.40496328125 0.3149666666666667 0.017218229166666665 0.02622962962962963
0 0.40173515625 0.2318611111111111 0.028470312499999997 0.045203703703703704
0 0.39793255208333334 0.22208333333333333 0.0166984375 0.02564814814814815
0 0.3779736979166667 0.02015138888888889 0.02157239583333333 0.04030277777777778
0 0.31378072916666666 0.557138888888889 0.012978125 0.03464814814814815
0 0.46652421875 0.7068125 0.007006770833333333 0.015476851851851851
0 0.7130169270833334 0.4376805555555556 0.020825520833333333 0.0605462962962963
0 0.6979388020833334 0.6132722222222222 0.0073359375000000004 0.01172962962962963
0 0.5282890625000001 0.7157402777777778 0.018036458333333335 0.038887962962962964
0 0.04080807291666667 0.5628939814814815 0.011824479166666667 0.029491666666666666
0 0.029105729166666663 0.6127300925925926 0.009253125 0.01805277777777778
0 0.6898739583333333 0.15327083333333333 0.014122916666666667 0.02691203703703704
1 0.5026830729166667 0.4587819444444445 0.9949494791666668 0.917563888888889
0 0.49478177083333336 0.5405541666666667 0.03435520833333334 0.057034259259259264
0 0.5250458333333333 0.6461842592592593 0.012591666666666666 0.02199814814814815
0 0.184915625 0.49013749999999995 0.012539583333333333 0.024719444444444443
0 0.3096200520833333 0.3685041666666667 0.02549010416666667 0.053675
0 0.35323854166666663 0.04902314814814815 0.01689375 0.03878703703703704
0 0.5950674479166668 0.3149666666666667 0.017218229166666665 0.02622962962962963
0 0.59861015625 0.2318611111111111 0.028470312499999997 0.045203703703703704
0 0.60209921875 0.22208333333333333 0.0166984375 0.02564814814814815
0 0.62224453125 0.02015138888888889 0.02157239583333333 0.04030277777777778
0 0.6861765625 0.557138888888889 0.012978125 0.03464814814814815
0 0.53371171875 0.7068125 0.007006770833333333 0.015476851851851851
0 0.28697526041666666 0.4376805555555556 0.020825520833333333 0.0605462962962963
0 0.30210546875 0.6132722222222222 0.0073359375000000004 0.01172962962962963
0 0.47203906250000005 0.7157402777777778 0.018036458333333335 0.038887962962962964
0 0.9590372395833333 0.5628939814814815 0.011824479166666667 0.029491666666666666
0 0.9712932291666667 0.6127300925925926 0.009253125 0.01805277777777778
0 0.3101864583333333 0.15327083333333333 0.014122916666666667 0.02691203703703704
