1 0.5 0.537225 1.0 0.9263018518518518
0 0.17213151041666666 0.4481574074074074 0.022388020833333334 0.05742592592592593
0 0.4072177083333333 0.48593796296296293 0.024852083333333334 0.04780185185185185
0 0.5063739583333333 0.5374152777777778 0.014831249999999999 0.05260833333333333
0 0.8679143229166667 0.2545217592592593 0.0149953125 0.03496944444444445
0 0.7615158854166667 0.4107018518518518 0.015740104166666668 0.025107407407407408
0 0.7588197916666667 0.5573027777777777 0.010347916666666667 0.023864814814814814
0 0.8387119791666666 0.6691291666666667 0.011798958333333333 0.04196203703703704
0 0.56811015625 0.6736333333333333 0.0112203125 0.038007407407407406
0 0.40085078125 0.34035185185185185 0.016284895833333334 0.03440740740740741
0 0.0453625 0.4407740740740741 0.008433333333333333 0.02228888888888889
0 0.10885911458333333 0.9034875 0.012509895833333333 0.029197222222222225
1 0.49973958333333335 0.5458333333333333 0.9994791666666667 0.9064814814814814
0 0.17110234375 0.4787037037037037 0.02137135416666667 0.05740740740740741
0 0.40729166666666666 0.49389629629629633 0.023958333333333335 0.048903703703703706
0 0.5072916666666667 0.5365740740740741 0.013541666666666667 0.05277777777777778
0 0.8600817708333334 0.22003194444444446 0.014955208333333333 0.03450833333333333
0 0.7583333333333333 0.38657407407407407 0.015625 0.025
0 0.7604166666666666 0.5332754629629629 0.010416666666666666 0.023958333333333335
0 0.84296875 0.6376736111111111 0.011979166666666667 0.04201388888888889
0 0.5729166666666666 0.6671296296296296 0.010416666666666666 0.03796296296296296
0 0.39642526041666665 0.34970555555555555 0.016808854166666668 0.03459629629629629
0 0.04401041666666667 0.48333333333333334 0.008854166666666666 0.022222222222222223
0 0.12109375 0.9393518518518519 0.013020833333333334 0.028703703703703703
1 0.5 0.5502162037037037 1.0 0.9004324074074074
0 0.17080520833333335 0.4990240740740741 0.020777083333333335 0.05730740740740741
0 0.4069752604166667 0.49978194444444446 0.023325520833333332 0.04956388888888889
0 0.50789296875 0.5365902777777778 0.0126609375 0.05281018518518518
0 0.854328125 0.1976291666666667 0.014906250000000001 0.03414722222222222
0 0.7558424479166667 0.36991574074074074 0.0158515625 0.025016666666666666
0 0.7609526041666667 0.5175476851851852 0.010446875 0.023984259259259257
0 0.8457328125 0.6163625 0.012298958333333334 0.04198425925925926
0 0.5762901041666667 0.6624560185185185 0.009871875 0.037875
0 0.39346197916666664 0.3552972222222222 0.017132291666666667 0.03466851851851852
0 0.04414401041666667 0.5119981481481481 0.009121354166666668 0.022144444444444446
0 0.13013489583333335 0.9623134259259261 0.013394791666666666 0.028330555555555557
1 0.5 0.537225 1.0 0.9263018518518518
0 0.17213151041666666 0.4481574074074074 0.022388020833333334 0.05742592592592593
0 0.4072177083333333 0.48593796296296293 0.024852083333333334 0.04780185185185185
0 0.5063739583333333 0.5374152777777778 0.014831249999999999 0.05260833333333333
0 0.8679143229166667 0.2545217592592593 0.0149953125 0.03496944444444445
0 0.7615158854166667 0.4107018518518518 0.015740104166666668 0.025107407407407408
0 0.7588197916666667 0.5573027777777777 0.010347916666666667 0.023864814814814814
0 0.8387119791666666 0.6691291666666667 0.011798958333333333 0.04196203703703704
0 0.56811015625 0.6736333333333333 0.0112203125 0.038007407407407406
0 0.40085078125 0.34035185185185185 0.016284895833333334 0.03440740740740741
0 0.0453625 0.4407740740740741 0.008433333333333333 0.02228888888888889
0 0.10885911458333333 0.9034875 0.012509895833333333 0.029197222222222225
1 0.49973958333333335 0.5458333333333333 0.9994791666666667 0.9064814814814814
0 0.17110234375 0.4787037037037037 0.02137135416666667 0.05740740740740741
0 0.40729166666666666 0.49389629629629633 0.023958333333333335 0.048903703703703706
0 0.5072916666666667 0.5365740740740741 0.013541666666666667 0.05277777777777778
0 0.8600817708333334 0.22003194444444446 0.014955208333333333 0.03450833333333333
0 0.7583333333333333 0.38657407407407407 0.015625 0.025
0 0.7604166666666666 0.5332754629629629 0.010416666666666666 0.023958333333333335
0 0.84296875 0.6376736111111111 0.011979166666666667 0.04201388888888889
0 0.5729166666666666 0.6671296296296296 0.010416666666666666 0.03796296296296296
0 0.39642526041666665 0.34970555555555555 0.016808854166666668 0.03459629629629629
0 0.04401041666666667 0.48333333333333334 0.008854166666666666 0.022222222222222223
0 0.12109375 0.9393518518518519 0.013020833333333334 0.028703703703703703
1 0.5 0.5502162037037037 1.0 0.9004324074074074
0 0.17080520833333335 0.4990240740740741 0.020777083333333335 0.05730740740740741
0 0.4069752604166667 0.49978194444444446 0.023325520833333332 0.04956388888888889
0 0.50789296875 0.5365902777777778 0.0126609375 0.05281018518518518
0 0.854328125 0.1976291666666667 0.014906250000000001 0.03414722222222222
0 0.7558424479166667 0.36991574074074074 0.0158515625 0.025016666666666666
0 0.7609526041666667 0.5175476851851852 0.010446875 0.023984259259259257
0 0.8457328125 0.6163625 0.012298958333333334 0.04198425925925926
0 0.5762901041666667 0.6624560185185185 0.009871875 0.037875
0 0.39346197916666664 0.3552972222222222 0.017132291666666667 0.03466851851851852
0 0.04414401041666667 0.5119981481481481 0.009121354166666668 0.022144444444444446
0 0.13013489583333335 0.9623134259259261 0.013394791666666666 0.028330555555555557
1 0.5 0.537225 1.0 0.9263018518518518
0 0.17213151041666666 0.4481574074074074 0.022388020833333334 0.05742592592592593
0 0.4072177083333333 0.48593796296296293 0.024852083333333334 0.04780185185185185
0 0.5063739583333333 0.5374152777777778 0.014831249999999999 0.05260833333333333
0 0.8679143229166667 0.2545217592592593 0.0149953125 0.03496944444444445
0 0.7615158854166667 0.4107018518518518 0.015740104166666668 0.025107407407407408
0 0.7588197916666667 0.5573027777777777 0.010347916666666667 0.023864814814814814
0 0.8387119791666666 0.6691291666666667 0.011798958333333333 0.04196203703703704
0 0.56811015625 0.6736333333333333 0.0112203125 0.038007407407407406
0 0.40085078125 0.34035185185185185 0.016284895833333334 0.03440740740740741
0 0.0453625 0.4407740740740741 0.008433333333333333 0.02228888888888889
0 0.10885911458333333 0.9034875 0.012509895833333333 0.029197222222222225
1 0.49973958333333335 0.5458333333333333 0.9994791666666667 0.9064814814814814
0 0.17110234375 0.4787037037037037 0.02137135416666667 0.05740740740740741
0 0.40729166666666666 0.49389629629629633 0.023958333333333335 0.048903703703703706
0 0.5072916666666667 0.5365740740740741 0.013541666666666667 0.05277777777777778
0 0.8600817708333334 0.22003194444444446 0.014955208333333333 0.03450833333333333
0 0.7583333333333333 0.38657407407407407 0.015625 0.025
0 0.7604166666666666 0.5332754629629629 0.010416666666666666 0.023958333333333335
0 0.84296875 0.6376736111111111 0.011979166666666667 0.04201388888888889
0 0.5729166666666666 0.6671296296296296 0.010416666666666666 0.03796296296296296
0 0.39642526041666665 0.34970555555555555 0.016808854166666668 0.03459629629629629
0 0.04401041666666667 0.48333333333333334 0.008854166666666666 0.022222222222222223
0 0.12109375 0.9393518518518519 0.013020833333333334 0.028703703703703703
1 0.5 0.5502162037037037 1.0 0.9004324074074074
0 0.17080520833333335 0.4990240740740741 0.020777083333333335 0.05730740740740741
0 0.4069752604166667 0.49978194444444446 0.023325520833333332 0.04956388888888889
0 0.50789296875 0.5365902777777778 0.0126609375 0.05281018518518518
0 0.854328125 0.1976291666666667 0.014906250000000001 0.03414722222222222
0 0.7558424479166667 0.36991574074074074 0.0158515625 0.025016666666666666
0 0.7609526041666667 0.5175476851851852 0.010446875 0.023984259259259257
0 0.8457328125 0.6163625 0.012298958333333334 0.04198425925925926
0 0.5762901041666667 0.6624560185185185 0.009871875 0.037875
0 0.39346197916666664 0.3552972222222222 0.017132291666666667 0.03466851851851852
0 0.04414401041666667 0.5119981481481481 0.009121354166666668 0.022144444444444446
0 0.13013489583333335 0.9623134259259261 0.013394791666666666 0.028330555555555557
