1 0.5 0.45323888888888886 1.0 0.9064777777777777
0 0.21310208333333333 0.7272111111111111 0.016829166666666666 0.13405185185185187
0 0.5070388020833333 0.6791833333333334 0.011994270833333332 0.01207037037037037
0 0.53806796875 0.48812129629629636 0.017802604166666666 0.048464814814814815
0 0.5905635416666667 0.5543634259259259 0.012377083333333334 0.02539351851851852
0 0.6004049479166667 0.3877217592592593 0.012268229166666667 0.025443518518518518
0 0.5640950520833333 0.28563796296296295 0.012565104166666667 0.030535185185185186
0 0.5535591145833333 0.2964939814814815 0.011284895833333334 0.017062037037037035
0 0.5181604166666667 0.33087361111111113 0.0050708333333333334 0.017302777777777778
0 0.51511171875 0.2328449074074074 0.0177234375 0.05272685185185185
0 0.48448697916666666 0.17747824074074076 0.028348958333333334 0.056808333333333336
0 0.6302294270833334 0.1894185185185185 0.03233385416666667 0.0455037037037037
0 0.5814401041666667 0.23345277777777776 0.03996354166666667 0.06320185185185184
0 0.5950106770833333 0.019417592592592594 0.015021354166666667 0.009205555555555555
0 0.5033716145833333 0.06390185185185185 0.009868229166666666 0.01298888888888889
0 0.22501875 0.1845875 0.032329166666666666 0.041397222222222224
0 0.291040625 0.22116851851851851 0.008122916666666667 0.020114814814814815
0 0.2794947916666667 0.3026199074074074 0.01003125 0.02190648148148148
0 0.0024367187499999996 0.4872398148148149 0.004873437499999999 0.02447962962962963
0 0.5898252604166667 0.5551851851851852 0.006733854166666667 0.01037037037037037
0 0.5655697916666667 0.7304282407407408 0.009264583333333333 0.05530092592592593
0 0.5695083333333333 0.6516958333333334 0.020266666666666665 0.13487314814814816
0 0.7955947916666666 0.4716092592592593 0.006814583333333333 0.019144444444444443
0 0.7732731770833333 0.44251666666666667 0.0048796874999999995 0.027625925925925925
0 0.7482591145833334 0.4115111111111111 0.0048515625 0.013762962962962963
0 0.76750078125 0.34524722222222226 0.025626562500000002 0.027531481481481483
0 0.7638791666666667 0.2281875 0.006925 0.019337962962962963
0 0.89162109375 0.1816421296296296 0.016575520833333333 0.029950925925925926
0 0.89225 0.15367638888888888 0.007416666666666667 0.018463888888888887
0 0.9199143229166666 0.1940638888888889 0.005453645833333334 0.014053703703703704
0 0.9280036458333334 0.20143935185185186 0.009132291666666665 0.00843425925925926
1 0.5 0.4701412037037037 1.0 0.9402824074074074
0 0.7514091145833334 0.8355546296296297 0.030943229166666666 0.1266648148148148
0 0.47011119791666667 0.6727231481481482 0.011055729166666667 0.015816666666666666
0 0.4641252604166667 0.47448194444444447 0.020958854166666666 0.047112037037037036
0 0.40519348958333334 0.5166564814814815 0.0124703125 0.022201851851851855
0 0.4160861979166667 0.3509574074074074 0.013422395833333333 0.024137037037037037
0 0.4639880208333333 0.2647305555555555 0.011309375 0.033164814814814814
0 0.47392786458333336 0.28046342592592594 0.0093140625 0.02018611111111111
0 0.5037765625 0.32736203703703703 0.0065114583333333335 0.017687037037037036
0 0.5188359375 0.23417592592592593 0.022046875 0.04612962962962963
0 0.5545755208333334 0.1928263888888889 0.023734375 0.0652824074074074
0 0.41181015625 0.14554027777777778 0.03403697916666667 0.0392287037037037
0 0.45463333333333333 0.21088657407407407 0.03635 0.06621759259259259
0 0.55188515625 0.07440555555555556 0.008978645833333333 0.01547777777777778
0 0.8074085937500001 0.3020611111111111 0.0273171875 0.05227037037037037
0 0.7395692708333333 0.31211527777777776 0.006221875 0.022378703703703703
0 0.7394440104166667 0.395400462962963 0.009096354166666666 0.022282407407407407
0 0.9872244791666667 0.684799537037037 0.008823958333333333 0.027006481481481482
0 0.4060231770833333 0.5166884259259259 0.006838020833333333 0.009302777777777778
0 0.4081927083333333 0.6989083333333334 0.007010416666666667 0.057075925925925926
0 0.413228125 0.6197162037037037 0.03583125 0.12461759259259259
0 0.21552135416666665 0.35420694444444445 0.008126041666666667 0.019525
0 0.24153906249999998 0.3350814814814815 0.0059947916666666665 0.02757037037037037
0 0.26891640624999996 0.31476666666666664 0.005541145833333333 0.012866666666666667
0 0.25943671875 0.24324074074074073 0.026165104166666668 0.032777777777777774
0 0.27724661458333333 0.12954537037037037 0.007618229166666667 0.020201851851851853
0 0.15851666666666667 0.032014814814814815 0.018075 0.028844444444444447
0 0.1614002604166667 0.0074092592592592595 0.009258854166666667 0.014818518518518519
0 0.12958776041666667 0.03353379629629629 0.0070921875 0.011512037037037038
0 0.1208703125 0.037905092592592594 0.008407291666666667 0.01099537037037037
0 0.771771875 0.08705185185185185 0.00916875 0.011140740740740741
0 0.7647674479166666 0.09176574074074074 0.0118265625 0.016864814814814815
1 0.49973958333333335 0.549074074074074 0.9994791666666667 0.9
0 0.22786458333333334 0.2212962962962963 0.0234375 0.13148148148148148
0 0.5177083333333333 0.3226851851851852 0.011458333333333333 0.013888888888888888
0 0.5375 0.5185185185185185 0.01875 0.04814814814814815
0 0.5932291666666667 0.46296296296296297 0.0125 0.024074074074074074
0 0.5932291666666667 0.6300925925925925 0.0125 0.025
0 0.5515625 0.725925925925926 0.011458333333333333 0.03148148148148148
0 0.5411458333333333 0.712037037037037 0.010416666666666666 0.018518518518518517
0 0.5080729166666667 0.6717592592592593 0.005729166666666666 0.017592592592592594
0 0.49947916666666664 0.7685185185185185 0.019791666666666666 0.05
0 0.4661458333333333 0.8175925925925925 0.026041666666666668 0.06111111111111111
0 0.6114583333333333 0.8333333333333334 0.03333333333333333 0.04259259259259259
0 0.5651041666666666 0.7787037037037037 0.03854166666666667 0.06481481481481481
0 0.5658854166666667 0.9953703703703703 0.015104166666666667 0.007407407407407408
0 0.47760416666666666 0.9337962962962963 0.009375 0.013888888888888888
0 0.20833333333333334 0.762962962962963 0.030208333333333334 0.046296296296296294
0 0.2755208333333333 0.7384259259259259 0.007291666666666667 0.021296296296296296
0 0.26927083333333335 0.6555555555555556 0.009375 0.022222222222222223
0 0.016145833333333335 0.9777777777777777 0.007291666666666667 0.024074074074074074
0 0.0036458333333333334 0.4222222222222222 0.007291666666666667 0.027777777777777776
0 0.5924479166666666 0.462037037037037 0.0067708333333333336 0.009259259259259259
0 0.5783854166666667 0.2828703703703704 0.0067708333333333336 0.05648148148148148
0 0.5778645833333333 0.36157407407407405 0.027604166666666666 0.13055555555555556
0 0.7921875 0.5828703703703704 0.007291666666666667 0.019444444444444445
0 0.7682291666666666 0.6074074074074074 0.005208333333333333 0.027777777777777776
0 0.7419270833333333 0.6342592592592593 0.0046875 0.012962962962962963
0 0.7567708333333333 0.7027777777777777 0.026041666666666668 0.02962962962962963
0 0.7463541666666667 0.8199074074074074 0.007291666666666667 0.019444444444444445
0 0.8705729166666667 0.8898148148148148 0.0171875 0.02962962962962963
0 0.8697916666666666 0.9175925925925926 0.008333333333333333 0.018518518518518517
0 0.8994791666666667 0.8824074074074074 0.00625 0.012962962962962963
0 0.9080729166666667 0.8768518518518519 0.008854166666666666 0.009259259259259259
0 0.25859375 0.9685185185185186 0.008854166666666666 0.011111111111111112
0 0.26536458333333335 0.9625 0.011979166666666667 0.01574074074074074
1 0.5 0.45323888888888886 1.0 0.9064777777777777
0 0.21310208333333333 0.7272111111111111 0.016829166666666666 0.13405185185185187
0 0.5070388020833333 0.6791833333333334 0.011994270833333332 0.01207037037037037
0 0.53806796875 0.48812129629629636 0.017802604166666666 0.048464814814814815
0 0.5905635416666667 0.5543634259259259 0.012377083333333334 0.02539351851851852
0 0.6004049479166667 0.3877217592592593 0.012268229166666667 0.025443518518518518
0 0.5640950520833333 0.28563796296296295 0.012565104166666667 0.030535185185185186
0 0.5535591145833333 0.2964939814814815 0.011284895833333334 0.017062037037037035
0 0.5181604166666667 0.33087361111111113 0.0050708333333333334 0.017302777777777778
0 0.51511171875 0.2328449074074074 0.0177234375 0.05272685185185185
0 0.48448697916666666 0.17747824074074076 0.028348958333333334 0.056808333333333336
0 0.6302294270833334 0.1894185185185185 0.03233385416666667 0.0455037037037037
0 0.5814401041666667 0.23345277777777776 0.03996354166666667 0.06320185185185184
0 0.5950106770833333 0.019417592592592594 0.015021354166666667 0.009205555555555555
0 0.5033716145833333 0.06390185185185185 0.009868229166666666 0.01298888888888889
0 0.22501875 0.1845875 0.032329166666666666 0.041397222222222224
0 0.291040625 0.22116851851851851 0.008122916666666667 0.020114814814814815
0 0.2794947916666667 0.3026199074074074 0.01003125 0.02190648148148148
0 0.0024367187499999996 0.4872398148148149 0.004873437499999999 0.02447962962962963
0 0.5898252604166667 0.5551851851851852 0.006733854166666667 0.01037037037037037
0 0.5655697916666667 0.7304282407407408 0.009264583333333333 0.05530092592592593
0 0.5695083333333333 0.6516958333333334 0.020266666666666665 0.13487314814814816
0 0.7955947916666666 0.4716092592592593 0.006814583333333333 0.019144444444444443
0 0.7732731770833333 0.44251666666666667 0.0048796874999999995 0.027625925925925925
0 0.7482591145833334 0.4115111111111111 0.0048515625 0.013762962962962963
0 0.76750078125 0.34524722222222226 0.025626562500000002 0.027531481481481483
0 0.7638791666666667 0.2281875 0.006925 0.019337962962962963
0 0.89162109375 0.1816421296296296 0.016575520833333333 0.029950925925925926
0 0.89225 0.15367638888888888 0.007416666666666667 0.018463888888888887
0 0.9199143229166666 0.1940638888888889 0.005453645833333334 0.014053703703703704
0 0.9280036458333334 0.20143935185185186 0.009132291666666665 0.00843425925925926
1 0.5 0.4701412037037037 1.0 0.9402824074074074
0 0.7514091145833334 0.8355546296296297 0.030943229166666666 0.1266648148148148
0 0.47011119791666667 0.6727231481481482 0.011055729166666667 0.015816666666666666
0 0.4641252604166667 0.47448194444444447 0.020958854166666666 0.047112037037037036
0 0.40519348958333334 0.5166564814814815 0.0124703125 0.022201851851851855
0 0.4160861979166667 0.3509574074074074 0.013422395833333333 0.024137037037037037
0 0.4639880208333333 0.2647305555555555 0.011309375 0.033164814814814814
0 0.47392786458333336 0.28046342592592594 0.0093140625 0.02018611111111111
0 0.5037765625 0.32736203703703703 0.0065114583333333335 0.017687037037037036
0 0.5188359375 0.23417592592592593 0.022046875 0.04612962962962963
0 0.5545755208333334 0.1928263888888889 0.023734375 0.0652824074074074
0 0.41181015625 0.14554027777777778 0.03403697916666667 0.0392287037037037
0 0.45463333333333333 0.21088657407407407 0.03635 0.06621759259259259
0 0.55188515625 0.07440555555555556 0.008978645833333333 0.01547777777777778
0 0.8074085937500001 0.3020611111111111 0.0273171875 0.05227037037037037
0 0.7395692708333333 0.31211527777777776 0.006221875 0.022378703703703703
0 0.7394440104166667 0.395400462962963 0.009096354166666666 0.022282407407407407
0 0.9872244791666667 0.684799537037037 0.008823958333333333 0.027006481481481482
0 0.4060231770833333 0.5166884259259259 0.006838020833333333 0.009302777777777778
0 0.4081927083333333 0.6989083333333334 0.007010416666666667 0.057075925925925926
0 0.413228125 0.6197162037037037 0.03583125 0.12461759259259259
0 0.21552135416666665 0.35420694444444445 0.008126041666666667 0.019525
0 0.24153906249999998 0.3350814814814815 0.0059947916666666665 0.02757037037037037
0 0.26891640624999996 0.31476666666666664 0.005541145833333333 0.012866666666666667
0 0.25943671875 0.24324074074074073 0.026165104166666668 0.032777777777777774
0 0.27724661458333333 0.12954537037037037 0.007618229166666667 0.020201851851851853
0 0.15851666666666667 0.032014814814814815 0.018075 0.028844444444444447
0 0.1614002604166667 0.0074092592592592595 0.009258854166666667 0.014818518518518519
0 0.12958776041666667 0.03353379629629629 0.0070921875 0.011512037037037038
0 0.1208703125 0.037905092592592594 0.008407291666666667 0.01099537037037037
0 0.771771875 0.08705185185185185 0.00916875 0.011140740740740741
0 0.7647674479166666 0.09176574074074074 0.0118265625 0.016864814814814815
1 0.49973958333333335 0.549074074074074 0.9994791666666667 0.9
0 0.22786458333333334 0.2212962962962963 0.0234375 0.13148148148148148
0 0.5177083333333333 0.3226851851851852 0.011458333333333333 0.013888888888888888
0 0.5375 0.5185185185185185 0.01875 0.04814814814814815
0 0.5932291666666667 0.46296296296296297 0.0125 0.024074074074074074
0 0.5932291666666667 0.6300925925925925 0.0125 0.025
0 0.5515625 0.725925925925926 0.011458333333333333 0.03148148148148148
0 0.5411458333333333 0.712037037037037 0.010416666666666666 0.018518518518518517
0 0.5080729166666667 0.6717592592592593 0.005729166666666666 0.017592592592592594
0 0.49947916666666664 0.7685185185185185 0.019791666666666666 0.05
0 0.4661458333333333 0.8175925925925925 0.026041666666666668 0.06111111111111111
0 0.6114583333333333 0.8333333333333334 0.03333333333333333 0.04259259259259259
0 0.5651041666666666 0.7787037037037037 0.03854166666666667 0.06481481481481481
0 0.5658854166666667 0.9953703703703703 0.015104166666666667 0.007407407407407408
0 0.47760416666666666 0.9337962962962963 0.009375 0.013888888888888888
0 0.20833333333333334 0.762962962962963 0.030208333333333334 0.046296296296296294
0 0.2755208333333333 0.7384259259259259 0.007291666666666667 0.021296296296296296
0 0.26927083333333335 0.6555555555555556 0.009375 0.022222222222222223
0 0.016145833333333335 0.9777777777777777 0.007291666666666667 0.024074074074074074
0 0.0036458333333333334 0.4222222222222222 0.007291666666666667 0.027777777777777776
0 0.5924479166666666 0.462037037037037 0.0067708333333333336 0.009259259259259259
0 0.5783854166666667 0.2828703703703704 0.0067708333333333336 0.05648148148148148
0 0.5778645833333333 0.36157407407407405 0.027604166666666666 0.13055555555555556
0 0.7921875 0.5828703703703704 0.007291666666666667 0.019444444444444445
0 0.7682291666666666 0.6074074074074074 0.005208333333333333 0.027777777777777776
0 0.7419270833333333 0.6342592592592593 0.0046875 0.012962962962962963
0 0.7567708333333333 0.7027777777777777 0.026041666666666668 0.02962962962962963
0 0.7463541666666667 0.8199074074074074 0.007291666666666667 0.019444444444444445
0 0.8705729166666667 0.8898148148148148 0.0171875 0.02962962962962963
0 0.8697916666666666 0.9175925925925926 0.008333333333333333 0.018518518518518517
0 0.8994791666666667 0.8824074074074074 0.00625 0.012962962962962963
0 0.9080729166666667 0.8768518518518519 0.008854166666666666 0.009259259259259259
0 0.25859375 0.9685185185185186 0.008854166666666666 0.011111111111111112
0 0.26536458333333335 0.9625 0.011979166666666667 0.01574074074074074
