1 0.4934895833333333 0.5884259259259259 0.9869791666666666 0.8212962962962963
0 0.38177083333333334 0.9861111111111112 0.015625 0.025925925925925925
0 0.23255208333333333 0.9907407407407407 0.013020833333333334 0.016666666666666666
0 0.18333333333333332 0.9138888888888889 0.008333333333333333 0.024074074074074074
0 0.24895833333333334 0.825925925925926 0.030208333333333334 0.13148148148148148
0 0.13255208333333332 0.9125 0.0078125 0.013888888888888888
0 0.6432291666666666 0.7625 0.0125 0.025
0 0.19453125 0.6708333333333333 0.005729166666666666 0.021296296296296296
0 0.18776041666666668 0.6319444444444444 0.0046875 0.023148148148148147
0 0.6583333333333333 0.35694444444444445 0.005208333333333333 0.008333333333333333
0 0.2890625 0.23055555555555557 0.011458333333333333 0.027777777777777776
0 0.23697916666666666 0.21157407407407408 0.005208333333333333 0.012037037037037037
0 0.22083333333333333 0.37777777777777777 0.003125 0.022222222222222223
0 0.14661458333333333 0.24166666666666667 0.005729166666666666 0.011111111111111112
0 0.0296875 0.36712962962962964 0.00625 0.01574074074074074
0 0.04921875 0.7050925925925926 0.0078125 0.021296296296296296
0 0.05651041666666667 0.6810185185185185 0.0078125 0.012037037037037037
0 0.002864583333333333 0.9722222222222222 0.005729166666666666 0.016666666666666666
0 0.14166666666666666 0.736574074074074 0.004166666666666667 0.012037037037037037
0 0.6552083333333333 0.4708333333333333 0.004166666666666667 0.006481481481481481
1 0.4937661458333333 0.5893976851851852 0.9875322916666666 0.821387962962963
0 0.38645572916666665 0.9885282407407407 0.015619791666666666 0.023352777777777778
0 0.23682578125 0.9954370370370369 0.012193229166666668 0.009392592592592593
0 0.18747213541666669 0.9241125 0.008277604166666667 0.024150925925925923
0 0.25207526041666667 0.8332023148148149 0.030192187500000002 0.13121944444444444
0 0.13676354166666668 0.9236018518518518 0.007902083333333334 0.013870370370370371
0 0.64579609375 0.7578523148148149 0.012425520833333334 0.024963888888888886
0 0.19613411458333332 0.6800263888888889 0.005809895833333333 0.02116388888888889
0 0.18884270833333333 0.6420712962962963 0.00476875 0.02303148148148148
0 0.65674765625 0.3522574074074074 0.005161979166666666 0.008218518518518517
0 0.28654375 0.23705092592592591 0.011629166666666666 0.027805555555555556
0 0.2344109375 0.21992268518518518 0.005280208333333333 0.012067592592592592
0 0.21972317708333333 0.3861013888888889 0.0029880208333333334 0.022202777777777776
0 0.14400989583333335 0.25275277777777777 0.005728125 0.01106111111111111
0 0.02860442708333333 0.3819430555555555 0.0061671875 0.015737962962962964
0 0.05123776041666666 0.7189796296296297 0.007683854166666667 0.021292592592592592
0 0.058131510416666664 0.69485 0.0079296875 0.011922222222222221
0 0.00762890625 0.9879861111111112 0.0058828125 0.016712962962962964
0 0.14380885416666667 0.7476194444444444 0.004284375000000001 0.011905555555555556
0 0.6546872395833333 0.46621944444444446 0.004166145833333333 0.006512962962962963
1 0.49049348958333333 0.5531032407407407 0.9809869791666667 0.8932435185185185
0 0.33560703125 0.9435476851851853 0.014964062500000002 0.02783611111111111
0 0.18881692708333334 0.9009449074074074 0.012008854166666666 0.018556481481481483
0 0.14810130208333333 0.809600462962963 0.009744270833333334 0.02290462962962963
0 0.22313463541666667 0.7465032407407408 0.03689427083333333 0.13189537037037039
0 0.09818645833333334 0.7929888888888889 0.006789583333333333 0.015607407407407408
0 0.6154763020833334 0.8022856481481481 0.013244270833333332 0.024941666666666668
0 0.18272760416666667 0.5740925925925926 0.005038541666666666 0.02225925925925926
0 0.17950364583333334 0.5332574074074075 0.005882291666666667 0.02392222222222222
0 0.669978125 0.40836990740740736 0.005581249999999999 0.009332407407407407
0 0.31818046875 0.16999861111111111 0.010319270833333333 0.027034259259259258
0 0.26951744791666665 0.1347375 0.005701562499999999 0.012067592592592592
0 0.23711302083333333 0.29343009259259256 0.004434375 0.02204537037037037
0 0.17730026041666666 0.13626805555555555 0.0056421875000000005 0.011425000000000001
0 0.049838802083333335 0.22349166666666667 0.006969270833333333 0.015501851851851853
0 0.035729947916666664 0.5632643518518519 0.008959895833333334 0.020973148148148147
0 0.04530234375 0.5413921296296296 0.007271354166666666 0.01426574074074074
0 0.12435703125 0.6223111111111111 0.003922395833333333 0.013140740740740741
0 0.6553575520833334 0.5194148148148148 0.004465104166666667 0.007348148148148148
1 0.4934895833333333 0.5884259259259259 0.9869791666666666 0.8212962962962963
0 0.38177083333333334 0.9861111111111112 0.015625 0.025925925925925925
0 0.23255208333333333 0.9907407407407407 0.013020833333333334 0.016666666666666666
0 0.18333333333333332 0.9138888888888889 0.008333333333333333 0.024074074074074074
0 0.24895833333333334 0.825925925925926 0.030208333333333334 0.13148148148148148
0 0.13255208333333332 0.9125 0.0078125 0.013888888888888888
0 0.6432291666666666 0.7625 0.0125 0.025
0 0.19453125 0.6708333333333333 0.005729166666666666 0.021296296296296296
0 0.18776041666666668 0.6319444444444444 0.0046875 0.023148148148148147
0 0.6583333333333333 0.35694444444444445 0.005208333333333333 0.008333333333333333
0 0.2890625 0.23055555555555557 0.011458333333333333 0.027777777777777776
0 0.23697916666666666 0.21157407407407408 0.005208333333333333 0.012037037037037037
0 0.22083333333333333 0.37777777777777777 0.003125 0.022222222222222223
0 0.14661458333333333 0.24166666666666667 0.005729166666666666 0.011111111111111112
0 0.0296875 0.36712962962962964 0.00625 0.01574074074074074
0 0.04921875 0.7050925925925926 0.0078125 0.021296296296296296
0 0.05651041666666667 0.6810185185185185 0.0078125 0.012037037037037037
0 0.002864583333333333 0.9722222222222222 0.005729166666666666 0.016666666666666666
0 0.14166666666666666 0.736574074074074 0.004166666666666667 0.012037037037037037
0 0.6552083333333333 0.4708333333333333 0.004166666666666667 0.006481481481481481
1 0.4937661458333333 0.5893976851851852 0.9875322916666666 0.821387962962963
0 0.38645572916666665 0.9885282407407407 0.015619791666666666 0.023352777777777778
0 0.23682578125 0.9954370370370369 0.012193229166666668 0.009392592592592593
0 0.18747213541666669 0.9241125 0.008277604166666667 0.024150925925925923
0 0.25207526041666667 0.8332023148148149 0.030192187500000002 0.13121944444444444
0 0.13676354166666668 0.9236018518518518 0.007902083333333334 0.013870370370370371
0 0.64579609375 0.7578523148148149 0.012425520833333334 0.024963888888888886
0 0.19613411458333332 0.6800263888888889 0.005809895833333333 0.02116388888888889
0 0.18884270833333333 0.6420712962962963 0.00476875 0.02303148148148148
0 0.65674765625 0.3522574074074074 0.005161979166666666 0.008218518518518517
0 0.28654375 0.23705092592592591 0.011629166666666666 0.027805555555555556
0 0.2344109375 0.21992268518518518 0.005280208333333333 0.012067592592592592
0 0.21972317708333333 0.3861013888888889 0.0029880208333333334 0.022202777777777776
0 0.14400989583333335 0.25275277777777777 0.005728125 0.01106111111111111
0 0.02860442708333333 0.3819430555555555 0.0061671875 0.015737962962962964
0 0.05123776041666666 0.7189796296296297 0.007683854166666667 0.021292592592592592
0 0.058131510416666664 0.69485 0.0079296875 0.011922222222222221
0 0.00762890625 0.9879861111111112 0.0058828125 0.016712962962962964
0 0.14380885416666667 0.7476194444444444 0.004284375000000001 0.011905555555555556
0 0.6546872395833333 0.46621944444444446 0.004166145833333333 0.006512962962962963
1 0.49049348958333333 0.5531032407407407 0.9809869791666667 0.8932435185185185
0 0.33560703125 0.9435476851851853 0.014964062500000002 0.02783611111111111
0 0.18881692708333334 0.9009449074074074 0.012008854166666666 0.018556481481481483
0 0.14810130208333333 0.809600462962963 0.009744270833333334 0.02290462962962963
0 0.22313463541666667 0.7465032407407408 0.03689427083333333 0.13189537037037039
0 0.09818645833333334 0.7929888888888889 0.006789583333333333 0.015607407407407408
0 0.6154763020833334 0.8022856481481481 0.013244270833333332 0.024941666666666668
0 0.18272760416666667 0.5740925925925926 0.005038541666666666 0.02225925925925926
0 0.17950364583333334 0.5332574074074075 0.005882291666666667 0.02392222222222222
0 0.669978125 0.40836990740740736 0.005581249999999999 0.009332407407407407
0 0.31818046875 0.16999861111111111 0.010319270833333333 0.027034259259259258
0 0.26951744791666665 0.1347375 0.005701562499999999 0.012067592592592592
0 0.23711302083333333 0.29343009259259256 0.004434375 0.02204537037037037
0 0.17730026041666666 0.13626805555555555 0.0056421875000000005 0.011425000000000001
0 0.049838802083333335 0.22349166666666667 0.006969270833333333 0.015501851851851853
0 0.035729947916666664 0.5632643518518519 0.008959895833333334 0.020973148148148147
0 0.04530234375 0.5413921296296296 0.007271354166666666 0.01426574074074074
0 0.12435703125 0.6223111111111111 0.003922395833333333 0.013140740740740741
0 0.6553575520833334 0.5194148148148148 0.004465104166666667 0.007348148148148148
1 0.4934895833333333 0.5884259259259259 0.9869791666666666 0.8212962962962963
0 0.38177083333333334 0.9861111111111112 0.015625 0.025925925925925925
0 0.23255208333333333 0.9907407407407407 0.013020833333333334 0.016666666666666666
0 0.18333333333333332 0.9138888888888889 0.008333333333333333 0.024074074074074074
0 0.24895833333333334 0.825925925925926 0.030208333333333334 0.13148148148148148
0 0.13255208333333332 0.9125 0.0078125 0.013888888888888888
0 0.6432291666666666 0.7625 0.0125 0.025
0 0.19453125 0.6708333333333333 0.005729166666666666 0.021296296296296296
0 0.18776041666666668 0.6319444444444444 0.0046875 0.023148148148148147
0 0.6583333333333333 0.35694444444444445 0.005208333333333333 0.008333333333333333
0 0.2890625 0.23055555555555557 0.011458333333333333 0.027777777777777776
0 0.23697916666666666 0.21157407407407408 0.005208333333333333 0.012037037037037037
0 0.22083333333333333 0.37777777777777777 0.003125 0.022222222222222223
0 0.14661458333333333 0.24166666666666667 0.005729166666666666 0.011111111111111112
0 0.0296875 0.36712962962962964 0.00625 0.01574074074074074
0 0.04921875 0.7050925925925926 0.0078125 0.021296296296296296
0 0.05651041666666667 0.6810185185185185 0.0078125 0.012037037037037037
0 0.002864583333333333 0.9722222222222222 0.005729166666666666 0.016666666666666666
0 0.14166666666666666 0.736574074074074 0.004166666666666667 0.012037037037037037
0 0.6552083333333333 0.4708333333333333 0.004166666666666667 0.006481481481481481
1 0.4937661458333333 0.5893976851851852 0.9875322916666666 0.821387962962963
0 0.38645572916666665 0.9885282407407407 0.015619791666666666 0.023352777777777778
0 0.23682578125 0.9954370370370369 0.012193229166666668 0.009392592592592593
0 0.18747213541666669 0.9241125 0.008277604166666667 0.024150925925925923
0 0.25207526041666667 0.8332023148148149 0.030192187500000002 0.13121944444444444
0 0.13676354166666668 0.9236018518518518 0.007902083333333334 0.013870370370370371
0 0.64579609375 0.7578523148148149 0.012425520833333334 0.024963888888888886
0 0.19613411458333332 0.6800263888888889 0.005809895833333333 0.02116388888888889
0 0.18884270833333333 0.6420712962962963 0.00476875 0.02303148148148148
0 0.65674765625 0.3522574074074074 0.005161979166666666 0.008218518518518517
0 0.28654375 0.23705092592592591 0.011629166666666666 0.027805555555555556
0 0.2344109375 0.21992268518518518 0.005280208333333333 0.012067592592592592
0 0.21972317708333333 0.3861013888888889 0.0029880208333333334 0.022202777777777776
0 0.14400989583333335 0.25275277777777777 0.005728125 0.01106111111111111
0 0.02860442708333333 0.3819430555555555 0.0061671875 0.015737962962962964
0 0.05123776041666666 0.7189796296296297 0.007683854166666667 0.021292592592592592
0 0.058131510416666664 0.69485 0.0079296875 0.011922222222222221
0 0.00762890625 0.9879861111111112 0.0058828125 0.016712962962962964
0 0.14380885416666667 0.7476194444444444 0.004284375000000001 0.011905555555555556
0 0.6546872395833333 0.46621944444444446 0.004166145833333333 0.006512962962962963
1 0.49049348958333333 0.5531032407407407 0.9809869791666667 0.8932435185185185
0 0.33560703125 0.9435476851851853 0.014964062500000002 0.02783611111111111
0 0.18881692708333334 0.9009449074074074 0.012008854166666666 0.018556481481481483
0 0.14810130208333333 0.809600462962963 0.009744270833333334 0.02290462962962963
0 0.22313463541666667 0.7465032407407408 0.03689427083333333 0.13189537037037039
0 0.09818645833333334 0.7929888888888889 0.006789583333333333 0.015607407407407408
0 0.6154763020833334 0.8022856481481481 0.013244270833333332 0.024941666666666668
0 0.18272760416666667 0.5740925925925926 0.005038541666666666 0.02225925925925926
0 0.17950364583333334 0.5332574074074075 0.005882291666666667 0.02392222222222222
0 0.669978125 0.40836990740740736 0.005581249999999999 0.009332407407407407
0 0.31818046875 0.16999861111111111 0.010319270833333333 0.027034259259259258
0 0.26951744791666665 0.1347375 0.005701562499999999 0.012067592592592592
0 0.23711302083333333 0.29343009259259256 0.004434375 0.02204537037037037
0 0.17730026041666666 0.13626805555555555 0.0056421875000000005 0.011425000000000001
0 0.049838802083333335 0.22349166666666667 0.006969270833333333 0.015501851851851853
0 0.035729947916666664 0.5632643518518519 0.008959895833333334 0.020973148148148147
0 0.04530234375 0.5413921296296296 0.007271354166666666 0.01426574074074074
0 0.12435703125 0.6223111111111111 0.003922395833333333 0.013140740740740741
0 0.6553575520833334 0.5194148148148148 0.004465104166666667 0.007348148148148148
