1 0.49973958333333335 0.5361111111111111 0.9994791666666667 0.9259259259259259
0 0.40234375 0.1597222222222222 0.022395833333333334 0.05277777777777778
0 0.5294270833333333 0.1175925925925926 0.024479166666666666 0.03148148148148148
0 0.14791666666666667 0.12453703703703704 0.021875 0.03611111111111111
0 0.016927083333333332 0.2689814814814815 0.0067708333333333336 0.03611111111111111
0 0.19010416666666666 0.4527777777777778 0.00625 0.027777777777777776
0 0.11979166666666667 0.48564814814814816 0.009375 0.025
0 0.13255208333333332 0.36712962962962964 0.009895833333333333 0.021296296296296296
0 0.030729166666666665 0.5083333333333333 0.004166666666666667 0.020370370370370372
0 0.19921875 0.49675925925925923 0.0036458333333333334 0.012037037037037037
0 0.20859375 0.5356481481481481 0.0046875 0.008333333333333333
0 0.16640625 0.5296296296296297 0.008854166666666666 0.012962962962962963
0 0.14817708333333332 0.6162037037037037 0.0036458333333333334 0.004629629629629629
0 0.16588541666666667 0.674074074074074 0.0109375 0.02962962962962963
0 0.1953125 0.6967592592592593 0.004166666666666667 0.028703703703703703
0 0.240625 0.7481481481481481 0.021875 0.053703703703703705
0 0.24114583333333334 0.7527777777777778 0.026041666666666668 0.06481481481481481
0 0.12604166666666666 0.8597222222222223 0.026041666666666668 0.06388888888888888
0 0.1328125 0.8657407407407407 0.013541666666666667 0.05185185185185185
0 0.030729166666666665 0.75 0.011458333333333333 0.04259259259259259
0 0.14739583333333334 0.7814814814814814 0.007291666666666667 0.018518518518518517
0 0.1796875 0.7537037037037037 0.008333333333333333 0.018518518518518517
0 0.26067708333333334 0.8870370370370371 0.0046875 0.011111111111111112
0 0.24088541666666666 0.924537037037037 0.0067708333333333336 0.013888888888888888
0 0.16223958333333333 0.9949074074074075 0.0067708333333333336 0.008333333333333333
0 0.05807291666666667 0.9444444444444444 0.0078125 0.012962962962962963
0 0.06536458333333334 0.924074074074074 0.0078125 0.014814814814814815
0 0.12421875 0.9907407407407407 0.0140625 0.016666666666666666
0 0.40260416666666665 0.9342592592592592 0.004166666666666667 0.016666666666666666
0 0.20572916666666666 0.9074074074074074 0.00625 0.016666666666666666
0 0.19765625 0.8564814814814815 0.0067708333333333336 0.018518518518518517
0 0.5796875 0.9675925925925926 0.023958333333333335 0.046296296296296294
0 0.6104166666666667 0.8148148148148148 0.009375 0.022222222222222223
0 0.7645833333333333 0.775 0.017708333333333333 0.027777777777777776
0 0.8190104166666666 0.6986111111111111 0.019270833333333334 0.07314814814814814
0 0.8177083333333334 0.7185185185185186 0.015625 0.03148148148148148
0 0.8057291666666667 0.6217592592592592 0.01875 0.03796296296296296
0 0.9591145833333333 0.9226851851851852 0.03802083333333333 0.11388888888888889
0 0.9596354166666666 0.8972222222222223 0.03697916666666667 0.12407407407407407
0 0.9408854166666667 0.874537037037037 0.0078125 0.025
0 0.8390625 0.9884259259259259 0.013541666666666667 0.021296296296296296
0 0.778125 0.7171296296296297 0.010416666666666666 0.03425925925925926
0 0.9736979166666667 0.6310185185185185 0.025520833333333333 0.07685185185185185
0 0.9494791666666667 0.6611111111111111 0.0125 0.024074074074074074
0 0.9630208333333333 0.6509259259259259 0.008333333333333333 0.022222222222222223
0 0.9231770833333334 0.9092592592592592 0.009895833333333333 0.022222222222222223
0 0.59296875 0.6111111111111112 0.015104166666666667 0.014814814814814815
0 0.89375 0.9212962962962963 0.013541666666666667 0.009259259259259259
0 0.90234375 0.8333333333333334 0.005729166666666666 0.020370370370370372
0 0.9567708333333333 0.8384259259259259 0.015625 0.032407407407407406
0 0.8815104166666666 0.6912037037037037 0.013020833333333334 0.028703703703703703
0 0.9109375 0.36018518518518516 0.016666666666666666 0.040740740740740744
0 0.83671875 0.462037037037037 0.009895833333333333 0.024074074074074074
0 0.7903645833333334 0.5083333333333333 0.011979166666666667 0.02962962962962963
0 0.8666666666666667 0.5717592592592593 0.004166666666666667 0.017592592592592594
0 0.9302083333333333 0.4689814814814815 0.019791666666666666 0.04537037037037037
0 0.75625 0.29074074074074074 0.014583333333333334 0.024074074074074074
0 0.7578125 0.2375 0.013541666666666667 0.021296296296296296
0 0.9307291666666667 0.31527777777777777 0.016666666666666666 0.03611111111111111
0 0.946875 0.40324074074074073 0.011458333333333333 0.025
0 0.8859375 0.46944444444444444 0.017708333333333333 0.08333333333333333
0 0.8661458333333333 0.3902777777777778 0.010416666666666666 0.019444444444444445
0 0.8645833333333334 0.4675925925925926 0.014583333333333334 0.024074074074074074
0 0.853125 0.44722222222222224 0.007291666666666667 0.018518518518518517
0 0.89609375 0.7185185185185186 0.0109375 0.016666666666666666
0 0.9677083333333333 0.7601851851851852 0.013541666666666667 0.025925925925925925
0 0.8127604166666667 0.3625 0.0046875 0.004629629629629629
0 0.4674479166666667 0.7129629629629629 0.013020833333333334 0.022222222222222223
0 0.6078125 0.537962962962963 0.005208333333333333 0.018518518518518517
1 0.5 0.4678046296296296 1.0 0.9356092592592592
0 0.3748140625 0.8092453703703704 0.023586458333333334 0.053675925925925926
0 0.49569869791666665 0.8842712962962963 0.0236890625 0.029653703703703706
0 0.11887031249999999 0.7732180555555556 0.020032291666666667 0.04088055555555556
0 0.0036171875 0.5944680555555555 0.007234375 0.03523240740740741
0 0.18972526041666665 0.46043333333333336 0.008617187500000002 0.026422222222222222
0 0.12294036458333334 0.40783842592592595 0.009422395833333335 0.02493611111111111
0 0.12487369791666666 0.5287388888888889 0.009122395833333333 0.022292592592592593
0 0.03738880208333333 0.3610583333333333 0.0049859375 0.020264814814814815
0 0.20277578125 0.41990555555555553 0.0034682291666666668 0.012033333333333333
0 0.21549869791666668 0.3838898148148148 0.004955729166666667 0.00852037037037037
0 0.1733734375 0.3783268518518519 0.008205208333333333 0.014061111111111111
0 0.16294166666666668 0.28698009259259255 0.004008333333333333 0.005441666666666667
0 0.18481484374999999 0.2354712962962963 0.011296354166666666 0.02835
0 0.21655546875 0.2212361111111111 0.0049859375 0.02950925925925926
0 0.26596484375 0.18310092592592592 0.0256796875 0.047683333333333335
0 0.26718437500000003 0.1779837962962963 0.030202083333333334 0.05967129629629629
0 0.1612171875 0.040489351851851846 0.028684374999999998 0.05875648148148148
0 0.1697515625 0.03764398148148149 0.013461458333333334 0.05121388888888889
0 0.05803177083333333 0.12258055555555555 0.013980208333333332 0.039605555555555554
0 0.17628203125 0.12381527777777776 0.007772395833333333 0.018000925925925924
0 0.20612604166666668 0.16057824074074073 0.009127083333333334 0.01930462962962963
0 0.29710651041666664 0.05143703703703704 0.004629687499999999 0.012133333333333333
0 0.28129296875 0.008421296296296295 0.0063359374999999996 0.01313888888888889
0 0.4413390625 0.04434166666666666 0.004553125000000001 0.01646111111111111
0 0.24506640624999998 0.016636574074074074 0.006799479166666666 0.01660648148148148
0 0.23251927083333335 0.0636074074074074 0.007746875 0.017955555555555554
0 0.6204908854166666 0.060368981481481475 0.024315104166666667 0.04481203703703703
0 0.63705234375 0.21888888888888888 0.010563020833333332 0.022962962962962963
0 0.7858197916666666 0.3022375 0.016431249999999998 0.028549074074074074
0 0.8340919270833334 0.39332962962962964 0.016100520833333333 0.0736962962962963
0 0.8333291666666667 0.3725625 0.013533333333333335 0.03216203703703704
0 0.8118143229166667 0.46605787037037033 0.01737864583333333 0.03952314814814815
0 0.9878497395833333 0.21211990740740738 0.0246578125 0.11683240740740741
0 0.9880190104166666 0.23501574074074075 0.023954687500000002 0.1311425925925926
0 0.9691572916666666 0.2528125 0.007064583333333333 0.02599537037037037
0 0.8785624999999999 0.11089490740740741 0.013375 0.02364166666666667
0 0.7936283854166667 0.3634819444444444 0.009131770833333334 0.034371296296296296
0 0.9802533854166666 0.5033967592592593 0.023006770833333336 0.07716388888888889
0 0.9576908854166667 0.4658597222222222 0.013298437500000001 0.024312037037037038
0 0.96996328125 0.4794203703703704 0.007634895833333334 0.021803703703703704
0 0.9530799479166667 0.21394675925925927 0.009284895833333334 0.022337962962962962
0 0.60136328125 0.416099537037037 0.014184895833333332 0.01738425925925926
0 0.9256731770833333 0.19281805555555556 0.0128046875 0.011562037037037037
0 0.9264921875 0.2833300925925926 0.005067708333333334 0.020363888888888886
0 0.9813895833333334 0.2932337962962963 0.0148625 0.03461574074074074
0 0.89372265625 0.41753240740740744 0.013486979166666666 0.02950925925925926
0 0.8932255208333333 0.7515287037037036 0.018742708333333333 0.040094444444444446
0 0.8291177083333333 0.6302398148148148 0.01031875 0.023442592592592595
0 0.78701796875 0.5722342592592593 0.011535937500000001 0.029653703703703706
0 0.8687203125 0.5313291666666667 0.005148958333333333 0.016362037037037036
0 0.9223338541666667 0.6507060185185186 0.018626041666666666 0.04770833333333333
0 0.7347421875 0.778886574074074 0.016359375 0.02073611111111111
0 0.7311986979166666 0.8319013888888889 0.012397395833333333 0.023062037037037037
0 0.9098388020833333 0.8032768518518518 0.018635937499999998 0.03247962962962963
0 0.9328513020833333 0.7195518518518519 0.011535937500000001 0.02614074074074074
0 0.87815 0.6370564814814814 0.024008333333333333 0.07781666666666667
0 0.851140625 0.7101819444444444 0.010614583333333334 0.020363888888888886
0 0.85768203125 0.6343129629629629 0.014322395833333333 0.02232962962962963
0 0.8440309895833333 0.6494671296296296 0.007853645833333334 0.01930462962962963
0 0.9103653645833333 0.39426249999999996 0.0103140625 0.018154629629629628
0 0.9845361979166667 0.3729314814814815 0.0138640625 0.027344444444444446
0 0.7971065104166667 0.7223101851851852 0.004629687499999999 0.0057314814814814815
0 0.48666666666666664 0.2797101851851852 0.012916666666666667 0.02238333333333333
0 0.6096880208333334 0.492550925925926 0.004792708333333334 0.018435185185185186
1 0.5002604166666667 0.4638888888888889 0.9994791666666667 0.9259259259259259
0 0.59765625 0.8402777777777778 0.022395833333333334 0.05277777777777778
0 0.4705729166666667 0.8824074074074074 0.024479166666666666 0.03148148148148148
0 0.8520833333333333 0.875462962962963 0.021875 0.03611111111111111
0 0.9830729166666666 0.7310185185185185 0.0067708333333333336 0.03611111111111111
0 0.8098958333333334 0.5472222222222223 0.00625 0.027777777777777776
0 0.8802083333333334 0.5143518518518518 0.009375 0.025
0 0.8674479166666667 0.6328703703703704 0.009895833333333333 0.021296296296296296
0 0.9692708333333333 0.49166666666666664 0.004166666666666667 0.020370370370370372
0 0.80078125 0.5032407407407408 0.0036458333333333334 0.012037037037037037
0 0.79140625 0.46435185185185185 0.0046875 0.008333333333333333
0 0.83359375 0.4703703703703704 0.008854166666666666 0.012962962962962963
0 0.8518229166666667 0.3837962962962963 0.0036458333333333334 0.004629629629629629
0 0.8341145833333333 0.32592592592592595 0.0109375 0.02962962962962963
0 0.8046875 0.30324074074074076 0.004166666666666667 0.028703703703703703
0 0.759375 0.2518518518518518 0.021875 0.053703703703703705
0 0.7588541666666667 0.24722222222222223 0.026041666666666668 0.06481481481481481
0 0.8739583333333333 0.14027777777777778 0.026041666666666668 0.06388888888888888
0 0.8671875 0.13425925925925927 0.013541666666666667 0.05185185185185185
0 0.9692708333333333 0.25 0.011458333333333333 0.04259259259259259
0 0.8526041666666667 0.21851851851851853 0.007291666666666667 0.018518518518518517
0 0.8203125 0.2462962962962963 0.008333333333333333 0.018518518518518517
0 0.7393229166666667 0.11296296296296296 0.0046875 0.011111111111111112
0 0.7591145833333334 0.07546296296296297 0.0067708333333333336 0.013888888888888888
0 0.8377604166666667 0.005092592592592593 0.0067708333333333336 0.008333333333333333
0 0.9419270833333333 0.05555555555555555 0.0078125 0.012962962962962963
0 0.9346354166666667 0.07592592592592592 0.0078125 0.014814814814814815
0 0.87578125 0.009259259259259259 0.0140625 0.016666666666666666
0 0.5973958333333333 0.06574074074074074 0.004166666666666667 0.016666666666666666
0 0.7942708333333334 0.09259259259259259 0.00625 0.016666666666666666
0 0.80234375 0.14351851851851852 0.0067708333333333336 0.018518518518518517
0 0.4203125 0.032407407407407406 0.023958333333333335 0.046296296296296294
0 0.38958333333333334 0.18518518518518517 0.009375 0.022222222222222223
0 0.23541666666666666 0.225 0.017708333333333333 0.027777777777777776
0 0.18098958333333334 0.3013888888888889 0.019270833333333334 0.07314814814814814
0 0.18229166666666666 0.2814814814814815 0.015625 0.03148148148148148
0 0.19427083333333334 0.37824074074074077 0.01875 0.03796296296296296
0 0.04088541666666667 0.07731481481481481 0.03802083333333333 0.11388888888888889
0 0.040364583333333336 0.10277777777777777 0.03697916666666667 0.12407407407407407
0 0.05911458333333333 0.12546296296296297 0.0078125 0.025
0 0.1609375 0.011574074074074073 0.013541666666666667 0.021296296296296296
0 0.221875 0.2828703703703704 0.010416666666666666 0.03425925925925926
0 0.026302083333333334 0.36898148148148147 0.025520833333333333 0.07685185185185185
0 0.050520833333333334 0.3388888888888889 0.0125 0.024074074074074074
0 0.03697916666666667 0.3490740740740741 0.008333333333333333 0.022222222222222223
0 0.07682291666666667 0.09074074074074075 0.009895833333333333 0.022222222222222223
0 0.40703125 0.3888888888888889 0.015104166666666667 0.014814814814814815
0 0.10625 0.0787037037037037 0.013541666666666667 0.009259259259259259
0 0.09765625 0.16666666666666666 0.005729166666666666 0.020370370370370372
0 0.043229166666666666 0.16157407407407406 0.015625 0.032407407407407406
0 0.11848958333333333 0.3087962962962963 0.013020833333333334 0.028703703703703703
0 0.0890625 0.6398148148148148 0.016666666666666666 0.040740740740740744
0 0.16328125 0.537962962962963 0.009895833333333333 0.024074074074074074
0 0.20963541666666666 0.49166666666666664 0.011979166666666667 0.02962962962962963
0 0.13333333333333333 0.42824074074074076 0.004166666666666667 0.017592592592592594
0 0.06979166666666667 0.5310185185185186 0.019791666666666666 0.04537037037037037
0 0.24375 0.7092592592592593 0.014583333333333334 0.024074074074074074
0 0.2421875 0.7625 0.013541666666666667 0.021296296296296296
0 0.06927083333333334 0.6847222222222222 0.016666666666666666 0.03611111111111111
0 0.053125 0.5967592592592592 0.011458333333333333 0.025
0 0.1140625 0.5305555555555556 0.017708333333333333 0.08333333333333333
0 0.13385416666666666 0.6097222222222223 0.010416666666666666 0.019444444444444445
0 0.13541666666666666 0.5324074074074074 0.014583333333333334 0.024074074074074074
0 0.146875 0.5527777777777778 0.007291666666666667 0.018518518518518517
0 0.10390625 0.2814814814814815 0.0109375 0.016666666666666666
0 0.03229166666666667 0.23981481481481481 0.013541666666666667 0.025925925925925925
0 0.18723958333333332 0.6375 0.0046875 0.004629629629629629
0 0.5325520833333334 0.28703703703703703 0.013020833333333334 0.022222222222222223
0 0.3921875 0.462037037037037 0.005208333333333333 0.018518518518518517
1 0.49973958333333335 0.5361111111111111 0.9994791666666667 0.9259259259259259
0 0.40234375 0.1597222222222222 0.022395833333333334 0.05277777777777778
0 0.5294270833333333 0.1175925925925926 0.024479166666666666 0.03148148148148148
0 0.14791666666666667 0.12453703703703704 0.021875 0.03611111111111111
0 0.016927083333333332 0.2689814814814815 0.0067708333333333336 0.03611111111111111
0 0.19010416666666666 0.4527777777777778 0.00625 0.027777777777777776
0 0.11979166666666667 0.48564814814814816 0.009375 0.025
0 0.13255208333333332 0.36712962962962964 0.009895833333333333 0.021296296296296296
0 0.030729166666666665 0.5083333333333333 0.004166666666666667 0.020370370370370372
0 0.19921875 0.49675925925925923 0.0036458333333333334 0.012037037037037037
0 0.20859375 0.5356481481481481 0.0046875 0.008333333333333333
0 0.16640625 0.5296296296296297 0.008854166666666666 0.012962962962962963
0 0.14817708333333332 0.6162037037037037 0.0036458333333333334 0.004629629629629629
0 0.16588541666666667 0.674074074074074 0.0109375 0.02962962962962963
0 0.1953125 0.6967592592592593 0.004166666666666667 0.028703703703703703
0 0.240625 0.7481481481481481 0.021875 0.053703703703703705
0 0.24114583333333334 0.7527777777777778 0.026041666666666668 0.06481481481481481
0 0.12604166666666666 0.8597222222222223 0.026041666666666668 0.06388888888888888
0 0.1328125 0.8657407407407407 0.013541666666666667 0.05185185185185185
0 0.030729166666666665 0.75 0.011458333333333333 0.04259259259259259
0 0.14739583333333334 0.7814814814814814 0.007291666666666667 0.018518518518518517
0 0.1796875 0.7537037037037037 0.008333333333333333 0.018518518518518517
0 0.26067708333333334 0.8870370370370371 0.0046875 0.011111111111111112
0 0.24088541666666666 0.924537037037037 0.0067708333333333336 0.013888888888888888
0 0.16223958333333333 0.9949074074074075 0.0067708333333333336 0.008333333333333333
0 0.05807291666666667 0.9444444444444444 0.0078125 0.012962962962962963
0 0.06536458333333334 0.924074074074074 0.0078125 0.014814814814814815
0 0.12421875 0.9907407407407407 0.0140625 0.016666666666666666
0 0.40260416666666665 0.9342592592592592 0.004166666666666667 0.016666666666666666
0 0.20572916666666666 0.9074074074074074 0.00625 0.016666666666666666
0 0.19765625 0.8564814814814815 0.0067708333333333336 0.018518518518518517
0 0.5796875 0.9675925925925926 0.023958333333333335 0.046296296296296294
0 0.6104166666666667 0.8148148148148148 0.009375 0.022222222222222223
0 0.7645833333333333 0.775 0.017708333333333333 0.027777777777777776
0 0.8190104166666666 0.6986111111111111 0.019270833333333334 0.07314814814814814
0 0.8177083333333334 0.7185185185185186 0.015625 0.03148148148148148
0 0.8057291666666667 0.6217592592592592 0.01875 0.03796296296296296
0 0.9591145833333333 0.9226851851851852 0.03802083333333333 0.11388888888888889
0 0.9596354166666666 0.8972222222222223 0.03697916666666667 0.12407407407407407
0 0.9408854166666667 0.874537037037037 0.0078125 0.025
0 0.8390625 0.9884259259259259 0.013541666666666667 0.021296296296296296
0 0.778125 0.7171296296296297 0.010416666666666666 0.03425925925925926
0 0.9736979166666667 0.6310185185185185 0.025520833333333333 0.07685185185185185
0 0.9494791666666667 0.6611111111111111 0.0125 0.024074074074074074
0 0.9630208333333333 0.6509259259259259 0.008333333333333333 0.022222222222222223
0 0.9231770833333334 0.9092592592592592 0.009895833333333333 0.022222222222222223
0 0.59296875 0.6111111111111112 0.015104166666666667 0.014814814814814815
0 0.89375 0.9212962962962963 0.013541666666666667 0.009259259259259259
0 0.90234375 0.8333333333333334 0.005729166666666666 0.020370370370370372
0 0.9567708333333333 0.8384259259259259 0.015625 0.032407407407407406
0 0.8815104166666666 0.6912037037037037 0.013020833333333334 0.028703703703703703
0 0.9109375 0.36018518518518516 0.016666666666666666 0.040740740740740744
0 0.83671875 0.462037037037037 0.009895833333333333 0.024074074074074074
0 0.7903645833333334 0.5083333333333333 0.011979166666666667 0.02962962962962963
0 0.8666666666666667 0.5717592592592593 0.004166666666666667 0.017592592592592594
0 0.9302083333333333 0.4689814814814815 0.019791666666666666 0.04537037037037037
0 0.75625 0.29074074074074074 0.014583333333333334 0.024074074074074074
0 0.7578125 0.2375 0.013541666666666667 0.021296296296296296
0 0.9307291666666667 0.31527777777777777 0.016666666666666666 0.03611111111111111
0 0.946875 0.40324074074074073 0.011458333333333333 0.025
0 0.8859375 0.46944444444444444 0.017708333333333333 0.08333333333333333
0 0.8661458333333333 0.3902777777777778 0.010416666666666666 0.019444444444444445
0 0.8645833333333334 0.4675925925925926 0.014583333333333334 0.024074074074074074
0 0.853125 0.44722222222222224 0.007291666666666667 0.018518518518518517
0 0.89609375 0.7185185185185186 0.0109375 0.016666666666666666
0 0.9677083333333333 0.7601851851851852 0.013541666666666667 0.025925925925925925
0 0.8127604166666667 0.3625 0.0046875 0.004629629629629629
0 0.4674479166666667 0.7129629629629629 0.013020833333333334 0.022222222222222223
0 0.6078125 0.537962962962963 0.005208333333333333 0.018518518518518517
1 0.5 0.4678046296296296 1.0 0.9356092592592592
0 0.3748140625 0.8092453703703704 0.023586458333333334 0.053675925925925926
0 0.49569869791666665 0.8842712962962963 0.0236890625 0.029653703703703706
0 0.11887031249999999 0.7732180555555556 0.020032291666666667 0.04088055555555556
0 0.0036171875 0.5944680555555555 0.007234375 0.03523240740740741
0 0.18972526041666665 0.46043333333333336 0.008617187500000002 0.026422222222222222
0 0.12294036458333334 0.40783842592592595 0.009422395833333335 0.02493611111111111
0 0.12487369791666666 0.5287388888888889 0.009122395833333333 0.022292592592592593
0 0.03738880208333333 0.3610583333333333 0.0049859375 0.020264814814814815
0 0.20277578125 0.41990555555555553 0.0034682291666666668 0.012033333333333333
0 0.21549869791666668 0.3838898148148148 0.004955729166666667 0.00852037037037037
0 0.1733734375 0.3783268518518519 0.008205208333333333 0.014061111111111111
0 0.16294166666666668 0.28698009259259255 0.004008333333333333 0.005441666666666667
0 0.18481484374999999 0.2354712962962963 0.011296354166666666 0.02835
0 0.21655546875 0.2212361111111111 0.0049859375 0.02950925925925926
0 0.26596484375 0.18310092592592592 0.0256796875 0.047683333333333335
0 0.26718437500000003 0.1779837962962963 0.030202083333333334 0.05967129629629629
0 0.1612171875 0.040489351851851846 0.028684374999999998 0.05875648148148148
0 0.1697515625 0.03764398148148149 0.013461458333333334 0.05121388888888889
0 0.05803177083333333 0.12258055555555555 0.013980208333333332 0.039605555555555554
0 0.17628203125 0.12381527777777776 0.007772395833333333 0.018000925925925924
0 0.20612604166666668 0.16057824074074073 0.009127083333333334 0.01930462962962963
0 0.29710651041666664 0.05143703703703704 0.004629687499999999 0.012133333333333333
0 0.28129296875 0.008421296296296295 0.0063359374999999996 0.01313888888888889
0 0.4413390625 0.04434166666666666 0.004553125000000001 0.01646111111111111
0 0.24506640624999998 0.016636574074074074 0.006799479166666666 0.01660648148148148
0 0.23251927083333335 0.0636074074074074 0.007746875 0.017955555555555554
0 0.6204908854166666 0.060368981481481475 0.024315104166666667 0.04481203703703703
0 0.63705234375 0.21888888888888888 0.010563020833333332 0.022962962962962963
0 0.7858197916666666 0.3022375 0.016431249999999998 0.028549074074074074
0 0.8340919270833334 0.39332962962962964 0.016100520833333333 0.0736962962962963
0 0.8333291666666667 0.3725625 0.013533333333333335 0.03216203703703704
0 0.8118143229166667 0.46605787037037033 0.01737864583333333 0.03952314814814815
0 0.9878497395833333 0.21211990740740738 0.0246578125 0.11683240740740741
0 0.9880190104166666 0.23501574074074075 0.023954687500000002 0.1311425925925926
0 0.9691572916666666 0.2528125 0.007064583333333333 0.02599537037037037
0 0.8785624999999999 0.11089490740740741 0.013375 0.02364166666666667
0 0.7936283854166667 0.3634819444444444 0.009131770833333334 0.034371296296296296
0 0.9802533854166666 0.5033967592592593 0.023006770833333336 0.07716388888888889
0 0.9576908854166667 0.4658597222222222 0.013298437500000001 0.024312037037037038
0 0.96996328125 0.4794203703703704 0.007634895833333334 0.021803703703703704
0 0.9530799479166667 0.21394675925925927 0.009284895833333334 0.022337962962962962
0 0.60136328125 0.416099537037037 0.014184895833333332 0.01738425925925926
0 0.9256731770833333 0.19281805555555556 0.0128046875 0.011562037037037037
0 0.9264921875 0.2833300925925926 0.005067708333333334 0.020363888888888886
0 0.9813895833333334 0.2932337962962963 0.0148625 0.03461574074074074
0 0.89372265625 0.41753240740740744 0.013486979166666666 0.02950925925925926
0 0.8932255208333333 0.7515287037037036 0.018742708333333333 0.040094444444444446
0 0.8291177083333333 0.6302398148148148 0.01031875 0.023442592592592595
0 0.78701796875 0.5722342592592593 0.011535937500000001 0.029653703703703706
0 0.8687203125 0.5313291666666667 0.005148958333333333 0.016362037037037036
0 0.9223338541666667 0.6507060185185186 0.018626041666666666 0.04770833333333333
0 0.7347421875 0.778886574074074 0.016359375 0.02073611111111111
0 0.7311986979166666 0.8319013888888889 0.012397395833333333 0.023062037037037037
0 0.9098388020833333 0.8032768518518518 0.018635937499999998 0.03247962962962963
0 0.9328513020833333 0.7195518518518519 0.011535937500000001 0.02614074074074074
0 0.87815 0.6370564814814814 0.024008333333333333 0.07781666666666667
0 0.851140625 0.7101819444444444 0.010614583333333334 0.020363888888888886
0 0.85768203125 0.6343129629629629 0.014322395833333333 0.02232962962962963
0 0.8440309895833333 0.6494671296296296 0.007853645833333334 0.01930462962962963
0 0.9103653645833333 0.39426249999999996 0.0103140625 0.018154629629629628
0 0.9845361979166667 0.3729314814814815 0.0138640625 0.027344444444444446
0 0.7971065104166667 0.7223101851851852 0.004629687499999999 0.0057314814814814815
0 0.48666666666666664 0.2797101851851852 0.012916666666666667 0.02238333333333333
0 0.6096880208333334 0.492550925925926 0.004792708333333334 0.018435185185185186
1 0.5002604166666667 0.4638888888888889 0.9994791666666667 0.9259259259259259
0 0.59765625 0.8402777777777778 0.022395833333333334 0.05277777777777778
0 0.4705729166666667 0.8824074074074074 0.024479166666666666 0.03148148148148148
0 0.8520833333333333 0.875462962962963 0.021875 0.03611111111111111
0 0.9830729166666666 0.7310185185185185 0.0067708333333333336 0.03611111111111111
0 0.8098958333333334 0.5472222222222223 0.00625 0.027777777777777776
0 0.8802083333333334 0.5143518518518518 0.009375 0.025
0 0.8674479166666667 0.6328703703703704 0.009895833333333333 0.021296296296296296
0 0.9692708333333333 0.49166666666666664 0.004166666666666667 0.020370370370370372
0 0.80078125 0.5032407407407408 0.0036458333333333334 0.012037037037037037
0 0.79140625 0.46435185185185185 0.0046875 0.008333333333333333
0 0.83359375 0.4703703703703704 0.008854166666666666 0.012962962962962963
0 0.8518229166666667 0.3837962962962963 0.0036458333333333334 0.004629629629629629
0 0.8341145833333333 0.32592592592592595 0.0109375 0.02962962962962963
0 0.8046875 0.30324074074074076 0.004166666666666667 0.028703703703703703
0 0.759375 0.2518518518518518 0.021875 0.053703703703703705
0 0.7588541666666667 0.24722222222222223 0.026041666666666668 0.06481481481481481
0 0.8739583333333333 0.14027777777777778 0.026041666666666668 0.06388888888888888
0 0.8671875 0.13425925925925927 0.013541666666666667 0.05185185185185185
0 0.9692708333333333 0.25 0.011458333333333333 0.04259259259259259
0 0.8526041666666667 0.21851851851851853 0.007291666666666667 0.018518518518518517
0 0.8203125 0.2462962962962963 0.008333333333333333 0.018518518518518517
0 0.7393229166666667 0.11296296296296296 0.0046875 0.011111111111111112
0 0.7591145833333334 0.07546296296296297 0.0067708333333333336 0.013888888888888888
0 0.8377604166666667 0.005092592592592593 0.0067708333333333336 0.008333333333333333
0 0.9419270833333333 0.05555555555555555 0.0078125 0.012962962962962963
0 0.9346354166666667 0.07592592592592592 0.0078125 0.014814814814814815
0 0.87578125 0.009259259259259259 0.0140625 0.016666666666666666
0 0.5973958333333333 0.06574074074074074 0.004166666666666667 0.016666666666666666
0 0.7942708333333334 0.09259259259259259 0.00625 0.016666666666666666
0 0.80234375 0.14351851851851852 0.0067708333333333336 0.018518518518518517
0 0.4203125 0.032407407407407406 0.023958333333333335 0.046296296296296294
0 0.38958333333333334 0.18518518518518517 0.009375 0.022222222222222223
0 0.23541666666666666 0.225 0.017708333333333333 0.027777777777777776
0 0.18098958333333334 0.3013888888888889 0.019270833333333334 0.07314814814814814
0 0.18229166666666666 0.2814814814814815 0.015625 0.03148148148148148
0 0.19427083333333334 0.37824074074074077 0.01875 0.03796296296296296
0 0.04088541666666667 0.07731481481481481 0.03802083333333333 0.11388888888888889
0 0.040364583333333336 0.10277777777777777 0.03697916666666667 0.12407407407407407
0 0.05911458333333333 0.12546296296296297 0.0078125 0.025
0 0.1609375 0.011574074074074073 0.013541666666666667 0.021296296296296296
0 0.221875 0.2828703703703704 0.010416666666666666 0.03425925925925926
0 0.026302083333333334 0.36898148148148147 0.025520833333333333 0.07685185185185185
0 0.050520833333333334 0.3388888888888889 0.0125 0.024074074074074074
0 0.03697916666666667 0.3490740740740741 0.008333333333333333 0.022222222222222223
0 0.07682291666666667 0.09074074074074075 0.009895833333333333 0.022222222222222223
0 0.40703125 0.3888888888888889 0.015104166666666667 0.014814814814814815
0 0.10625 0.0787037037037037 0.013541666666666667 0.009259259259259259
0 0.09765625 0.16666666666666666 0.005729166666666666 0.020370370370370372
0 0.043229166666666666 0.16157407407407406 0.015625 0.032407407407407406
0 0.11848958333333333 0.3087962962962963 0.013020833333333334 0.028703703703703703
0 0.0890625 0.6398148148148148 0.016666666666666666 0.040740740740740744
0 0.16328125 0.537962962962963 0.009895833333333333 0.024074074074074074
0 0.20963541666666666 0.49166666666666664 0.011979166666666667 0.02962962962962963
0 0.13333333333333333 0.42824074074074076 0.004166666666666667 0.017592592592592594
0 0.06979166666666667 0.5310185185185186 0.019791666666666666 0.04537037037037037
0 0.24375 0.7092592592592593 0.014583333333333334 0.024074074074074074
0 0.2421875 0.7625 0.013541666666666667 0.021296296296296296
0 0.06927083333333334 0.6847222222222222 0.016666666666666666 0.03611111111111111
0 0.053125 0.5967592592592592 0.011458333333333333 0.025
0 0.1140625 0.5305555555555556 0.017708333333333333 0.08333333333333333
0 0.13385416666666666 0.6097222222222223 0.010416666666666666 0.019444444444444445
0 0.13541666666666666 0.5324074074074074 0.014583333333333334 0.024074074074074074
0 0.146875 0.5527777777777778 0.007291666666666667 0.018518518518518517
0 0.10390625 0.2814814814814815 0.0109375 0.016666666666666666
0 0.03229166666666667 0.23981481481481481 0.013541666666666667 0.025925925925925925
0 0.18723958333333332 0.6375 0.0046875 0.004629629629629629
0 0.5325520833333334 0.28703703703703703 0.013020833333333334 0.022222222222222223
0 0.3921875 0.462037037037037 0.005208333333333333 0.018518518518518517
