1 0.5 0.5347662037037038 1.0 0.9306435185185186
0 0.10999088541666667 0.9506402777777777 0.011648437499999999 0.021650925925925924
0 0.11708932291666667 0.7855439814814815 0.0102203125 0.032199074074074074
0 0.23156848958333331 0.6652662037037037 0.0120953125 0.03608796296296297
0 0.30004739583333334 0.5884828703703704 0.020928125000000002 0.02511388888888889
0 0.43430234375 0.5653532407407408 0.02381302083333333 0.054780555555555555
0 0.2889234375 0.8265402777777778 0.004930208333333333 0.008636111111111112
0 0.021952864583333336 0.5780143518518518 0.006405729166666666 0.026399074074074075
0 0.14422526041666667 0.7522587962962962 0.003033854166666667 0.01933240740740741
0 0.24849348958333334 0.4871231481481481 0.0615703125 0.05943148148148149
0 0.17023125 0.4180416666666667 0.021712500000000003 0.03793518518518518
0 0.5354916666666667 0.2041564814814815 0.022025 0.04535
0 0.5954984375 0.20821018518518516 0.022246875 0.029383333333333334
0 0.5632015625 0.3322347222222222 0.01598645833333333 0.027432407407407405
0 0.2873247395833333 0.45762453703703704 0.0048578125 0.007841666666666667
0 0.3114442708333333 0.4416509259259259 0.011430208333333334 0.012931481481481481
0 0.3937880208333333 0.3485875 0.0032010416666666667 0.019397222222222225
0 0.7011734374999999 0.620087037037037 0.015888541666666665 0.03832222222222222
0 0.79194375 0.5948611111111112 0.016179166666666668 0.03787037037037037
0 0.5167768229166667 0.7791513888888889 0.02313697916666667 0.023117592592592592
0 0.50903359375 0.8551453703703704 0.017025520833333332 0.03621666666666666
0 0.5943434895833334 0.9270856481481482 0.0345203125 0.039356481481481485
0 0.4990072916666667 0.9934754629629631 0.012597916666666665 0.012876851851851851
0 0.7835072916666667 0.8889902777777778 0.020139583333333332 0.033536111111111114
0 0.67017265625 0.694574537037037 0.010136979166666667 0.02618611111111111
0 0.6472653645833333 0.9594898148148149 0.017447395833333334 0.015275925925925927
0 0.8588286458333333 0.8631805555555556 0.010365625 0.03376851851851852
0 0.8900583333333334 0.9357583333333334 0.016575 0.03447962962962963
0 0.9065921874999999 0.8332412037037037 0.012142708333333333 0.014630555555555556
0 0.9627731770833333 0.8409606481481481 0.0088796875 0.031921296296296295
0 0.7477611979166666 0.8976564814814816 0.008022395833333333 0.015683333333333334
0 0.8338479166666667 0.6832597222222222 0.0051958333333333336 0.0072601851851851855
0 0.8625299479166666 0.7452578703703704 0.005268229166666667 0.012737962962962963
0 0.9280278645833333 0.7340745370370371 0.0050140625 0.010741666666666667
0 0.93640390625 0.28657824074074073 0.010307812500000001 0.023156481481481483
0 0.77963671875 0.22052361111111113 0.007190104166666667 0.015121296296296296
0 0.8875455729166667 0.2374810185185185 0.0073828125000000005 0.015702777777777777
0 0.8855518229166666 0.18657129629629632 0.008603645833333333 0.010179629629629629
1 0.49973958333333335 0.5291666666666667 0.9994791666666667 0.9398148148148148
0 0.09322916666666667 0.9009259259259259 0.011458333333333333 0.022222222222222223
0 0.10703125 0.7375 0.0109375 0.032407407407407406
0 0.22578125 0.6310185185185185 0.011979166666666667 0.03611111111111111
0 0.296875 0.562962962962963 0.020833333333333332 0.024074074074074074
0 0.4322916666666667 0.5578703703703703 0.025 0.05277777777777778
0 0.27682291666666664 0.799537037037037 0.0046875 0.008333333333333333
0 0.0203125 0.5189814814814815 0.00625 0.026851851851851852
0 0.13515625 0.7078703703703704 0.0026041666666666665 0.019444444444444445
0 0.24947916666666667 0.45601851851851855 0.06354166666666666 0.05277777777777778
0 0.17395833333333333 0.3763888888888889 0.021875 0.03796296296296296
0 0.5473958333333333 0.20972222222222223 0.022916666666666665 0.04351851851851852
0 0.6065104166666667 0.22083333333333333 0.021354166666666667 0.030555555555555555
0 0.5697916666666667 0.3402777777777778 0.015625 0.026851851851851852
0 0.28932291666666665 0.43148148148148147 0.0046875 0.007407407407407408
0 0.3140625 0.4185185185185185 0.011458333333333333 0.012962962962962963
0 0.4002604166666667 0.33564814814814814 0.0036458333333333334 0.019444444444444445
0 0.6958333333333333 0.6449074074074074 0.016666666666666666 0.03796296296296296
0 0.7872395833333333 0.6310185185185185 0.016145833333333335 0.03796296296296296
0 0.5057291666666667 0.7800925925925926 0.023958333333333335 0.021296296296296296
0 0.4947916666666667 0.8550925925925926 0.016666666666666666 0.03611111111111111
0 0.57734375 0.9365740740740741 0.034895833333333334 0.03796296296296296
0 0.47942708333333334 0.9925925925925926 0.013020833333333334 0.012962962962962963
0 0.7674479166666667 0.9231481481481482 0.021354166666666667 0.03148148148148148
0 0.6619791666666667 0.7148148148148148 0.010416666666666666 0.025925925925925925
0 0.6291666666666667 0.9773148148148149 0.017708333333333333 0.013888888888888888
0 0.8434895833333333 0.9064814814814814 0.0109375 0.03333333333333333
0 0.871875 0.9824074074074074 0.017708333333333333 0.03333333333333333
0 0.8927083333333333 0.8828703703703704 0.0125 0.013888888888888888
0 0.9484375 0.8972222222222223 0.009375 0.03148148148148148
0 0.9950520833333333 0.9425925925925925 0.008854166666666666 0.024074074074074074
0 0.9958333333333333 0.9833333333333333 0.007291666666666667 0.020370370370370372
0 0.7317708333333334 0.9277777777777778 0.008333333333333333 0.014814814814814815
0 0.8260416666666667 0.7240740740740741 0.005208333333333333 0.007407407407407408
0 0.8520833333333333 0.7898148148148149 0.005208333333333333 0.012962962962962963
0 0.9177083333333333 0.7865740740740741 0.005208333333333333 0.010185185185185186
0 0.9440104166666666 0.34120370370370373 0.009895833333333333 0.023148148148148147
0 0.78984375 0.25601851851851853 0.0067708333333333336 0.01574074074074074
0 0.896875 0.2865740740740741 0.007291666666666667 0.01574074074074074
0 0.896875 0.2351851851851852 0.008333333333333333 0.011111111111111112
1 0.5 0.529463888888889 1.0 0.9404092592592593
0 0.13268203125 0.8436370370370371 0.010155729166666665 0.03171851851851852
0 0.24076692708333333 0.706063425925926 0.012783854166666667 0.03620092592592593
0 0.30524296875 0.6196013888888888 0.02090260416666667 0.026239814814814813
0 0.437125 0.5748722222222222 0.022166666666666668 0.05715185185185185
0 0.30572499999999997 0.8581810185185186 0.0052 0.008954629629629628
0 0.028082552083333333 0.6517148148148147 0.007206770833333333 0.025651851851851853
0 0.15750416666666667 0.8067523148148148 0.0035499999999999998 0.019060185185185187
0 0.24913437500000002 0.5263833333333333 0.05868541666666667 0.06758148148148148
0 0.1674515625 0.47001296296296297 0.021361458333333336 0.038174074074074076
0 0.5207968749999999 0.1995898148148148 0.020760416666666667 0.047327777777777774
0 0.5803549479166666 0.19441851851851852 0.023209895833333334 0.027725925925925925
0 0.5545184895833334 0.3232439814814815 0.016328645833333332 0.027969444444444446
0 0.28585182291666666 0.49120231481481486 0.005036979166666666 0.008330555555555555
0 0.30930442708333333 0.4712166666666667 0.011317187499999999 0.012803703703703703
0 0.38688072916666666 0.36515787037037034 0.0029281249999999997 0.01920462962962963
0 0.7063166666666666 0.5886990740740741 0.015758333333333333 0.038509259259259264
0 0.7955549479166667 0.5493032407407407 0.016109895833333335 0.037495370370370366
0 0.5302471354166667 0.7758967592592592 0.021952604166666667 0.025867592592592595
0 0.5263872395833333 0.8523097222222222 0.0173578125 0.036100925925925925
0 0.6153447916666667 0.911124537037037 0.033814583333333335 0.042619444444444446
0 0.5233197916666666 0.9926597222222222 0.012264583333333332 0.014949074074074073
0 0.8014294270833333 0.8438629629629629 0.018483854166666664 0.03587407407407407
0 0.6793382812500001 0.6677949074074073 0.009718229166666667 0.026330555555555555
0 0.66943828125 0.9343782407407407 0.0170015625 0.01690462962962963
0 0.8753624999999999 0.8059296296296297 0.0101 0.03408148148148148
0 0.9101270833333334 0.873949537037037 0.015045833333333335 0.03678796296296297
0 0.9214315104166667 0.7688393518518518 0.011613020833333333 0.015456481481481483
0 0.977565625 0.7670523148148148 0.00825625 0.032252777777777776
0 0.7662895833333334 0.8583300925925925 0.007579166666666666 0.016660185185185184
0 0.8416346354166666 0.6303652777777777 0.005144270833333334 0.007026851851851852
0 0.8729661458333333 0.6885916666666666 0.005307291666666667 0.012368518518518518
0 0.93789453125 0.6667925925925926 0.004955729166666667 0.011362962962962964
0 0.9246466145833333 0.2198375 0.0107515625 0.023008333333333332
0 0.7647700520833334 0.17841805555555554 0.007665104166666667 0.014243518518518518
0 0.8731848958333334 0.1790699074074074 0.007828125 0.015547222222222223
0 0.8690244791666667 0.1276212962962963 0.008882291666666665 0.008946296296296298
1 0.5 0.5347662037037038 1.0 0.9306435185185186
0 0.10999088541666667 0.9506402777777777 0.011648437499999999 0.021650925925925924
0 0.11708932291666667 0.7855439814814815 0.0102203125 0.032199074074074074
0 0.23156848958333331 0.6652662037037037 0.0120953125 0.03608796296296297
0 0.30004739583333334 0.5884828703703704 0.020928125000000002 0.02511388888888889
0 0.43430234375 0.5653532407407408 0.02381302083333333 0.054780555555555555
0 0.2889234375 0.8265402777777778 0.004930208333333333 0.008636111111111112
0 0.021952864583333336 0.5780143518518518 0.006405729166666666 0.026399074074074075
0 0.14422526041666667 0.7522587962962962 0.003033854166666667 0.01933240740740741
0 0.24849348958333334 0.4871231481481481 0.0615703125 0.05943148148148149
0 0.17023125 0.4180416666666667 0.021712500000000003 0.03793518518518518
0 0.5354916666666667 0.2041564814814815 0.022025 0.04535
0 0.5954984375 0.20821018518518516 0.022246875 0.029383333333333334
0 0.5632015625 0.3322347222222222 0.01598645833333333 0.027432407407407405
0 0.2873247395833333 0.45762453703703704 0.0048578125 0.007841666666666667
0 0.3114442708333333 0.4416509259259259 0.011430208333333334 0.012931481481481481
0 0.3937880208333333 0.3485875 0.0032010416666666667 0.019397222222222225
0 0.7011734374999999 0.620087037037037 0.015888541666666665 0.03832222222222222
0 0.79194375 0.5948611111111112 0.016179166666666668 0.03787037037037037
0 0.5167768229166667 0.7791513888888889 0.02313697916666667 0.023117592592592592
0 0.50903359375 0.8551453703703704 0.017025520833333332 0.03621666666666666
0 0.5943434895833334 0.9270856481481482 0.0345203125 0.039356481481481485
0 0.4990072916666667 0.9934754629629631 0.012597916666666665 0.012876851851851851
0 0.7835072916666667 0.8889902777777778 0.020139583333333332 0.033536111111111114
0 0.67017265625 0.694574537037037 0.010136979166666667 0.02618611111111111
0 0.6472653645833333 0.9594898148148149 0.017447395833333334 0.015275925925925927
0 0.8588286458333333 0.8631805555555556 0.010365625 0.03376851851851852
0 0.8900583333333334 0.9357583333333334 0.016575 0.03447962962962963
0 0.9065921874999999 0.8332412037037037 0.012142708333333333 0.014630555555555556
0 0.9627731770833333 0.8409606481481481 0.0088796875 0.031921296296296295
0 0.7477611979166666 0.8976564814814816 0.008022395833333333 0.015683333333333334
0 0.8338479166666667 0.6832597222222222 0.0051958333333333336 0.0072601851851851855
0 0.8625299479166666 0.7452578703703704 0.005268229166666667 0.012737962962962963
0 0.9280278645833333 0.7340745370370371 0.0050140625 0.010741666666666667
0 0.93640390625 0.28657824074074073 0.010307812500000001 0.023156481481481483
0 0.77963671875 0.22052361111111113 0.007190104166666667 0.015121296296296296
0 0.8875455729166667 0.2374810185185185 0.0073828125000000005 0.015702777777777777
0 0.8855518229166666 0.18657129629629632 0.008603645833333333 0.010179629629629629
1 0.49973958333333335 0.5291666666666667 0.9994791666666667 0.9398148148148148
0 0.09322916666666667 0.9009259259259259 0.011458333333333333 0.022222222222222223
0 0.10703125 0.7375 0.0109375 0.032407407407407406
0 0.22578125 0.6310185185185185 0.011979166666666667 0.03611111111111111
0 0.296875 0.562962962962963 0.020833333333333332 0.024074074074074074
0 0.4322916666666667 0.5578703703703703 0.025 0.05277777777777778
0 0.27682291666666664 0.799537037037037 0.0046875 0.008333333333333333
0 0.0203125 0.5189814814814815 0.00625 0.026851851851851852
0 0.13515625 0.7078703703703704 0.0026041666666666665 0.019444444444444445
0 0.24947916666666667 0.45601851851851855 0.06354166666666666 0.05277777777777778
0 0.17395833333333333 0.3763888888888889 0.021875 0.03796296296296296
0 0.5473958333333333 0.20972222222222223 0.022916666666666665 0.04351851851851852
0 0.6065104166666667 0.22083333333333333 0.021354166666666667 0.030555555555555555
0 0.5697916666666667 0.3402777777777778 0.015625 0.026851851851851852
0 0.28932291666666665 0.43148148148148147 0.0046875 0.007407407407407408
0 0.3140625 0.4185185185185185 0.011458333333333333 0.012962962962962963
0 0.4002604166666667 0.33564814814814814 0.0036458333333333334 0.019444444444444445
0 0.6958333333333333 0.6449074074074074 0.016666666666666666 0.03796296296296296
0 0.7872395833333333 0.6310185185185185 0.016145833333333335 0.03796296296296296
0 0.5057291666666667 0.7800925925925926 0.023958333333333335 0.021296296296296296
0 0.4947916666666667 0.8550925925925926 0.016666666666666666 0.03611111111111111
0 0.57734375 0.9365740740740741 0.034895833333333334 0.03796296296296296
0 0.47942708333333334 0.9925925925925926 0.013020833333333334 0.012962962962962963
0 0.7674479166666667 0.9231481481481482 0.021354166666666667 0.03148148148148148
0 0.6619791666666667 0.7148148148148148 0.010416666666666666 0.025925925925925925
0 0.6291666666666667 0.9773148148148149 0.017708333333333333 0.013888888888888888
0 0.8434895833333333 0.9064814814814814 0.0109375 0.03333333333333333
0 0.871875 0.9824074074074074 0.017708333333333333 0.03333333333333333
0 0.8927083333333333 0.8828703703703704 0.0125 0.013888888888888888
0 0.9484375 0.8972222222222223 0.009375 0.03148148148148148
0 0.9950520833333333 0.9425925925925925 0.008854166666666666 0.024074074074074074
0 0.9958333333333333 0.9833333333333333 0.007291666666666667 0.020370370370370372
0 0.7317708333333334 0.9277777777777778 0.008333333333333333 0.014814814814814815
0 0.8260416666666667 0.7240740740740741 0.005208333333333333 0.007407407407407408
0 0.8520833333333333 0.7898148148148149 0.005208333333333333 0.012962962962962963
0 0.9177083333333333 0.7865740740740741 0.005208333333333333 0.010185185185185186
0 0.9440104166666666 0.34120370370370373 0.009895833333333333 0.023148148148148147
0 0.78984375 0.25601851851851853 0.0067708333333333336 0.01574074074074074
0 0.896875 0.2865740740740741 0.007291666666666667 0.01574074074074074
0 0.896875 0.2351851851851852 0.008333333333333333 0.011111111111111112
1 0.5 0.529463888888889 1.0 0.9404092592592593
0 0.13268203125 0.8436370370370371 0.010155729166666665 0.03171851851851852
0 0.24076692708333333 0.706063425925926 0.012783854166666667 0.03620092592592593
0 0.30524296875 0.6196013888888888 0.02090260416666667 0.026239814814814813
0 0.437125 0.5748722222222222 0.022166666666666668 0.05715185185185185
0 0.30572499999999997 0.8581810185185186 0.0052 0.008954629629629628
0 0.028082552083333333 0.6517148148148147 0.007206770833333333 0.025651851851851853
0 0.15750416666666667 0.8067523148148148 0.0035499999999999998 0.019060185185185187
0 0.24913437500000002 0.5263833333333333 0.05868541666666667 0.06758148148148148
0 0.1674515625 0.47001296296296297 0.021361458333333336 0.038174074074074076
0 0.5207968749999999 0.1995898148148148 0.020760416666666667 0.047327777777777774
0 0.5803549479166666 0.19441851851851852 0.023209895833333334 0.027725925925925925
0 0.5545184895833334 0.3232439814814815 0.016328645833333332 0.027969444444444446
0 0.28585182291666666 0.49120231481481486 0.005036979166666666 0.008330555555555555
0 0.30930442708333333 0.4712166666666667 0.011317187499999999 0.012803703703703703
0 0.38688072916666666 0.36515787037037034 0.0029281249999999997 0.01920462962962963
0 0.7063166666666666 0.5886990740740741 0.015758333333333333 0.038509259259259264
0 0.7955549479166667 0.5493032407407407 0.016109895833333335 0.037495370370370366
0 0.5302471354166667 0.7758967592592592 0.021952604166666667 0.025867592592592595
0 0.5263872395833333 0.8523097222222222 0.0173578125 0.036100925925925925
0 0.6153447916666667 0.911124537037037 0.033814583333333335 0.042619444444444446
0 0.5233197916666666 0.9926597222222222 0.012264583333333332 0.014949074074074073
0 0.8014294270833333 0.8438629629629629 0.018483854166666664 0.03587407407407407
0 0.6793382812500001 0.6677949074074073 0.009718229166666667 0.026330555555555555
0 0.66943828125 0.9343782407407407 0.0170015625 0.01690462962962963
0 0.8753624999999999 0.8059296296296297 0.0101 0.03408148148148148
0 0.9101270833333334 0.873949537037037 0.015045833333333335 0.03678796296296297
0 0.9214315104166667 0.7688393518518518 0.011613020833333333 0.015456481481481483
0 0.977565625 0.7670523148148148 0.00825625 0.032252777777777776
0 0.7662895833333334 0.8583300925925925 0.007579166666666666 0.016660185185185184
0 0.8416346354166666 0.6303652777777777 0.005144270833333334 0.007026851851851852
0 0.8729661458333333 0.6885916666666666 0.005307291666666667 0.012368518518518518
0 0.93789453125 0.6667925925925926 0.004955729166666667 0.011362962962962964
0 0.9246466145833333 0.2198375 0.0107515625 0.023008333333333332
0 0.7647700520833334 0.17841805555555554 0.007665104166666667 0.014243518518518518
0 0.8731848958333334 0.1790699074074074 0.007828125 0.015547222222222223
0 0.8690244791666667 0.1276212962962963 0.008882291666666665 0.008946296296296298
1 0.5 0.5347662037037038 1.0 0.9306435185185186
0 0.10999088541666667 0.9506402777777777 0.011648437499999999 0.021650925925925924
0 0.11708932291666667 0.7855439814814815 0.0102203125 0.032199074074074074
0 0.23156848958333331 0.6652662037037037 0.0120953125 0.03608796296296297
0 0.30004739583333334 0.5884828703703704 0.020928125000000002 0.02511388888888889
0 0.43430234375 0.5653532407407408 0.02381302083333333 0.054780555555555555
0 0.2889234375 0.8265402777777778 0.004930208333333333 0.008636111111111112
0 0.021952864583333336 0.5780143518518518 0.006405729166666666 0.026399074074074075
0 0.14422526041666667 0.7522587962962962 0.003033854166666667 0.01933240740740741
0 0.24849348958333334 0.4871231481481481 0.0615703125 0.05943148148148149
0 0.17023125 0.4180416666666667 0.021712500000000003 0.03793518518518518
0 0.5354916666666667 0.2041564814814815 0.022025 0.04535
0 0.5954984375 0.20821018518518516 0.022246875 0.029383333333333334
0 0.5632015625 0.3322347222222222 0.01598645833333333 0.027432407407407405
0 0.2873247395833333 0.45762453703703704 0.0048578125 0.007841666666666667
0 0.3114442708333333 0.4416509259259259 0.011430208333333334 0.012931481481481481
0 0.3937880208333333 0.3485875 0.0032010416666666667 0.019397222222222225
0 0.7011734374999999 0.620087037037037 0.015888541666666665 0.03832222222222222
0 0.79194375 0.5948611111111112 0.016179166666666668 0.03787037037037037
0 0.5167768229166667 0.7791513888888889 0.02313697916666667 0.023117592592592592
0 0.50903359375 0.8551453703703704 0.017025520833333332 0.03621666666666666
0 0.5943434895833334 0.9270856481481482 0.0345203125 0.039356481481481485
0 0.4990072916666667 0.9934754629629631 0.012597916666666665 0.012876851851851851
0 0.7835072916666667 0.8889902777777778 0.020139583333333332 0.033536111111111114
0 0.67017265625 0.694574537037037 0.010136979166666667 0.02618611111111111
0 0.6472653645833333 0.9594898148148149 0.017447395833333334 0.015275925925925927
0 0.8588286458333333 0.8631805555555556 0.010365625 0.03376851851851852
0 0.8900583333333334 0.9357583333333334 0.016575 0.03447962962962963
0 0.9065921874999999 0.8332412037037037 0.012142708333333333 0.014630555555555556
0 0.9627731770833333 0.8409606481481481 0.0088796875 0.031921296296296295
0 0.7477611979166666 0.8976564814814816 0.008022395833333333 0.015683333333333334
0 0.8338479166666667 0.6832597222222222 0.0051958333333333336 0.0072601851851851855
0 0.8625299479166666 0.7452578703703704 0.005268229166666667 0.012737962962962963
0 0.9280278645833333 0.7340745370370371 0.0050140625 0.010741666666666667
0 0.93640390625 0.28657824074074073 0.010307812500000001 0.023156481481481483
0 0.77963671875 0.22052361111111113 0.007190104166666667 0.015121296296296296
0 0.8875455729166667 0.2374810185185185 0.0073828125000000005 0.015702777777777777
0 0.8855518229166666 0.18657129629629632 0.008603645833333333 0.010179629629629629
1 0.49973958333333335 0.5291666666666667 0.9994791666666667 0.9398148148148148
0 0.09322916666666667 0.9009259259259259 0.011458333333333333 0.022222222222222223
0 0.10703125 0.7375 0.0109375 0.032407407407407406
0 0.22578125 0.6310185185185185 0.011979166666666667 0.03611111111111111
0 0.296875 0.562962962962963 0.020833333333333332 0.024074074074074074
0 0.4322916666666667 0.5578703703703703 0.025 0.05277777777777778
0 0.27682291666666664 0.799537037037037 0.0046875 0.008333333333333333
0 0.0203125 0.5189814814814815 0.00625 0.026851851851851852
0 0.13515625 0.7078703703703704 0.0026041666666666665 0.019444444444444445
0 0.24947916666666667 0.45601851851851855 0.06354166666666666 0.05277777777777778
0 0.17395833333333333 0.3763888888888889 0.021875 0.03796296296296296
0 0.5473958333333333 0.20972222222222223 0.022916666666666665 0.04351851851851852
0 0.6065104166666667 0.22083333333333333 0.021354166666666667 0.030555555555555555
0 0.5697916666666667 0.3402777777777778 0.015625 0.026851851851851852
0 0.28932291666666665 0.43148148148148147 0.0046875 0.007407407407407408
0 0.3140625 0.4185185185185185 0.011458333333333333 0.012962962962962963
0 0.4002604166666667 0.33564814814814814 0.0036458333333333334 0.019444444444444445
0 0.6958333333333333 0.6449074074074074 0.016666666666666666 0.03796296296296296
0 0.7872395833333333 0.6310185185185185 0.016145833333333335 0.03796296296296296
0 0.5057291666666667 0.7800925925925926 0.023958333333333335 0.021296296296296296
0 0.4947916666666667 0.8550925925925926 0.016666666666666666 0.03611111111111111
0 0.57734375 0.9365740740740741 0.034895833333333334 0.03796296296296296
0 0.47942708333333334 0.9925925925925926 0.013020833333333334 0.012962962962962963
0 0.7674479166666667 0.9231481481481482 0.021354166666666667 0.03148148148148148
0 0.6619791666666667 0.7148148148148148 0.010416666666666666 0.025925925925925925
0 0.6291666666666667 0.9773148148148149 0.017708333333333333 0.013888888888888888
0 0.8434895833333333 0.9064814814814814 0.0109375 0.03333333333333333
0 0.871875 0.9824074074074074 0.017708333333333333 0.03333333333333333
0 0.8927083333333333 0.8828703703703704 0.0125 0.013888888888888888
0 0.9484375 0.8972222222222223 0.009375 0.03148148148148148
0 0.9950520833333333 0.9425925925925925 0.008854166666666666 0.024074074074074074
0 0.9958333333333333 0.9833333333333333 0.007291666666666667 0.020370370370370372
0 0.7317708333333334 0.9277777777777778 0.008333333333333333 0.014814814814814815
0 0.8260416666666667 0.7240740740740741 0.005208333333333333 0.007407407407407408
0 0.8520833333333333 0.7898148148148149 0.005208333333333333 0.012962962962962963
0 0.9177083333333333 0.7865740740740741 0.005208333333333333 0.010185185185185186
0 0.9440104166666666 0.34120370370370373 0.009895833333333333 0.023148148148148147
0 0.78984375 0.25601851851851853 0.0067708333333333336 0.01574074074074074
0 0.896875 0.2865740740740741 0.007291666666666667 0.01574074074074074
0 0.896875 0.2351851851851852 0.008333333333333333 0.011111111111111112
1 0.5 0.529463888888889 1.0 0.9404092592592593
0 0.13268203125 0.8436370370370371 0.010155729166666665 0.03171851851851852
0 0.24076692708333333 0.706063425925926 0.012783854166666667 0.03620092592592593
0 0.30524296875 0.6196013888888888 0.02090260416666667 0.026239814814814813
0 0.437125 0.5748722222222222 0.022166666666666668 0.05715185185185185
0 0.30572499999999997 0.8581810185185186 0.0052 0.008954629629629628
0 0.028082552083333333 0.6517148148148147 0.007206770833333333 0.025651851851851853
0 0.15750416666666667 0.8067523148148148 0.0035499999999999998 0.019060185185185187
0 0.24913437500000002 0.5263833333333333 0.05868541666666667 0.06758148148148148
0 0.1674515625 0.47001296296296297 0.021361458333333336 0.038174074074074076
0 0.5207968749999999 0.1995898148148148 0.020760416666666667 0.047327777777777774
0 0.5803549479166666 0.19441851851851852 0.023209895833333334 0.027725925925925925
0 0.5545184895833334 0.3232439814814815 0.016328645833333332 0.027969444444444446
0 0.28585182291666666 0.49120231481481486 0.005036979166666666 0.008330555555555555
0 0.30930442708333333 0.4712166666666667 0.011317187499999999 0.012803703703703703
0 0.38688072916666666 0.36515787037037034 0.0029281249999999997 0.01920462962962963
0 0.7063166666666666 0.5886990740740741 0.015758333333333333 0.038509259259259264
0 0.7955549479166667 0.5493032407407407 0.016109895833333335 0.037495370370370366
0 0.5302471354166667 0.7758967592592592 0.021952604166666667 0.025867592592592595
0 0.5263872395833333 0.8523097222222222 0.0173578125 0.036100925925925925
0 0.6153447916666667 0.911124537037037 0.033814583333333335 0.042619444444444446
0 0.5233197916666666 0.9926597222222222 0.012264583333333332 0.014949074074074073
0 0.8014294270833333 0.8438629629629629 0.018483854166666664 0.03587407407407407
0 0.6793382812500001 0.6677949074074073 0.009718229166666667 0.026330555555555555
0 0.66943828125 0.9343782407407407 0.0170015625 0.01690462962962963
0 0.8753624999999999 0.8059296296296297 0.0101 0.03408148148148148
0 0.9101270833333334 0.873949537037037 0.015045833333333335 0.03678796296296297
0 0.9214315104166667 0.7688393518518518 0.011613020833333333 0.015456481481481483
0 0.977565625 0.7670523148148148 0.00825625 0.032252777777777776
0 0.7662895833333334 0.8583300925925925 0.007579166666666666 0.016660185185185184
0 0.8416346354166666 0.6303652777777777 0.005144270833333334 0.007026851851851852
0 0.8729661458333333 0.6885916666666666 0.005307291666666667 0.012368518518518518
0 0.93789453125 0.6667925925925926 0.004955729166666667 0.011362962962962964
0 0.9246466145833333 0.2198375 0.0107515625 0.023008333333333332
0 0.7647700520833334 0.17841805555555554 0.007665104166666667 0.014243518518518518
0 0.8731848958333334 0.1790699074074074 0.007828125 0.015547222222222223
0 0.8690244791666667 0.1276212962962963 0.008882291666666665 0.008946296296296298
