1 0.49973958333333335 0.5138888888888888 0.9994791666666667 0.9703703703703703
0 0.25442708333333336 0.49907407407407406 0.028645833333333332 0.046296296296296294
0 0.0875 0.7310185185185185 0.01875 0.049074074074074076
0 0.7463541666666667 0.17916666666666667 0.011458333333333333 0.023148148148148147
0 0.7356770833333334 0.8564814814814815 0.016145833333333335 0.046296296296296294
0 0.6854166666666667 0.9199074074074074 0.014583333333333334 0.032407407407407406
0 0.5796875 0.9060185185185186 0.015625 0.023148148148148147
0 0.90703125 0.5388888888888889 0.005729166666666666 0.018518518518518517
0 0.95546875 0.2708333333333333 0.025520833333333333 0.04722222222222222
0 0.9755208333333333 0.3648148148148148 0.005208333333333333 0.016666666666666666
0 0.59453125 0.30416666666666664 0.022395833333333334 0.04351851851851852
0 0.6015625 0.16342592592592592 0.011458333333333333 0.012037037037037037
0 0.73671875 0.10740740740740741 0.0140625 0.016666666666666666
0 0.65625 0.17407407407407408 0.005208333333333333 0.022222222222222223
0 0.97734375 0.5944444444444444 0.005729166666666666 0.016666666666666666
0 0.7713541666666667 0.6893518518518519 0.007291666666666667 0.008333333333333333
0 0.28125 0.7074074074074074 0.009375 0.022222222222222223
0 0.24505208333333334 0.7560185185185185 0.0046875 0.010185185185185186
0 0.19453125 0.662962962962963 0.011979166666666667 0.03148148148148148
0 0.34479166666666666 0.4351851851851852 0.014583333333333334 0.025925925925925925
0 0.17135416666666667 0.4412037037037037 0.009375 0.019444444444444445
0 0.10234375 0.2152777777777778 0.005729166666666666 0.008333333333333333
0 0.23880208333333333 0.3699074074074074 0.0067708333333333336 0.013888888888888888
1 0.5 0.5152226851851852 1.0 0.9693342592592593
0 0.7455299479166667 0.5067689814814815 0.028559895833333335 0.0468712962962963
0 0.9100125 0.7438648148148148 0.018983333333333335 0.04884074074074074
0 0.25680625 0.17170092592592592 0.011529166666666667 0.02303148148148148
0 0.26117838541666666 0.8491837962962964 0.016106770833333332 0.04651574074074074
0 0.31041093750000004 0.9142930555555556 0.014571875000000001 0.03228981481481481
0 0.41615833333333335 0.9033680555555555 0.01565 0.023402777777777776
0 0.09252916666666668 0.5259004629629629 0.005891666666666667 0.018467592592592594
0 0.047019791666666665 0.2571833333333333 0.02528958333333333 0.0477
0 0.025991145833333333 0.3500069444444444 0.005107291666666666 0.016680555555555556
0 0.40739583333333335 0.3016847222222222 0.022083333333333333 0.04411018518518519
0 0.4016208333333333 0.16046944444444444 0.011575 0.01167962962962963
0 0.2669533854166667 0.10001481481481482 0.014115104166666666 0.016696296296296296
0 0.34681093749999997 0.1695074074074074 0.005080208333333333 0.022348148148148148
0 0.021554947916666668 0.5796365740740741 0.005609895833333334 0.016680555555555556
0 0.22656197916666668 0.6810907407407407 0.007290624999999999 0.008477777777777779
0 0.7166114583333333 0.7139439814814814 0.009264583333333333 0.02233240740740741
0 0.7523026041666667 0.7634657407407407 0.0046052083333333335 0.010264814814814815
0 0.80400078125 0.6721634259259259 0.012168229166666666 0.031363888888888886
0 0.65570078125 0.43984537037037036 0.0145265625 0.025987037037037038
0 0.8292432291666666 0.45132268518518515 0.009528125 0.019312037037037037
0 0.9002916666666666 0.22735462962962963 0.005791666666666666 0.008412962962962964
0 0.7622434895833333 0.37823981481481483 0.006778645833333334 0.013887037037037036
1 0.5 0.4843421296296297 1.0 0.9686842592592594
0 0.7454307291666668 0.4776925925925926 0.028361458333333332 0.04797777777777778
0 0.90502890625 0.23157175925925927 0.0194328125 0.04832870370370371
0 0.26364296875 0.8428699074074074 0.0116609375 0.022776851851851854
0 0.2548822916666667 0.16512222222222223 0.016014583333333336 0.04691111111111111
0 0.3020596354166667 0.09841944444444445 0.0145359375 0.03202407407407407
0 0.40836354166666666 0.10176064814814814 0.015685416666666667 0.02389166666666667
0 0.09216848958333333 0.4989888888888889 0.006211979166666667 0.018348148148148148
0 0.051985416666666666 0.7715277777777778 0.02480416666666667 0.04861111111111111
0 0.029013281250000002 0.6787166666666666 0.0049015625 0.016692592592592592
0 0.4112401041666667 0.7041074074074074 0.021438541666666665 0.04525185185185185
0 0.40850260416666667 0.8452921296296296 0.011796875 0.010954629629629628
0 0.27533255208333335 0.9139259259259259 0.014206770833333333 0.01674074074074074
0 0.3534515625 0.8399935185185186 0.004819791666666667 0.02257962962962963
0 0.020391927083333334 0.45001296296296295 0.0053671874999999996 0.016692592592592592
0 0.22343255208333332 0.33586064814814814 0.007281770833333334 0.008758333333333333
0 0.7123299479166667 0.2723763888888889 0.009034895833333334 0.022530555555555554
0 0.7470096354166667 0.2209476851851852 0.0044359375 0.01041388888888889
0 0.8000177083333334 0.30906805555555555 0.012535416666666667 0.031099074074074078
0 0.6572 0.5500791666666667 0.0144 0.02608425925925926
0 0.8299127604166666 0.5280337962962963 0.009825520833333332 0.019030555555555558
0 0.9055601562500001 0.7468745370370371 0.005911979166666667 0.00856388888888889
0 0.7643320312499999 0.6060087962962963 0.0067890625 0.013869444444444443
1 0.49973958333333335 0.5138888888888888 0.9994791666666667 0.9703703703703703
0 0.25442708333333336 0.49907407407407406 0.028645833333333332 0.046296296296296294
0 0.0875 0.7310185185185185 0.01875 0.049074074074074076
0 0.7463541666666667 0.17916666666666667 0.011458333333333333 0.023148148148148147
0 0.7356770833333334 0.8564814814814815 0.016145833333333335 0.046296296296296294
0 0.6854166666666667 0.9199074074074074 0.014583333333333334 0.032407407407407406
0 0.5796875 0.9060185185185186 0.015625 0.023148148148148147
0 0.90703125 0.5388888888888889 0.005729166666666666 0.018518518518518517
0 0.95546875 0.2708333333333333 0.025520833333333333 0.04722222222222222
0 0.9755208333333333 0.3648148148148148 0.005208333333333333 0.016666666666666666
0 0.59453125 0.30416666666666664 0.022395833333333334 0.04351851851851852
0 0.6015625 0.16342592592592592 0.011458333333333333 0.012037037037037037
0 0.73671875 0.10740740740740741 0.0140625 0.016666666666666666
0 0.65625 0.17407407407407408 0.005208333333333333 0.022222222222222223
0 0.97734375 0.5944444444444444 0.005729166666666666 0.016666666666666666
0 0.7713541666666667 0.6893518518518519 0.007291666666666667 0.008333333333333333
0 0.28125 0.7074074074074074 0.009375 0.022222222222222223
0 0.24505208333333334 0.7560185185185185 0.0046875 0.010185185185185186
0 0.19453125 0.662962962962963 0.011979166666666667 0.03148148148148148
0 0.34479166666666666 0.4351851851851852 0.014583333333333334 0.025925925925925925
0 0.17135416666666667 0.4412037037037037 0.009375 0.019444444444444445
0 0.10234375 0.2152777777777778 0.005729166666666666 0.008333333333333333
0 0.23880208333333333 0.3699074074074074 0.0067708333333333336 0.013888888888888888
1 0.5 0.5152226851851852 1.0 0.9693342592592593
0 0.7455299479166667 0.5067689814814815 0.028559895833333335 0.0468712962962963
0 0.9100125 0.7438648148148148 0.018983333333333335 0.04884074074074074
0 0.25680625 0.17170092592592592 0.011529166666666667 0.02303148148148148
0 0.26117838541666666 0.8491837962962964 0.016106770833333332 0.04651574074074074
0 0.31041093750000004 0.9142930555555556 0.014571875000000001 0.03228981481481481
0 0.41615833333333335 0.9033680555555555 0.01565 0.023402777777777776
0 0.09252916666666668 0.5259004629629629 0.005891666666666667 0.018467592592592594
0 0.047019791666666665 0.2571833333333333 0.02528958333333333 0.0477
0 0.025991145833333333 0.3500069444444444 0.005107291666666666 0.016680555555555556
0 0.40739583333333335 0.3016847222222222 0.022083333333333333 0.04411018518518519
0 0.4016208333333333 0.16046944444444444 0.011575 0.01167962962962963
0 0.2669533854166667 0.10001481481481482 0.014115104166666666 0.016696296296296296
0 0.34681093749999997 0.1695074074074074 0.005080208333333333 0.022348148148148148
0 0.021554947916666668 0.5796365740740741 0.005609895833333334 0.016680555555555556
0 0.22656197916666668 0.6810907407407407 0.007290624999999999 0.008477777777777779
0 0.7166114583333333 0.7139439814814814 0.009264583333333333 0.02233240740740741
0 0.7523026041666667 0.7634657407407407 0.0046052083333333335 0.010264814814814815
0 0.80400078125 0.6721634259259259 0.012168229166666666 0.031363888888888886
0 0.65570078125 0.43984537037037036 0.0145265625 0.025987037037037038
0 0.8292432291666666 0.45132268518518515 0.009528125 0.019312037037037037
0 0.9002916666666666 0.22735462962962963 0.005791666666666666 0.008412962962962964
0 0.7622434895833333 0.37823981481481483 0.006778645833333334 0.013887037037037036
1 0.5 0.4843421296296297 1.0 0.9686842592592594
0 0.7454307291666668 0.4776925925925926 0.028361458333333332 0.04797777777777778
0 0.90502890625 0.23157175925925927 0.0194328125 0.04832870370370371
0 0.26364296875 0.8428699074074074 0.0116609375 0.022776851851851854
0 0.2548822916666667 0.16512222222222223 0.016014583333333336 0.04691111111111111
0 0.3020596354166667 0.09841944444444445 0.0145359375 0.03202407407407407
0 0.40836354166666666 0.10176064814814814 0.015685416666666667 0.02389166666666667
0 0.09216848958333333 0.4989888888888889 0.006211979166666667 0.018348148148148148
0 0.051985416666666666 0.7715277777777778 0.02480416666666667 0.04861111111111111
0 0.029013281250000002 0.6787166666666666 0.0049015625 0.016692592592592592
0 0.4112401041666667 0.7041074074074074 0.021438541666666665 0.04525185185185185
0 0.40850260416666667 0.8452921296296296 0.011796875 0.010954629629629628
0 0.27533255208333335 0.9139259259259259 0.014206770833333333 0.01674074074074074
0 0.3534515625 0.8399935185185186 0.004819791666666667 0.02257962962962963
0 0.020391927083333334 0.45001296296296295 0.0053671874999999996 0.016692592592592592
0 0.22343255208333332 0.33586064814814814 0.007281770833333334 0.008758333333333333
0 0.7123299479166667 0.2723763888888889 0.009034895833333334 0.022530555555555554
0 0.7470096354166667 0.2209476851851852 0.0044359375 0.01041388888888889
0 0.8000177083333334 0.30906805555555555 0.012535416666666667 0.031099074074074078
0 0.6572 0.5500791666666667 0.0144 0.02608425925925926
0 0.8299127604166666 0.5280337962962963 0.009825520833333332 0.019030555555555558
0 0.9055601562500001 0.7468745370370371 0.005911979166666667 0.00856388888888889
0 0.7643320312499999 0.6060087962962963 0.0067890625 0.013869444444444443
