1 0.49973958333333335 0.5162037037037037 0.9994791666666667 0.9657407407407408
0 0.44088541666666664 0.8342592592592593 0.028645833333333332 0.053703703703703705
0 0.38203125 0.8430555555555556 0.034895833333333334 0.049074074074074076
0 0.49288203124999996 0.20694444444444443 0.018055729166666666 0.06388888888888888
0 0.51171875 0.20590555555555554 0.0109375 0.02847777777777778
0 0.49895833333333334 0.17037037037037037 0.014583333333333334 0.027777777777777776
0 0.4895833333333333 0.27708333333333335 0.011458333333333333 0.07083333333333333
0 0.61640625 0.43472222222222223 0.013020833333333334 0.04351851851851852
0 0.59609375 0.5828703703703704 0.0171875 0.03425925925925926
0 0.5924479166666666 0.5120370370370371 0.016145833333333335 0.040740740740740744
0 0.6130208333333333 0.5319444444444444 0.019791666666666666 0.01574074074074074
0 0.5229911458333334 0.9183861111111111 0.03348229166666667 0.03306851851851852
0 0.6166666666666667 0.9504300925925926 0.022916666666666665 0.04715648148148149
0 0.33489583333333334 0.625462962962963 0.0125 0.021296296296296296
0 0.4674479166666667 0.44722222222222224 0.013020833333333334 0.04814814814814815
0 0.6349669270833334 0.18707916666666666 0.0220171875 0.022306481481481483
0 0.22265625 0.825 0.03697916666666667 0.024074074074074074
0 0.32135416666666666 0.8407407407407408 0.027083333333333334 0.03333333333333333
0 0.22838541666666667 0.9064814814814814 0.0067708333333333336 0.024074074074074074
0 0.9119791666666667 0.4111111111111111 0.023958333333333335 0.05555555555555555
1 0.5 0.4847842592592593 1.0 0.9695685185185186
0 0.43786718750000003 0.16770972222222222 0.028859375 0.053937962962962965
0 0.37838723958333337 0.16079814814814816 0.03489947916666667 0.04937407407407407
0 0.49570598958333334 0.7931314814814815 0.018495312500000003 0.06404074074074075
0 0.5148473958333333 0.7938231481481481 0.010944791666666667 0.028387037037037037
0 0.5020684895833333 0.8296759259259259 0.014553645833333333 0.027870370370370372
0 0.4917703125 0.7232999999999999 0.011665625 0.07067407407407408
0 0.6170895833333333 0.5616194444444444 0.013345833333333333 0.04360925925925926
0 0.5950098958333334 0.4144625 0.017103125 0.034480555555555556
0 0.5925013020833333 0.4851013888888889 0.016252604166666667 0.04057314814814815
0 0.6125166666666666 0.4645930555555555 0.019825 0.01622314814814815
0 0.51890625 0.08088796296296297 0.03364583333333333 0.0321462962962963
0 0.6123890625 0.04597407407407408 0.022694791666666665 0.04750370370370371
0 0.33379869791666666 0.37929444444444443 0.012389062499999999 0.021551851851851853
0 0.4679859375 0.5536921296296295 0.013055208333333334 0.048125
0 0.6380760416666666 0.8085226851851852 0.021985416666666667 0.022600925925925924
0 0.21947395833333333 0.18377592592592593 0.03686458333333333 0.024959259259259257
0 0.31808177083333333 0.16510324074074073 0.026788541666666665 0.03391018518518518
0 0.2242091145833333 0.10185787037037038 0.0067515625 0.024086111111111114
0 0.9126846354166667 0.5757439814814814 0.02432760416666667 0.05519166666666667
1 0.5 0.5112851851851852 1.0 0.978125925925926
0 0.4312971354166667 0.8281046296296296 0.029260937499999997 0.05435740740740741
0 0.37212526041666666 0.8314453703703704 0.03487552083333333 0.04992777777777777
0 0.5013453125 0.20621712962962963 0.019357291666666665 0.06428611111111111
0 0.5205791666666666 0.20760833333333334 0.01095 0.02817962962962963
0 0.5088033854166667 0.17049675925925928 0.014481770833333333 0.028030555555555555
0 0.49632317708333334 0.2758865740740741 0.012438020833333334 0.07029166666666667
0 0.6179296875 0.4459490740740741 0.013984375 0.04375
0 0.5933552083333333 0.5915194444444445 0.01691875 0.03489074074074074
0 0.5920796875 0.5210259259259259 0.016451041666666666 0.0402
0 0.6120200520833333 0.5419199074074074 0.019873437499999997 0.01717314814814815
0 0.5107213541666666 0.9197652777777777 0.033942708333333335 0.030271296296296293
0 0.603303125 0.9611138888888888 0.022231249999999998 0.048153703703703706
0 0.3310778645833333 0.6100953703703704 0.012155729166666665 0.022042592592592593
0 0.46957682291666664 0.444387037037037 0.013111979166666668 0.04803333333333333
0 0.6437638020833333 0.20047407407407408 0.021902604166666666 0.023170370370370372
0 0.21361328124999998 0.7994643518518519 0.036601562500000004 0.02670648148148148
0 0.31152447916666665 0.8230717592592592 0.026173958333333334 0.03503240740740741
0 0.21640052083333333 0.880563425925926 0.006759375 0.024089814814814814
0 0.9140841145833334 0.4494287037037037 0.025043229166666667 0.05441296296296296
1 0.49973958333333335 0.5162037037037037 0.9994791666666667 0.9657407407407408
0 0.44088541666666664 0.8342592592592593 0.028645833333333332 0.053703703703703705
0 0.38203125 0.8430555555555556 0.034895833333333334 0.049074074074074076
0 0.49288203124999996 0.20694444444444443 0.018055729166666666 0.06388888888888888
0 0.51171875 0.20590555555555554 0.0109375 0.02847777777777778
0 0.49895833333333334 0.17037037037037037 0.014583333333333334 0.027777777777777776
0 0.4895833333333333 0.27708333333333335 0.011458333333333333 0.07083333333333333
0 0.61640625 0.43472222222222223 0.013020833333333334 0.04351851851851852
0 0.59609375 0.5828703703703704 0.0171875 0.03425925925925926
0 0.5924479166666666 0.5120370370370371 0.016145833333333335 0.040740740740740744
0 0.6130208333333333 0.5319444444444444 0.019791666666666666 0.01574074074074074
0 0.5229911458333334 0.9183861111111111 0.03348229166666667 0.03306851851851852
0 0.6166666666666667 0.9504300925925926 0.022916666666666665 0.04715648148148149
0 0.33489583333333334 0.625462962962963 0.0125 0.021296296296296296
0 0.4674479166666667 0.44722222222222224 0.013020833333333334 0.04814814814814815
0 0.6349669270833334 0.18707916666666666 0.0220171875 0.022306481481481483
0 0.22265625 0.825 0.03697916666666667 0.024074074074074074
0 0.32135416666666666 0.8407407407407408 0.027083333333333334 0.03333333333333333
0 0.22838541666666667 0.9064814814814814 0.0067708333333333336 0.024074074074074074
0 0.9119791666666667 0.4111111111111111 0.023958333333333335 0.05555555555555555
1 0.5 0.4847842592592593 1.0 0.9695685185185186
0 0.43786718750000003 0.16770972222222222 0.028859375 0.053937962962962965
0 0.37838723958333337 0.16079814814814816 0.03489947916666667 0.04937407407407407
0 0.49570598958333334 0.7931314814814815 0.018495312500000003 0.06404074074074075
0 0.5148473958333333 0.7938231481481481 0.010944791666666667 0.028387037037037037
0 0.5020684895833333 0.8296759259259259 0.014553645833333333 0.027870370370370372
0 0.4917703125 0.7232999999999999 0.011665625 0.07067407407407408
0 0.6170895833333333 0.5616194444444444 0.013345833333333333 0.04360925925925926
0 0.5950098958333334 0.4144625 0.017103125 0.034480555555555556
0 0.5925013020833333 0.4851013888888889 0.016252604166666667 0.04057314814814815
0 0.6125166666666666 0.4645930555555555 0.019825 0.01622314814814815
0 0.51890625 0.08088796296296297 0.03364583333333333 0.0321462962962963
0 0.6123890625 0.04597407407407408 0.022694791666666665 0.04750370370370371
0 0.33379869791666666 0.37929444444444443 0.012389062499999999 0.021551851851851853
0 0.4679859375 0.5536921296296295 0.013055208333333334 0.048125
0 0.6380760416666666 0.8085226851851852 0.021985416666666667 0.022600925925925924
0 0.21947395833333333 0.18377592592592593 0.03686458333333333 0.024959259259259257
0 0.31808177083333333 0.16510324074074073 0.026788541666666665 0.03391018518518518
0 0.2242091145833333 0.10185787037037038 0.0067515625 0.024086111111111114
0 0.9126846354166667 0.5757439814814814 0.02432760416666667 0.05519166666666667
1 0.5 0.5112851851851852 1.0 0.978125925925926
0 0.4312971354166667 0.8281046296296296 0.029260937499999997 0.05435740740740741
0 0.37212526041666666 0.8314453703703704 0.03487552083333333 0.04992777777777777
0 0.5013453125 0.20621712962962963 0.019357291666666665 0.06428611111111111
0 0.5205791666666666 0.20760833333333334 0.01095 0.02817962962962963
0 0.5088033854166667 0.17049675925925928 0.014481770833333333 0.028030555555555555
0 0.49632317708333334 0.2758865740740741 0.012438020833333334 0.07029166666666667
0 0.6179296875 0.4459490740740741 0.013984375 0.04375
0 0.5933552083333333 0.5915194444444445 0.01691875 0.03489074074074074
0 0.5920796875 0.5210259259259259 0.016451041666666666 0.0402
0 0.6120200520833333 0.5419199074074074 0.019873437499999997 0.01717314814814815
0 0.5107213541666666 0.9197652777777777 0.033942708333333335 0.030271296296296293
0 0.603303125 0.9611138888888888 0.022231249999999998 0.048153703703703706
0 0.3310778645833333 0.6100953703703704 0.012155729166666665 0.022042592592592593
0 0.46957682291666664 0.444387037037037 0.013111979166666668 0.04803333333333333
0 0.6437638020833333 0.20047407407407408 0.021902604166666666 0.023170370370370372
0 0.21361328124999998 0.7994643518518519 0.036601562500000004 0.02670648148148148
0 0.31152447916666665 0.8230717592592592 0.026173958333333334 0.03503240740740741
0 0.21640052083333333 0.880563425925926 0.006759375 0.024089814814814814
0 0.9140841145833334 0.4494287037037037 0.025043229166666667 0.05441296296296296
1 0.49973958333333335 0.5162037037037037 0.9994791666666667 0.9657407407407408
0 0.44088541666666664 0.8342592592592593 0.028645833333333332 0.053703703703703705
0 0.38203125 0.8430555555555556 0.034895833333333334 0.049074074074074076
0 0.49288203124999996 0.20694444444444443 0.018055729166666666 0.06388888888888888
0 0.51171875 0.20590555555555554 0.0109375 0.02847777777777778
0 0.49895833333333334 0.17037037037037037 0.014583333333333334 0.027777777777777776
0 0.4895833333333333 0.27708333333333335 0.011458333333333333 0.07083333333333333
0 0.61640625 0.43472222222222223 0.013020833333333334 0.04351851851851852
0 0.59609375 0.5828703703703704 0.0171875 0.03425925925925926
0 0.5924479166666666 0.5120370370370371 0.016145833333333335 0.040740740740740744
0 0.6130208333333333 0.5319444444444444 0.019791666666666666 0.01574074074074074
0 0.5229911458333334 0.9183861111111111 0.03348229166666667 0.03306851851851852
0 0.6166666666666667 0.9504300925925926 0.022916666666666665 0.04715648148148149
0 0.33489583333333334 0.625462962962963 0.0125 0.021296296296296296
0 0.4674479166666667 0.44722222222222224 0.013020833333333334 0.04814814814814815
0 0.6349669270833334 0.18707916666666666 0.0220171875 0.022306481481481483
0 0.22265625 0.825 0.03697916666666667 0.024074074074074074
0 0.32135416666666666 0.8407407407407408 0.027083333333333334 0.03333333333333333
0 0.22838541666666667 0.9064814814814814 0.0067708333333333336 0.024074074074074074
0 0.9119791666666667 0.4111111111111111 0.023958333333333335 0.05555555555555555
1 0.5 0.4847842592592593 1.0 0.9695685185185186
0 0.43786718750000003 0.16770972222222222 0.028859375 0.053937962962962965
0 0.37838723958333337 0.16079814814814816 0.03489947916666667 0.04937407407407407
0 0.49570598958333334 0.7931314814814815 0.018495312500000003 0.06404074074074075
0 0.5148473958333333 0.7938231481481481 0.010944791666666667 0.028387037037037037
0 0.5020684895833333 0.8296759259259259 0.014553645833333333 0.027870370370370372
0 0.4917703125 0.7232999999999999 0.011665625 0.07067407407407408
0 0.6170895833333333 0.5616194444444444 0.013345833333333333 0.04360925925925926
0 0.5950098958333334 0.4144625 0.017103125 0.034480555555555556
0 0.5925013020833333 0.4851013888888889 0.016252604166666667 0.04057314814814815
0 0.6125166666666666 0.4645930555555555 0.019825 0.01622314814814815
0 0.51890625 0.08088796296296297 0.03364583333333333 0.0321462962962963
0 0.6123890625 0.04597407407407408 0.022694791666666665 0.04750370370370371
0 0.33379869791666666 0.37929444444444443 0.012389062499999999 0.021551851851851853
0 0.4679859375 0.5536921296296295 0.013055208333333334 0.048125
0 0.6380760416666666 0.8085226851851852 0.021985416666666667 0.022600925925925924
0 0.21947395833333333 0.18377592592592593 0.03686458333333333 0.024959259259259257
0 0.31808177083333333 0.16510324074074073 0.026788541666666665 0.03391018518518518
0 0.2242091145833333 0.10185787037037038 0.0067515625 0.024086111111111114
0 0.9126846354166667 0.5757439814814814 0.02432760416666667 0.05519166666666667
1 0.5 0.5112851851851852 1.0 0.978125925925926
0 0.4312971354166667 0.8281046296296296 0.029260937499999997 0.05435740740740741
0 0.37212526041666666 0.8314453703703704 0.03487552083333333 0.04992777777777777
0 0.5013453125 0.20621712962962963 0.019357291666666665 0.06428611111111111
0 0.5205791666666666 0.20760833333333334 0.01095 0.02817962962962963
0 0.5088033854166667 0.17049675925925928 0.014481770833333333 0.028030555555555555
0 0.49632317708333334 0.2758865740740741 0.012438020833333334 0.07029166666666667
0 0.6179296875 0.4459490740740741 0.013984375 0.04375
0 0.5933552083333333 0.5915194444444445 0.01691875 0.03489074074074074
0 0.5920796875 0.5210259259259259 0.016451041666666666 0.0402
0 0.6120200520833333 0.5419199074074074 0.019873437499999997 0.01717314814814815
0 0.5107213541666666 0.9197652777777777 0.033942708333333335 0.030271296296296293
0 0.603303125 0.9611138888888888 0.022231249999999998 0.048153703703703706
0 0.3310778645833333 0.6100953703703704 0.012155729166666665 0.022042592592592593
0 0.46957682291666664 0.444387037037037 0.013111979166666668 0.04803333333333333
0 0.6437638020833333 0.20047407407407408 0.021902604166666666 0.023170370370370372
0 0.21361328124999998 0.7994643518518519 0.036601562500000004 0.02670648148148148
0 0.31152447916666665 0.8230717592592592 0.026173958333333334 0.03503240740740741
0 0.21640052083333333 0.880563425925926 0.006759375 0.024089814814814814
0 0.9140841145833334 0.4494287037037037 0.025043229166666667 0.05441296296296296
