1 0.5 0.5255946180555555 1.0 0.9487586805555556
0 0.2368505859375 0.5550855034722222 0.028388671875 0.07892100694444444
0 0.295139404296875 0.706416232638889 0.02191943359375 0.018735243055555555
0 0.232402099609375 0.3915902777777778 0.03706982421875 0.050541666666666665
0 0.203746337890625 0.33977647569444447 0.02663330078125 0.059761284722222224
0 0.3108623046875 0.3682730034722222 0.017232421875 0.03168489583333333
0 0.396018798828125 0.5069548611111111 0.01371728515625 0.02432638888888889
0 0.41076708984375 0.4059539930555556 0.0139169921875 0.044546875
0 0.381888916015625 0.3138667534722222 0.01963720703125 0.051344618055555555
0 0.929051025390625 0.4467118055555555 0.00946923828125 0.02015972222222222
1 0.4998046875 0.5291666666666667 0.999609375 0.9402777777777778
0 0.76328125 0.5635416666666667 0.028515625 0.07847222222222222
0 0.70283203125 0.7124999999999999 0.021875 0.018750000000000003
0 0.7685546875 0.39947916666666666 0.037109375 0.050694444444444445
0 0.7974609375 0.34930555555555554 0.0265625 0.05972222222222222
0 0.69072265625 0.37447916666666664 0.0171875 0.03194444444444444
0 0.60400390625 0.5104166666666666 0.013671875 0.024305555555555556
0 0.5900390625 0.40937500000000004 0.0140625 0.044444444444444446
0 0.6201171875 0.31736111111111115 0.01953125 0.051388888888888894
0 0.07158203125 0.43368055555555557 0.009375 0.020138888888888887
1 0.5 0.46347699652777785 1.0 0.9269539930555557
0 0.239607666015625 0.3955755208333333 0.02902001953125 0.07587326388888889
0 0.308361328125 0.2576336805555555 0.02199609375 0.018739583333333334
0 0.227065185546875 0.55873828125 0.03713818359375 0.051504340277777776
0 0.19614892578125 0.6034110243055556 0.0260869140625 0.05925260416666667
0 0.30385205078125 0.5955399305555555 0.0168837890625 0.033093750000000005
0 0.396827392578125 0.4733467881944444 0.01338134765625 0.02481857638888889
0 0.406287841796875 0.5765529513888888 0.01472412109375 0.043730902777777775
0 0.370517333984375 0.6645763888888889 0.01935498046875 0.051375
0 0.923580810546875 0.6323663194444444 0.00927099609375 0.019940972222222225
1 0.5 0.5255946180555555 1.0 0.9487586805555556
0 0.2368505859375 0.5550855034722222 0.028388671875 0.07892100694444444
0 0.295139404296875 0.706416232638889 0.02191943359375 0.018735243055555555
0 0.232402099609375 0.3915902777777778 0.03706982421875 0.050541666666666665
0 0.203746337890625 0.33977647569444447 0.02663330078125 0.059761284722222224
0 0.3108623046875 0.3682730034722222 0.017232421875 0.03168489583333333
0 0.396018798828125 0.5069548611111111 0.01371728515625 0.02432638888888889
0 0.41076708984375 0.4059539930555556 0.0139169921875 0.044546875
0 0.381888916015625 0.3138667534722222 0.01963720703125 0.051344618055555555
0 0.929051025390625 0.4467118055555555 0.00946923828125 0.02015972222222222
1 0.4998046875 0.5291666666666667 0.999609375 0.9402777777777778
0 0.76328125 0.5635416666666667 0.028515625 0.07847222222222222
0 0.70283203125 0.7124999999999999 0.021875 0.018750000000000003
0 0.7685546875 0.39947916666666666 0.037109375 0.050694444444444445
0 0.7974609375 0.34930555555555554 0.0265625 0.05972222222222222
0 0.69072265625 0.37447916666666664 0.0171875 0.03194444444444444
0 0.60400390625 0.5104166666666666 0.013671875 0.024305555555555556
0 0.5900390625 0.40937500000000004 0.0140625 0.044444444444444446
0 0.6201171875 0.31736111111111115 0.01953125 0.051388888888888894
0 0.07158203125 0.43368055555555557 0.009375 0.020138888888888887
1 0.5 0.46347699652777785 1.0 0.9269539930555557
0 0.239607666015625 0.3955755208333333 0.02902001953125 0.07587326388888889
0 0.308361328125 0.2576336805555555 0.02199609375 0.018739583333333334
0 0.227065185546875 0.55873828125 0.03713818359375 0.051504340277777776
0 0.19614892578125 0.6034110243055556 0.0260869140625 0.05925260416666667
0 0.30385205078125 0.5955399305555555 0.0168837890625 0.033093750000000005
0 0.396827392578125 0.4733467881944444 0.01338134765625 0.02481857638888889
0 0.406287841796875 0.5765529513888888 0.01472412109375 0.043730902777777775
0 0.370517333984375 0.6645763888888889 0.01935498046875 0.051375
0 0.923580810546875 0.6323663194444444 0.00927099609375 0.019940972222222225
