1 0.49973958333333335 0.5185185185185185 0.9994791666666667 0.9611111111111111
0 0.31328125 0.3685185185185185 0.016145833333333335 0.04259259259259259
0 0.2328125 0.4777777777777778 0.017708333333333333 0.02962962962962963
0 0.2596354166666667 0.4976851851851852 0.008854166666666666 0.028703703703703703
0 0.15234375 0.5375 0.011979166666666667 0.026851851851851852
0 0.20416666666666666 0.6449074074074074 0.009375 0.023148148148148147
0 0.5291666666666667 0.42407407407407405 0.0125 0.020370370370370372
0 0.3177083333333333 0.7569444444444444 0.020833333333333332 0.021296296296296296
0 0.5276041666666667 0.7268518518518519 0.0125 0.018518518518518517
0 0.6192708333333333 0.7421296296296296 0.0125 0.03425925925925926
0 0.6096354166666667 0.6416666666666667 0.011979166666666667 0.044444444444444446
0 0.31640625 0.5925925925925926 0.0078125 0.025925925925925925
0 0.15286458333333333 0.9731481481481481 0.008854166666666666 0.018518518518518517
0 0.7010416666666667 0.8634259259259259 0.015625 0.025
0 0.7611979166666667 0.8791666666666667 0.0203125 0.041666666666666664
0 0.7765625 0.9333333333333333 0.020833333333333332 0.040740740740740744
0 0.7677083333333333 0.9916666666666667 0.015625 0.014814814814814815
0 0.8174479166666667 0.8898148148148148 0.0171875 0.04259259259259259
0 0.8015625 0.8166666666666667 0.0125 0.025925925925925925
0 0.7924479166666667 0.5430555555555555 0.018229166666666668 0.062037037037037036
0 0.9651041666666667 0.42962962962962964 0.009375 0.025925925925925925
0 0.9104166666666667 0.2916666666666667 0.008333333333333333 0.018518518518518517
0 0.6471354166666666 0.5287037037037037 0.015104166666666667 0.053703703703703705
0 0.7348958333333333 0.5287037037037037 0.016666666666666666 0.05740740740740741
0 0.8247395833333333 0.49212962962962964 0.013020833333333334 0.028703703703703703
0 0.9880208333333333 0.28935185185185186 0.004166666666666667 0.017592592592592594
0 0.8138020833333334 0.45740740740740743 0.0078125 0.012962962962962963
0 0.42421875 0.08518518518518518 0.0421875 0.06666666666666667
0 0.33203125 0.07916666666666666 0.0109375 0.04537037037037037
0 0.34791666666666665 0.10740740740740741 0.013541666666666667 0.022222222222222223
0 0.49765625 0.18935185185185185 0.016145833333333335 0.021296296296296296
0 0.67265625 0.2513888888888889 0.009895833333333333 0.023148148148148147
0 0.9294270833333333 0.21944444444444444 0.0046875 0.040740740740740744
1 0.5 0.47975416666666665 1.0 0.9595083333333333
0 0.6954807291666667 0.5826513888888889 0.013878125 0.04308055555555556
0 0.7657200520833333 0.4560810185185185 0.0178984375 0.026976851851851853
0 0.73830234375 0.44278703703703703 0.008896354166666667 0.02816666666666667
0 0.8420416666666667 0.37718425925925925 0.012208333333333333 0.02659074074074074
0 0.78176640625 0.28327314814814814 0.008324479166666668 0.023953703703703706
0 0.47720364583333336 0.5825013888888889 0.012740625 0.02055833333333333
0 0.6604197916666668 0.19961203703703703 0.020839583333333335 0.021446296296296297
0 0.4546630208333333 0.2823097222222222 0.012451041666666666 0.01832314814814815
0 0.3630552083333333 0.2893064814814815 0.013610416666666668 0.03416851851851852
0 0.38115807291666665 0.3867564814814815 0.011274479166666665 0.04388333333333333
0 0.6750278645833333 0.3620398148148148 0.008389062499999999 0.025931481481481482
0 0.27268229166666663 0.19019675925925925 0.016197916666666666 0.026689814814814816
0 0.210940625 0.18985787037037039 0.020839583333333335 0.042678703703703705
0 0.19226744791666667 0.1391175925925926 0.02099322916666667 0.04305
0 0.1960203125 0.07918750000000001 0.014957291666666667 0.01763425925925926
0 0.15492421875 0.19373842592592594 0.017140104166666666 0.04488425925925926
0 0.17705885416666664 0.26063148148148146 0.012451041666666666 0.026818518518518516
0 0.20664427083333334 0.5301773148148148 0.017455208333333336 0.06220648148148149
0 0.0445109375 0.6845199074074074 0.009855208333333334 0.026447222222222223
0 0.1103265625 0.8075342592592593 0.009194791666666667 0.01692037037037037
0 0.3521575520833334 0.5081365740740741 0.01785677083333333 0.05331018518518519
0 0.2653450520833333 0.5298657407407408 0.014023437500000001 0.05787962962962963
0 0.17865338541666667 0.5879638888888888 0.012515104166666667 0.02777962962962963
0 0.032959895833333336 0.8294916666666666 0.005503125 0.016390740740740744
0 0.19260442708333333 0.6193740740740741 0.007083854166666667 0.012822222222222223
0 0.6072247395833333 0.8916166666666667 0.042574479166666665 0.07027037037037037
0 0.6991614583333334 0.875299074074074 0.013947916666666667 0.04504259259259259
0 0.68130625 0.8512689814814814 0.0126125 0.022908333333333333
0 0.5263052083333333 0.8067523148148148 0.015110416666666666 0.02276388888888889
0 0.34831015625 0.7888287037037036 0.010161979166666666 0.023953703703703706
0 0.09713203125 0.8837148148148148 0.004680729166666666 0.0415037037037037
1 0.5 0.4787222222222222 1.0 0.9574444444444444
0 0.30549348958333333 0.589125 0.014111979166666667 0.04306481481481481
0 0.23342604166666667 0.46442083333333334 0.01789375 0.026989814814814817
0 0.2611557291666667 0.45024305555555555 0.008769791666666667 0.028263888888888887
0 0.15708177083333333 0.3874 0.012080208333333333 0.02665185185185185
0 0.21614661458333334 0.29156898148148147 0.008334895833333333 0.023878703703703704
0 0.5235494791666667 0.581575 0.012723958333333334 0.02055740740740741
0 0.33696041666666665 0.20505324074074074 0.020795833333333333 0.021217592592592593
0 0.5432143229166667 0.28135601851851855 0.0124703125 0.018267592592592592
0 0.63486796875 0.2855685185185185 0.0134859375 0.034100000000000005
0 0.6176338541666666 0.3831111111111111 0.011309375 0.044000000000000004
0 0.32343359374999997 0.3676087962962963 0.008325520833333332 0.025958333333333333
0 0.72473828125 0.1826976851851852 0.01614322916666667 0.02650648148148148
0 0.78591875 0.1814837962962963 0.020795833333333333 0.042597222222222224
0 0.80424765625 0.12973657407407407 0.0209953125 0.04280648148148148
0 0.7996833333333334 0.06976111111111111 0.014991666666666665 0.0173
0 0.8418174479166667 0.18250740740740742 0.016968229166666668 0.044644444444444445
0 0.8202976562500001 0.25034675925925925 0.0124703125 0.026619444444444442
0 0.7936158854166667 0.5209407407407407 0.017440104166666668 0.06225185185185185
0 0.9569533854166666 0.6706125 0.009740104166666668 0.026410185185185186
0 0.89308984375 0.7956064814814815 0.009096354166666666 0.01713888888888889
0 0.6478278645833334 0.5035601851851852 0.017530729166666665 0.05341666666666667
0 0.73524453125 0.5224597222222221 0.0142390625 0.0578824074074074
0 0.82185546875 0.5778518518518518 0.0124609375 0.027925925925925927
0 0.9698583333333333 0.8147606481481482 0.0053416666666666664 0.01655833333333333
0 0.8087997395833334 0.6100805555555555 0.0071828125 0.012753703703703703
0 0.3968065104166667 0.8951319444444444 0.042571354166666665 0.06989351851851852
0 0.3041885416666667 0.8808412037037037 0.013585416666666666 0.04501574074074074
0 0.32199635416666667 0.8567935185185185 0.012742708333333333 0.022846296296296295
0 0.47635026041666667 0.8075986111111111 0.015200520833333333 0.02260462962962963
0 0.6545489583333333 0.784161574074074 0.010139583333333334 0.023878703703703704
0 0.9063794270833333 0.8716523148148149 0.004425520833333333 0.041452777777777776
1 0.49973958333333335 0.5185185185185185 0.9994791666666667 0.9611111111111111
0 0.31328125 0.3685185185185185 0.016145833333333335 0.04259259259259259
0 0.2328125 0.4777777777777778 0.017708333333333333 0.02962962962962963
0 0.2596354166666667 0.4976851851851852 0.008854166666666666 0.028703703703703703
0 0.15234375 0.5375 0.011979166666666667 0.026851851851851852
0 0.20416666666666666 0.6449074074074074 0.009375 0.023148148148148147
0 0.5291666666666667 0.42407407407407405 0.0125 0.020370370370370372
0 0.3177083333333333 0.7569444444444444 0.020833333333333332 0.021296296296296296
0 0.5276041666666667 0.7268518518518519 0.0125 0.018518518518518517
0 0.6192708333333333 0.7421296296296296 0.0125 0.03425925925925926
0 0.6096354166666667 0.6416666666666667 0.011979166666666667 0.044444444444444446
0 0.31640625 0.5925925925925926 0.0078125 0.025925925925925925
0 0.15286458333333333 0.9731481481481481 0.008854166666666666 0.018518518518518517
0 0.7010416666666667 0.8634259259259259 0.015625 0.025
0 0.7611979166666667 0.8791666666666667 0.0203125 0.041666666666666664
0 0.7765625 0.9333333333333333 0.020833333333333332 0.040740740740740744
0 0.7677083333333333 0.9916666666666667 0.015625 0.014814814814814815
0 0.8174479166666667 0.8898148148148148 0.0171875 0.04259259259259259
0 0.8015625 0.8166666666666667 0.0125 0.025925925925925925
0 0.7924479166666667 0.5430555555555555 0.018229166666666668 0.062037037037037036
0 0.9651041666666667 0.42962962962962964 0.009375 0.025925925925925925
0 0.9104166666666667 0.2916666666666667 0.008333333333333333 0.018518518518518517
0 0.6471354166666666 0.5287037037037037 0.015104166666666667 0.053703703703703705
0 0.7348958333333333 0.5287037037037037 0.016666666666666666 0.05740740740740741
0 0.8247395833333333 0.49212962962962964 0.013020833333333334 0.028703703703703703
0 0.9880208333333333 0.28935185185185186 0.004166666666666667 0.017592592592592594
0 0.8138020833333334 0.45740740740740743 0.0078125 0.012962962962962963
0 0.42421875 0.08518518518518518 0.0421875 0.06666666666666667
0 0.33203125 0.07916666666666666 0.0109375 0.04537037037037037
0 0.34791666666666665 0.10740740740740741 0.013541666666666667 0.022222222222222223
0 0.49765625 0.18935185185185185 0.016145833333333335 0.021296296296296296
0 0.67265625 0.2513888888888889 0.009895833333333333 0.023148148148148147
0 0.9294270833333333 0.21944444444444444 0.0046875 0.040740740740740744
1 0.5 0.47975416666666665 1.0 0.9595083333333333
0 0.6954807291666667 0.5826513888888889 0.013878125 0.04308055555555556
0 0.7657200520833333 0.4560810185185185 0.0178984375 0.026976851851851853
0 0.73830234375 0.44278703703703703 0.008896354166666667 0.02816666666666667
0 0.8420416666666667 0.37718425925925925 0.012208333333333333 0.02659074074074074
0 0.78176640625 0.28327314814814814 0.008324479166666668 0.023953703703703706
0 0.47720364583333336 0.5825013888888889 0.012740625 0.02055833333333333
0 0.6604197916666668 0.19961203703703703 0.020839583333333335 0.021446296296296297
0 0.4546630208333333 0.2823097222222222 0.012451041666666666 0.01832314814814815
0 0.3630552083333333 0.2893064814814815 0.013610416666666668 0.03416851851851852
0 0.38115807291666665 0.3867564814814815 0.011274479166666665 0.04388333333333333
0 0.6750278645833333 0.3620398148148148 0.008389062499999999 0.025931481481481482
0 0.27268229166666663 0.19019675925925925 0.016197916666666666 0.026689814814814816
0 0.210940625 0.18985787037037039 0.020839583333333335 0.042678703703703705
0 0.19226744791666667 0.1391175925925926 0.02099322916666667 0.04305
0 0.1960203125 0.07918750000000001 0.014957291666666667 0.01763425925925926
0 0.15492421875 0.19373842592592594 0.017140104166666666 0.04488425925925926
0 0.17705885416666664 0.26063148148148146 0.012451041666666666 0.026818518518518516
0 0.20664427083333334 0.5301773148148148 0.017455208333333336 0.06220648148148149
0 0.0445109375 0.6845199074074074 0.009855208333333334 0.026447222222222223
0 0.1103265625 0.8075342592592593 0.009194791666666667 0.01692037037037037
0 0.3521575520833334 0.5081365740740741 0.01785677083333333 0.05331018518518519
0 0.2653450520833333 0.5298657407407408 0.014023437500000001 0.05787962962962963
0 0.17865338541666667 0.5879638888888888 0.012515104166666667 0.02777962962962963
0 0.032959895833333336 0.8294916666666666 0.005503125 0.016390740740740744
0 0.19260442708333333 0.6193740740740741 0.007083854166666667 0.012822222222222223
0 0.6072247395833333 0.8916166666666667 0.042574479166666665 0.07027037037037037
0 0.6991614583333334 0.875299074074074 0.013947916666666667 0.04504259259259259
0 0.68130625 0.8512689814814814 0.0126125 0.022908333333333333
0 0.5263052083333333 0.8067523148148148 0.015110416666666666 0.02276388888888889
0 0.34831015625 0.7888287037037036 0.010161979166666666 0.023953703703703706
0 0.09713203125 0.8837148148148148 0.004680729166666666 0.0415037037037037
1 0.5 0.4787222222222222 1.0 0.9574444444444444
0 0.30549348958333333 0.589125 0.014111979166666667 0.04306481481481481
0 0.23342604166666667 0.46442083333333334 0.01789375 0.026989814814814817
0 0.2611557291666667 0.45024305555555555 0.008769791666666667 0.028263888888888887
0 0.15708177083333333 0.3874 0.012080208333333333 0.02665185185185185
0 0.21614661458333334 0.29156898148148147 0.008334895833333333 0.023878703703703704
0 0.5235494791666667 0.581575 0.012723958333333334 0.02055740740740741
0 0.33696041666666665 0.20505324074074074 0.020795833333333333 0.021217592592592593
0 0.5432143229166667 0.28135601851851855 0.0124703125 0.018267592592592592
0 0.63486796875 0.2855685185185185 0.0134859375 0.034100000000000005
0 0.6176338541666666 0.3831111111111111 0.011309375 0.044000000000000004
0 0.32343359374999997 0.3676087962962963 0.008325520833333332 0.025958333333333333
0 0.72473828125 0.1826976851851852 0.01614322916666667 0.02650648148148148
0 0.78591875 0.1814837962962963 0.020795833333333333 0.042597222222222224
0 0.80424765625 0.12973657407407407 0.0209953125 0.04280648148148148
0 0.7996833333333334 0.06976111111111111 0.014991666666666665 0.0173
0 0.8418174479166667 0.18250740740740742 0.016968229166666668 0.044644444444444445
0 0.8202976562500001 0.25034675925925925 0.0124703125 0.026619444444444442
0 0.7936158854166667 0.5209407407407407 0.017440104166666668 0.06225185185185185
0 0.9569533854166666 0.6706125 0.009740104166666668 0.026410185185185186
0 0.89308984375 0.7956064814814815 0.009096354166666666 0.01713888888888889
0 0.6478278645833334 0.5035601851851852 0.017530729166666665 0.05341666666666667
0 0.73524453125 0.5224597222222221 0.0142390625 0.0578824074074074
0 0.82185546875 0.5778518518518518 0.0124609375 0.027925925925925927
0 0.9698583333333333 0.8147606481481482 0.0053416666666666664 0.01655833333333333
0 0.8087997395833334 0.6100805555555555 0.0071828125 0.012753703703703703
0 0.3968065104166667 0.8951319444444444 0.042571354166666665 0.06989351851851852
0 0.3041885416666667 0.8808412037037037 0.013585416666666666 0.04501574074074074
0 0.32199635416666667 0.8567935185185185 0.012742708333333333 0.022846296296296295
0 0.47635026041666667 0.8075986111111111 0.015200520833333333 0.02260462962962963
0 0.6545489583333333 0.784161574074074 0.010139583333333334 0.023878703703703704
0 0.9063794270833333 0.8716523148148149 0.004425520833333333 0.041452777777777776
1 0.49973958333333335 0.5185185185185185 0.9994791666666667 0.9611111111111111
0 0.31328125 0.3685185185185185 0.016145833333333335 0.04259259259259259
0 0.2328125 0.4777777777777778 0.017708333333333333 0.02962962962962963
0 0.2596354166666667 0.4976851851851852 0.008854166666666666 0.028703703703703703
0 0.15234375 0.5375 0.011979166666666667 0.026851851851851852
0 0.20416666666666666 0.6449074074074074 0.009375 0.023148148148148147
0 0.5291666666666667 0.42407407407407405 0.0125 0.020370370370370372
0 0.3177083333333333 0.7569444444444444 0.020833333333333332 0.021296296296296296
0 0.5276041666666667 0.7268518518518519 0.0125 0.018518518518518517
0 0.6192708333333333 0.7421296296296296 0.0125 0.03425925925925926
0 0.6096354166666667 0.6416666666666667 0.011979166666666667 0.044444444444444446
0 0.31640625 0.5925925925925926 0.0078125 0.025925925925925925
0 0.15286458333333333 0.9731481481481481 0.008854166666666666 0.018518518518518517
0 0.7010416666666667 0.8634259259259259 0.015625 0.025
0 0.7611979166666667 0.8791666666666667 0.0203125 0.041666666666666664
0 0.7765625 0.9333333333333333 0.020833333333333332 0.040740740740740744
0 0.7677083333333333 0.9916666666666667 0.015625 0.014814814814814815
0 0.8174479166666667 0.8898148148148148 0.0171875 0.04259259259259259
0 0.8015625 0.8166666666666667 0.0125 0.025925925925925925
0 0.7924479166666667 0.5430555555555555 0.018229166666666668 0.062037037037037036
0 0.9651041666666667 0.42962962962962964 0.009375 0.025925925925925925
0 0.9104166666666667 0.2916666666666667 0.008333333333333333 0.018518518518518517
0 0.6471354166666666 0.5287037037037037 0.015104166666666667 0.053703703703703705
0 0.7348958333333333 0.5287037037037037 0.016666666666666666 0.05740740740740741
0 0.8247395833333333 0.49212962962962964 0.013020833333333334 0.028703703703703703
0 0.9880208333333333 0.28935185185185186 0.004166666666666667 0.017592592592592594
0 0.8138020833333334 0.45740740740740743 0.0078125 0.012962962962962963
0 0.42421875 0.08518518518518518 0.0421875 0.06666666666666667
0 0.33203125 0.07916666666666666 0.0109375 0.04537037037037037
0 0.34791666666666665 0.10740740740740741 0.013541666666666667 0.022222222222222223
0 0.49765625 0.18935185185185185 0.016145833333333335 0.021296296296296296
0 0.67265625 0.2513888888888889 0.009895833333333333 0.023148148148148147
0 0.9294270833333333 0.21944444444444444 0.0046875 0.040740740740740744
1 0.5 0.47975416666666665 1.0 0.9595083333333333
0 0.6954807291666667 0.5826513888888889 0.013878125 0.04308055555555556
0 0.7657200520833333 0.4560810185185185 0.0178984375 0.026976851851851853
0 0.73830234375 0.44278703703703703 0.008896354166666667 0.02816666666666667
0 0.8420416666666667 0.37718425925925925 0.012208333333333333 0.02659074074074074
0 0.78176640625 0.28327314814814814 0.008324479166666668 0.023953703703703706
0 0.47720364583333336 0.5825013888888889 0.012740625 0.02055833333333333
0 0.6604197916666668 0.19961203703703703 0.020839583333333335 0.021446296296296297
0 0.4546630208333333 0.2823097222222222 0.012451041666666666 0.01832314814814815
0 0.3630552083333333 0.2893064814814815 0.013610416666666668 0.03416851851851852
0 0.38115807291666665 0.3867564814814815 0.011274479166666665 0.04388333333333333
0 0.6750278645833333 0.3620398148148148 0.008389062499999999 0.025931481481481482
0 0.27268229166666663 0.19019675925925925 0.016197916666666666 0.026689814814814816
0 0.210940625 0.18985787037037039 0.020839583333333335 0.042678703703703705
0 0.19226744791666667 0.1391175925925926 0.02099322916666667 0.04305
0 0.1960203125 0.07918750000000001 0.014957291666666667 0.01763425925925926
0 0.15492421875 0.19373842592592594 0.017140104166666666 0.04488425925925926
0 0.17705885416666664 0.26063148148148146 0.012451041666666666 0.026818518518518516
0 0.20664427083333334 0.5301773148148148 0.017455208333333336 0.06220648148148149
0 0.0445109375 0.6845199074074074 0.009855208333333334 0.026447222222222223
0 0.1103265625 0.8075342592592593 0.009194791666666667 0.01692037037037037
0 0.3521575520833334 0.5081365740740741 0.01785677083333333 0.05331018518518519
0 0.2653450520833333 0.5298657407407408 0.014023437500000001 0.05787962962962963
0 0.17865338541666667 0.5879638888888888 0.012515104166666667 0.02777962962962963
0 0.032959895833333336 0.8294916666666666 0.005503125 0.016390740740740744
0 0.19260442708333333 0.6193740740740741 0.007083854166666667 0.012822222222222223
0 0.6072247395833333 0.8916166666666667 0.042574479166666665 0.07027037037037037
0 0.6991614583333334 0.875299074074074 0.013947916666666667 0.04504259259259259
0 0.68130625 0.8512689814814814 0.0126125 0.022908333333333333
0 0.5263052083333333 0.8067523148148148 0.015110416666666666 0.02276388888888889
0 0.34831015625 0.7888287037037036 0.010161979166666666 0.023953703703703706
0 0.09713203125 0.8837148148148148 0.004680729166666666 0.0415037037037037
1 0.5 0.4787222222222222 1.0 0.9574444444444444
0 0.30549348958333333 0.589125 0.014111979166666667 0.04306481481481481
0 0.23342604166666667 0.46442083333333334 0.01789375 0.026989814814814817
0 0.2611557291666667 0.45024305555555555 0.008769791666666667 0.028263888888888887
0 0.15708177083333333 0.3874 0.012080208333333333 0.02665185185185185
0 0.21614661458333334 0.29156898148148147 0.008334895833333333 0.023878703703703704
0 0.5235494791666667 0.581575 0.012723958333333334 0.02055740740740741
0 0.33696041666666665 0.20505324074074074 0.020795833333333333 0.021217592592592593
0 0.5432143229166667 0.28135601851851855 0.0124703125 0.018267592592592592
0 0.63486796875 0.2855685185185185 0.0134859375 0.034100000000000005
0 0.6176338541666666 0.3831111111111111 0.011309375 0.044000000000000004
0 0.32343359374999997 0.3676087962962963 0.008325520833333332 0.025958333333333333
0 0.72473828125 0.1826976851851852 0.01614322916666667 0.02650648148148148
0 0.78591875 0.1814837962962963 0.020795833333333333 0.042597222222222224
0 0.80424765625 0.12973657407407407 0.0209953125 0.04280648148148148
0 0.7996833333333334 0.06976111111111111 0.014991666666666665 0.0173
0 0.8418174479166667 0.18250740740740742 0.016968229166666668 0.044644444444444445
0 0.8202976562500001 0.25034675925925925 0.0124703125 0.026619444444444442
0 0.7936158854166667 0.5209407407407407 0.017440104166666668 0.06225185185185185
0 0.9569533854166666 0.6706125 0.009740104166666668 0.026410185185185186
0 0.89308984375 0.7956064814814815 0.009096354166666666 0.01713888888888889
0 0.6478278645833334 0.5035601851851852 0.017530729166666665 0.05341666666666667
0 0.73524453125 0.5224597222222221 0.0142390625 0.0578824074074074
0 0.82185546875 0.5778518518518518 0.0124609375 0.027925925925925927
0 0.9698583333333333 0.8147606481481482 0.0053416666666666664 0.01655833333333333
0 0.8087997395833334 0.6100805555555555 0.0071828125 0.012753703703703703
0 0.3968065104166667 0.8951319444444444 0.042571354166666665 0.06989351851851852
0 0.3041885416666667 0.8808412037037037 0.013585416666666666 0.04501574074074074
0 0.32199635416666667 0.8567935185185185 0.012742708333333333 0.022846296296296295
0 0.47635026041666667 0.8075986111111111 0.015200520833333333 0.02260462962962963
0 0.6545489583333333 0.784161574074074 0.010139583333333334 0.023878703703703704
0 0.9063794270833333 0.8716523148148149 0.004425520833333333 0.041452777777777776
