1 0.49973958333333335 0.5467592592592593 0.9994791666666667 0.9046296296296297
0 0.36692708333333335 0.3902777777777778 0.011979166666666667 0.021296296296296296
0 0.4080729166666667 0.33240740740740743 0.019270833333333334 0.044444444444444446
0 0.3640625 0.5263888888888889 0.03229166666666667 0.03425925925925926
0 0.3734375 0.49398148148148147 0.019791666666666666 0.028703703703703703
0 0.06197916666666667 0.33935185185185185 0.01875 0.049074074074074076
0 0.06822916666666666 0.2824074074074074 0.008333333333333333 0.020370370370370372
0 0.07291666666666667 0.4013888888888889 0.009375 0.025
0 0.14322916666666666 0.46805555555555556 0.014583333333333334 0.032407407407407406
0 0.15442708333333333 0.40694444444444444 0.013020833333333334 0.03981481481481482
0 0.30182291666666666 0.42824074074074076 0.0171875 0.041666666666666664
0 0.31328125 0.20092592592592592 0.0109375 0.020370370370370372
0 0.35885416666666664 0.20277777777777778 0.011458333333333333 0.03518518518518519
0 0.30026041666666664 0.17824074074074073 0.009895833333333333 0.013888888888888888
0 0.35572916666666665 0.5837962962962963 0.029166666666666667 0.05092592592592592
0 0.41822916666666665 0.6782407407407407 0.022916666666666665 0.049074074074074076
0 0.8041666666666667 0.3648148148148148 0.014583333333333334 0.03148148148148148
0 0.5546875 0.8842592592592593 0.026041666666666668 0.08703703703703704
0 0.5263020833333333 0.8050925925925926 0.013020833333333334 0.021296296296296296
0 0.8861979166666667 0.6046296296296296 0.019270833333333334 0.07222222222222222
0 0.58671875 0.48194444444444445 0.0140625 0.023148148148148147
1 0.5 0.5501115740740741 1.0 0.9002231481481482
0 0.6341817708333333 0.3940444444444444 0.012113541666666667 0.02142222222222222
0 0.5933335937499999 0.3352546296296296 0.018958854166666667 0.04458333333333333
0 0.63583515625 0.5305101851851852 0.03208697916666667 0.03509444444444444
0 0.6265565104166666 0.49749722222222226 0.019779687499999997 0.028327777777777778
0 0.9395682291666667 0.35340648148148146 0.018719791666666666 0.04940555555555555
0 0.93384453125 0.2954333333333333 0.0083140625 0.020496296296296297
0 0.9282106770833334 0.4143986111111111 0.009546354166666667 0.02509351851851852
0 0.8568015625 0.47906712962962966 0.014644791666666665 0.03220833333333333
0 0.8461109375 0.4180041666666667 0.013055208333333334 0.03971203703703704
0 0.6987057291666667 0.43388194444444445 0.017203125 0.041837962962962966
0 0.6898656249999999 0.20642314814814816 0.01098125 0.0202537037037037
0 0.6441653645833333 0.20750972222222222 0.011247395833333333 0.03538981481481481
0 0.7028684895833333 0.1847212962962963 0.009903645833333334 0.013887037037037036
0 0.6433088541666667 0.5884625 0.029326041666666667 0.05099907407407407
0 0.5797447916666666 0.68095 0.02303125 0.048937037037037036
0 0.19696015625 0.35547222222222224 0.014753645833333334 0.031314814814814816
0 0.44154192708333334 0.8822148148148149 0.0257921875 0.08665185185185185
0 0.47058098958333333 0.8043106481481481 0.013036979166666665 0.021584259259259258
0 0.11300260416666667 0.5927731481481482 0.018713541666666667 0.07258333333333333
0 0.4132984375 0.47913240740740737 0.014096875 0.023079629629629627
1 0.5 0.4494958333333333 1.0 0.8989916666666666
0 0.6397544270833334 0.5805694444444445 0.0128421875 0.022250000000000002
0 0.6027554687500001 0.6458736111111111 0.016969270833333334 0.04545092592592593
0 0.6335565104166666 0.4449842592592592 0.0306546875 0.039968518518518514
0 0.625728125 0.4778111111111111 0.02020625 0.027844444444444442
0 0.9461890625 0.5644277777777778 0.018419791666666668 0.05107777777777778
0 0.9436554687500001 0.6225976851851851 0.008144270833333333 0.021121296296296298
0 0.9307763020833334 0.505337962962963 0.010510937500000001 0.02549074074074074
0 0.8565083333333334 0.4542949074074074 0.0151 0.030812037037037037
0 0.8489575520833333 0.5175685185185186 0.013540104166666667 0.03884074074074074
0 0.7013015625 0.5287060185185186 0.01718645833333333 0.042597222222222224
0 0.70558671875 0.7560106481481481 0.0111734375 0.019428703703703705
0 0.6606856770833333 0.7644912037037037 0.009913020833333334 0.03638981481481482
0 0.720046875 0.775411111111111 0.009885416666666667 0.013785185185185185
0 0.6375322916666666 0.3838884259259259 0.030272916666666667 0.05111018518518518
0 0.56855625 0.30538425925925927 0.023570833333333333 0.04780555555555556
0 0.20731953125 0.7002444444444444 0.015680729166666667 0.030118518518518517
0 0.41934140625 0.13078518518518517 0.0261828125 0.08379259259259259
0 0.45287942708333334 0.202325 0.013050520833333332 0.023168518518518515
0 0.10971093750000001 0.4797324074074074 0.015255208333333332 0.07427962962962963
0 0.4154390625 0.537187962962963 0.014211458333333335 0.022524074074074075
1 0.49973958333333335 0.5467592592592593 0.9994791666666667 0.9046296296296297
0 0.36692708333333335 0.3902777777777778 0.011979166666666667 0.021296296296296296
0 0.4080729166666667 0.33240740740740743 0.019270833333333334 0.044444444444444446
0 0.3640625 0.5263888888888889 0.03229166666666667 0.03425925925925926
0 0.3734375 0.49398148148148147 0.019791666666666666 0.028703703703703703
0 0.06197916666666667 0.33935185185185185 0.01875 0.049074074074074076
0 0.06822916666666666 0.2824074074074074 0.008333333333333333 0.020370370370370372
0 0.07291666666666667 0.4013888888888889 0.009375 0.025
0 0.14322916666666666 0.46805555555555556 0.014583333333333334 0.032407407407407406
0 0.15442708333333333 0.40694444444444444 0.013020833333333334 0.03981481481481482
0 0.30182291666666666 0.42824074074074076 0.0171875 0.041666666666666664
0 0.31328125 0.20092592592592592 0.0109375 0.020370370370370372
0 0.35885416666666664 0.20277777777777778 0.011458333333333333 0.03518518518518519
0 0.30026041666666664 0.17824074074074073 0.009895833333333333 0.013888888888888888
0 0.35572916666666665 0.5837962962962963 0.029166666666666667 0.05092592592592592
0 0.41822916666666665 0.6782407407407407 0.022916666666666665 0.049074074074074076
0 0.8041666666666667 0.3648148148148148 0.014583333333333334 0.03148148148148148
0 0.5546875 0.8842592592592593 0.026041666666666668 0.08703703703703704
0 0.5263020833333333 0.8050925925925926 0.013020833333333334 0.021296296296296296
0 0.8861979166666667 0.6046296296296296 0.019270833333333334 0.07222222222222222
0 0.58671875 0.48194444444444445 0.0140625 0.023148148148148147
1 0.5 0.5501115740740741 1.0 0.9002231481481482
0 0.6341817708333333 0.3940444444444444 0.012113541666666667 0.02142222222222222
0 0.5933335937499999 0.3352546296296296 0.018958854166666667 0.04458333333333333
0 0.63583515625 0.5305101851851852 0.03208697916666667 0.03509444444444444
0 0.6265565104166666 0.49749722222222226 0.019779687499999997 0.028327777777777778
0 0.9395682291666667 0.35340648148148146 0.018719791666666666 0.04940555555555555
0 0.93384453125 0.2954333333333333 0.0083140625 0.020496296296296297
0 0.9282106770833334 0.4143986111111111 0.009546354166666667 0.02509351851851852
0 0.8568015625 0.47906712962962966 0.014644791666666665 0.03220833333333333
0 0.8461109375 0.4180041666666667 0.013055208333333334 0.03971203703703704
0 0.6987057291666667 0.43388194444444445 0.017203125 0.041837962962962966
0 0.6898656249999999 0.20642314814814816 0.01098125 0.0202537037037037
0 0.6441653645833333 0.20750972222222222 0.011247395833333333 0.03538981481481481
0 0.7028684895833333 0.1847212962962963 0.009903645833333334 0.013887037037037036
0 0.6433088541666667 0.5884625 0.029326041666666667 0.05099907407407407
0 0.5797447916666666 0.68095 0.02303125 0.048937037037037036
0 0.19696015625 0.35547222222222224 0.014753645833333334 0.031314814814814816
0 0.44154192708333334 0.8822148148148149 0.0257921875 0.08665185185185185
0 0.47058098958333333 0.8043106481481481 0.013036979166666665 0.021584259259259258
0 0.11300260416666667 0.5927731481481482 0.018713541666666667 0.07258333333333333
0 0.4132984375 0.47913240740740737 0.014096875 0.023079629629629627
1 0.5 0.4494958333333333 1.0 0.8989916666666666
0 0.6397544270833334 0.5805694444444445 0.0128421875 0.022250000000000002
0 0.6027554687500001 0.6458736111111111 0.016969270833333334 0.04545092592592593
0 0.6335565104166666 0.4449842592592592 0.0306546875 0.039968518518518514
0 0.625728125 0.4778111111111111 0.02020625 0.027844444444444442
0 0.9461890625 0.5644277777777778 0.018419791666666668 0.05107777777777778
0 0.9436554687500001 0.6225976851851851 0.008144270833333333 0.021121296296296298
0 0.9307763020833334 0.505337962962963 0.010510937500000001 0.02549074074074074
0 0.8565083333333334 0.4542949074074074 0.0151 0.030812037037037037
0 0.8489575520833333 0.5175685185185186 0.013540104166666667 0.03884074074074074
0 0.7013015625 0.5287060185185186 0.01718645833333333 0.042597222222222224
0 0.70558671875 0.7560106481481481 0.0111734375 0.019428703703703705
0 0.6606856770833333 0.7644912037037037 0.009913020833333334 0.03638981481481482
0 0.720046875 0.775411111111111 0.009885416666666667 0.013785185185185185
0 0.6375322916666666 0.3838884259259259 0.030272916666666667 0.05111018518518518
0 0.56855625 0.30538425925925927 0.023570833333333333 0.04780555555555556
0 0.20731953125 0.7002444444444444 0.015680729166666667 0.030118518518518517
0 0.41934140625 0.13078518518518517 0.0261828125 0.08379259259259259
0 0.45287942708333334 0.202325 0.013050520833333332 0.023168518518518515
0 0.10971093750000001 0.4797324074074074 0.015255208333333332 0.07427962962962963
0 0.4154390625 0.537187962962963 0.014211458333333335 0.022524074074074075
1 0.49973958333333335 0.5467592592592593 0.9994791666666667 0.9046296296296297
0 0.36692708333333335 0.3902777777777778 0.011979166666666667 0.021296296296296296
0 0.4080729166666667 0.33240740740740743 0.019270833333333334 0.044444444444444446
0 0.3640625 0.5263888888888889 0.03229166666666667 0.03425925925925926
0 0.3734375 0.49398148148148147 0.019791666666666666 0.028703703703703703
0 0.06197916666666667 0.33935185185185185 0.01875 0.049074074074074076
0 0.06822916666666666 0.2824074074074074 0.008333333333333333 0.020370370370370372
0 0.07291666666666667 0.4013888888888889 0.009375 0.025
0 0.14322916666666666 0.46805555555555556 0.014583333333333334 0.032407407407407406
0 0.15442708333333333 0.40694444444444444 0.013020833333333334 0.03981481481481482
0 0.30182291666666666 0.42824074074074076 0.0171875 0.041666666666666664
0 0.31328125 0.20092592592592592 0.0109375 0.020370370370370372
0 0.35885416666666664 0.20277777777777778 0.011458333333333333 0.03518518518518519
0 0.30026041666666664 0.17824074074074073 0.009895833333333333 0.013888888888888888
0 0.35572916666666665 0.5837962962962963 0.029166666666666667 0.05092592592592592
0 0.41822916666666665 0.6782407407407407 0.022916666666666665 0.049074074074074076
0 0.8041666666666667 0.3648148148148148 0.014583333333333334 0.03148148148148148
0 0.5546875 0.8842592592592593 0.026041666666666668 0.08703703703703704
0 0.5263020833333333 0.8050925925925926 0.013020833333333334 0.021296296296296296
0 0.8861979166666667 0.6046296296296296 0.019270833333333334 0.07222222222222222
0 0.58671875 0.48194444444444445 0.0140625 0.023148148148148147
1 0.5 0.5501115740740741 1.0 0.9002231481481482
0 0.6341817708333333 0.3940444444444444 0.012113541666666667 0.02142222222222222
0 0.5933335937499999 0.3352546296296296 0.018958854166666667 0.04458333333333333
0 0.63583515625 0.5305101851851852 0.03208697916666667 0.03509444444444444
0 0.6265565104166666 0.49749722222222226 0.019779687499999997 0.028327777777777778
0 0.9395682291666667 0.35340648148148146 0.018719791666666666 0.04940555555555555
0 0.93384453125 0.2954333333333333 0.0083140625 0.020496296296296297
0 0.9282106770833334 0.4143986111111111 0.009546354166666667 0.02509351851851852
0 0.8568015625 0.47906712962962966 0.014644791666666665 0.03220833333333333
0 0.8461109375 0.4180041666666667 0.013055208333333334 0.03971203703703704
0 0.6987057291666667 0.43388194444444445 0.017203125 0.041837962962962966
0 0.6898656249999999 0.20642314814814816 0.01098125 0.0202537037037037
0 0.6441653645833333 0.20750972222222222 0.011247395833333333 0.03538981481481481
0 0.7028684895833333 0.1847212962962963 0.009903645833333334 0.013887037037037036
0 0.6433088541666667 0.5884625 0.029326041666666667 0.05099907407407407
0 0.5797447916666666 0.68095 0.02303125 0.048937037037037036
0 0.19696015625 0.35547222222222224 0.014753645833333334 0.031314814814814816
0 0.44154192708333334 0.8822148148148149 0.0257921875 0.08665185185185185
0 0.47058098958333333 0.8043106481481481 0.013036979166666665 0.021584259259259258
0 0.11300260416666667 0.5927731481481482 0.018713541666666667 0.07258333333333333
0 0.4132984375 0.47913240740740737 0.014096875 0.023079629629629627
1 0.5 0.4494958333333333 1.0 0.8989916666666666
0 0.6397544270833334 0.5805694444444445 0.0128421875 0.022250000000000002
0 0.6027554687500001 0.6458736111111111 0.016969270833333334 0.04545092592592593
0 0.6335565104166666 0.4449842592592592 0.0306546875 0.039968518518518514
0 0.625728125 0.4778111111111111 0.02020625 0.027844444444444442
0 0.9461890625 0.5644277777777778 0.018419791666666668 0.05107777777777778
0 0.9436554687500001 0.6225976851851851 0.008144270833333333 0.021121296296296298
0 0.9307763020833334 0.505337962962963 0.010510937500000001 0.02549074074074074
0 0.8565083333333334 0.4542949074074074 0.0151 0.030812037037037037
0 0.8489575520833333 0.5175685185185186 0.013540104166666667 0.03884074074074074
0 0.7013015625 0.5287060185185186 0.01718645833333333 0.042597222222222224
0 0.70558671875 0.7560106481481481 0.0111734375 0.019428703703703705
0 0.6606856770833333 0.7644912037037037 0.009913020833333334 0.03638981481481482
0 0.720046875 0.775411111111111 0.009885416666666667 0.013785185185185185
0 0.6375322916666666 0.3838884259259259 0.030272916666666667 0.05111018518518518
0 0.56855625 0.30538425925925927 0.023570833333333333 0.04780555555555556
0 0.20731953125 0.7002444444444444 0.015680729166666667 0.030118518518518517
0 0.41934140625 0.13078518518518517 0.0261828125 0.08379259259259259
0 0.45287942708333334 0.202325 0.013050520833333332 0.023168518518518515
0 0.10971093750000001 0.4797324074074074 0.015255208333333332 0.07427962962962963
0 0.4154390625 0.537187962962963 0.014211458333333335 0.022524074074074075
