1 0.47643203125 0.430487037037037 0.9528640625 0.860974074074074
0 0.43762135416666664 0.09922361111111111 0.017951041666666667 0.029928703703703704
0 0.5026799479166667 0.049631481481481485 0.019943229166666666 0.012225925925925927
0 0.5041713541666667 0.1051462962962963 0.007301041666666667 0.0177
0 0.51712734375 0.536686574074074 0.021754687499999998 0.038187962962962965
0 0.69361796875 0.7471078703703703 0.0091109375 0.018289814814814814
0 0.08915859375 0.4400273148148148 0.0054005208333333336 0.007832407407407408
0 0.0019390625 0.3541962962962963 0.003878125 0.010244444444444445
0 0.10690833333333334 0.3713384259259259 0.017983333333333334 0.026010185185185185
0 0.23468906250000002 0.08944583333333334 0.008961458333333333 0.015928703703703702
0 0.3472401041666667 0.2722041666666667 0.012188541666666667 0.012926851851851853
0 0.2802794270833333 0.42417222222222223 0.0126421875 0.02612222222222222
0 0.13592604166666666 0.22470555555555555 0.011435416666666667 0.03089259259259259
1 0.5216145833333333 0.5800925925925926 0.9557291666666666 0.8379629629629629
0 0.5223958333333333 0.9138888888888889 0.016666666666666666 0.027777777777777776
0 0.453125 0.9435185185185185 0.019791666666666666 0.012962962962962963
0 0.45755208333333336 0.8875 0.0067708333333333336 0.017592592592592594
0 0.4869791666666667 0.45925925925925926 0.022916666666666665 0.03518518518518519
0 0.3333333333333333 0.19583333333333333 0.008333333333333333 0.017592592592592594
0 0.8986979166666667 0.6861111111111111 0.005729166666666666 0.009259259259259259
0 0.9765625 0.7972222222222223 0.004166666666666667 0.009259259259259259
0 0.8747395833333333 0.7481481481481481 0.019270833333333334 0.020370370370370372
0 0.7213541666666666 0.9856481481481482 0.009375 0.013888888888888888
0 0.6278645833333333 0.7712962962962963 0.011979166666666667 0.012962962962962963
0 0.7091145833333333 0.6421296296296296 0.013020833333333334 0.026851851851851852
0 0.8322916666666667 0.8824074074074074 0.0125 0.02962962962962963
1 0.4767208333333333 0.5831699074074074 0.9534416666666666 0.8330064814814815
0 0.4653244791666667 0.9114796296296297 0.017107291666666666 0.028514814814814816
0 0.5339088541666667 0.9467509259259259 0.019901041666666668 0.01202037037037037
0 0.53108046875 0.8911916666666666 0.006952604166666667 0.017568518518518518
0 0.5144450520833334 0.4606939814814815 0.022640104166666668 0.03620277777777777
0 0.67513046875 0.2117074074074074 0.008594270833333334 0.01785925925925926
0 0.09654244791666668 0.648874074074074 0.005584895833333334 0.00885925925925926
0 0.01516953125 0.7529412037037038 0.004297395833333333 0.009586111111111111
0 0.11832656250000001 0.7129194444444444 0.01894479166666667 0.022135185185185185
0 0.2645359375 0.9646814814814815 0.009280208333333335 0.014548148148148149
0 0.36436927083333337 0.759274537037037 0.012071875000000001 0.012993518518518519
0 0.2872033854166667 0.6226185185185186 0.0129484375 0.02671851851851852
0 0.15696848958333334 0.8511481481481482 0.011853645833333334 0.030074074074074073
1 0.47643203125 0.430487037037037 0.9528640625 0.860974074074074
0 0.43762135416666664 0.09922361111111111 0.017951041666666667 0.029928703703703704
0 0.5026799479166667 0.049631481481481485 0.019943229166666666 0.012225925925925927
0 0.5041713541666667 0.1051462962962963 0.007301041666666667 0.0177
0 0.51712734375 0.536686574074074 0.021754687499999998 0.038187962962962965
0 0.69361796875 0.7471078703703703 0.0091109375 0.018289814814814814
0 0.08915859375 0.4400273148148148 0.0054005208333333336 0.007832407407407408
0 0.0019390625 0.3541962962962963 0.003878125 0.010244444444444445
0 0.10690833333333334 0.3713384259259259 0.017983333333333334 0.026010185185185185
0 0.23468906250000002 0.08944583333333334 0.008961458333333333 0.015928703703703702
0 0.3472401041666667 0.2722041666666667 0.012188541666666667 0.012926851851851853
0 0.2802794270833333 0.42417222222222223 0.0126421875 0.02612222222222222
0 0.13592604166666666 0.22470555555555555 0.011435416666666667 0.03089259259259259
1 0.5216145833333333 0.5800925925925926 0.9557291666666666 0.8379629629629629
0 0.5223958333333333 0.9138888888888889 0.016666666666666666 0.027777777777777776
0 0.453125 0.9435185185185185 0.019791666666666666 0.012962962962962963
0 0.45755208333333336 0.8875 0.0067708333333333336 0.017592592592592594
0 0.4869791666666667 0.45925925925925926 0.022916666666666665 0.03518518518518519
0 0.3333333333333333 0.19583333333333333 0.008333333333333333 0.017592592592592594
0 0.8986979166666667 0.6861111111111111 0.005729166666666666 0.009259259259259259
0 0.9765625 0.7972222222222223 0.004166666666666667 0.009259259259259259
0 0.8747395833333333 0.7481481481481481 0.019270833333333334 0.020370370370370372
0 0.7213541666666666 0.9856481481481482 0.009375 0.013888888888888888
0 0.6278645833333333 0.7712962962962963 0.011979166666666667 0.012962962962962963
0 0.7091145833333333 0.6421296296296296 0.013020833333333334 0.026851851851851852
0 0.8322916666666667 0.8824074074074074 0.0125 0.02962962962962963
1 0.4767208333333333 0.5831699074074074 0.9534416666666666 0.8330064814814815
0 0.4653244791666667 0.9114796296296297 0.017107291666666666 0.028514814814814816
0 0.5339088541666667 0.9467509259259259 0.019901041666666668 0.01202037037037037
0 0.53108046875 0.8911916666666666 0.006952604166666667 0.017568518518518518
0 0.5144450520833334 0.4606939814814815 0.022640104166666668 0.03620277777777777
0 0.67513046875 0.2117074074074074 0.008594270833333334 0.01785925925925926
0 0.09654244791666668 0.648874074074074 0.005584895833333334 0.00885925925925926
0 0.01516953125 0.7529412037037038 0.004297395833333333 0.009586111111111111
0 0.11832656250000001 0.7129194444444444 0.01894479166666667 0.022135185185185185
0 0.2645359375 0.9646814814814815 0.009280208333333335 0.014548148148148149
0 0.36436927083333337 0.759274537037037 0.012071875000000001 0.012993518518518519
0 0.2872033854166667 0.6226185185185186 0.0129484375 0.02671851851851852
0 0.15696848958333334 0.8511481481481482 0.011853645833333334 0.030074074074074073
1 0.47643203125 0.430487037037037 0.9528640625 0.860974074074074
0 0.43762135416666664 0.09922361111111111 0.017951041666666667 0.029928703703703704
0 0.5026799479166667 0.049631481481481485 0.019943229166666666 0.012225925925925927
0 0.5041713541666667 0.1051462962962963 0.007301041666666667 0.0177
0 0.51712734375 0.536686574074074 0.021754687499999998 0.038187962962962965
0 0.69361796875 0.7471078703703703 0.0091109375 0.018289814814814814
0 0.08915859375 0.4400273148148148 0.0054005208333333336 0.007832407407407408
0 0.0019390625 0.3541962962962963 0.003878125 0.010244444444444445
0 0.10690833333333334 0.3713384259259259 0.017983333333333334 0.026010185185185185
0 0.23468906250000002 0.08944583333333334 0.008961458333333333 0.015928703703703702
0 0.3472401041666667 0.2722041666666667 0.012188541666666667 0.012926851851851853
0 0.2802794270833333 0.42417222222222223 0.0126421875 0.02612222222222222
0 0.13592604166666666 0.22470555555555555 0.011435416666666667 0.03089259259259259
1 0.5216145833333333 0.5800925925925926 0.9557291666666666 0.8379629629629629
0 0.5223958333333333 0.9138888888888889 0.016666666666666666 0.027777777777777776
0 0.453125 0.9435185185185185 0.019791666666666666 0.012962962962962963
0 0.45755208333333336 0.8875 0.0067708333333333336 0.017592592592592594
0 0.4869791666666667 0.45925925925925926 0.022916666666666665 0.03518518518518519
0 0.3333333333333333 0.19583333333333333 0.008333333333333333 0.017592592592592594
0 0.8986979166666667 0.6861111111111111 0.005729166666666666 0.009259259259259259
0 0.9765625 0.7972222222222223 0.004166666666666667 0.009259259259259259
0 0.8747395833333333 0.7481481481481481 0.019270833333333334 0.020370370370370372
0 0.7213541666666666 0.9856481481481482 0.009375 0.013888888888888888
0 0.6278645833333333 0.7712962962962963 0.011979166666666667 0.012962962962962963
0 0.7091145833333333 0.6421296296296296 0.013020833333333334 0.026851851851851852
0 0.8322916666666667 0.8824074074074074 0.0125 0.02962962962962963
1 0.4767208333333333 0.5831699074074074 0.9534416666666666 0.8330064814814815
0 0.4653244791666667 0.9114796296296297 0.017107291666666666 0.028514814814814816
0 0.5339088541666667 0.9467509259259259 0.019901041666666668 0.01202037037037037
0 0.53108046875 0.8911916666666666 0.006952604166666667 0.017568518518518518
0 0.5144450520833334 0.4606939814814815 0.022640104166666668 0.03620277777777777
0 0.67513046875 0.2117074074074074 0.008594270833333334 0.01785925925925926
0 0.09654244791666668 0.648874074074074 0.005584895833333334 0.00885925925925926
0 0.01516953125 0.7529412037037038 0.004297395833333333 0.009586111111111111
0 0.11832656250000001 0.7129194444444444 0.01894479166666667 0.022135185185185185
0 0.2645359375 0.9646814814814815 0.009280208333333335 0.014548148148148149
0 0.36436927083333337 0.759274537037037 0.012071875000000001 0.012993518518518519
0 0.2872033854166667 0.6226185185185186 0.0129484375 0.02671851851851852
0 0.15696848958333334 0.8511481481481482 0.011853645833333334 0.030074074074074073
