1 0.5 0.4703365740740741 1.0 0.9406731481481482
1 0.8630588541666667 0.7814958333333333 0.058409375 0.02595462962962963
1 0.9416481770833334 0.8706023148148148 0.08121302083333333 0.07824166666666667
0 0.4311731770833333 0.6333819444444444 0.024846354166666664 0.0352824074074074
0 0.4440822916666667 0.6320287037037037 0.010039583333333333 0.01961296296296296
0 0.3957572916666667 0.5144518518518518 0.009222916666666666 0.02334814814814815
0 0.39604817708333334 0.434225462962963 0.030638020833333335 0.014747222222222222
0 0.309765625 0.49696203703703706 0.01015625 0.01799814814814815
0 0.6662179687500001 0.4975648148148148 0.03035260416666667 0.05994444444444444
0 0.5489966145833333 0.5084509259259259 0.0157015625 0.035420370370370366
0 0.6516234375 0.8088662037037038 0.015746875 0.026991666666666667
0 0.9296054687499999 0.7319217592592593 0.007127604166666667 0.011991666666666668
0 0.9640130208333333 0.2652074074074074 0.007192708333333334 0.0156
0 0.8128690104166666 0.13877638888888888 0.021571354166666667 0.049775
0 0.89807734375 0.4567833333333334 0.0044880208333333334 0.011714814814814813
0 0.9448497395833333 0.4277967592592593 0.0053244791666666675 0.011149074074074075
0 0.9386963541666666 0.548937037037037 0.0076010416666666665 0.020096296296296296
0 0.9558515624999999 0.523088425925926 0.007536458333333333 0.03136203703703704
1 0.5 0.46345925925925924 1.0 0.9269185185185185
1 0.11536692708333333 0.6628287037037037 0.056775520833333336 0.03676851851851852
1 0.03394166666666667 0.7328263888888888 0.06788333333333334 0.06565277777777778
0 0.5543585937500001 0.6530726851851851 0.022258854166666668 0.0394787037037037
0 0.54233828125 0.6475273148148148 0.009676562500000001 0.019128703703703703
0 0.6016010416666667 0.5465745370370371 0.01049375 0.020926851851851853
0 0.6085242187500001 0.46891944444444444 0.0295484375 0.01932037037037037
0 0.6875945312499999 0.5557416666666667 0.008522395833333333 0.020742592592592594
0 0.33506796875 0.4464842592592592 0.027427604166666668 0.06519074074074074
0 0.4510229166666667 0.4941967592592592 0.016629166666666667 0.032837962962962965
0 0.32089427083333333 0.7567722222222222 0.015746875 0.026507407407407407
0 0.05474166666666667 0.5958106481481481 0.0074 0.011991666666666668
0 0.06616562499999999 0.12547314814814814 0.008372916666666667 0.01576111111111111
0 0.22681796875 0.04654490740740741 0.021344270833333335 0.04864537037037037
0 0.11180052083333333 0.3348412037037037 0.004851041666666667 0.010423148148148148
0 0.06885364583333334 0.2916050925925926 0.005415624999999999 0.010987962962962963
0 0.06339270833333334 0.4130259259259259 0.008035416666666666 0.018644444444444443
0 0.04937578125 0.38142175925925925 0.0081265625 0.03136203703703704
0 0.023367708333333334 0.08096018518518518 0.009235416666666666 0.03043888888888889
1 0.49973958333333335 0.5393518518518519 0.9994791666666667 0.9194444444444444
1 0.8752604166666667 0.27685185185185185 0.0578125 0.03148148148148148
1 0.9588541666666667 0.19722222222222222 0.08125 0.07222222222222222
0 0.43828125 0.35648148148148145 0.0234375 0.037037037037037035
0 0.45078125 0.3597222222222222 0.009895833333333333 0.019444444444444445
0 0.3966145833333333 0.46944444444444444 0.009895833333333333 0.022222222222222223
0 0.3932291666666667 0.5481481481481482 0.030208333333333334 0.016666666666666666
0 0.3104166666666667 0.4736111111111111 0.009375 0.019444444444444445
0 0.6658854166666667 0.5282407407407408 0.028645833333333332 0.062037037037037036
0 0.54921875 0.4986111111111111 0.016145833333333335 0.03425925925925926
0 0.6661458333333333 0.2162037037037037 0.015625 0.026851851851851852
0 0.9390625 0.33564814814814814 0.007291666666666667 0.012037037037037037
0 0.95078125 0.8060185185185185 0.0078125 0.01574074074074074
0 0.79375 0.9087962962962963 0.020833333333333332 0.049074074074074076
0 0.89453125 0.6046296296296296 0.0046875 0.011111111111111112
0 0.9395833333333333 0.6407407407407407 0.005208333333333333 0.011111111111111112
0 0.9393229166666667 0.5189814814814815 0.0078125 0.019444444444444445
0 0.9546875 0.5481481481481482 0.007291666666666667 0.03148148148148148
0 0.9955729166666667 0.8430555555555556 0.0078125 0.030555555555555555
1 0.5 0.4703365740740741 1.0 0.9406731481481482
1 0.8630588541666667 0.7814958333333333 0.058409375 0.02595462962962963
1 0.9416481770833334 0.8706023148148148 0.08121302083333333 0.07824166666666667
0 0.4311731770833333 0.6333819444444444 0.024846354166666664 0.0352824074074074
0 0.4440822916666667 0.6320287037037037 0.010039583333333333 0.01961296296296296
0 0.3957572916666667 0.5144518518518518 0.009222916666666666 0.02334814814814815
0 0.39604817708333334 0.434225462962963 0.030638020833333335 0.014747222222222222
0 0.309765625 0.49696203703703706 0.01015625 0.01799814814814815
0 0.6662179687500001 0.4975648148148148 0.03035260416666667 0.05994444444444444
0 0.5489966145833333 0.5084509259259259 0.0157015625 0.035420370370370366
0 0.6516234375 0.8088662037037038 0.015746875 0.026991666666666667
0 0.9296054687499999 0.7319217592592593 0.007127604166666667 0.011991666666666668
0 0.9640130208333333 0.2652074074074074 0.007192708333333334 0.0156
0 0.8128690104166666 0.13877638888888888 0.021571354166666667 0.049775
0 0.89807734375 0.4567833333333334 0.0044880208333333334 0.011714814814814813
0 0.9448497395833333 0.4277967592592593 0.0053244791666666675 0.011149074074074075
0 0.9386963541666666 0.548937037037037 0.0076010416666666665 0.020096296296296296
0 0.9558515624999999 0.523088425925926 0.007536458333333333 0.03136203703703704
1 0.5 0.46345925925925924 1.0 0.9269185185185185
1 0.11536692708333333 0.6628287037037037 0.056775520833333336 0.03676851851851852
1 0.03394166666666667 0.7328263888888888 0.06788333333333334 0.06565277777777778
0 0.5543585937500001 0.6530726851851851 0.022258854166666668 0.0394787037037037
0 0.54233828125 0.6475273148148148 0.009676562500000001 0.019128703703703703
0 0.6016010416666667 0.5465745370370371 0.01049375 0.020926851851851853
0 0.6085242187500001 0.46891944444444444 0.0295484375 0.01932037037037037
0 0.6875945312499999 0.5557416666666667 0.008522395833333333 0.020742592592592594
0 0.33506796875 0.4464842592592592 0.027427604166666668 0.06519074074074074
0 0.4510229166666667 0.4941967592592592 0.016629166666666667 0.032837962962962965
0 0.32089427083333333 0.7567722222222222 0.015746875 0.026507407407407407
0 0.05474166666666667 0.5958106481481481 0.0074 0.011991666666666668
0 0.06616562499999999 0.12547314814814814 0.008372916666666667 0.01576111111111111
0 0.22681796875 0.04654490740740741 0.021344270833333335 0.04864537037037037
0 0.11180052083333333 0.3348412037037037 0.004851041666666667 0.010423148148148148
0 0.06885364583333334 0.2916050925925926 0.005415624999999999 0.010987962962962963
0 0.06339270833333334 0.4130259259259259 0.008035416666666666 0.018644444444444443
0 0.04937578125 0.38142175925925925 0.0081265625 0.03136203703703704
0 0.023367708333333334 0.08096018518518518 0.009235416666666666 0.03043888888888889
1 0.49973958333333335 0.5393518518518519 0.9994791666666667 0.9194444444444444
1 0.8752604166666667 0.27685185185185185 0.0578125 0.03148148148148148
1 0.9588541666666667 0.19722222222222222 0.08125 0.07222222222222222
0 0.43828125 0.35648148148148145 0.0234375 0.037037037037037035
0 0.45078125 0.3597222222222222 0.009895833333333333 0.019444444444444445
0 0.3966145833333333 0.46944444444444444 0.009895833333333333 0.022222222222222223
0 0.3932291666666667 0.5481481481481482 0.030208333333333334 0.016666666666666666
0 0.3104166666666667 0.4736111111111111 0.009375 0.019444444444444445
0 0.6658854166666667 0.5282407407407408 0.028645833333333332 0.062037037037037036
0 0.54921875 0.4986111111111111 0.016145833333333335 0.03425925925925926
0 0.6661458333333333 0.2162037037037037 0.015625 0.026851851851851852
0 0.9390625 0.33564814814814814 0.007291666666666667 0.012037037037037037
0 0.95078125 0.8060185185185185 0.0078125 0.01574074074074074
0 0.79375 0.9087962962962963 0.020833333333333332 0.049074074074074076
0 0.89453125 0.6046296296296296 0.0046875 0.011111111111111112
0 0.9395833333333333 0.6407407407407407 0.005208333333333333 0.011111111111111112
0 0.9393229166666667 0.5189814814814815 0.0078125 0.019444444444444445
0 0.9546875 0.5481481481481482 0.007291666666666667 0.03148148148148148
0 0.9955729166666667 0.8430555555555556 0.0078125 0.030555555555555555
1 0.5 0.4703365740740741 1.0 0.9406731481481482
1 0.8630588541666667 0.7814958333333333 0.058409375 0.02595462962962963
1 0.9416481770833334 0.8706023148148148 0.08121302083333333 0.07824166666666667
0 0.4311731770833333 0.6333819444444444 0.024846354166666664 0.0352824074074074
0 0.4440822916666667 0.6320287037037037 0.010039583333333333 0.01961296296296296
0 0.3957572916666667 0.5144518518518518 0.009222916666666666 0.02334814814814815
0 0.39604817708333334 0.434225462962963 0.030638020833333335 0.014747222222222222
0 0.309765625 0.49696203703703706 0.01015625 0.01799814814814815
0 0.6662179687500001 0.4975648148148148 0.03035260416666667 0.05994444444444444
0 0.5489966145833333 0.5084509259259259 0.0157015625 0.035420370370370366
0 0.6516234375 0.8088662037037038 0.015746875 0.026991666666666667
0 0.9296054687499999 0.7319217592592593 0.007127604166666667 0.011991666666666668
0 0.9640130208333333 0.2652074074074074 0.007192708333333334 0.0156
0 0.8128690104166666 0.13877638888888888 0.021571354166666667 0.049775
0 0.89807734375 0.4567833333333334 0.0044880208333333334 0.011714814814814813
0 0.9448497395833333 0.4277967592592593 0.0053244791666666675 0.011149074074074075
0 0.9386963541666666 0.548937037037037 0.0076010416666666665 0.020096296296296296
0 0.9558515624999999 0.523088425925926 0.007536458333333333 0.03136203703703704
1 0.5 0.46345925925925924 1.0 0.9269185185185185
1 0.11536692708333333 0.6628287037037037 0.056775520833333336 0.03676851851851852
1 0.03394166666666667 0.7328263888888888 0.06788333333333334 0.06565277777777778
0 0.5543585937500001 0.6530726851851851 0.022258854166666668 0.0394787037037037
0 0.54233828125 0.6475273148148148 0.009676562500000001 0.019128703703703703
0 0.6016010416666667 0.5465745370370371 0.01049375 0.020926851851851853
0 0.6085242187500001 0.46891944444444444 0.0295484375 0.01932037037037037
0 0.6875945312499999 0.5557416666666667 0.008522395833333333 0.020742592592592594
0 0.33506796875 0.4464842592592592 0.027427604166666668 0.06519074074074074
0 0.4510229166666667 0.4941967592592592 0.016629166666666667 0.032837962962962965
0 0.32089427083333333 0.7567722222222222 0.015746875 0.026507407407407407
0 0.05474166666666667 0.5958106481481481 0.0074 0.011991666666666668
0 0.06616562499999999 0.12547314814814814 0.008372916666666667 0.01576111111111111
0 0.22681796875 0.04654490740740741 0.021344270833333335 0.04864537037037037
0 0.11180052083333333 0.3348412037037037 0.004851041666666667 0.010423148148148148
0 0.06885364583333334 0.2916050925925926 0.005415624999999999 0.010987962962962963
0 0.06339270833333334 0.4130259259259259 0.008035416666666666 0.018644444444444443
0 0.04937578125 0.38142175925925925 0.0081265625 0.03136203703703704
0 0.023367708333333334 0.08096018518518518 0.009235416666666666 0.03043888888888889
1 0.49973958333333335 0.5393518518518519 0.9994791666666667 0.9194444444444444
1 0.8752604166666667 0.27685185185185185 0.0578125 0.03148148148148148
1 0.9588541666666667 0.19722222222222222 0.08125 0.07222222222222222
0 0.43828125 0.35648148148148145 0.0234375 0.037037037037037035
0 0.45078125 0.3597222222222222 0.009895833333333333 0.019444444444444445
0 0.3966145833333333 0.46944444444444444 0.009895833333333333 0.022222222222222223
0 0.3932291666666667 0.5481481481481482 0.030208333333333334 0.016666666666666666
0 0.3104166666666667 0.4736111111111111 0.009375 0.019444444444444445
0 0.6658854166666667 0.5282407407407408 0.028645833333333332 0.062037037037037036
0 0.54921875 0.4986111111111111 0.016145833333333335 0.03425925925925926
0 0.6661458333333333 0.2162037037037037 0.015625 0.026851851851851852
0 0.9390625 0.33564814814814814 0.007291666666666667 0.012037037037037037
0 0.95078125 0.8060185185185185 0.0078125 0.01574074074074074
0 0.79375 0.9087962962962963 0.020833333333333332 0.049074074074074076
0 0.89453125 0.6046296296296296 0.0046875 0.011111111111111112
0 0.9395833333333333 0.6407407407407407 0.005208333333333333 0.011111111111111112
0 0.9393229166666667 0.5189814814814815 0.0078125 0.019444444444444445
0 0.9546875 0.5481481481481482 0.007291666666666667 0.03148148148148148
0 0.9955729166666667 0.8430555555555556 0.0078125 0.030555555555555555
