1 0.4998046875 0.5911458333333334 0.999609375 0.8159722222222222
0 0.08779296875 0.8090277777777778 0.0125 0.024305555555555556
0 0.50546875 0.34687500000000004 0.036328125 0.04791666666666667
0 0.502734375 0.30538194444444444 0.011328125 0.025694444444444447
0 0.31171875 0.6638888888888889 0.01796875 0.04652777777777778
0 0.106640625 0.921875 0.016015625 0.03125
0 0.6501953125 0.5079861111111111 0.0171875 0.02638888888888889
0 0.4798828125 0.5361111111111111 0.02421875 0.027083333333333334
0 0.5275390625 0.5756944444444445 0.00625 0.009027777777777779
0 0.56259765625 0.5562499999999999 0.008984375 0.015277777777777779
0 0.8708984375 0.8590277777777778 0.009375 0.020138888888888887
1 0.5 0.4472200520833333 1.0 0.8944401041666666
0 0.9344873046875 0.3107230902777778 0.012529296875 0.024223958333333333
0 0.4807099609375 0.6489774305555556 0.037591796875 0.05142708333333333
0 0.4803271484375 0.6923967013888889 0.010458984375 0.02541840277777778
0 0.700373291015625 0.39070616319444446 0.02086376953125 0.04356510416666667
0 0.92557177734375 0.19289713541666667 0.0142294921875 0.03336371527777778
0 0.35149755859375 0.4522682291666667 0.0164716796875 0.02606423611111111
0 0.52306787109375 0.4692157118055556 0.0226982421875 0.032181423611111114
0 0.479832275390625 0.4182504340277778 0.00653955078125 0.010111979166666667
0 0.4427607421875 0.42686979166666666 0.008568359375 0.015197916666666665
0 0.165518798828125 0.04304036458333333 0.00974853515625 0.020108506944444444
1 0.5 0.5704639756944445 1.0 0.8596779513888889
0 0.928152099609375 0.730040798611111 0.01255419921875 0.024317708333333334
0 0.48494482421875 0.34938498263888884 0.0372724609375 0.04946440972222222
0 0.485795654296875 0.3061796875 0.01065380859375 0.025553819444444445
0 0.696988037109375 0.6282408854166667 0.01995263671875 0.04467621527777778
0 0.91563623046875 0.8462352430555556 0.0148662109375 0.032748263888888886
0 0.350607177734375 0.5348233506944444 0.01664404296875 0.026243923611111112
0 0.521888671875 0.5326432291666667 0.02326953125 0.03056423611111111
0 0.4773515625 0.5804092881944444 0.0064609375 0.009776909722222222
0 0.440888916015625 0.5675290798611111 0.00873095703125 0.015266493055555556
0 0.1522861328125 0.925017361111111 0.009650390625 0.02017361111111111
1 0.4998046875 0.5911458333333334 0.999609375 0.8159722222222222
0 0.08779296875 0.8090277777777778 0.0125 0.024305555555555556
0 0.50546875 0.34687500000000004 0.036328125 0.04791666666666667
0 0.502734375 0.30538194444444444 0.011328125 0.025694444444444447
0 0.31171875 0.6638888888888889 0.01796875 0.04652777777777778
0 0.106640625 0.921875 0.016015625 0.03125
0 0.6501953125 0.5079861111111111 0.0171875 0.02638888888888889
0 0.4798828125 0.5361111111111111 0.02421875 0.027083333333333334
0 0.5275390625 0.5756944444444445 0.00625 0.009027777777777779
0 0.56259765625 0.5562499999999999 0.008984375 0.015277777777777779
0 0.8708984375 0.8590277777777778 0.009375 0.020138888888888887
1 0.5 0.4472200520833333 1.0 0.8944401041666666
0 0.9344873046875 0.3107230902777778 0.012529296875 0.024223958333333333
0 0.4807099609375 0.6489774305555556 0.037591796875 0.05142708333333333
0 0.4803271484375 0.6923967013888889 0.010458984375 0.02541840277777778
0 0.700373291015625 0.39070616319444446 0.02086376953125 0.04356510416666667
0 0.92557177734375 0.19289713541666667 0.0142294921875 0.03336371527777778
0 0.35149755859375 0.4522682291666667 0.0164716796875 0.02606423611111111
0 0.52306787109375 0.4692157118055556 0.0226982421875 0.032181423611111114
0 0.479832275390625 0.4182504340277778 0.00653955078125 0.010111979166666667
0 0.4427607421875 0.42686979166666666 0.008568359375 0.015197916666666665
0 0.165518798828125 0.04304036458333333 0.00974853515625 0.020108506944444444
1 0.5 0.5704639756944445 1.0 0.8596779513888889
0 0.928152099609375 0.730040798611111 0.01255419921875 0.024317708333333334
0 0.48494482421875 0.34938498263888884 0.0372724609375 0.04946440972222222
0 0.485795654296875 0.3061796875 0.01065380859375 0.025553819444444445
0 0.696988037109375 0.6282408854166667 0.01995263671875 0.04467621527777778
0 0.91563623046875 0.8462352430555556 0.0148662109375 0.032748263888888886
0 0.350607177734375 0.5348233506944444 0.01664404296875 0.026243923611111112
0 0.521888671875 0.5326432291666667 0.02326953125 0.03056423611111111
0 0.4773515625 0.5804092881944444 0.0064609375 0.009776909722222222
0 0.440888916015625 0.5675290798611111 0.00873095703125 0.015266493055555556
0 0.1522861328125 0.925017361111111 0.009650390625 0.02017361111111111
1 0.4998046875 0.5911458333333334 0.999609375 0.8159722222222222
0 0.08779296875 0.8090277777777778 0.0125 0.024305555555555556
0 0.50546875 0.34687500000000004 0.036328125 0.04791666666666667
0 0.502734375 0.30538194444444444 0.011328125 0.025694444444444447
0 0.31171875 0.6638888888888889 0.01796875 0.04652777777777778
0 0.106640625 0.921875 0.016015625 0.03125
0 0.6501953125 0.5079861111111111 0.0171875 0.02638888888888889
0 0.4798828125 0.5361111111111111 0.02421875 0.027083333333333334
0 0.5275390625 0.5756944444444445 0.00625 0.009027777777777779
0 0.56259765625 0.5562499999999999 0.008984375 0.015277777777777779
0 0.8708984375 0.8590277777777778 0.009375 0.020138888888888887
1 0.5 0.4472200520833333 1.0 0.8944401041666666
0 0.9344873046875 0.3107230902777778 0.012529296875 0.024223958333333333
0 0.4807099609375 0.6489774305555556 0.037591796875 0.05142708333333333
0 0.4803271484375 0.6923967013888889 0.010458984375 0.02541840277777778
0 0.700373291015625 0.39070616319444446 0.02086376953125 0.04356510416666667
0 0.92557177734375 0.19289713541666667 0.0142294921875 0.03336371527777778
0 0.35149755859375 0.4522682291666667 0.0164716796875 0.02606423611111111
0 0.52306787109375 0.4692157118055556 0.0226982421875 0.032181423611111114
0 0.479832275390625 0.4182504340277778 0.00653955078125 0.010111979166666667
0 0.4427607421875 0.42686979166666666 0.008568359375 0.015197916666666665
0 0.165518798828125 0.04304036458333333 0.00974853515625 0.020108506944444444
1 0.5 0.5704639756944445 1.0 0.8596779513888889
0 0.928152099609375 0.730040798611111 0.01255419921875 0.024317708333333334
0 0.48494482421875 0.34938498263888884 0.0372724609375 0.04946440972222222
0 0.485795654296875 0.3061796875 0.01065380859375 0.025553819444444445
0 0.696988037109375 0.6282408854166667 0.01995263671875 0.04467621527777778
0 0.91563623046875 0.8462352430555556 0.0148662109375 0.032748263888888886
0 0.350607177734375 0.5348233506944444 0.01664404296875 0.026243923611111112
0 0.521888671875 0.5326432291666667 0.02326953125 0.03056423611111111
0 0.4773515625 0.5804092881944444 0.0064609375 0.009776909722222222
0 0.440888916015625 0.5675290798611111 0.00873095703125 0.015266493055555556
0 0.1522861328125 0.925017361111111 0.009650390625 0.02017361111111111
