1 0.9688442708333334 0.5768893518518519 0.037688541666666665 0.30192685185185186
1 0.4729296875 0.4594638888888889 0.945859375 0.9189277777777778
0 0.21778411458333333 0.6099208333333334 0.019943229166666666 0.038360185185185185
0 0.09158255208333334 0.6526902777777778 0.0071234374999999996 0.02204722222222222
0 0.10769583333333334 0.650938425925926 0.024766666666666666 0.03150648148148148
0 0.08793463541666666 0.7008657407407407 0.0144109375 0.038768518518518515
0 0.1189421875 0.6903324074074074 0.014967708333333333 0.032516666666666666
0 0.15576015625 0.7778819444444444 0.0177703125 0.029837962962962965
0 0.2539515625 0.7403884259259259 0.019361458333333335 0.02707314814814815
0 0.25047994791666667 0.8741972222222223 0.0145015625 0.020616666666666665
0 0.2988765625 0.655451388888889 0.04046145833333334 0.11090277777777778
0 0.289615625 0.6596180555555556 0.013606249999999999 0.022939814814814812
0 0.3019143229166667 0.6653611111111112 0.009036979166666665 0.045537037037037036
0 0.34318880208333336 0.7229402777777777 0.023877604166666667 0.045880555555555556
0 0.2871908854166667 0.7019263888888889 0.010840104166666666 0.020519444444444444
0 0.32509166666666667 0.7422777777777777 0.016849999999999997 0.04381481481481481
0 0.3300721354166667 0.5743685185185186 0.010144270833333333 0.022811111111111112
0 0.3644174479166667 0.5819652777777778 0.018418229166666668 0.03800462962962963
0 0.44552369791666663 0.7586421296296296 0.011880729166666666 0.028395370370370373
0 0.5329794270833333 0.799162962962963 0.0086671875 0.026103703703703705
0 0.6031393229166666 0.8138162037037038 0.012528645833333333 0.025780555555555557
0 0.6268882812500001 0.8482824074074073 0.0131515625 0.03730555555555556
0 0.6844263020833333 0.860999537037037 0.029269270833333336 0.03311018518518519
0 0.5832763020833334 0.6653601851851852 0.018635937499999998 0.02886851851851852
0 0.5934971354166667 0.7146828703703704 0.0047026041666666666 0.00899537037037037
0 0.63259453125 0.7103416666666666 0.009980729166666667 0.01697962962962963
0 0.6805679687499999 0.7100523148148148 0.021552604166666666 0.031215740740740742
0 0.7098572916666667 0.6931328703703703 0.007214583333333333 0.012191666666666667
0 0.4971190104166666 0.6377324074074073 0.012988020833333334 0.032872222222222226
0 0.53072578125 0.6395976851851851 0.0302015625 0.06067685185185186
0 0.5148833333333334 0.5426606481481481 0.01935 0.02235833333333333
0 0.5435119791666666 0.524948611111111 0.034940624999999996 0.04804537037037037
0 0.5609799479166667 0.47455185185185184 0.020918229166666667 0.03799259259259259
0 0.56828984375 0.5138513888888889 0.009496354166666667 0.016591666666666668
0 0.6046565104166667 0.577487962962963 0.012438020833333334 0.016087037037037035
0 0.7157911458333334 0.5650666666666667 0.010748958333333334 0.022725925925925927
0 0.7040583333333333 0.3587888888888889 0.008116666666666666 0.024985185185185187
0 0.47950234375 0.39188194444444446 0.0215046875 0.035615740740740746
0 0.48874401041666665 0.46170694444444443 0.011863020833333333 0.021562037037037036
0 0.4432286458333333 0.2530643518518519 0.012498958333333334 0.0487212962962963
0 0.47811953125 0.17385555555555557 0.017697395833333334 0.02734074074074074
0 0.48046692708333333 0.20668935185185186 0.01718385416666667 0.04115648148148148
0 0.42734687499999996 0.1418185185185185 0.019277083333333334 0.03178518518518519
0 0.3317424479166667 0.1392287037037037 0.0145265625 0.03216111111111111
0 0.3643005208333333 0.19736064814814813 0.014017708333333333 0.022499074074074074
0 0.4919015625 0.03880324074074074 0.024428125000000002 0.016495370370370372
0 0.543378125 0.03807083333333334 0.007589583333333333 0.01688240740740741
0 0.4935046875 0.15741805555555557 0.009926041666666666 0.018539814814814815
0 0.5130096354166667 0.17547592592592592 0.007269270833333333 0.010211111111111112
0 0.748665625 0.1385949074074074 0.016081250000000002 0.029041666666666664
0 0.6627953125 0.18805370370370372 0.004757291666666667 0.020551851851851852
0 0.28183020833333333 0.029558333333333336 0.013660416666666668 0.02207962962962963
0 0.03903541666666667 0.14674675925925926 0.0103625 0.04164166666666667
0 0.05999401041666667 0.12869907407407408 0.006446354166666667 0.014805555555555556
0 0.09664921875 0.16895879629629632 0.0057984375 0.021250925925925927
0 0.03603489583333333 0.19842500000000002 0.008528125 0.026479629629629627
0 0.03862161458333333 0.23807268518518518 0.006409895833333333 0.011330555555555556
0 0.011484375 0.25500833333333334 0.004218749999999999 0.011868518518518518
0 0.03766822916666667 0.2842458333333333 0.014919791666666666 0.04441759259259259
0 0.0280390625 0.3801967592592593 0.013369791666666667 0.028912037037037038
0 0.3075028645833333 0.23502037037037038 0.0233390625 0.044114814814814815
1 0.9613182291666666 0.6610837962962963 0.05284479166666667 0.29994537037037033
1 0.47265 0.4633736111111111 0.9453 0.9267472222222222
0 0.21327864583333334 0.5566712962962963 0.020307291666666668 0.039268518518518515
0 0.08469348958333334 0.5764217592592592 0.007928645833333334 0.021362037037037037
0 0.10100598958333333 0.5772472222222222 0.023886979166666666 0.03412407407407407
0 0.07876953125000001 0.6228152777777778 0.013789062500000001 0.038223148148148145
0 0.11000598958333334 0.6181555555555555 0.014803645833333332 0.03260740740740741
0 0.1412046875 0.7110643518518518 0.017826041666666667 0.031387962962962965
0 0.24125755208333333 0.6938601851851852 0.017931770833333336 0.03031296296296296
0 0.22999244791666668 0.825537962962963 0.0141515625 0.021446296296296297
0 0.2894 0.6163101851851852 0.0413 0.10669444444444445
0 0.2813291666666667 0.6203342592592592 0.013699999999999999 0.02215
0 0.2930395833333333 0.6274805555555555 0.011079166666666666 0.04570185185185185
0 0.33126067708333334 0.6925199074074074 0.025021354166666666 0.044299074074074074
0 0.276765625 0.6604083333333334 0.010822916666666666 0.020816666666666667
0 0.31150364583333334 0.7083027777777777 0.015715625 0.04438333333333333
0 0.32624062499999995 0.5422986111111111 0.010814583333333332 0.02163425925925926
0 0.36046614583333336 0.5559624999999999 0.018848958333333332 0.03785092592592593
0 0.43022916666666666 0.7464189814814816 0.0115 0.028023148148148148
0 0.5147239583333333 0.8039643518518519 0.008614583333333333 0.026447222222222223
0 0.58438671875 0.8320236111111111 0.012523437500000002 0.02515833333333333
0 0.60594375 0.8689180555555556 0.0118875 0.03783611111111111
0 0.6625755208333334 0.8929476851851852 0.029317708333333335 0.037747222222222224
0 0.5734010416666667 0.6810314814814815 0.01971875 0.026877777777777778
0 0.5800296875 0.7301736111111111 0.004851041666666667 0.008495370370370372
0 0.6196643229166666 0.7338967592592593 0.010161979166666666 0.017793518518518518
0 0.6669856770833333 0.7424078703703704 0.0204296875 0.03296388888888889
0 0.6972153645833333 0.7322078703703704 0.006930729166666667 0.01256388888888889
0 0.48885260416666665 0.6355310185185186 0.012080208333333333 0.034025
0 0.5214919270833334 0.6452037037037037 0.028400520833333335 0.06448148148148149
0 0.5123953125 0.5453282407407408 0.019582291666666665 0.02028611111111111
0 0.5421507812499999 0.5331337962962963 0.03325989583333334 0.05330462962962963
0 0.56233125 0.4860342592592593 0.022579166666666664 0.03503148148148148
0 0.5668747395833333 0.5266416666666667 0.009791145833333332 0.016246296296296297
0 0.59983046875 0.5964652777777778 0.0121609375 0.017004629629629626
0 0.7107822916666666 0.6046263888888889 0.01010625 0.024067592592592592
0 0.7112552083333333 0.3966375 0.00896875 0.02475648148148148
0 0.4858994791666667 0.38869398148148143 0.021798958333333333 0.03664722222222222
0 0.49066458333333335 0.4587569444444444 0.012579166666666667 0.021217592592592593
0 0.4580239583333333 0.24379953703703702 0.013964583333333334 0.04871018518518518
0 0.49783046875000003 0.17152546296296298 0.017535937499999998 0.02823611111111111
0 0.4978450520833333 0.20441666666666666 0.018606770833333335 0.04031481481481482
0 0.44916119791666664 0.13012083333333332 0.01915572916666667 0.03246388888888889
0 0.3537385416666667 0.10911342592592593 0.015810416666666667 0.031189814814814816
0 0.38293203125 0.1736199074074074 0.013780729166666667 0.02316574074074074
0 0.51881875 0.04060601851851852 0.024095833333333334 0.018249074074074074
0 0.5701 0.04851805555555556 0.006866666666666666 0.01740648148148148
0 0.5138263020833334 0.15830787037037036 0.009944270833333333 0.018467592592592594
0 0.5316992187499999 0.1801074074074074 0.007148437499999999 0.010214814814814815
0 0.76830234375 0.18714305555555555 0.015771354166666664 0.029841666666666666
0 0.6805908854166667 0.21973194444444444 0.004931770833333333 0.020945370370370368
0 0.06261302083333334 0.06322314814814815 0.011684375 0.04126111111111111
0 0.08422239583333332 0.04900185185185185 0.006986458333333333 0.01467037037037037
0 0.1177015625 0.09566527777777778 0.0062364583333333334 0.020960185185185186
0 0.05608723958333333 0.1135125 0.009049479166666667 0.02517314814814815
0 0.05654583333333333 0.153174537037037 0.006841666666666666 0.01190462962962963
0 0.028734375 0.16582314814814814 0.0043437499999999995 0.011275925925925927
0 0.053221875 0.1991726851851852 0.01581875 0.04464166666666667
0 0.037393749999999996 0.2924412037037037 0.013329166666666666 0.02932685185185185
0 0.323675 0.20053287037037038 0.02443333333333333 0.041806481481481486
1 0.96796875 0.45185185185185184 0.0390625 0.30185185185185187
1 0.4744791666666667 0.537962962962963 0.9489583333333333 0.9222222222222223
0 0.21979166666666666 0.3726851851851852 0.019791666666666666 0.03796296296296296
0 0.09479166666666666 0.32222222222222224 0.007291666666666667 0.022222222222222223
0 0.1109375 0.324537037037037 0.025 0.030555555555555555
0 0.0921875 0.27314814814814814 0.014583333333333334 0.03888888888888889
0 0.12265625 0.2865740740740741 0.015104166666666667 0.032407407407407406
0 0.16145833333333334 0.20092592592592592 0.017708333333333333 0.02962962962962963
0 0.25885416666666666 0.24444444444444444 0.019791666666666666 0.025925925925925925
0 0.25833333333333336 0.11018518518518519 0.014583333333333334 0.020370370370370372
0 0.30234375 0.33194444444444443 0.04010416666666667 0.11203703703703703
0 0.29322916666666665 0.32731481481481484 0.013541666666666667 0.023148148148148147
0 0.30494791666666665 0.3226851851851852 0.008854166666666666 0.04537037037037037
0 0.34765625 0.2675925925925926 0.0234375 0.046296296296296294
0 0.29140625 0.2851851851851852 0.0109375 0.020370370370370372
0 0.3299479166666667 0.24675925925925926 0.0171875 0.04351851851851852
0 0.33151041666666664 0.4152777777777778 0.009895833333333333 0.023148148148148147
0 0.36640625 0.4097222222222222 0.018229166666666668 0.03796296296296296
0 0.45078125 0.23842592592592593 0.011979166666666667 0.028703703703703703
0 0.5388020833333333 0.20277777777777778 0.008854166666666666 0.025925925925925925
0 0.609375 0.1925925925925926 0.0125 0.025925925925925925
0 0.6333333333333333 0.16018518518518518 0.013541666666666667 0.037037037037037035
0 0.69140625 0.15138888888888888 0.0296875 0.032407407407407406
0 0.5861979166666667 0.3398148148148148 0.018229166666666668 0.02962962962962963
0 0.59765625 0.2916666666666667 0.0046875 0.009259259259259259
0 0.63671875 0.29814814814814816 0.009895833333333333 0.016666666666666666
0 0.684375 0.3013888888888889 0.021875 0.030555555555555555
0 0.7135416666666666 0.3199074074074074 0.007291666666666667 0.012037037037037037
0 0.5 0.3625 0.013541666666666667 0.032407407407407406
0 0.53359375 0.362962962962963 0.030729166666666665 0.05925925925925926
0 0.5153645833333333 0.45787037037037037 0.019270833333333334 0.023148148148148147
0 0.54375 0.4777777777777778 0.035416666666666666 0.046296296296296294
0 0.5606770833333333 0.5296296296296297 0.0203125 0.03888888888888889
0 0.56875 0.49074074074074076 0.009375 0.016666666666666666
0 0.60625 0.42916666666666664 0.0125 0.01574074074074074
0 0.7169270833333333 0.44814814814814813 0.0109375 0.022222222222222223
0 0.7013020833333333 0.6541666666666667 0.0078125 0.025
0 0.47734375 0.6064814814814815 0.021354166666666667 0.03518518518518519
0 0.48776041666666664 0.537962962962963 0.011979166666666667 0.022222222222222223
0 0.4388020833333333 0.7430555555555556 0.011979166666666667 0.049074074074074076
0 0.4713541666666667 0.825 0.017708333333333333 0.027777777777777776
0 0.4744791666666667 0.7921296296296296 0.016666666666666666 0.041666666666666664
0 0.4205729166666667 0.8537037037037037 0.019270833333333334 0.03148148148148148
0 0.32473958333333336 0.850462962962963 0.0140625 0.032407407407407406
0 0.35859375 0.7944444444444444 0.0140625 0.022222222222222223
0 0.4830729166666667 0.9601851851851851 0.024479166666666666 0.016666666666666666
0 0.5341145833333333 0.9648148148148148 0.0078125 0.016666666666666666
0 0.48671875 0.8416666666666667 0.009895833333333333 0.018518518518518517
0 0.5067708333333333 0.8245370370370371 0.007291666666666667 0.010185185185185186
0 0.74140625 0.8763888888888889 0.016145833333333335 0.028703703703703703
0 0.6565104166666667 0.8222222222222222 0.0046875 0.020370370370370372
0 0.27291666666666664 0.9564814814814815 0.013541666666666667 0.022222222222222223
0 0.032552083333333336 0.8245370370370371 0.009895833333333333 0.041666666666666664
0 0.053125 0.8435185185185186 0.00625 0.014814814814814815
0 0.09036458333333333 0.8060185185185185 0.005729166666666666 0.021296296296296296
0 0.030208333333333334 0.7726851851851851 0.008333333333333333 0.026851851851851852
0 0.033854166666666664 0.7333333333333333 0.00625 0.011111111111111112
0 0.007291666666666667 0.7143518518518519 0.004166666666666667 0.012037037037037037
0 0.033854166666666664 0.687037037037037 0.014583333333333334 0.044444444444444446
0 0.026041666666666668 0.5902777777777778 0.013541666666666667 0.028703703703703703
0 0.3065104166666667 0.9921296296296296 0.0109375 0.013888888888888888
0 0.3026041666666667 0.7532407407407408 0.022916666666666665 0.04537037037037037
1 0.9688442708333334 0.5768893518518519 0.037688541666666665 0.30192685185185186
1 0.4729296875 0.4594638888888889 0.945859375 0.9189277777777778
0 0.21778411458333333 0.6099208333333334 0.019943229166666666 0.038360185185185185
0 0.09158255208333334 0.6526902777777778 0.0071234374999999996 0.02204722222222222
0 0.10769583333333334 0.650938425925926 0.024766666666666666 0.03150648148148148
0 0.08793463541666666 0.7008657407407407 0.0144109375 0.038768518518518515
0 0.1189421875 0.6903324074074074 0.014967708333333333 0.032516666666666666
0 0.15576015625 0.7778819444444444 0.0177703125 0.029837962962962965
0 0.2539515625 0.7403884259259259 0.019361458333333335 0.02707314814814815
0 0.25047994791666667 0.8741972222222223 0.0145015625 0.020616666666666665
0 0.2988765625 0.655451388888889 0.04046145833333334 0.11090277777777778
0 0.289615625 0.6596180555555556 0.013606249999999999 0.022939814814814812
0 0.3019143229166667 0.6653611111111112 0.009036979166666665 0.045537037037037036
0 0.34318880208333336 0.7229402777777777 0.023877604166666667 0.045880555555555556
0 0.2871908854166667 0.7019263888888889 0.010840104166666666 0.020519444444444444
0 0.32509166666666667 0.7422777777777777 0.016849999999999997 0.04381481481481481
0 0.3300721354166667 0.5743685185185186 0.010144270833333333 0.022811111111111112
0 0.3644174479166667 0.5819652777777778 0.018418229166666668 0.03800462962962963
0 0.44552369791666663 0.7586421296296296 0.011880729166666666 0.028395370370370373
0 0.5329794270833333 0.799162962962963 0.0086671875 0.026103703703703705
0 0.6031393229166666 0.8138162037037038 0.012528645833333333 0.025780555555555557
0 0.6268882812500001 0.8482824074074073 0.0131515625 0.03730555555555556
0 0.6844263020833333 0.860999537037037 0.029269270833333336 0.03311018518518519
0 0.5832763020833334 0.6653601851851852 0.018635937499999998 0.02886851851851852
0 0.5934971354166667 0.7146828703703704 0.0047026041666666666 0.00899537037037037
0 0.63259453125 0.7103416666666666 0.009980729166666667 0.01697962962962963
0 0.6805679687499999 0.7100523148148148 0.021552604166666666 0.031215740740740742
0 0.7098572916666667 0.6931328703703703 0.007214583333333333 0.012191666666666667
0 0.4971190104166666 0.6377324074074073 0.012988020833333334 0.032872222222222226
0 0.53072578125 0.6395976851851851 0.0302015625 0.06067685185185186
0 0.5148833333333334 0.5426606481481481 0.01935 0.02235833333333333
0 0.5435119791666666 0.524948611111111 0.034940624999999996 0.04804537037037037
0 0.5609799479166667 0.47455185185185184 0.020918229166666667 0.03799259259259259
0 0.56828984375 0.5138513888888889 0.009496354166666667 0.016591666666666668
0 0.6046565104166667 0.577487962962963 0.012438020833333334 0.016087037037037035
0 0.7157911458333334 0.5650666666666667 0.010748958333333334 0.022725925925925927
0 0.7040583333333333 0.3587888888888889 0.008116666666666666 0.024985185185185187
0 0.47950234375 0.39188194444444446 0.0215046875 0.035615740740740746
0 0.48874401041666665 0.46170694444444443 0.011863020833333333 0.021562037037037036
0 0.4432286458333333 0.2530643518518519 0.012498958333333334 0.0487212962962963
0 0.47811953125 0.17385555555555557 0.017697395833333334 0.02734074074074074
0 0.48046692708333333 0.20668935185185186 0.01718385416666667 0.04115648148148148
0 0.42734687499999996 0.1418185185185185 0.019277083333333334 0.03178518518518519
0 0.3317424479166667 0.1392287037037037 0.0145265625 0.03216111111111111
0 0.3643005208333333 0.19736064814814813 0.014017708333333333 0.022499074074074074
0 0.4919015625 0.03880324074074074 0.024428125000000002 0.016495370370370372
0 0.543378125 0.03807083333333334 0.007589583333333333 0.01688240740740741
0 0.4935046875 0.15741805555555557 0.009926041666666666 0.018539814814814815
0 0.5130096354166667 0.17547592592592592 0.007269270833333333 0.010211111111111112
0 0.748665625 0.1385949074074074 0.016081250000000002 0.029041666666666664
0 0.6627953125 0.18805370370370372 0.004757291666666667 0.020551851851851852
0 0.28183020833333333 0.029558333333333336 0.013660416666666668 0.02207962962962963
0 0.03903541666666667 0.14674675925925926 0.0103625 0.04164166666666667
0 0.05999401041666667 0.12869907407407408 0.006446354166666667 0.014805555555555556
0 0.09664921875 0.16895879629629632 0.0057984375 0.021250925925925927
0 0.03603489583333333 0.19842500000000002 0.008528125 0.026479629629629627
0 0.03862161458333333 0.23807268518518518 0.006409895833333333 0.011330555555555556
0 0.011484375 0.25500833333333334 0.004218749999999999 0.011868518518518518
0 0.03766822916666667 0.2842458333333333 0.014919791666666666 0.04441759259259259
0 0.0280390625 0.3801967592592593 0.013369791666666667 0.028912037037037038
0 0.3075028645833333 0.23502037037037038 0.0233390625 0.044114814814814815
1 0.9613182291666666 0.6610837962962963 0.05284479166666667 0.29994537037037033
1 0.47265 0.4633736111111111 0.9453 0.9267472222222222
0 0.21327864583333334 0.5566712962962963 0.020307291666666668 0.039268518518518515
0 0.08469348958333334 0.5764217592592592 0.007928645833333334 0.021362037037037037
0 0.10100598958333333 0.5772472222222222 0.023886979166666666 0.03412407407407407
0 0.07876953125000001 0.6228152777777778 0.013789062500000001 0.038223148148148145
0 0.11000598958333334 0.6181555555555555 0.014803645833333332 0.03260740740740741
0 0.1412046875 0.7110643518518518 0.017826041666666667 0.031387962962962965
0 0.24125755208333333 0.6938601851851852 0.017931770833333336 0.03031296296296296
0 0.22999244791666668 0.825537962962963 0.0141515625 0.021446296296296297
0 0.2894 0.6163101851851852 0.0413 0.10669444444444445
0 0.2813291666666667 0.6203342592592592 0.013699999999999999 0.02215
0 0.2930395833333333 0.6274805555555555 0.011079166666666666 0.04570185185185185
0 0.33126067708333334 0.6925199074074074 0.025021354166666666 0.044299074074074074
0 0.276765625 0.6604083333333334 0.010822916666666666 0.020816666666666667
0 0.31150364583333334 0.7083027777777777 0.015715625 0.04438333333333333
0 0.32624062499999995 0.5422986111111111 0.010814583333333332 0.02163425925925926
0 0.36046614583333336 0.5559624999999999 0.018848958333333332 0.03785092592592593
0 0.43022916666666666 0.7464189814814816 0.0115 0.028023148148148148
0 0.5147239583333333 0.8039643518518519 0.008614583333333333 0.026447222222222223
0 0.58438671875 0.8320236111111111 0.012523437500000002 0.02515833333333333
0 0.60594375 0.8689180555555556 0.0118875 0.03783611111111111
0 0.6625755208333334 0.8929476851851852 0.029317708333333335 0.037747222222222224
0 0.5734010416666667 0.6810314814814815 0.01971875 0.026877777777777778
0 0.5800296875 0.7301736111111111 0.004851041666666667 0.008495370370370372
0 0.6196643229166666 0.7338967592592593 0.010161979166666666 0.017793518518518518
0 0.6669856770833333 0.7424078703703704 0.0204296875 0.03296388888888889
0 0.6972153645833333 0.7322078703703704 0.006930729166666667 0.01256388888888889
0 0.48885260416666665 0.6355310185185186 0.012080208333333333 0.034025
0 0.5214919270833334 0.6452037037037037 0.028400520833333335 0.06448148148148149
0 0.5123953125 0.5453282407407408 0.019582291666666665 0.02028611111111111
0 0.5421507812499999 0.5331337962962963 0.03325989583333334 0.05330462962962963
0 0.56233125 0.4860342592592593 0.022579166666666664 0.03503148148148148
0 0.5668747395833333 0.5266416666666667 0.009791145833333332 0.016246296296296297
0 0.59983046875 0.5964652777777778 0.0121609375 0.017004629629629626
0 0.7107822916666666 0.6046263888888889 0.01010625 0.024067592592592592
0 0.7112552083333333 0.3966375 0.00896875 0.02475648148148148
0 0.4858994791666667 0.38869398148148143 0.021798958333333333 0.03664722222222222
0 0.49066458333333335 0.4587569444444444 0.012579166666666667 0.021217592592592593
0 0.4580239583333333 0.24379953703703702 0.013964583333333334 0.04871018518518518
0 0.49783046875000003 0.17152546296296298 0.017535937499999998 0.02823611111111111
0 0.4978450520833333 0.20441666666666666 0.018606770833333335 0.04031481481481482
0 0.44916119791666664 0.13012083333333332 0.01915572916666667 0.03246388888888889
0 0.3537385416666667 0.10911342592592593 0.015810416666666667 0.031189814814814816
0 0.38293203125 0.1736199074074074 0.013780729166666667 0.02316574074074074
0 0.51881875 0.04060601851851852 0.024095833333333334 0.018249074074074074
0 0.5701 0.04851805555555556 0.006866666666666666 0.01740648148148148
0 0.5138263020833334 0.15830787037037036 0.009944270833333333 0.018467592592592594
0 0.5316992187499999 0.1801074074074074 0.007148437499999999 0.010214814814814815
0 0.76830234375 0.18714305555555555 0.015771354166666664 0.029841666666666666
0 0.6805908854166667 0.21973194444444444 0.004931770833333333 0.020945370370370368
0 0.06261302083333334 0.06322314814814815 0.011684375 0.04126111111111111
0 0.08422239583333332 0.04900185185185185 0.006986458333333333 0.01467037037037037
0 0.1177015625 0.09566527777777778 0.0062364583333333334 0.020960185185185186
0 0.05608723958333333 0.1135125 0.009049479166666667 0.02517314814814815
0 0.05654583333333333 0.153174537037037 0.006841666666666666 0.01190462962962963
0 0.028734375 0.16582314814814814 0.0043437499999999995 0.011275925925925927
0 0.053221875 0.1991726851851852 0.01581875 0.04464166666666667
0 0.037393749999999996 0.2924412037037037 0.013329166666666666 0.02932685185185185
0 0.323675 0.20053287037037038 0.02443333333333333 0.041806481481481486
1 0.96796875 0.45185185185185184 0.0390625 0.30185185185185187
1 0.4744791666666667 0.537962962962963 0.9489583333333333 0.9222222222222223
0 0.21979166666666666 0.3726851851851852 0.019791666666666666 0.03796296296296296
0 0.09479166666666666 0.32222222222222224 0.007291666666666667 0.022222222222222223
0 0.1109375 0.324537037037037 0.025 0.030555555555555555
0 0.0921875 0.27314814814814814 0.014583333333333334 0.03888888888888889
0 0.12265625 0.2865740740740741 0.015104166666666667 0.032407407407407406
0 0.16145833333333334 0.20092592592592592 0.017708333333333333 0.02962962962962963
0 0.25885416666666666 0.24444444444444444 0.019791666666666666 0.025925925925925925
0 0.25833333333333336 0.11018518518518519 0.014583333333333334 0.020370370370370372
0 0.30234375 0.33194444444444443 0.04010416666666667 0.11203703703703703
0 0.29322916666666665 0.32731481481481484 0.013541666666666667 0.023148148148148147
0 0.30494791666666665 0.3226851851851852 0.008854166666666666 0.04537037037037037
0 0.34765625 0.2675925925925926 0.0234375 0.046296296296296294
0 0.29140625 0.2851851851851852 0.0109375 0.020370370370370372
0 0.3299479166666667 0.24675925925925926 0.0171875 0.04351851851851852
0 0.33151041666666664 0.4152777777777778 0.009895833333333333 0.023148148148148147
0 0.36640625 0.4097222222222222 0.018229166666666668 0.03796296296296296
0 0.45078125 0.23842592592592593 0.011979166666666667 0.028703703703703703
0 0.5388020833333333 0.20277777777777778 0.008854166666666666 0.025925925925925925
0 0.609375 0.1925925925925926 0.0125 0.025925925925925925
0 0.6333333333333333 0.16018518518518518 0.013541666666666667 0.037037037037037035
0 0.69140625 0.15138888888888888 0.0296875 0.032407407407407406
0 0.5861979166666667 0.3398148148148148 0.018229166666666668 0.02962962962962963
0 0.59765625 0.2916666666666667 0.0046875 0.009259259259259259
0 0.63671875 0.29814814814814816 0.009895833333333333 0.016666666666666666
0 0.684375 0.3013888888888889 0.021875 0.030555555555555555
0 0.7135416666666666 0.3199074074074074 0.007291666666666667 0.012037037037037037
0 0.5 0.3625 0.013541666666666667 0.032407407407407406
0 0.53359375 0.362962962962963 0.030729166666666665 0.05925925925925926
0 0.5153645833333333 0.45787037037037037 0.019270833333333334 0.023148148148148147
0 0.54375 0.4777777777777778 0.035416666666666666 0.046296296296296294
0 0.5606770833333333 0.5296296296296297 0.0203125 0.03888888888888889
0 0.56875 0.49074074074074076 0.009375 0.016666666666666666
0 0.60625 0.42916666666666664 0.0125 0.01574074074074074
0 0.7169270833333333 0.44814814814814813 0.0109375 0.022222222222222223
0 0.7013020833333333 0.6541666666666667 0.0078125 0.025
0 0.47734375 0.6064814814814815 0.021354166666666667 0.03518518518518519
0 0.48776041666666664 0.537962962962963 0.011979166666666667 0.022222222222222223
0 0.4388020833333333 0.7430555555555556 0.011979166666666667 0.049074074074074076
0 0.4713541666666667 0.825 0.017708333333333333 0.027777777777777776
0 0.4744791666666667 0.7921296296296296 0.016666666666666666 0.041666666666666664
0 0.4205729166666667 0.8537037037037037 0.019270833333333334 0.03148148148148148
0 0.32473958333333336 0.850462962962963 0.0140625 0.032407407407407406
0 0.35859375 0.7944444444444444 0.0140625 0.022222222222222223
0 0.4830729166666667 0.9601851851851851 0.024479166666666666 0.016666666666666666
0 0.5341145833333333 0.9648148148148148 0.0078125 0.016666666666666666
0 0.48671875 0.8416666666666667 0.009895833333333333 0.018518518518518517
0 0.5067708333333333 0.8245370370370371 0.007291666666666667 0.010185185185185186
0 0.74140625 0.8763888888888889 0.016145833333333335 0.028703703703703703
0 0.6565104166666667 0.8222222222222222 0.0046875 0.020370370370370372
0 0.27291666666666664 0.9564814814814815 0.013541666666666667 0.022222222222222223
0 0.032552083333333336 0.8245370370370371 0.009895833333333333 0.041666666666666664
0 0.053125 0.8435185185185186 0.00625 0.014814814814814815
0 0.09036458333333333 0.8060185185185185 0.005729166666666666 0.021296296296296296
0 0.030208333333333334 0.7726851851851851 0.008333333333333333 0.026851851851851852
0 0.033854166666666664 0.7333333333333333 0.00625 0.011111111111111112
0 0.007291666666666667 0.7143518518518519 0.004166666666666667 0.012037037037037037
0 0.033854166666666664 0.687037037037037 0.014583333333333334 0.044444444444444446
0 0.026041666666666668 0.5902777777777778 0.013541666666666667 0.028703703703703703
0 0.3065104166666667 0.9921296296296296 0.0109375 0.013888888888888888
0 0.3026041666666667 0.7532407407407408 0.022916666666666665 0.04537037037037037
1 0.9688442708333334 0.5768893518518519 0.037688541666666665 0.30192685185185186
1 0.4729296875 0.4594638888888889 0.945859375 0.9189277777777778
0 0.21778411458333333 0.6099208333333334 0.019943229166666666 0.038360185185185185
0 0.09158255208333334 0.6526902777777778 0.0071234374999999996 0.02204722222222222
0 0.10769583333333334 0.650938425925926 0.024766666666666666 0.03150648148148148
0 0.08793463541666666 0.7008657407407407 0.0144109375 0.038768518518518515
0 0.1189421875 0.6903324074074074 0.014967708333333333 0.032516666666666666
0 0.15576015625 0.7778819444444444 0.0177703125 0.029837962962962965
0 0.2539515625 0.7403884259259259 0.019361458333333335 0.02707314814814815
0 0.25047994791666667 0.8741972222222223 0.0145015625 0.020616666666666665
0 0.2988765625 0.655451388888889 0.04046145833333334 0.11090277777777778
0 0.289615625 0.6596180555555556 0.013606249999999999 0.022939814814814812
0 0.3019143229166667 0.6653611111111112 0.009036979166666665 0.045537037037037036
0 0.34318880208333336 0.7229402777777777 0.023877604166666667 0.045880555555555556
0 0.2871908854166667 0.7019263888888889 0.010840104166666666 0.020519444444444444
0 0.32509166666666667 0.7422777777777777 0.016849999999999997 0.04381481481481481
0 0.3300721354166667 0.5743685185185186 0.010144270833333333 0.022811111111111112
0 0.3644174479166667 0.5819652777777778 0.018418229166666668 0.03800462962962963
0 0.44552369791666663 0.7586421296296296 0.011880729166666666 0.028395370370370373
0 0.5329794270833333 0.799162962962963 0.0086671875 0.026103703703703705
0 0.6031393229166666 0.8138162037037038 0.012528645833333333 0.025780555555555557
0 0.6268882812500001 0.8482824074074073 0.0131515625 0.03730555555555556
0 0.6844263020833333 0.860999537037037 0.029269270833333336 0.03311018518518519
0 0.5832763020833334 0.6653601851851852 0.018635937499999998 0.02886851851851852
0 0.5934971354166667 0.7146828703703704 0.0047026041666666666 0.00899537037037037
0 0.63259453125 0.7103416666666666 0.009980729166666667 0.01697962962962963
0 0.6805679687499999 0.7100523148148148 0.021552604166666666 0.031215740740740742
0 0.7098572916666667 0.6931328703703703 0.007214583333333333 0.012191666666666667
0 0.4971190104166666 0.6377324074074073 0.012988020833333334 0.032872222222222226
0 0.53072578125 0.6395976851851851 0.0302015625 0.06067685185185186
0 0.5148833333333334 0.5426606481481481 0.01935 0.02235833333333333
0 0.5435119791666666 0.524948611111111 0.034940624999999996 0.04804537037037037
0 0.5609799479166667 0.47455185185185184 0.020918229166666667 0.03799259259259259
0 0.56828984375 0.5138513888888889 0.009496354166666667 0.016591666666666668
0 0.6046565104166667 0.577487962962963 0.012438020833333334 0.016087037037037035
0 0.7157911458333334 0.5650666666666667 0.010748958333333334 0.022725925925925927
0 0.7040583333333333 0.3587888888888889 0.008116666666666666 0.024985185185185187
0 0.47950234375 0.39188194444444446 0.0215046875 0.035615740740740746
0 0.48874401041666665 0.46170694444444443 0.011863020833333333 0.021562037037037036
0 0.4432286458333333 0.2530643518518519 0.012498958333333334 0.0487212962962963
0 0.47811953125 0.17385555555555557 0.017697395833333334 0.02734074074074074
0 0.48046692708333333 0.20668935185185186 0.01718385416666667 0.04115648148148148
0 0.42734687499999996 0.1418185185185185 0.019277083333333334 0.03178518518518519
0 0.3317424479166667 0.1392287037037037 0.0145265625 0.03216111111111111
0 0.3643005208333333 0.19736064814814813 0.014017708333333333 0.022499074074074074
0 0.4919015625 0.03880324074074074 0.024428125000000002 0.016495370370370372
0 0.543378125 0.03807083333333334 0.007589583333333333 0.01688240740740741
0 0.4935046875 0.15741805555555557 0.009926041666666666 0.018539814814814815
0 0.5130096354166667 0.17547592592592592 0.007269270833333333 0.010211111111111112
0 0.748665625 0.1385949074074074 0.016081250000000002 0.029041666666666664
0 0.6627953125 0.18805370370370372 0.004757291666666667 0.020551851851851852
0 0.28183020833333333 0.029558333333333336 0.013660416666666668 0.02207962962962963
0 0.03903541666666667 0.14674675925925926 0.0103625 0.04164166666666667
0 0.05999401041666667 0.12869907407407408 0.006446354166666667 0.014805555555555556
0 0.09664921875 0.16895879629629632 0.0057984375 0.021250925925925927
0 0.03603489583333333 0.19842500000000002 0.008528125 0.026479629629629627
0 0.03862161458333333 0.23807268518518518 0.006409895833333333 0.011330555555555556
0 0.011484375 0.25500833333333334 0.004218749999999999 0.011868518518518518
0 0.03766822916666667 0.2842458333333333 0.014919791666666666 0.04441759259259259
0 0.0280390625 0.3801967592592593 0.013369791666666667 0.028912037037037038
0 0.3075028645833333 0.23502037037037038 0.0233390625 0.044114814814814815
1 0.9613182291666666 0.6610837962962963 0.05284479166666667 0.29994537037037033
1 0.47265 0.4633736111111111 0.9453 0.9267472222222222
0 0.21327864583333334 0.5566712962962963 0.020307291666666668 0.039268518518518515
0 0.08469348958333334 0.5764217592592592 0.007928645833333334 0.021362037037037037
0 0.10100598958333333 0.5772472222222222 0.023886979166666666 0.03412407407407407
0 0.07876953125000001 0.6228152777777778 0.013789062500000001 0.038223148148148145
0 0.11000598958333334 0.6181555555555555 0.014803645833333332 0.03260740740740741
0 0.1412046875 0.7110643518518518 0.017826041666666667 0.031387962962962965
0 0.24125755208333333 0.6938601851851852 0.017931770833333336 0.03031296296296296
0 0.22999244791666668 0.825537962962963 0.0141515625 0.021446296296296297
0 0.2894 0.6163101851851852 0.0413 0.10669444444444445
0 0.2813291666666667 0.6203342592592592 0.013699999999999999 0.02215
0 0.2930395833333333 0.6274805555555555 0.011079166666666666 0.04570185185185185
0 0.33126067708333334 0.6925199074074074 0.025021354166666666 0.044299074074074074
0 0.276765625 0.6604083333333334 0.010822916666666666 0.020816666666666667
0 0.31150364583333334 0.7083027777777777 0.015715625 0.04438333333333333
0 0.32624062499999995 0.5422986111111111 0.010814583333333332 0.02163425925925926
0 0.36046614583333336 0.5559624999999999 0.018848958333333332 0.03785092592592593
0 0.43022916666666666 0.7464189814814816 0.0115 0.028023148148148148
0 0.5147239583333333 0.8039643518518519 0.008614583333333333 0.026447222222222223
0 0.58438671875 0.8320236111111111 0.012523437500000002 0.02515833333333333
0 0.60594375 0.8689180555555556 0.0118875 0.03783611111111111
0 0.6625755208333334 0.8929476851851852 0.029317708333333335 0.037747222222222224
0 0.5734010416666667 0.6810314814814815 0.01971875 0.026877777777777778
0 0.5800296875 0.7301736111111111 0.004851041666666667 0.008495370370370372
0 0.6196643229166666 0.7338967592592593 0.010161979166666666 0.017793518518518518
0 0.6669856770833333 0.7424078703703704 0.0204296875 0.03296388888888889
0 0.6972153645833333 0.7322078703703704 0.006930729166666667 0.01256388888888889
0 0.48885260416666665 0.6355310185185186 0.012080208333333333 0.034025
0 0.5214919270833334 0.6452037037037037 0.028400520833333335 0.06448148148148149
0 0.5123953125 0.5453282407407408 0.019582291666666665 0.02028611111111111
0 0.5421507812499999 0.5331337962962963 0.03325989583333334 0.05330462962962963
0 0.56233125 0.4860342592592593 0.022579166666666664 0.03503148148148148
0 0.5668747395833333 0.5266416666666667 0.009791145833333332 0.016246296296296297
0 0.59983046875 0.5964652777777778 0.0121609375 0.017004629629629626
0 0.7107822916666666 0.6046263888888889 0.01010625 0.024067592592592592
0 0.7112552083333333 0.3966375 0.00896875 0.02475648148148148
0 0.4858994791666667 0.38869398148148143 0.021798958333333333 0.03664722222222222
0 0.49066458333333335 0.4587569444444444 0.012579166666666667 0.021217592592592593
0 0.4580239583333333 0.24379953703703702 0.013964583333333334 0.04871018518518518
0 0.49783046875000003 0.17152546296296298 0.017535937499999998 0.02823611111111111
0 0.4978450520833333 0.20441666666666666 0.018606770833333335 0.04031481481481482
0 0.44916119791666664 0.13012083333333332 0.01915572916666667 0.03246388888888889
0 0.3537385416666667 0.10911342592592593 0.015810416666666667 0.031189814814814816
0 0.38293203125 0.1736199074074074 0.013780729166666667 0.02316574074074074
0 0.51881875 0.04060601851851852 0.024095833333333334 0.018249074074074074
0 0.5701 0.04851805555555556 0.006866666666666666 0.01740648148148148
0 0.5138263020833334 0.15830787037037036 0.009944270833333333 0.018467592592592594
0 0.5316992187499999 0.1801074074074074 0.007148437499999999 0.010214814814814815
0 0.76830234375 0.18714305555555555 0.015771354166666664 0.029841666666666666
0 0.6805908854166667 0.21973194444444444 0.004931770833333333 0.020945370370370368
0 0.06261302083333334 0.06322314814814815 0.011684375 0.04126111111111111
0 0.08422239583333332 0.04900185185185185 0.006986458333333333 0.01467037037037037
0 0.1177015625 0.09566527777777778 0.0062364583333333334 0.020960185185185186
0 0.05608723958333333 0.1135125 0.009049479166666667 0.02517314814814815
0 0.05654583333333333 0.153174537037037 0.006841666666666666 0.01190462962962963
0 0.028734375 0.16582314814814814 0.0043437499999999995 0.011275925925925927
0 0.053221875 0.1991726851851852 0.01581875 0.04464166666666667
0 0.037393749999999996 0.2924412037037037 0.013329166666666666 0.02932685185185185
0 0.323675 0.20053287037037038 0.02443333333333333 0.041806481481481486
1 0.96796875 0.45185185185185184 0.0390625 0.30185185185185187
1 0.4744791666666667 0.537962962962963 0.9489583333333333 0.9222222222222223
0 0.21979166666666666 0.3726851851851852 0.019791666666666666 0.03796296296296296
0 0.09479166666666666 0.32222222222222224 0.007291666666666667 0.022222222222222223
0 0.1109375 0.324537037037037 0.025 0.030555555555555555
0 0.0921875 0.27314814814814814 0.014583333333333334 0.03888888888888889
0 0.12265625 0.2865740740740741 0.015104166666666667 0.032407407407407406
0 0.16145833333333334 0.20092592592592592 0.017708333333333333 0.02962962962962963
0 0.25885416666666666 0.24444444444444444 0.019791666666666666 0.025925925925925925
0 0.25833333333333336 0.11018518518518519 0.014583333333333334 0.020370370370370372
0 0.30234375 0.33194444444444443 0.04010416666666667 0.11203703703703703
0 0.29322916666666665 0.32731481481481484 0.013541666666666667 0.023148148148148147
0 0.30494791666666665 0.3226851851851852 0.008854166666666666 0.04537037037037037
0 0.34765625 0.2675925925925926 0.0234375 0.046296296296296294
0 0.29140625 0.2851851851851852 0.0109375 0.020370370370370372
0 0.3299479166666667 0.24675925925925926 0.0171875 0.04351851851851852
0 0.33151041666666664 0.4152777777777778 0.009895833333333333 0.023148148148148147
0 0.36640625 0.4097222222222222 0.018229166666666668 0.03796296296296296
0 0.45078125 0.23842592592592593 0.011979166666666667 0.028703703703703703
0 0.5388020833333333 0.20277777777777778 0.008854166666666666 0.025925925925925925
0 0.609375 0.1925925925925926 0.0125 0.025925925925925925
0 0.6333333333333333 0.16018518518518518 0.013541666666666667 0.037037037037037035
0 0.69140625 0.15138888888888888 0.0296875 0.032407407407407406
0 0.5861979166666667 0.3398148148148148 0.018229166666666668 0.02962962962962963
0 0.59765625 0.2916666666666667 0.0046875 0.009259259259259259
0 0.63671875 0.29814814814814816 0.009895833333333333 0.016666666666666666
0 0.684375 0.3013888888888889 0.021875 0.030555555555555555
0 0.7135416666666666 0.3199074074074074 0.007291666666666667 0.012037037037037037
0 0.5 0.3625 0.013541666666666667 0.032407407407407406
0 0.53359375 0.362962962962963 0.030729166666666665 0.05925925925925926
0 0.5153645833333333 0.45787037037037037 0.019270833333333334 0.023148148148148147
0 0.54375 0.4777777777777778 0.035416666666666666 0.046296296296296294
0 0.5606770833333333 0.5296296296296297 0.0203125 0.03888888888888889
0 0.56875 0.49074074074074076 0.009375 0.016666666666666666
0 0.60625 0.42916666666666664 0.0125 0.01574074074074074
0 0.7169270833333333 0.44814814814814813 0.0109375 0.022222222222222223
0 0.7013020833333333 0.6541666666666667 0.0078125 0.025
0 0.47734375 0.6064814814814815 0.021354166666666667 0.03518518518518519
0 0.48776041666666664 0.537962962962963 0.011979166666666667 0.022222222222222223
0 0.4388020833333333 0.7430555555555556 0.011979166666666667 0.049074074074074076
0 0.4713541666666667 0.825 0.017708333333333333 0.027777777777777776
0 0.4744791666666667 0.7921296296296296 0.016666666666666666 0.041666666666666664
0 0.4205729166666667 0.8537037037037037 0.019270833333333334 0.03148148148148148
0 0.32473958333333336 0.850462962962963 0.0140625 0.032407407407407406
0 0.35859375 0.7944444444444444 0.0140625 0.022222222222222223
0 0.4830729166666667 0.9601851851851851 0.024479166666666666 0.016666666666666666
0 0.5341145833333333 0.9648148148148148 0.0078125 0.016666666666666666
0 0.48671875 0.8416666666666667 0.009895833333333333 0.018518518518518517
0 0.5067708333333333 0.8245370370370371 0.007291666666666667 0.010185185185185186
0 0.74140625 0.8763888888888889 0.016145833333333335 0.028703703703703703
0 0.6565104166666667 0.8222222222222222 0.0046875 0.020370370370370372
0 0.27291666666666664 0.9564814814814815 0.013541666666666667 0.022222222222222223
0 0.032552083333333336 0.8245370370370371 0.009895833333333333 0.041666666666666664
0 0.053125 0.8435185185185186 0.00625 0.014814814814814815
0 0.09036458333333333 0.8060185185185185 0.005729166666666666 0.021296296296296296
0 0.030208333333333334 0.7726851851851851 0.008333333333333333 0.026851851851851852
0 0.033854166666666664 0.7333333333333333 0.00625 0.011111111111111112
0 0.007291666666666667 0.7143518518518519 0.004166666666666667 0.012037037037037037
0 0.033854166666666664 0.687037037037037 0.014583333333333334 0.044444444444444446
0 0.026041666666666668 0.5902777777777778 0.013541666666666667 0.028703703703703703
0 0.3065104166666667 0.9921296296296296 0.0109375 0.013888888888888888
0 0.3026041666666667 0.7532407407407408 0.022916666666666665 0.04537037037037037
