1 0.5 0.5 1.0 1.0
0 0.21290208333333333 0.8774217592592592 0.0153875 0.021510185185185188
0 0.15610234375 0.4329763888888889 0.011163020833333334 0.021508333333333334
0 0.23748411458333332 0.2718583333333333 0.019759895833333332 0.04371666666666667
0 0.49292083333333336 0.4139393518518519 0.013966666666666665 0.04639722222222222
0 0.46558671875 0.19034861111111112 0.0186734375 0.047363888888888886
0 0.6237494791666667 0.29181111111111113 0.017290625 0.041029629629629624
0 0.6008299479166667 0.4524444444444444 0.023534895833333333 0.02525925925925926
0 0.5075549479166667 0.6070842592592592 0.02344322916666667 0.03824259259259259
0 0.44693984375 0.7470462962962963 0.027213020833333334 0.04409259259259259
0 0.344975 0.6971986111111111 0.013908333333333333 0.027730555555555557
0 0.20430755208333334 0.7401722222222222 0.0075734375 0.013677777777777778
0 0.10840364583333333 0.28757777777777777 0.012640624999999999 0.025155555555555556
0 0.27172994791666666 0.07538842592592593 0.026793229166666665 0.03040648148148148
0 0.6470877604166667 0.2967828703703704 0.016050520833333335 0.02504722222222222
0 0.6275111979166667 0.3552648148148148 0.008147395833333333 0.023492592592592593
0 0.9423229166666667 0.44059444444444446 0.022145833333333333 0.03304074074074074
0 0.8553940104166667 0.1423050925925926 0.007663020833333333 0.016091666666666667
0 0.8297671875 0.05864861111111111 0.007451041666666667 0.019149074074074075
0 0.31400572916666664 0.2618402777777778 0.011344791666666666 0.025532407407407406
0 0.23719348958333333 0.18750740740740743 0.009803645833333334 0.034274074074074075
0 0.09204947916666667 0.22889675925925929 0.005973958333333334 0.020756481481481483
0 0.44723802083333336 0.42023796296296295 0.018434375 0.031216666666666667
0 0.3292966145833333 0.5566708333333333 0.016926562500000002 0.031860185185185186
0 0.34924401041666664 0.4906263888888889 0.0245296875 0.018289814814814814
0 0.3755447916666667 0.4613699074074074 0.01671458333333333 0.02644351851851852
0 0.5016927083333333 0.8909657407407408 0.01484375 0.00970925925925926
0 0.5266161458333333 0.9058199074074074 0.020940625 0.043121296296296296
0 0.7754713541666667 0.4081111111111111 0.010317708333333333 0.018074074074074072
1 0.49973958333333335 0.5148148148148148 0.9994791666666667 0.9685185185185186
0 0.18020833333333333 0.2162037037037037 0.015625 0.023148148148148147
0 0.16796875 0.6722222222222223 0.0109375 0.020370370370370372
0 0.2640625 0.8055555555555556 0.016666666666666666 0.046296296296296294
0 0.5015625 0.586574074074074 0.010416666666666666 0.04722222222222222
0 0.49661458333333336 0.8152777777777778 0.015104166666666667 0.049074074074074076
0 0.6424479166666667 0.6666666666666666 0.0203125 0.037037037037037035
0 0.6041666666666666 0.5152777777777777 0.025 0.019444444444444445
0 0.49635416666666665 0.3921296296296296 0.023958333333333335 0.03796296296296296
0 0.42213541666666665 0.27175925925925926 0.025520833333333333 0.04722222222222222
0 0.32838541666666665 0.3537037037037037 0.013020833333333334 0.027777777777777776
0 0.18541666666666667 0.35509259259259257 0.008333333333333333 0.013888888888888888
0 0.13541666666666666 0.8291666666666667 0.0125 0.025
0 0.3171875 0.9879629629629629 0.028125 0.022222222222222223
0 0.66484375 0.6546296296296297 0.015104166666666667 0.024074074074074074
0 0.6401041666666667 0.6027777777777777 0.009375 0.022222222222222223
0 0.9408854166666667 0.4217592592592593 0.022395833333333334 0.032407407407407406
0 0.8848958333333333 0.7425925925925926 0.007291666666666667 0.016666666666666666
0 0.86796875 0.8337962962962963 0.005729166666666666 0.019444444444444445
0 0.33984375 0.7916666666666666 0.011979166666666667 0.025925925925925925
0 0.2713541666666667 0.8893518518518518 0.008333333333333333 0.03425925925925926
0 0.12526041666666668 0.8930555555555556 0.0067708333333333336 0.019444444444444445
0 0.45625 0.5949074074074074 0.017708333333333333 0.030555555555555555
0 0.3263020833333333 0.4976851851851852 0.0171875 0.030555555555555555
0 0.35260416666666666 0.5532407407407407 0.025 0.017592592592592594
0 0.3809895833333333 0.5782407407407407 0.016145833333333335 0.026851851851851852
0 0.46380208333333334 0.11527777777777778 0.0140625 0.010185185185185186
0 0.4861979166666667 0.09259259259259259 0.0234375 0.03888888888888889
0 0.7799479166666666 0.5055555555555555 0.009895833333333333 0.016666666666666666
1 0.5 0.5 1.0 1.0
0 0.205653125 0.14057546296296297 0.015472916666666666 0.021891666666666667
0 0.15812421875 0.5884435185185185 0.011040104166666667 0.021331481481481483
0 0.24240572916666667 0.7443000000000001 0.019186458333333333 0.04415555555555556
0 0.4946643229166667 0.5862078703703704 0.013286979166666666 0.04648981481481482
0 0.47202161458333336 0.810948611111111 0.018001562500000002 0.04782314814814815
0 0.6277200520833334 0.6997 0.01794010416666667 0.04014074074074074
0 0.60204765625 0.5407796296296297 0.023886979166666666 0.02415185185185185
0 0.5054997395833333 0.3921953703703704 0.023499479166666667 0.038094444444444445
0 0.44159479166666665 0.2557481481481481 0.026939583333333333 0.04482962962962963
0 0.34125703124999995 0.31288472222222224 0.0137640625 0.027621296296296297
0 0.19970572916666668 0.2790990740740741 0.007744791666666666 0.013753703703703704
0 0.11303255208333333 0.736574074074074 0.012523437500000002 0.025
0 0.28022994791666667 0.9384921296296297 0.0271265625 0.02883611111111111
0 0.65117890625 0.6938449074074073 0.015899479166666668 0.02472685185185185
0 0.63076953125 0.6366472222222221 0.008414062500000001 0.023294444444444444
0 0.94289609375 0.532237962962963 0.022250520833333332 0.032994444444444444
0 0.862084375 0.834975 0.007502083333333334 0.016246296296296297
0 0.8384572916666666 0.9207388888888889 0.007122916666666667 0.019255555555555554
0 0.31877083333333334 0.7498740740740741 0.0115 0.025674074074074075
0 0.24372395833333332 0.8291212962962963 0.009322916666666665 0.03416851851851852
0 0.09781380208333333 0.7963828703703704 0.006044270833333334 0.02054351851851852
0 0.44927083333333334 0.5831726851851852 0.018333333333333333 0.031160185185185183
0 0.3283018229166667 0.45472685185185185 0.017020312500000002 0.03167592592592593
0 0.3498421875 0.5183564814814815 0.024684374999999998 0.018194444444444444
0 0.37602890625 0.5466287037037038 0.016641145833333332 0.02659074074074074
0 0.49434062500000003 0.10954398148148149 0.014722916666666667 0.009828703703703704
0 0.51850703125 0.09341018518518518 0.0213890625 0.04237592592592592
0 0.7769518229166666 0.5754912037037037 0.010153645833333334 0.017649074074074074
1 0.5 0.5 1.0 1.0
0 0.21290208333333333 0.8774217592592592 0.0153875 0.021510185185185188
0 0.15610234375 0.4329763888888889 0.011163020833333334 0.021508333333333334
0 0.23748411458333332 0.2718583333333333 0.019759895833333332 0.04371666666666667
0 0.49292083333333336 0.4139393518518519 0.013966666666666665 0.04639722222222222
0 0.46558671875 0.19034861111111112 0.0186734375 0.047363888888888886
0 0.6237494791666667 0.29181111111111113 0.017290625 0.041029629629629624
0 0.6008299479166667 0.4524444444444444 0.023534895833333333 0.02525925925925926
0 0.5075549479166667 0.6070842592592592 0.02344322916666667 0.03824259259259259
0 0.44693984375 0.7470462962962963 0.027213020833333334 0.04409259259259259
0 0.344975 0.6971986111111111 0.013908333333333333 0.027730555555555557
0 0.20430755208333334 0.7401722222222222 0.0075734375 0.013677777777777778
0 0.10840364583333333 0.28757777777777777 0.012640624999999999 0.025155555555555556
0 0.27172994791666666 0.07538842592592593 0.026793229166666665 0.03040648148148148
0 0.6470877604166667 0.2967828703703704 0.016050520833333335 0.02504722222222222
0 0.6275111979166667 0.3552648148148148 0.008147395833333333 0.023492592592592593
0 0.9423229166666667 0.44059444444444446 0.022145833333333333 0.03304074074074074
0 0.8553940104166667 0.1423050925925926 0.007663020833333333 0.016091666666666667
0 0.8297671875 0.05864861111111111 0.007451041666666667 0.019149074074074075
0 0.31400572916666664 0.2618402777777778 0.011344791666666666 0.025532407407407406
0 0.23719348958333333 0.18750740740740743 0.009803645833333334 0.034274074074074075
0 0.09204947916666667 0.22889675925925929 0.005973958333333334 0.020756481481481483
0 0.44723802083333336 0.42023796296296295 0.018434375 0.031216666666666667
0 0.3292966145833333 0.5566708333333333 0.016926562500000002 0.031860185185185186
0 0.34924401041666664 0.4906263888888889 0.0245296875 0.018289814814814814
0 0.3755447916666667 0.4613699074074074 0.01671458333333333 0.02644351851851852
0 0.5016927083333333 0.8909657407407408 0.01484375 0.00970925925925926
0 0.5266161458333333 0.9058199074074074 0.020940625 0.043121296296296296
0 0.7754713541666667 0.4081111111111111 0.010317708333333333 0.018074074074074072
1 0.49973958333333335 0.5148148148148148 0.9994791666666667 0.9685185185185186
0 0.18020833333333333 0.2162037037037037 0.015625 0.023148148148148147
0 0.16796875 0.6722222222222223 0.0109375 0.020370370370370372
0 0.2640625 0.8055555555555556 0.016666666666666666 0.046296296296296294
0 0.5015625 0.586574074074074 0.010416666666666666 0.04722222222222222
0 0.49661458333333336 0.8152777777777778 0.015104166666666667 0.049074074074074076
0 0.6424479166666667 0.6666666666666666 0.0203125 0.037037037037037035
0 0.6041666666666666 0.5152777777777777 0.025 0.019444444444444445
0 0.49635416666666665 0.3921296296296296 0.023958333333333335 0.03796296296296296
0 0.42213541666666665 0.27175925925925926 0.025520833333333333 0.04722222222222222
0 0.32838541666666665 0.3537037037037037 0.013020833333333334 0.027777777777777776
0 0.18541666666666667 0.35509259259259257 0.008333333333333333 0.013888888888888888
0 0.13541666666666666 0.8291666666666667 0.0125 0.025
0 0.3171875 0.9879629629629629 0.028125 0.022222222222222223
0 0.66484375 0.6546296296296297 0.015104166666666667 0.024074074074074074
0 0.6401041666666667 0.6027777777777777 0.009375 0.022222222222222223
0 0.9408854166666667 0.4217592592592593 0.022395833333333334 0.032407407407407406
0 0.8848958333333333 0.7425925925925926 0.007291666666666667 0.016666666666666666
0 0.86796875 0.8337962962962963 0.005729166666666666 0.019444444444444445
0 0.33984375 0.7916666666666666 0.011979166666666667 0.025925925925925925
0 0.2713541666666667 0.8893518518518518 0.008333333333333333 0.03425925925925926
0 0.12526041666666668 0.8930555555555556 0.0067708333333333336 0.019444444444444445
0 0.45625 0.5949074074074074 0.017708333333333333 0.030555555555555555
0 0.3263020833333333 0.4976851851851852 0.0171875 0.030555555555555555
0 0.35260416666666666 0.5532407407407407 0.025 0.017592592592592594
0 0.3809895833333333 0.5782407407407407 0.016145833333333335 0.026851851851851852
0 0.46380208333333334 0.11527777777777778 0.0140625 0.010185185185185186
0 0.4861979166666667 0.09259259259259259 0.0234375 0.03888888888888889
0 0.7799479166666666 0.5055555555555555 0.009895833333333333 0.016666666666666666
1 0.5 0.5 1.0 1.0
0 0.205653125 0.14057546296296297 0.015472916666666666 0.021891666666666667
0 0.15812421875 0.5884435185185185 0.011040104166666667 0.021331481481481483
0 0.24240572916666667 0.7443000000000001 0.019186458333333333 0.04415555555555556
0 0.4946643229166667 0.5862078703703704 0.013286979166666666 0.04648981481481482
0 0.47202161458333336 0.810948611111111 0.018001562500000002 0.04782314814814815
0 0.6277200520833334 0.6997 0.01794010416666667 0.04014074074074074
0 0.60204765625 0.5407796296296297 0.023886979166666666 0.02415185185185185
0 0.5054997395833333 0.3921953703703704 0.023499479166666667 0.038094444444444445
0 0.44159479166666665 0.2557481481481481 0.026939583333333333 0.04482962962962963
0 0.34125703124999995 0.31288472222222224 0.0137640625 0.027621296296296297
0 0.19970572916666668 0.2790990740740741 0.007744791666666666 0.013753703703703704
0 0.11303255208333333 0.736574074074074 0.012523437500000002 0.025
0 0.28022994791666667 0.9384921296296297 0.0271265625 0.02883611111111111
0 0.65117890625 0.6938449074074073 0.015899479166666668 0.02472685185185185
0 0.63076953125 0.6366472222222221 0.008414062500000001 0.023294444444444444
0 0.94289609375 0.532237962962963 0.022250520833333332 0.032994444444444444
0 0.862084375 0.834975 0.007502083333333334 0.016246296296296297
0 0.8384572916666666 0.9207388888888889 0.007122916666666667 0.019255555555555554
0 0.31877083333333334 0.7498740740740741 0.0115 0.025674074074074075
0 0.24372395833333332 0.8291212962962963 0.009322916666666665 0.03416851851851852
0 0.09781380208333333 0.7963828703703704 0.006044270833333334 0.02054351851851852
0 0.44927083333333334 0.5831726851851852 0.018333333333333333 0.031160185185185183
0 0.3283018229166667 0.45472685185185185 0.017020312500000002 0.03167592592592593
0 0.3498421875 0.5183564814814815 0.024684374999999998 0.018194444444444444
0 0.37602890625 0.5466287037037038 0.016641145833333332 0.02659074074074074
0 0.49434062500000003 0.10954398148148149 0.014722916666666667 0.009828703703703704
0 0.51850703125 0.09341018518518518 0.0213890625 0.04237592592592592
0 0.7769518229166666 0.5754912037037037 0.010153645833333334 0.017649074074074074
