1 0.49973958333333335 0.5157407407407407 0.9994791666666667 0.9666666666666667
1 0.5268229166666667 0.9472222222222222 0.05260416666666667 0.1037037037037037
0 0.6010416666666667 0.26990740740740743 0.026041666666666668 0.04351851851851852
0 0.54921875 0.42685185185185187 0.030729166666666665 0.06851851851851852
0 0.44947916666666665 0.8490740740740741 0.028125 0.018518518518518517
0 0.47890625 0.8185185185185185 0.0067708333333333336 0.018518518518518517
0 0.47994791666666664 0.7953703703703704 0.016145833333333335 0.025925925925925925
0 0.4921875 0.7532407407407408 0.035416666666666666 0.04351851851851852
0 0.46119791666666665 0.75 0.0109375 0.012962962962962963
0 0.47734375 0.7384259259259259 0.013020833333333334 0.023148148148148147
0 0.6315104166666666 0.5925925925925926 0.009895833333333333 0.018518518518518517
0 0.32838541666666665 0.04583333333333333 0.0109375 0.021296296296296296
0 0.6359375 0.10092592592592593 0.0125 0.027777777777777776
0 0.15026041666666667 0.41712962962962963 0.0067708333333333336 0.012037037037037037
0 0.15703125 0.4203703703703704 0.0036458333333333334 0.003703703703703704
0 0.36640625 0.35185185185185186 0.015104166666666667 0.018518518518518517
0 0.4484375 0.9814814814814815 0.010416666666666666 0.020370370370370372
0 0.46822916666666664 0.9611111111111111 0.021875 0.040740740740740744
0 0.5161458333333333 0.9194444444444444 0.020833333333333332 0.04814814814814815
0 0.15755208333333334 0.8828703703703704 0.011979166666666667 0.019444444444444445
0 0.17682291666666666 0.8467592592592592 0.0171875 0.028703703703703703
0 0.184375 0.9222222222222223 0.019791666666666666 0.03888888888888889
0 0.75859375 0.12314814814814815 0.0140625 0.02962962962962963
0 0.5940104166666667 0.06620370370370371 0.016145833333333335 0.019444444444444445
0 0.04635416666666667 0.32546296296296295 0.011458333333333333 0.019444444444444445
0 0.02734375 0.8662037037037037 0.011979166666666667 0.019444444444444445
0 0.3221354166666667 0.9638888888888889 0.0078125 0.012962962962962963
0 0.35442708333333334 0.9611111111111111 0.008854166666666666 0.025925925925925925
0 0.4625 0.6888888888888889 0.011458333333333333 0.022222222222222223
0 0.5953125 0.9069444444444444 0.010416666666666666 0.021296296296296296
0 0.453125 0.9425925925925925 0.015625 0.018518518518518517
0 0.6002604166666666 0.20324074074074075 0.015104166666666667 0.019444444444444445
0 0.63359375 0.47962962962962963 0.0140625 0.018518518518518517
0 0.44036458333333334 0.625462962962963 0.0067708333333333336 0.013888888888888888
0 0.41067708333333336 0.5763888888888888 0.005729166666666666 0.012037037037037037
0 0.4171875 0.44583333333333336 0.005208333333333333 0.025
0 0.40963541666666664 0.43287037037037035 0.0046875 0.006481481481481481
0 0.34921875 0.4837962962962963 0.008854166666666666 0.013888888888888888
0 0.49635416666666665 0.562962962962963 0.004166666666666667 0.007407407407407408
0 0.3145833333333333 0.9384259259259259 0.007291666666666667 0.021296296296296296
0 0.37864583333333335 0.6805555555555556 0.007291666666666667 0.014814814814814815
0 0.48333333333333334 0.7125 0.005208333333333333 0.01574074074074074
0 0.4518229166666667 0.8018518518518518 0.009895833333333333 0.020370370370370372
0 0.41692708333333334 0.7828703703703703 0.009895833333333333 0.01574074074074074
0 0.4401041666666667 0.7814814814814814 0.00625 0.005555555555555556
0 0.43307291666666664 0.7726851851851851 0.005729166666666666 0.008333333333333333
0 0.3645833333333333 0.9300925925925926 0.010416666666666666 0.019444444444444445
0 0.5619791666666667 0.749537037037037 0.009375 0.019444444444444445
0 0.58671875 0.4305555555555556 0.009895833333333333 0.022222222222222223
0 0.8315104166666667 0.8277777777777777 0.0067708333333333336 0.011111111111111112
0 0.36822916666666666 0.325 0.016666666666666666 0.014814814814814815
0 0.0036458333333333334 0.7847222222222222 0.007291666666666667 0.017592592592592594
0 0.037760416666666664 0.7532407407407408 0.005729166666666666 0.019444444444444445
0 0.08411458333333334 0.9708333333333333 0.0046875 0.013888888888888888
0 0.07005208333333333 0.9199074074074074 0.0046875 0.010185185185185186
0 0.14192708333333334 0.7583333333333333 0.016145833333333335 0.07592592592592592
0 0.13307291666666668 0.8388888888888889 0.008854166666666666 0.03333333333333333
1 0.5 0.4777824074074074 1.0 0.9555648148148148
1 0.45955859374999997 0.054287037037037036 0.05245052083333333 0.10487037037037038
0 0.40574921875 0.7385203703703703 0.0271234375 0.041855555555555556
0 0.4532309895833333 0.5774833333333333 0.02937864583333333 0.06978148148148149
0 0.54034375 0.14704490740740742 0.028604166666666667 0.016312037037037038
0 0.5116731770833334 0.17978657407407408 0.0066796875 0.018832407407407405
0 0.51124140625 0.20339537037037037 0.016232812500000002 0.02530925925925926
0 0.5003846354166667 0.24639537037037035 0.0361859375 0.040938888888888886
0 0.5315166666666666 0.24721342592592593 0.01095 0.012945370370370371
0 0.5155736979166667 0.2604384259259259 0.0134390625 0.022728703703703706
0 0.36593307291666666 0.41950462962962964 0.009991145833333333 0.01863888888888889
0 0.6849716145833333 0.9377277777777777 0.010568229166666667 0.021751851851851852
0 0.37573333333333336 0.9112374999999999 0.011883333333333333 0.028030555555555555
0 0.8514338541666666 0.5497226851851852 0.007034375 0.012408333333333334
0 0.8450632812500001 0.5471712962962964 0.003668229166666667 0.003601851851851852
0 0.6379817708333333 0.635637962962963 0.015546875 0.017572222222222225
0 0.5371901041666667 0.014558333333333335 0.010838541666666666 0.01985740740740741
0 0.5183125 0.036156018518518525 0.021 0.04083055555555556
0 0.47133984375 0.08276203703703704 0.0208046875 0.048857407407407405
0 0.8307059895833333 0.08565925925925925 0.012453645833333334 0.019466666666666667
0 0.8125140625 0.12334907407407408 0.017736458333333333 0.02817962962962963
0 0.8024104166666667 0.04970694444444444 0.020445833333333333 0.038302777777777776
0 0.25301848958333334 0.9005421296296297 0.014370312500000001 0.028862037037037037
0 0.41897213541666667 0.9420194444444444 0.016069270833333333 0.019224074074074074
0 0.95827109375 0.632076388888889 0.011333854166666666 0.019708333333333335
0 0.9613533854166667 0.09019166666666667 0.012290104166666668 0.019272222222222222
0 0.6639057291666667 0.02048240740740741 0.008019791666666666 0.013187037037037037
0 0.6319434895833334 0.02578703703703704 0.008678645833333333 0.02564814814814815
0 0.53180390625 0.3075615740740741 0.011524479166666666 0.022530555555555554
0 0.39261953125000004 0.10251851851851852 0.0102390625 0.021703703703703704
0 0.5339661458333332 0.05373935185185185 0.015848958333333333 0.018589814814814816
0 0.40887265624999997 0.8056851851851852 0.014620312500000001 0.02062962962962963
0 0.36693098958333337 0.5330541666666666 0.0140703125 0.017960185185185183
0 0.5560122395833333 0.3688509259259259 0.006816145833333333 0.013627777777777779
0 0.5871674479166666 0.4152694444444444 0.005584895833333334 0.01202037037037037
0 0.5842895833333334 0.5468634259259259 0.0050375 0.025208333333333336
0 0.5920057291666667 0.5589370370370371 0.0048447916666666665 0.006762962962962963
0 0.6509114583333333 0.5022810185185185 0.009114583333333334 0.013821296296296295
0 0.5020260416666666 0.4369106481481481 0.004052083333333334 0.00715462962962963
0 0.6718700520833334 0.044892592592592595 0.007281770833333334 0.021266666666666666
0 0.6160182291666667 0.308250462962963 0.007036458333333333 0.014649074074074073
0 0.5104130208333334 0.2867087962962963 0.005201041666666667 0.016010185185185186
0 0.53950703125 0.19440648148148149 0.0102640625 0.020294444444444445
0 0.5748963541666666 0.20980833333333332 0.010209375 0.015912962962962962
0 0.5516401041666666 0.21295925925925926 0.006405208333333333 0.005548148148148148
0 0.5587125000000001 0.22163240740740742 0.005966666666666666 0.008079629629629631
0 0.622675 0.05861342592592593 0.010975 0.019078703703703705
0 0.43065468749999997 0.2560777777777778 0.009226041666666665 0.019562962962962963
0 0.4156606770833333 0.5771032407407407 0.009446354166666667 0.022725
0 0.159028125 0.20372037037037036 0.006597916666666666 0.011144444444444445
0 0.6369677083333334 0.6633162037037037 0.01664375 0.015521296296296299
0 0.9871786458333334 0.1696773148148148 0.007690625 0.01713240740740741
0 0.9543278645833334 0.2041050925925926 0.005530729166666666 0.019321296296296298
0 0.9169375 0.04100277777777778 0.004708333333333333 0.009783333333333335
0 0.8498239583333334 0.20903750000000001 0.016314583333333334 0.07548240740740741
0 0.8564333333333334 0.1275851851851852 0.009741666666666668 0.03294814814814815
1 0.5 0.5107342592592592 1.0 0.9788759259259259
1 0.5181617187499999 0.9480689814814814 0.05299010416666667 0.10354537037037037
0 0.6055575520833333 0.2760638888888889 0.0256984375 0.04472037037037037
0 0.5506872395833333 0.43022777777777776 0.0315828125 0.06786296296296296
0 0.44257265625000003 0.8460916666666667 0.027853645833333333 0.01996111111111111
0 0.47280859375 0.817474074074074 0.007075520833333334 0.018281481481481482
0 0.4741776041666667 0.7937046296296296 0.016063541666666667 0.02629814814814815
0 0.4872166666666667 0.752361111111111 0.034850000000000006 0.04546296296296296
0 0.4565434895833333 0.7472180555555555 0.011003645833333332 0.01295462962962963
0 0.47261588541666666 0.7366962962962963 0.012940104166666666 0.023392592592592593
0 0.6293877604166667 0.6008717592592593 0.0098171875 0.018410185185185186
0 0.33735442708333335 0.03548009259259259 0.0111671875 0.020960185185185186
0 0.6434252604166667 0.11007962962962962 0.012892187500000001 0.027566666666666666
0 0.15225078125 0.39570046296296296 0.006584895833333334 0.011771296296296295
0 0.15858359375 0.3991050925925926 0.0036255208333333335 0.003765740740740741
0 0.36937213541666664 0.34381990740740737 0.0147859375 0.019121296296296296
0 0.43891380208333336 0.9779333333333332 0.010119270833333333 0.02068148148148148
0 0.4591291666666667 0.9591981481481481 0.022424999999999997 0.04061851851851852
0 0.50780625 0.920323611111111 0.020820833333333334 0.04805462962962963
0 0.15009322916666665 0.8618912037037036 0.011644791666666666 0.020078703703703703
0 0.17037682291666664 0.8267194444444445 0.0167953125 0.029364814814814812
0 0.17632916666666668 0.9029435185185185 0.019325 0.03922037037037037
0 0.7657721354166667 0.13912222222222223 0.013835937500000001 0.030096296296296295
0 0.6024388020833332 0.0721087962962963 0.016335937499999998 0.02014351851851852
0 0.0501328125 0.29758240740740743 0.011723958333333334 0.01923888888888889
0 0.020460156250000004 0.8366166666666667 0.011753645833333333 0.01952962962962963
0 0.31320625 0.9526930555555556 0.0076625 0.012793518518518518
0 0.34562473958333334 0.951924537037037 0.0089578125 0.026071296296296297
0 0.45882343750000004 0.6859912037037037 0.011396875 0.021982407407407405
0 0.58703046875 0.9123481481481481 0.010519270833333334 0.020992592592592594
0 0.4447052083333333 0.9397768518518518 0.015452083333333333 0.01844259259259259
0 0.6061395833333333 0.20971620370370372 0.015404166666666667 0.019432407407407405
0 0.6341013020833334 0.4881351851851852 0.014035937500000002 0.018862962962962963
0 0.4382609375 0.6218356481481482 0.006730208333333334 0.014041666666666666
0 0.4091583333333333 0.5709263888888889 0.005816666666666666 0.012223148148148148
0 0.41842760416666663 0.44111527777777776 0.005605208333333334 0.02482314814814815
0 0.41114192708333336 0.4273453703703704 0.004575520833333333 0.006542592592592592
0 0.34964609375 0.4745490740740741 0.0086671875 0.013912962962962962
0 0.49534765625 0.5630416666666667 0.004236979166666667 0.007564814814814815
0 0.30579062500000004 0.9263824074074074 0.007414583333333334 0.021283333333333335
0 0.37507968750000004 0.6731921296296296 0.007451041666666667 0.014902777777777777
0 0.47929244791666664 0.7114722222222222 0.005459895833333334 0.015537037037037038
0 0.4459635416666667 0.7981578703703703 0.009635416666666667 0.020389814814814815
0 0.41121302083333333 0.7774231481481481 0.009926041666666666 0.01595740740740741
0 0.43483932291666666 0.7779699074074073 0.0061369791666666665 0.0059398148148148144
0 0.42784453125 0.7682305555555555 0.0056890625 0.008683333333333333
0 0.35605598958333334 0.921150462962963 0.010028645833333332 0.020078703703703703
0 0.5568135416666667 0.7531865740740741 0.009460416666666667 0.01933611111111111
0 0.5879028645833333 0.4359263888888889 0.010180729166666668 0.021852777777777777
0 0.8247919270833334 0.8482740740740741 0.006875520833333333 0.011362962962962964
0 0.3719518229166667 0.3173458333333333 0.0168203125 0.014321296296296297
0 0.03313489583333333 0.7245634259259259 0.005853125 0.01949722222222222
0 0.07533177083333334 0.9449518518518518 0.004830208333333333 0.013977777777777778
0 0.062320052083333334 0.8931814814814815 0.0048484374999999994 0.010437037037037038
0 0.13681380208333332 0.7362009259259259 0.016335937499999998 0.07610555555555555
0 0.12659296875 0.815924537037037 0.008394270833333333 0.033700925925925926
1 0.49973958333333335 0.5157407407407407 0.9994791666666667 0.9666666666666667
1 0.5268229166666667 0.9472222222222222 0.05260416666666667 0.1037037037037037
0 0.6010416666666667 0.26990740740740743 0.026041666666666668 0.04351851851851852
0 0.54921875 0.42685185185185187 0.030729166666666665 0.06851851851851852
0 0.44947916666666665 0.8490740740740741 0.028125 0.018518518518518517
0 0.47890625 0.8185185185185185 0.0067708333333333336 0.018518518518518517
0 0.47994791666666664 0.7953703703703704 0.016145833333333335 0.025925925925925925
0 0.4921875 0.7532407407407408 0.035416666666666666 0.04351851851851852
0 0.46119791666666665 0.75 0.0109375 0.012962962962962963
0 0.47734375 0.7384259259259259 0.013020833333333334 0.023148148148148147
0 0.6315104166666666 0.5925925925925926 0.009895833333333333 0.018518518518518517
0 0.32838541666666665 0.04583333333333333 0.0109375 0.021296296296296296
0 0.6359375 0.10092592592592593 0.0125 0.027777777777777776
0 0.15026041666666667 0.41712962962962963 0.0067708333333333336 0.012037037037037037
0 0.15703125 0.4203703703703704 0.0036458333333333334 0.003703703703703704
0 0.36640625 0.35185185185185186 0.015104166666666667 0.018518518518518517
0 0.4484375 0.9814814814814815 0.010416666666666666 0.020370370370370372
0 0.46822916666666664 0.9611111111111111 0.021875 0.040740740740740744
0 0.5161458333333333 0.9194444444444444 0.020833333333333332 0.04814814814814815
0 0.15755208333333334 0.8828703703703704 0.011979166666666667 0.019444444444444445
0 0.17682291666666666 0.8467592592592592 0.0171875 0.028703703703703703
0 0.184375 0.9222222222222223 0.019791666666666666 0.03888888888888889
0 0.75859375 0.12314814814814815 0.0140625 0.02962962962962963
0 0.5940104166666667 0.06620370370370371 0.016145833333333335 0.019444444444444445
0 0.04635416666666667 0.32546296296296295 0.011458333333333333 0.019444444444444445
0 0.02734375 0.8662037037037037 0.011979166666666667 0.019444444444444445
0 0.3221354166666667 0.9638888888888889 0.0078125 0.012962962962962963
0 0.35442708333333334 0.9611111111111111 0.008854166666666666 0.025925925925925925
0 0.4625 0.6888888888888889 0.011458333333333333 0.022222222222222223
0 0.5953125 0.9069444444444444 0.010416666666666666 0.021296296296296296
0 0.453125 0.9425925925925925 0.015625 0.018518518518518517
0 0.6002604166666666 0.20324074074074075 0.015104166666666667 0.019444444444444445
0 0.63359375 0.47962962962962963 0.0140625 0.018518518518518517
0 0.44036458333333334 0.625462962962963 0.0067708333333333336 0.013888888888888888
0 0.41067708333333336 0.5763888888888888 0.005729166666666666 0.012037037037037037
0 0.4171875 0.44583333333333336 0.005208333333333333 0.025
0 0.40963541666666664 0.43287037037037035 0.0046875 0.006481481481481481
0 0.34921875 0.4837962962962963 0.008854166666666666 0.013888888888888888
0 0.49635416666666665 0.562962962962963 0.004166666666666667 0.007407407407407408
0 0.3145833333333333 0.9384259259259259 0.007291666666666667 0.021296296296296296
0 0.37864583333333335 0.6805555555555556 0.007291666666666667 0.014814814814814815
0 0.48333333333333334 0.7125 0.005208333333333333 0.01574074074074074
0 0.4518229166666667 0.8018518518518518 0.009895833333333333 0.020370370370370372
0 0.41692708333333334 0.7828703703703703 0.009895833333333333 0.01574074074074074
0 0.4401041666666667 0.7814814814814814 0.00625 0.005555555555555556
0 0.43307291666666664 0.7726851851851851 0.005729166666666666 0.008333333333333333
0 0.3645833333333333 0.9300925925925926 0.010416666666666666 0.019444444444444445
0 0.5619791666666667 0.749537037037037 0.009375 0.019444444444444445
0 0.58671875 0.4305555555555556 0.009895833333333333 0.022222222222222223
0 0.8315104166666667 0.8277777777777777 0.0067708333333333336 0.011111111111111112
0 0.36822916666666666 0.325 0.016666666666666666 0.014814814814814815
0 0.0036458333333333334 0.7847222222222222 0.007291666666666667 0.017592592592592594
0 0.037760416666666664 0.7532407407407408 0.005729166666666666 0.019444444444444445
0 0.08411458333333334 0.9708333333333333 0.0046875 0.013888888888888888
0 0.07005208333333333 0.9199074074074074 0.0046875 0.010185185185185186
0 0.14192708333333334 0.7583333333333333 0.016145833333333335 0.07592592592592592
0 0.13307291666666668 0.8388888888888889 0.008854166666666666 0.03333333333333333
1 0.5 0.4777824074074074 1.0 0.9555648148148148
1 0.45955859374999997 0.054287037037037036 0.05245052083333333 0.10487037037037038
0 0.40574921875 0.7385203703703703 0.0271234375 0.041855555555555556
0 0.4532309895833333 0.5774833333333333 0.02937864583333333 0.06978148148148149
0 0.54034375 0.14704490740740742 0.028604166666666667 0.016312037037037038
0 0.5116731770833334 0.17978657407407408 0.0066796875 0.018832407407407405
0 0.51124140625 0.20339537037037037 0.016232812500000002 0.02530925925925926
0 0.5003846354166667 0.24639537037037035 0.0361859375 0.040938888888888886
0 0.5315166666666666 0.24721342592592593 0.01095 0.012945370370370371
0 0.5155736979166667 0.2604384259259259 0.0134390625 0.022728703703703706
0 0.36593307291666666 0.41950462962962964 0.009991145833333333 0.01863888888888889
0 0.6849716145833333 0.9377277777777777 0.010568229166666667 0.021751851851851852
0 0.37573333333333336 0.9112374999999999 0.011883333333333333 0.028030555555555555
0 0.8514338541666666 0.5497226851851852 0.007034375 0.012408333333333334
0 0.8450632812500001 0.5471712962962964 0.003668229166666667 0.003601851851851852
0 0.6379817708333333 0.635637962962963 0.015546875 0.017572222222222225
0 0.5371901041666667 0.014558333333333335 0.010838541666666666 0.01985740740740741
0 0.5183125 0.036156018518518525 0.021 0.04083055555555556
0 0.47133984375 0.08276203703703704 0.0208046875 0.048857407407407405
0 0.8307059895833333 0.08565925925925925 0.012453645833333334 0.019466666666666667
0 0.8125140625 0.12334907407407408 0.017736458333333333 0.02817962962962963
0 0.8024104166666667 0.04970694444444444 0.020445833333333333 0.038302777777777776
0 0.25301848958333334 0.9005421296296297 0.014370312500000001 0.028862037037037037
0 0.41897213541666667 0.9420194444444444 0.016069270833333333 0.019224074074074074
0 0.95827109375 0.632076388888889 0.011333854166666666 0.019708333333333335
0 0.9613533854166667 0.09019166666666667 0.012290104166666668 0.019272222222222222
0 0.6639057291666667 0.02048240740740741 0.008019791666666666 0.013187037037037037
0 0.6319434895833334 0.02578703703703704 0.008678645833333333 0.02564814814814815
0 0.53180390625 0.3075615740740741 0.011524479166666666 0.022530555555555554
0 0.39261953125000004 0.10251851851851852 0.0102390625 0.021703703703703704
0 0.5339661458333332 0.05373935185185185 0.015848958333333333 0.018589814814814816
0 0.40887265624999997 0.8056851851851852 0.014620312500000001 0.02062962962962963
0 0.36693098958333337 0.5330541666666666 0.0140703125 0.017960185185185183
0 0.5560122395833333 0.3688509259259259 0.006816145833333333 0.013627777777777779
0 0.5871674479166666 0.4152694444444444 0.005584895833333334 0.01202037037037037
0 0.5842895833333334 0.5468634259259259 0.0050375 0.025208333333333336
0 0.5920057291666667 0.5589370370370371 0.0048447916666666665 0.006762962962962963
0 0.6509114583333333 0.5022810185185185 0.009114583333333334 0.013821296296296295
0 0.5020260416666666 0.4369106481481481 0.004052083333333334 0.00715462962962963
0 0.6718700520833334 0.044892592592592595 0.007281770833333334 0.021266666666666666
0 0.6160182291666667 0.308250462962963 0.007036458333333333 0.014649074074074073
0 0.5104130208333334 0.2867087962962963 0.005201041666666667 0.016010185185185186
0 0.53950703125 0.19440648148148149 0.0102640625 0.020294444444444445
0 0.5748963541666666 0.20980833333333332 0.010209375 0.015912962962962962
0 0.5516401041666666 0.21295925925925926 0.006405208333333333 0.005548148148148148
0 0.5587125000000001 0.22163240740740742 0.005966666666666666 0.008079629629629631
0 0.622675 0.05861342592592593 0.010975 0.019078703703703705
0 0.43065468749999997 0.2560777777777778 0.009226041666666665 0.019562962962962963
0 0.4156606770833333 0.5771032407407407 0.009446354166666667 0.022725
0 0.159028125 0.20372037037037036 0.006597916666666666 0.011144444444444445
0 0.6369677083333334 0.6633162037037037 0.01664375 0.015521296296296299
0 0.9871786458333334 0.1696773148148148 0.007690625 0.01713240740740741
0 0.9543278645833334 0.2041050925925926 0.005530729166666666 0.019321296296296298
0 0.9169375 0.04100277777777778 0.004708333333333333 0.009783333333333335
0 0.8498239583333334 0.20903750000000001 0.016314583333333334 0.07548240740740741
0 0.8564333333333334 0.1275851851851852 0.009741666666666668 0.03294814814814815
1 0.5 0.5107342592592592 1.0 0.9788759259259259
1 0.5181617187499999 0.9480689814814814 0.05299010416666667 0.10354537037037037
0 0.6055575520833333 0.2760638888888889 0.0256984375 0.04472037037037037
0 0.5506872395833333 0.43022777777777776 0.0315828125 0.06786296296296296
0 0.44257265625000003 0.8460916666666667 0.027853645833333333 0.01996111111111111
0 0.47280859375 0.817474074074074 0.007075520833333334 0.018281481481481482
0 0.4741776041666667 0.7937046296296296 0.016063541666666667 0.02629814814814815
0 0.4872166666666667 0.752361111111111 0.034850000000000006 0.04546296296296296
0 0.4565434895833333 0.7472180555555555 0.011003645833333332 0.01295462962962963
0 0.47261588541666666 0.7366962962962963 0.012940104166666666 0.023392592592592593
0 0.6293877604166667 0.6008717592592593 0.0098171875 0.018410185185185186
0 0.33735442708333335 0.03548009259259259 0.0111671875 0.020960185185185186
0 0.6434252604166667 0.11007962962962962 0.012892187500000001 0.027566666666666666
0 0.15225078125 0.39570046296296296 0.006584895833333334 0.011771296296296295
0 0.15858359375 0.3991050925925926 0.0036255208333333335 0.003765740740740741
0 0.36937213541666664 0.34381990740740737 0.0147859375 0.019121296296296296
0 0.43891380208333336 0.9779333333333332 0.010119270833333333 0.02068148148148148
0 0.4591291666666667 0.9591981481481481 0.022424999999999997 0.04061851851851852
0 0.50780625 0.920323611111111 0.020820833333333334 0.04805462962962963
0 0.15009322916666665 0.8618912037037036 0.011644791666666666 0.020078703703703703
0 0.17037682291666664 0.8267194444444445 0.0167953125 0.029364814814814812
0 0.17632916666666668 0.9029435185185185 0.019325 0.03922037037037037
0 0.7657721354166667 0.13912222222222223 0.013835937500000001 0.030096296296296295
0 0.6024388020833332 0.0721087962962963 0.016335937499999998 0.02014351851851852
0 0.0501328125 0.29758240740740743 0.011723958333333334 0.01923888888888889
0 0.020460156250000004 0.8366166666666667 0.011753645833333333 0.01952962962962963
0 0.31320625 0.9526930555555556 0.0076625 0.012793518518518518
0 0.34562473958333334 0.951924537037037 0.0089578125 0.026071296296296297
0 0.45882343750000004 0.6859912037037037 0.011396875 0.021982407407407405
0 0.58703046875 0.9123481481481481 0.010519270833333334 0.020992592592592594
0 0.4447052083333333 0.9397768518518518 0.015452083333333333 0.01844259259259259
0 0.6061395833333333 0.20971620370370372 0.015404166666666667 0.019432407407407405
0 0.6341013020833334 0.4881351851851852 0.014035937500000002 0.018862962962962963
0 0.4382609375 0.6218356481481482 0.006730208333333334 0.014041666666666666
0 0.4091583333333333 0.5709263888888889 0.005816666666666666 0.012223148148148148
0 0.41842760416666663 0.44111527777777776 0.005605208333333334 0.02482314814814815
0 0.41114192708333336 0.4273453703703704 0.004575520833333333 0.006542592592592592
0 0.34964609375 0.4745490740740741 0.0086671875 0.013912962962962962
0 0.49534765625 0.5630416666666667 0.004236979166666667 0.007564814814814815
0 0.30579062500000004 0.9263824074074074 0.007414583333333334 0.021283333333333335
0 0.37507968750000004 0.6731921296296296 0.007451041666666667 0.014902777777777777
0 0.47929244791666664 0.7114722222222222 0.005459895833333334 0.015537037037037038
0 0.4459635416666667 0.7981578703703703 0.009635416666666667 0.020389814814814815
0 0.41121302083333333 0.7774231481481481 0.009926041666666666 0.01595740740740741
0 0.43483932291666666 0.7779699074074073 0.0061369791666666665 0.0059398148148148144
0 0.42784453125 0.7682305555555555 0.0056890625 0.008683333333333333
0 0.35605598958333334 0.921150462962963 0.010028645833333332 0.020078703703703703
0 0.5568135416666667 0.7531865740740741 0.009460416666666667 0.01933611111111111
0 0.5879028645833333 0.4359263888888889 0.010180729166666668 0.021852777777777777
0 0.8247919270833334 0.8482740740740741 0.006875520833333333 0.011362962962962964
0 0.3719518229166667 0.3173458333333333 0.0168203125 0.014321296296296297
0 0.03313489583333333 0.7245634259259259 0.005853125 0.01949722222222222
0 0.07533177083333334 0.9449518518518518 0.004830208333333333 0.013977777777777778
0 0.062320052083333334 0.8931814814814815 0.0048484374999999994 0.010437037037037038
0 0.13681380208333332 0.7362009259259259 0.016335937499999998 0.07610555555555555
0 0.12659296875 0.815924537037037 0.008394270833333333 0.033700925925925926
