1 0.5208333333333334 0.5805555555555556 0.9572916666666667 0.837037037037037
0 0.5171875 0.23935185185185184 0.016666666666666666 0.03981481481481482
0 0.6901041666666666 0.7550925925925925 0.021875 0.028703703703703703
0 0.7388020833333333 0.7680555555555556 0.0078125 0.021296296296296296
0 0.6229166666666667 0.6620370370370371 0.007291666666666667 0.016666666666666666
0 0.7924479166666667 0.9703703703703703 0.0046875 0.009259259259259259
0 0.45651041666666664 0.8703703703703703 0.0140625 0.022222222222222223
0 0.9606770833333333 0.3416666666666667 0.008854166666666666 0.024074074074074074
0 0.4005208333333333 0.3398148148148148 0.00625 0.011111111111111112
0 0.9411458333333333 0.9773148148148149 0.009375 0.023148148148148147
0 0.878125 0.6791666666666667 0.020833333333333332 0.06018518518518518
0 0.6200520833333333 0.9907407407407407 0.008854166666666666 0.016666666666666666
0 0.6143229166666667 0.9550925925925926 0.008854166666666666 0.013888888888888888
0 0.6286458333333333 0.9625 0.004166666666666667 0.012037037037037037
1 0.4774643229166667 0.416775 0.9549286458333334 0.83355
0 0.49563307291666664 0.7618592592592592 0.016266145833333336 0.038533333333333336
0 0.29785234374999997 0.27516851851851853 0.021746354166666666 0.029966666666666666
0 0.24902239583333333 0.26982638888888894 0.0074197916666666665 0.02113425925925926
0 0.3695973958333333 0.3574162037037037 0.007944791666666666 0.016684259259259256
0 0.18582708333333334 0.07711666666666667 0.004987500000000001 0.009788888888888889
0 0.525165625 0.12427407407407408 0.013872916666666667 0.02262222222222222
0 0.04917916666666667 0.7294856481481482 0.008775 0.023786111111111112
0 0.6068723958333333 0.6443425925925926 0.0064531250000000005 0.010907407407407407
0 0.036792708333333334 0.0932537037037037 0.009002083333333332 0.023544444444444444
0 0.11382109374999999 0.3800972222222222 0.022433854166666666 0.05834259259259259
0 0.3567419270833333 0.029357870370370368 0.008275520833333333 0.017975
0 0.3640565104166667 0.06448703703703704 0.008321354166666666 0.014159259259259259
0 0.3493122395833333 0.0594574074074074 0.0038328125 0.011507407407407409
1 0.5164635416666666 0.5573444444444444 0.9673020833333333 0.8850592592592593
0 0.534784375 0.24462314814814815 0.017485416666666666 0.04109814814814815
0 0.6707835937500001 0.7942763888888889 0.021775520833333332 0.027441666666666666
0 0.7187143229166666 0.8180324074074075 0.008261979166666666 0.021249999999999998
0 0.6105250000000001 0.6878444444444444 0.006466666666666667 0.01642962962962963
0 0.4310322916666667 0.8585888888888888 0.014147916666666668 0.022733333333333335
0 0.9685109375 0.44267222222222224 0.008896875 0.024233333333333332
0 0.41257187500000003 0.31951574074074074 0.00639375 0.011253703703703703
0 0.8633549479166667 0.7597486111111111 0.020459895833333335 0.06208981481481482
0 0.5823473958333333 0.976111574074074 0.009486458333333333 0.01333425925925926
0 0.5960398437500001 0.9868675925925926 0.0045796874999999996 0.012624074074074074
1 0.5208333333333334 0.5805555555555556 0.9572916666666667 0.837037037037037
0 0.5171875 0.23935185185185184 0.016666666666666666 0.03981481481481482
0 0.6901041666666666 0.7550925925925925 0.021875 0.028703703703703703
0 0.7388020833333333 0.7680555555555556 0.0078125 0.021296296296296296
0 0.6229166666666667 0.6620370370370371 0.007291666666666667 0.016666666666666666
0 0.7924479166666667 0.9703703703703703 0.0046875 0.009259259259259259
0 0.45651041666666664 0.8703703703703703 0.0140625 0.022222222222222223
0 0.9606770833333333 0.3416666666666667 0.008854166666666666 0.024074074074074074
0 0.4005208333333333 0.3398148148148148 0.00625 0.011111111111111112
0 0.9411458333333333 0.9773148148148149 0.009375 0.023148148148148147
0 0.878125 0.6791666666666667 0.020833333333333332 0.06018518518518518
0 0.6200520833333333 0.9907407407407407 0.008854166666666666 0.016666666666666666
0 0.6143229166666667 0.9550925925925926 0.008854166666666666 0.013888888888888888
0 0.6286458333333333 0.9625 0.004166666666666667 0.012037037037037037
1 0.4774643229166667 0.416775 0.9549286458333334 0.83355
0 0.49563307291666664 0.7618592592592592 0.016266145833333336 0.038533333333333336
0 0.29785234374999997 0.27516851851851853 0.021746354166666666 0.029966666666666666
0 0.24902239583333333 0.26982638888888894 0.0074197916666666665 0.02113425925925926
0 0.3695973958333333 0.3574162037037037 0.007944791666666666 0.016684259259259256
0 0.18582708333333334 0.07711666666666667 0.004987500000000001 0.009788888888888889
0 0.525165625 0.12427407407407408 0.013872916666666667 0.02262222222222222
0 0.04917916666666667 0.7294856481481482 0.008775 0.023786111111111112
0 0.6068723958333333 0.6443425925925926 0.0064531250000000005 0.010907407407407407
0 0.036792708333333334 0.0932537037037037 0.009002083333333332 0.023544444444444444
0 0.11382109374999999 0.3800972222222222 0.022433854166666666 0.05834259259259259
0 0.3567419270833333 0.029357870370370368 0.008275520833333333 0.017975
0 0.3640565104166667 0.06448703703703704 0.008321354166666666 0.014159259259259259
0 0.3493122395833333 0.0594574074074074 0.0038328125 0.011507407407407409
1 0.5164635416666666 0.5573444444444444 0.9673020833333333 0.8850592592592593
0 0.534784375 0.24462314814814815 0.017485416666666666 0.04109814814814815
0 0.6707835937500001 0.7942763888888889 0.021775520833333332 0.027441666666666666
0 0.7187143229166666 0.8180324074074075 0.008261979166666666 0.021249999999999998
0 0.6105250000000001 0.6878444444444444 0.006466666666666667 0.01642962962962963
0 0.4310322916666667 0.8585888888888888 0.014147916666666668 0.022733333333333335
0 0.9685109375 0.44267222222222224 0.008896875 0.024233333333333332
0 0.41257187500000003 0.31951574074074074 0.00639375 0.011253703703703703
0 0.8633549479166667 0.7597486111111111 0.020459895833333335 0.06208981481481482
0 0.5823473958333333 0.976111574074074 0.009486458333333333 0.01333425925925926
0 0.5960398437500001 0.9868675925925926 0.0045796874999999996 0.012624074074074074
1 0.5208333333333334 0.5805555555555556 0.9572916666666667 0.837037037037037
0 0.5171875 0.23935185185185184 0.016666666666666666 0.03981481481481482
0 0.6901041666666666 0.7550925925925925 0.021875 0.028703703703703703
0 0.7388020833333333 0.7680555555555556 0.0078125 0.021296296296296296
0 0.6229166666666667 0.6620370370370371 0.007291666666666667 0.016666666666666666
0 0.7924479166666667 0.9703703703703703 0.0046875 0.009259259259259259
0 0.45651041666666664 0.8703703703703703 0.0140625 0.022222222222222223
0 0.9606770833333333 0.3416666666666667 0.008854166666666666 0.024074074074074074
0 0.4005208333333333 0.3398148148148148 0.00625 0.011111111111111112
0 0.9411458333333333 0.9773148148148149 0.009375 0.023148148148148147
0 0.878125 0.6791666666666667 0.020833333333333332 0.06018518518518518
0 0.6200520833333333 0.9907407407407407 0.008854166666666666 0.016666666666666666
0 0.6143229166666667 0.9550925925925926 0.008854166666666666 0.013888888888888888
0 0.6286458333333333 0.9625 0.004166666666666667 0.012037037037037037
1 0.4774643229166667 0.416775 0.9549286458333334 0.83355
0 0.49563307291666664 0.7618592592592592 0.016266145833333336 0.038533333333333336
0 0.29785234374999997 0.27516851851851853 0.021746354166666666 0.029966666666666666
0 0.24902239583333333 0.26982638888888894 0.0074197916666666665 0.02113425925925926
0 0.3695973958333333 0.3574162037037037 0.007944791666666666 0.016684259259259256
0 0.18582708333333334 0.07711666666666667 0.004987500000000001 0.009788888888888889
0 0.525165625 0.12427407407407408 0.013872916666666667 0.02262222222222222
0 0.04917916666666667 0.7294856481481482 0.008775 0.023786111111111112
0 0.6068723958333333 0.6443425925925926 0.0064531250000000005 0.010907407407407407
0 0.036792708333333334 0.0932537037037037 0.009002083333333332 0.023544444444444444
0 0.11382109374999999 0.3800972222222222 0.022433854166666666 0.05834259259259259
0 0.3567419270833333 0.029357870370370368 0.008275520833333333 0.017975
0 0.3640565104166667 0.06448703703703704 0.008321354166666666 0.014159259259259259
0 0.3493122395833333 0.0594574074074074 0.0038328125 0.011507407407407409
1 0.5164635416666666 0.5573444444444444 0.9673020833333333 0.8850592592592593
0 0.534784375 0.24462314814814815 0.017485416666666666 0.04109814814814815
0 0.6707835937500001 0.7942763888888889 0.021775520833333332 0.027441666666666666
0 0.7187143229166666 0.8180324074074075 0.008261979166666666 0.021249999999999998
0 0.6105250000000001 0.6878444444444444 0.006466666666666667 0.01642962962962963
0 0.4310322916666667 0.8585888888888888 0.014147916666666668 0.022733333333333335
0 0.9685109375 0.44267222222222224 0.008896875 0.024233333333333332
0 0.41257187500000003 0.31951574074074074 0.00639375 0.011253703703703703
0 0.8633549479166667 0.7597486111111111 0.020459895833333335 0.06208981481481482
0 0.5823473958333333 0.976111574074074 0.009486458333333333 0.01333425925925926
0 0.5960398437500001 0.9868675925925926 0.0045796874999999996 0.012624074074074074
