1 0.49973958333333335 0.5467592592592593 0.9994791666666667 0.9064814814814814
0 0.5734375 0.1587962962962963 0.015625 0.03611111111111111
0 0.46510416666666665 0.6893518518518519 0.011458333333333333 0.021296296296296296
0 0.24088541666666666 0.5712962962962963 0.005729166666666666 0.037037037037037035
0 0.6213541666666667 0.9125 0.008333333333333333 0.01574074074074074
0 0.08541666666666667 0.9490740740740741 0.0125 0.03148148148148148
0 0.18151041666666667 0.9078703703703703 0.021354166666666667 0.025
0 0.04401041666666667 0.7523148148148148 0.008854166666666666 0.05277777777777778
0 0.5268229166666667 0.5439814814814815 0.021354166666666667 0.06759259259259259
0 0.55078125 0.2611111111111111 0.011979166666666667 0.020370370370370372
0 0.60625 0.4666666666666667 0.009375 0.024074074074074074
0 0.8041666666666667 0.2865740740740741 0.004166666666666667 0.01574074074074074
0 0.14427083333333332 0.6504629629629629 0.004166666666666667 0.012037037037037037
0 0.17473958333333334 0.6398148148148148 0.005729166666666666 0.020370370370370372
0 0.16536458333333334 0.7398148148148148 0.016145833333333335 0.05555555555555555
0 0.15234375 0.8013888888888889 0.0203125 0.019444444444444445
0 0.14661458333333333 0.799537037037037 0.0067708333333333336 0.01574074074074074
0 0.125 0.924537037037037 0.015625 0.06018518518518518
0 0.12447916666666667 0.9425925925925925 0.013541666666666667 0.020370370370370372
0 0.30026041666666664 0.700462962962963 0.005729166666666666 0.008333333333333333
0 0.32395833333333335 0.6768518518518518 0.013541666666666667 0.016666666666666666
0 0.3809895833333333 0.6453703703703704 0.0109375 0.018518518518518517
0 0.13541666666666666 0.2601851851851852 0.013541666666666667 0.040740740740740744
0 0.1078125 0.5074074074074074 0.013541666666666667 0.06666666666666667
0 0.9395833333333333 0.4587962962962963 0.009375 0.03796296296296296
0 0.8541666666666666 0.48842592592592593 0.010416666666666666 0.025
0 0.8609375 0.5666666666666667 0.023958333333333335 0.04814814814814815
0 0.9919270833333333 0.549074074074074 0.0067708333333333336 0.025925925925925925
0 0.9109375 0.7407407407407407 0.036458333333333336 0.05925925925925926
0 0.92421875 0.7328703703703704 0.0067708333333333336 0.012037037037037037
0 0.9177083333333333 0.6 0.004166666666666667 0.009259259259259259
0 0.9932291666666667 0.6314814814814815 0.00625 0.016666666666666666
0 0.98125 0.8939814814814815 0.005208333333333333 0.013888888888888888
0 0.9395833333333333 0.8976851851851851 0.009375 0.013888888888888888
0 0.8731770833333333 0.7212962962962963 0.0046875 0.011111111111111112
0 0.5505208333333333 0.7245370370370371 0.004166666666666667 0.008333333333333333
0 0.5640625 0.9513888888888888 0.010416666666666666 0.03425925925925926
0 0.5294270833333333 0.7106481481481481 0.0046875 0.017592592592592594
0 0.14921875 0.8865740740740741 0.009895833333333333 0.021296296296296296
0 0.03671875 0.9009259259259259 0.0078125 0.022222222222222223
0 0.0026041666666666665 0.9050925925925926 0.005208333333333333 0.017592592592592594
0 0.002864583333333333 0.6930555555555555 0.005729166666666666 0.019444444444444445
0 0.26458333333333334 0.6759259259259259 0.005208333333333333 0.007407407407407408
0 0.1578125 0.5805555555555556 0.007291666666666667 0.022222222222222223
0 0.23541666666666666 0.4356481481481482 0.00625 0.010185185185185186
0 0.17057291666666666 0.36157407407407405 0.0036458333333333334 0.006481481481481481
0 0.70703125 0.16203703703703703 0.011979166666666667 0.011111111111111112
0 0.840625 0.3861111111111111 0.021875 0.03148148148148148
0 0.83359375 0.3972222222222222 0.0078125 0.018518518518518517
0 0.8817708333333333 0.4425925925925926 0.005208333333333333 0.011111111111111112
0 0.8630208333333333 0.5412037037037037 0.004166666666666667 0.010185185185185186
0 0.9302083333333333 0.3736111111111111 0.013541666666666667 0.026851851851851852
0 0.99609375 0.9949074074074075 0.0067708333333333336 0.008333333333333333
1 0.5 0.44735879629629627 1.0 0.8947175925925925
0 0.5569000000000001 0.8507171296296296 0.015883333333333333 0.03661944444444444
0 0.4745255208333334 0.30585694444444445 0.011551041666666668 0.020973148148148147
0 0.24572291666666668 0.38910092592592593 0.004987500000000001 0.03746111111111111
0 0.6409041666666667 0.10771944444444445 0.008891666666666666 0.01543888888888889
0 0.20306380208333333 0.0442949074074074 0.02175260416666667 0.023775
0 0.057241406249999995 0.17814027777777777 0.009274479166666665 0.052576851851851854
0 0.52909375 0.4608 0.022770833333333334 0.06604444444444445
0 0.53893828125 0.7458138888888889 0.0122515625 0.019405555555555554
0 0.6041046875 0.5495912037037037 0.010292708333333334 0.023256481481481482
0 0.7921697916666666 0.7600152777777778 0.00413125 0.01632685185185185
0 0.15260911458333334 0.294925 0.0041765625 0.012072222222222222
0 0.18292708333333335 0.31107222222222225 0.006479166666666666 0.02029259259259259
0 0.17833385416666667 0.20963796296296294 0.015001041666666666 0.05631296296296296
0 0.16829322916666667 0.14599583333333332 0.020961458333333335 0.017917592592592593
0 0.16256718750000002 0.14676944444444445 0.007426041666666666 0.01576111111111111
0 0.14736979166666667 0.024274537037037035 0.016614583333333332 0.04854907407407407
0 0.14720651041666669 0.005405555555555556 0.013163020833333334 0.010811111111111112
0 0.31071145833333336 0.2693287037037037 0.0057979166666666665 0.009027777777777777
0 0.3330138020833333 0.29666574074074076 0.013944270833333333 0.015553703703703702
0 0.38830572916666667 0.3369212962962963 0.010986458333333334 0.018287037037037036
0 0.12513072916666668 0.6822513888888889 0.011719791666666667 0.04228055555555555
0 0.10987239583333334 0.43195787037037037 0.015578125 0.06576759259259259
0 0.9356041666666666 0.6096097222222222 0.010791666666666666 0.03773796296296296
0 0.8518830729166668 0.566436574074074 0.011057812500000002 0.02361388888888889
0 0.8622299479166667 0.48921944444444443 0.0255015625 0.04510555555555555
0 0.99252578125 0.5276879629629629 0.0069265624999999996 0.0257462962962963
0 0.9214640625 0.3236851851851852 0.034594791666666666 0.06403703703703703
0 0.9342606770833334 0.3338541666666667 0.0070630208333333335 0.012152777777777778
0 0.92105234375 0.46572314814814814 0.004604687499999999 0.009224074074074074
0 0.9973809895833334 0.4452175925925926 0.005178645833333333 0.01636111111111111
0 0.9982505208333333 0.1827726851851852 0.0037927083333333333 0.013693518518518518
0 0.9571604166666667 0.17197500000000002 0.009112499999999999 0.01432037037037037
0 0.8827020833333333 0.33713703703703707 0.004987500000000001 0.01131111111111111
0 0.5611338541666666 0.2843837962962963 0.004559375 0.007656481481481482
0 0.5858734375 0.06042175925925926 0.011330208333333334 0.033806481481481486
0 0.5396317708333334 0.29491435185185183 0.005305208333333334 0.017606481481481483
0 0.16980755208333334 0.060284722222222226 0.0104484375 0.020569444444444446
0 0.05801380208333333 0.02930509259259259 0.0087359375 0.021573148148148147
0 0.02431145833333333 0.019068981481481482 0.005914583333333333 0.017767592592592592
0 0.014222395833333335 0.23017685185185185 0.006569791666666667 0.01961296296296296
0 0.27392578125 0.28786805555555556 0.005143229166666667 0.007217592592592592
0 0.16294010416666668 0.36666481481481483 0.008171875 0.022218518518518516
0 0.23313984375 0.5234708333333333 0.005863020833333333 0.00990462962962963
0 0.16483671875 0.5868037037037037 0.003631770833333333 0.006940740740740741
0 0.68991171875 0.8692444444444445 0.012115104166666666 0.01071111111111111
0 0.8336309895833334 0.6660462962962963 0.021428645833333333 0.033944444444444444
0 0.8271940104166667 0.6543523148148148 0.0085546875 0.01796388888888889
0 0.8775260416666666 0.6158407407407407 0.005052083333333333 0.01131111111111111
0 0.8641 0.5152583333333334 0.004241666666666667 0.010146296296296296
0 0.9223257812500001 0.6923587962962963 0.014443229166666667 0.025458333333333333
1 0.5 0.45306574074074074 1.0 0.9061314814814815
0 0.4570565104166667 0.856375462962963 0.016196354166666666 0.036825000000000004
0 0.5172390625000001 0.30308703703703704 0.011561458333333333 0.020988888888888887
0 0.749475 0.35768657407407406 0.0052 0.03759537037037037
0 0.3437075520833333 0.12610185185185185 0.009290104166666667 0.015166666666666665
0 0.7783721354166667 0.009773611111111111 0.022369270833333333 0.019547222222222223
0 0.9292575520833334 0.12421203703703704 0.0105984375 0.05212777777777778
0 0.4686609375 0.4646287037037037 0.023780208333333334 0.06444259259259259
0 0.4702635416666666 0.7500537037037037 0.012402083333333334 0.018625925925925924
0 0.3976729166666667 0.562162962962963 0.010970833333333334 0.022474074074074073
0 0.21839453125 0.7953898148148147 0.004497395833333333 0.016705555555555557
0 0.8382268229166667 0.2532888888888889 0.004578645833333334 0.012133333333333333
0 0.8087302083333333 0.2720967592592593 0.00704375 0.020119444444444443
0 0.8105434895833333 0.16997175925925925 0.014836979166666665 0.05661018518518519
0 0.8169330729166667 0.1055212962962963 0.021366145833333336 0.016598148148148147
0 0.8227046875 0.10599398148148148 0.007909375 0.015691666666666666
0 0.6794731770833333 0.2464337962962963 0.0058213541666666665 0.00953425925925926
0 0.6581364583333333 0.2761967592592593 0.014189583333333334 0.015356481481481483
0 0.6049619791666667 0.3231564814814815 0.010965625 0.018535185185185186
0 0.8811427083333334 0.6355291666666666 0.010202083333333334 0.04328055555555556
0 0.8861656250000001 0.3841953703703704 0.017122916666666665 0.06468703703703703
0 0.069475 0.6631199074074073 0.011866666666666666 0.037350925925925926
0 0.15158854166666666 0.6093356481481481 0.011510416666666667 0.022375
0 0.13829817708333333 0.5345453703703703 0.026596354166666666 0.043164814814814816
0 0.009756770833333334 0.5888513888888889 0.007013541666666666 0.025850925925925927
0 0.0721859375 0.3763476851851852 0.03291354166666667 0.06751018518518519
0 0.060399739583333334 0.38769305555555555 0.0072578125 0.012423148148148148
0 0.07850677083333334 0.5175851851851851 0.004930208333333333 0.009244444444444444
0 0.0020578125 0.5076037037037037 0.004115625 0.015207407407407407
0 0.030988541666666664 0.22951574074074074 0.008852083333333333 0.014587037037037037
0 0.11197499999999999 0.38533425925925924 0.0052 0.011409259259259258
0 0.43054921875 0.29254722222222224 0.0048484374999999994 0.007316666666666667
0 0.3971455729166667 0.07223425925925926 0.011999479166666667 0.03335740740740741
0 0.4523643229166667 0.3004273148148148 0.0057703125 0.017521296296296295
0 0.8121875000000001 0.020122685185185188 0.010833333333333334 0.019875
0 0.9739158854166666 0.17093101851851852 0.007206770833333333 0.019639814814814815
0 0.7171145833333333 0.26011666666666666 0.0050625 0.007270370370370371
0 0.830978125 0.3249356481481481 0.00883125 0.02209351851851852
0 0.7668231770833334 0.49011990740740746 0.0055213541666666675 0.009869444444444445
0 0.8377380208333334 0.5453018518518519 0.0036010416666666665 0.007270370370370371
0 0.32534973958333335 0.8916481481481482 0.0121578125 0.011074074074074075
0 0.17349765625 0.7076791666666666 0.020953645833333333 0.03572870370370371
0 0.17955078125 0.6938958333333334 0.0091015625 0.017421296296296296
0 0.127559375 0.6622356481481482 0.00511875 0.011508333333333334
0 0.13755572916666667 0.5605856481481482 0.004278125 0.010060185185185186
0 0.08618880208333332 0.7445092592592593 0.0150859375 0.024203703703703703
1 0.49973958333333335 0.5467592592592593 0.9994791666666667 0.9064814814814814
0 0.5734375 0.1587962962962963 0.015625 0.03611111111111111
0 0.46510416666666665 0.6893518518518519 0.011458333333333333 0.021296296296296296
0 0.24088541666666666 0.5712962962962963 0.005729166666666666 0.037037037037037035
0 0.6213541666666667 0.9125 0.008333333333333333 0.01574074074074074
0 0.08541666666666667 0.9490740740740741 0.0125 0.03148148148148148
0 0.18151041666666667 0.9078703703703703 0.021354166666666667 0.025
0 0.04401041666666667 0.7523148148148148 0.008854166666666666 0.05277777777777778
0 0.5268229166666667 0.5439814814814815 0.021354166666666667 0.06759259259259259
0 0.55078125 0.2611111111111111 0.011979166666666667 0.020370370370370372
0 0.60625 0.4666666666666667 0.009375 0.024074074074074074
0 0.8041666666666667 0.2865740740740741 0.004166666666666667 0.01574074074074074
0 0.14427083333333332 0.6504629629629629 0.004166666666666667 0.012037037037037037
0 0.17473958333333334 0.6398148148148148 0.005729166666666666 0.020370370370370372
0 0.16536458333333334 0.7398148148148148 0.016145833333333335 0.05555555555555555
0 0.15234375 0.8013888888888889 0.0203125 0.019444444444444445
0 0.14661458333333333 0.799537037037037 0.0067708333333333336 0.01574074074074074
0 0.125 0.924537037037037 0.015625 0.06018518518518518
0 0.12447916666666667 0.9425925925925925 0.013541666666666667 0.020370370370370372
0 0.30026041666666664 0.700462962962963 0.005729166666666666 0.008333333333333333
0 0.32395833333333335 0.6768518518518518 0.013541666666666667 0.016666666666666666
0 0.3809895833333333 0.6453703703703704 0.0109375 0.018518518518518517
0 0.13541666666666666 0.2601851851851852 0.013541666666666667 0.040740740740740744
0 0.1078125 0.5074074074074074 0.013541666666666667 0.06666666666666667
0 0.9395833333333333 0.4587962962962963 0.009375 0.03796296296296296
0 0.8541666666666666 0.48842592592592593 0.010416666666666666 0.025
0 0.8609375 0.5666666666666667 0.023958333333333335 0.04814814814814815
0 0.9919270833333333 0.549074074074074 0.0067708333333333336 0.025925925925925925
0 0.9109375 0.7407407407407407 0.036458333333333336 0.05925925925925926
0 0.92421875 0.7328703703703704 0.0067708333333333336 0.012037037037037037
0 0.9177083333333333 0.6 0.004166666666666667 0.009259259259259259
0 0.9932291666666667 0.6314814814814815 0.00625 0.016666666666666666
0 0.98125 0.8939814814814815 0.005208333333333333 0.013888888888888888
0 0.9395833333333333 0.8976851851851851 0.009375 0.013888888888888888
0 0.8731770833333333 0.7212962962962963 0.0046875 0.011111111111111112
0 0.5505208333333333 0.7245370370370371 0.004166666666666667 0.008333333333333333
0 0.5640625 0.9513888888888888 0.010416666666666666 0.03425925925925926
0 0.5294270833333333 0.7106481481481481 0.0046875 0.017592592592592594
0 0.14921875 0.8865740740740741 0.009895833333333333 0.021296296296296296
0 0.03671875 0.9009259259259259 0.0078125 0.022222222222222223
0 0.0026041666666666665 0.9050925925925926 0.005208333333333333 0.017592592592592594
0 0.002864583333333333 0.6930555555555555 0.005729166666666666 0.019444444444444445
0 0.26458333333333334 0.6759259259259259 0.005208333333333333 0.007407407407407408
0 0.1578125 0.5805555555555556 0.007291666666666667 0.022222222222222223
0 0.23541666666666666 0.4356481481481482 0.00625 0.010185185185185186
0 0.17057291666666666 0.36157407407407405 0.0036458333333333334 0.006481481481481481
0 0.70703125 0.16203703703703703 0.011979166666666667 0.011111111111111112
0 0.840625 0.3861111111111111 0.021875 0.03148148148148148
0 0.83359375 0.3972222222222222 0.0078125 0.018518518518518517
0 0.8817708333333333 0.4425925925925926 0.005208333333333333 0.011111111111111112
0 0.8630208333333333 0.5412037037037037 0.004166666666666667 0.010185185185185186
0 0.9302083333333333 0.3736111111111111 0.013541666666666667 0.026851851851851852
0 0.99609375 0.9949074074074075 0.0067708333333333336 0.008333333333333333
1 0.5 0.44735879629629627 1.0 0.8947175925925925
0 0.5569000000000001 0.8507171296296296 0.015883333333333333 0.03661944444444444
0 0.4745255208333334 0.30585694444444445 0.011551041666666668 0.020973148148148147
0 0.24572291666666668 0.38910092592592593 0.004987500000000001 0.03746111111111111
0 0.6409041666666667 0.10771944444444445 0.008891666666666666 0.01543888888888889
0 0.20306380208333333 0.0442949074074074 0.02175260416666667 0.023775
0 0.057241406249999995 0.17814027777777777 0.009274479166666665 0.052576851851851854
0 0.52909375 0.4608 0.022770833333333334 0.06604444444444445
0 0.53893828125 0.7458138888888889 0.0122515625 0.019405555555555554
0 0.6041046875 0.5495912037037037 0.010292708333333334 0.023256481481481482
0 0.7921697916666666 0.7600152777777778 0.00413125 0.01632685185185185
0 0.15260911458333334 0.294925 0.0041765625 0.012072222222222222
0 0.18292708333333335 0.31107222222222225 0.006479166666666666 0.02029259259259259
0 0.17833385416666667 0.20963796296296294 0.015001041666666666 0.05631296296296296
0 0.16829322916666667 0.14599583333333332 0.020961458333333335 0.017917592592592593
0 0.16256718750000002 0.14676944444444445 0.007426041666666666 0.01576111111111111
0 0.14736979166666667 0.024274537037037035 0.016614583333333332 0.04854907407407407
0 0.14720651041666669 0.005405555555555556 0.013163020833333334 0.010811111111111112
0 0.31071145833333336 0.2693287037037037 0.0057979166666666665 0.009027777777777777
0 0.3330138020833333 0.29666574074074076 0.013944270833333333 0.015553703703703702
0 0.38830572916666667 0.3369212962962963 0.010986458333333334 0.018287037037037036
0 0.12513072916666668 0.6822513888888889 0.011719791666666667 0.04228055555555555
0 0.10987239583333334 0.43195787037037037 0.015578125 0.06576759259259259
0 0.9356041666666666 0.6096097222222222 0.010791666666666666 0.03773796296296296
0 0.8518830729166668 0.566436574074074 0.011057812500000002 0.02361388888888889
0 0.8622299479166667 0.48921944444444443 0.0255015625 0.04510555555555555
0 0.99252578125 0.5276879629629629 0.0069265624999999996 0.0257462962962963
0 0.9214640625 0.3236851851851852 0.034594791666666666 0.06403703703703703
0 0.9342606770833334 0.3338541666666667 0.0070630208333333335 0.012152777777777778
0 0.92105234375 0.46572314814814814 0.004604687499999999 0.009224074074074074
0 0.9973809895833334 0.4452175925925926 0.005178645833333333 0.01636111111111111
0 0.9982505208333333 0.1827726851851852 0.0037927083333333333 0.013693518518518518
0 0.9571604166666667 0.17197500000000002 0.009112499999999999 0.01432037037037037
0 0.8827020833333333 0.33713703703703707 0.004987500000000001 0.01131111111111111
0 0.5611338541666666 0.2843837962962963 0.004559375 0.007656481481481482
0 0.5858734375 0.06042175925925926 0.011330208333333334 0.033806481481481486
0 0.5396317708333334 0.29491435185185183 0.005305208333333334 0.017606481481481483
0 0.16980755208333334 0.060284722222222226 0.0104484375 0.020569444444444446
0 0.05801380208333333 0.02930509259259259 0.0087359375 0.021573148148148147
0 0.02431145833333333 0.019068981481481482 0.005914583333333333 0.017767592592592592
0 0.014222395833333335 0.23017685185185185 0.006569791666666667 0.01961296296296296
0 0.27392578125 0.28786805555555556 0.005143229166666667 0.007217592592592592
0 0.16294010416666668 0.36666481481481483 0.008171875 0.022218518518518516
0 0.23313984375 0.5234708333333333 0.005863020833333333 0.00990462962962963
0 0.16483671875 0.5868037037037037 0.003631770833333333 0.006940740740740741
0 0.68991171875 0.8692444444444445 0.012115104166666666 0.01071111111111111
0 0.8336309895833334 0.6660462962962963 0.021428645833333333 0.033944444444444444
0 0.8271940104166667 0.6543523148148148 0.0085546875 0.01796388888888889
0 0.8775260416666666 0.6158407407407407 0.005052083333333333 0.01131111111111111
0 0.8641 0.5152583333333334 0.004241666666666667 0.010146296296296296
0 0.9223257812500001 0.6923587962962963 0.014443229166666667 0.025458333333333333
1 0.5 0.45306574074074074 1.0 0.9061314814814815
0 0.4570565104166667 0.856375462962963 0.016196354166666666 0.036825000000000004
0 0.5172390625000001 0.30308703703703704 0.011561458333333333 0.020988888888888887
0 0.749475 0.35768657407407406 0.0052 0.03759537037037037
0 0.3437075520833333 0.12610185185185185 0.009290104166666667 0.015166666666666665
0 0.7783721354166667 0.009773611111111111 0.022369270833333333 0.019547222222222223
0 0.9292575520833334 0.12421203703703704 0.0105984375 0.05212777777777778
0 0.4686609375 0.4646287037037037 0.023780208333333334 0.06444259259259259
0 0.4702635416666666 0.7500537037037037 0.012402083333333334 0.018625925925925924
0 0.3976729166666667 0.562162962962963 0.010970833333333334 0.022474074074074073
0 0.21839453125 0.7953898148148147 0.004497395833333333 0.016705555555555557
0 0.8382268229166667 0.2532888888888889 0.004578645833333334 0.012133333333333333
0 0.8087302083333333 0.2720967592592593 0.00704375 0.020119444444444443
0 0.8105434895833333 0.16997175925925925 0.014836979166666665 0.05661018518518519
0 0.8169330729166667 0.1055212962962963 0.021366145833333336 0.016598148148148147
0 0.8227046875 0.10599398148148148 0.007909375 0.015691666666666666
0 0.6794731770833333 0.2464337962962963 0.0058213541666666665 0.00953425925925926
0 0.6581364583333333 0.2761967592592593 0.014189583333333334 0.015356481481481483
0 0.6049619791666667 0.3231564814814815 0.010965625 0.018535185185185186
0 0.8811427083333334 0.6355291666666666 0.010202083333333334 0.04328055555555556
0 0.8861656250000001 0.3841953703703704 0.017122916666666665 0.06468703703703703
0 0.069475 0.6631199074074073 0.011866666666666666 0.037350925925925926
0 0.15158854166666666 0.6093356481481481 0.011510416666666667 0.022375
0 0.13829817708333333 0.5345453703703703 0.026596354166666666 0.043164814814814816
0 0.009756770833333334 0.5888513888888889 0.007013541666666666 0.025850925925925927
0 0.0721859375 0.3763476851851852 0.03291354166666667 0.06751018518518519
0 0.060399739583333334 0.38769305555555555 0.0072578125 0.012423148148148148
0 0.07850677083333334 0.5175851851851851 0.004930208333333333 0.009244444444444444
0 0.0020578125 0.5076037037037037 0.004115625 0.015207407407407407
0 0.030988541666666664 0.22951574074074074 0.008852083333333333 0.014587037037037037
0 0.11197499999999999 0.38533425925925924 0.0052 0.011409259259259258
0 0.43054921875 0.29254722222222224 0.0048484374999999994 0.007316666666666667
0 0.3971455729166667 0.07223425925925926 0.011999479166666667 0.03335740740740741
0 0.4523643229166667 0.3004273148148148 0.0057703125 0.017521296296296295
0 0.8121875000000001 0.020122685185185188 0.010833333333333334 0.019875
0 0.9739158854166666 0.17093101851851852 0.007206770833333333 0.019639814814814815
0 0.7171145833333333 0.26011666666666666 0.0050625 0.007270370370370371
0 0.830978125 0.3249356481481481 0.00883125 0.02209351851851852
0 0.7668231770833334 0.49011990740740746 0.0055213541666666675 0.009869444444444445
0 0.8377380208333334 0.5453018518518519 0.0036010416666666665 0.007270370370370371
0 0.32534973958333335 0.8916481481481482 0.0121578125 0.011074074074074075
0 0.17349765625 0.7076791666666666 0.020953645833333333 0.03572870370370371
0 0.17955078125 0.6938958333333334 0.0091015625 0.017421296296296296
0 0.127559375 0.6622356481481482 0.00511875 0.011508333333333334
0 0.13755572916666667 0.5605856481481482 0.004278125 0.010060185185185186
0 0.08618880208333332 0.7445092592592593 0.0150859375 0.024203703703703703
1 0.49973958333333335 0.5467592592592593 0.9994791666666667 0.9064814814814814
0 0.5734375 0.1587962962962963 0.015625 0.03611111111111111
0 0.46510416666666665 0.6893518518518519 0.011458333333333333 0.021296296296296296
0 0.24088541666666666 0.5712962962962963 0.005729166666666666 0.037037037037037035
0 0.6213541666666667 0.9125 0.008333333333333333 0.01574074074074074
0 0.08541666666666667 0.9490740740740741 0.0125 0.03148148148148148
0 0.18151041666666667 0.9078703703703703 0.021354166666666667 0.025
0 0.04401041666666667 0.7523148148148148 0.008854166666666666 0.05277777777777778
0 0.5268229166666667 0.5439814814814815 0.021354166666666667 0.06759259259259259
0 0.55078125 0.2611111111111111 0.011979166666666667 0.020370370370370372
0 0.60625 0.4666666666666667 0.009375 0.024074074074074074
0 0.8041666666666667 0.2865740740740741 0.004166666666666667 0.01574074074074074
0 0.14427083333333332 0.6504629629629629 0.004166666666666667 0.012037037037037037
0 0.17473958333333334 0.6398148148148148 0.005729166666666666 0.020370370370370372
0 0.16536458333333334 0.7398148148148148 0.016145833333333335 0.05555555555555555
0 0.15234375 0.8013888888888889 0.0203125 0.019444444444444445
0 0.14661458333333333 0.799537037037037 0.0067708333333333336 0.01574074074074074
0 0.125 0.924537037037037 0.015625 0.06018518518518518
0 0.12447916666666667 0.9425925925925925 0.013541666666666667 0.020370370370370372
0 0.30026041666666664 0.700462962962963 0.005729166666666666 0.008333333333333333
0 0.32395833333333335 0.6768518518518518 0.013541666666666667 0.016666666666666666
0 0.3809895833333333 0.6453703703703704 0.0109375 0.018518518518518517
0 0.13541666666666666 0.2601851851851852 0.013541666666666667 0.040740740740740744
0 0.1078125 0.5074074074074074 0.013541666666666667 0.06666666666666667
0 0.9395833333333333 0.4587962962962963 0.009375 0.03796296296296296
0 0.8541666666666666 0.48842592592592593 0.010416666666666666 0.025
0 0.8609375 0.5666666666666667 0.023958333333333335 0.04814814814814815
0 0.9919270833333333 0.549074074074074 0.0067708333333333336 0.025925925925925925
0 0.9109375 0.7407407407407407 0.036458333333333336 0.05925925925925926
0 0.92421875 0.7328703703703704 0.0067708333333333336 0.012037037037037037
0 0.9177083333333333 0.6 0.004166666666666667 0.009259259259259259
0 0.9932291666666667 0.6314814814814815 0.00625 0.016666666666666666
0 0.98125 0.8939814814814815 0.005208333333333333 0.013888888888888888
0 0.9395833333333333 0.8976851851851851 0.009375 0.013888888888888888
0 0.8731770833333333 0.7212962962962963 0.0046875 0.011111111111111112
0 0.5505208333333333 0.7245370370370371 0.004166666666666667 0.008333333333333333
0 0.5640625 0.9513888888888888 0.010416666666666666 0.03425925925925926
0 0.5294270833333333 0.7106481481481481 0.0046875 0.017592592592592594
0 0.14921875 0.8865740740740741 0.009895833333333333 0.021296296296296296
0 0.03671875 0.9009259259259259 0.0078125 0.022222222222222223
0 0.0026041666666666665 0.9050925925925926 0.005208333333333333 0.017592592592592594
0 0.002864583333333333 0.6930555555555555 0.005729166666666666 0.019444444444444445
0 0.26458333333333334 0.6759259259259259 0.005208333333333333 0.007407407407407408
0 0.1578125 0.5805555555555556 0.007291666666666667 0.022222222222222223
0 0.23541666666666666 0.4356481481481482 0.00625 0.010185185185185186
0 0.17057291666666666 0.36157407407407405 0.0036458333333333334 0.006481481481481481
0 0.70703125 0.16203703703703703 0.011979166666666667 0.011111111111111112
0 0.840625 0.3861111111111111 0.021875 0.03148148148148148
0 0.83359375 0.3972222222222222 0.0078125 0.018518518518518517
0 0.8817708333333333 0.4425925925925926 0.005208333333333333 0.011111111111111112
0 0.8630208333333333 0.5412037037037037 0.004166666666666667 0.010185185185185186
0 0.9302083333333333 0.3736111111111111 0.013541666666666667 0.026851851851851852
0 0.99609375 0.9949074074074075 0.0067708333333333336 0.008333333333333333
1 0.5 0.44735879629629627 1.0 0.8947175925925925
0 0.5569000000000001 0.8507171296296296 0.015883333333333333 0.03661944444444444
0 0.4745255208333334 0.30585694444444445 0.011551041666666668 0.020973148148148147
0 0.24572291666666668 0.38910092592592593 0.004987500000000001 0.03746111111111111
0 0.6409041666666667 0.10771944444444445 0.008891666666666666 0.01543888888888889
0 0.20306380208333333 0.0442949074074074 0.02175260416666667 0.023775
0 0.057241406249999995 0.17814027777777777 0.009274479166666665 0.052576851851851854
0 0.52909375 0.4608 0.022770833333333334 0.06604444444444445
0 0.53893828125 0.7458138888888889 0.0122515625 0.019405555555555554
0 0.6041046875 0.5495912037037037 0.010292708333333334 0.023256481481481482
0 0.7921697916666666 0.7600152777777778 0.00413125 0.01632685185185185
0 0.15260911458333334 0.294925 0.0041765625 0.012072222222222222
0 0.18292708333333335 0.31107222222222225 0.006479166666666666 0.02029259259259259
0 0.17833385416666667 0.20963796296296294 0.015001041666666666 0.05631296296296296
0 0.16829322916666667 0.14599583333333332 0.020961458333333335 0.017917592592592593
0 0.16256718750000002 0.14676944444444445 0.007426041666666666 0.01576111111111111
0 0.14736979166666667 0.024274537037037035 0.016614583333333332 0.04854907407407407
0 0.14720651041666669 0.005405555555555556 0.013163020833333334 0.010811111111111112
0 0.31071145833333336 0.2693287037037037 0.0057979166666666665 0.009027777777777777
0 0.3330138020833333 0.29666574074074076 0.013944270833333333 0.015553703703703702
0 0.38830572916666667 0.3369212962962963 0.010986458333333334 0.018287037037037036
0 0.12513072916666668 0.6822513888888889 0.011719791666666667 0.04228055555555555
0 0.10987239583333334 0.43195787037037037 0.015578125 0.06576759259259259
0 0.9356041666666666 0.6096097222222222 0.010791666666666666 0.03773796296296296
0 0.8518830729166668 0.566436574074074 0.011057812500000002 0.02361388888888889
0 0.8622299479166667 0.48921944444444443 0.0255015625 0.04510555555555555
0 0.99252578125 0.5276879629629629 0.0069265624999999996 0.0257462962962963
0 0.9214640625 0.3236851851851852 0.034594791666666666 0.06403703703703703
0 0.9342606770833334 0.3338541666666667 0.0070630208333333335 0.012152777777777778
0 0.92105234375 0.46572314814814814 0.004604687499999999 0.009224074074074074
0 0.9973809895833334 0.4452175925925926 0.005178645833333333 0.01636111111111111
0 0.9982505208333333 0.1827726851851852 0.0037927083333333333 0.013693518518518518
0 0.9571604166666667 0.17197500000000002 0.009112499999999999 0.01432037037037037
0 0.8827020833333333 0.33713703703703707 0.004987500000000001 0.01131111111111111
0 0.5611338541666666 0.2843837962962963 0.004559375 0.007656481481481482
0 0.5858734375 0.06042175925925926 0.011330208333333334 0.033806481481481486
0 0.5396317708333334 0.29491435185185183 0.005305208333333334 0.017606481481481483
0 0.16980755208333334 0.060284722222222226 0.0104484375 0.020569444444444446
0 0.05801380208333333 0.02930509259259259 0.0087359375 0.021573148148148147
0 0.02431145833333333 0.019068981481481482 0.005914583333333333 0.017767592592592592
0 0.014222395833333335 0.23017685185185185 0.006569791666666667 0.01961296296296296
0 0.27392578125 0.28786805555555556 0.005143229166666667 0.007217592592592592
0 0.16294010416666668 0.36666481481481483 0.008171875 0.022218518518518516
0 0.23313984375 0.5234708333333333 0.005863020833333333 0.00990462962962963
0 0.16483671875 0.5868037037037037 0.003631770833333333 0.006940740740740741
0 0.68991171875 0.8692444444444445 0.012115104166666666 0.01071111111111111
0 0.8336309895833334 0.6660462962962963 0.021428645833333333 0.033944444444444444
0 0.8271940104166667 0.6543523148148148 0.0085546875 0.01796388888888889
0 0.8775260416666666 0.6158407407407407 0.005052083333333333 0.01131111111111111
0 0.8641 0.5152583333333334 0.004241666666666667 0.010146296296296296
0 0.9223257812500001 0.6923587962962963 0.014443229166666667 0.025458333333333333
1 0.5 0.45306574074074074 1.0 0.9061314814814815
0 0.4570565104166667 0.856375462962963 0.016196354166666666 0.036825000000000004
0 0.5172390625000001 0.30308703703703704 0.011561458333333333 0.020988888888888887
0 0.749475 0.35768657407407406 0.0052 0.03759537037037037
0 0.3437075520833333 0.12610185185185185 0.009290104166666667 0.015166666666666665
0 0.7783721354166667 0.009773611111111111 0.022369270833333333 0.019547222222222223
0 0.9292575520833334 0.12421203703703704 0.0105984375 0.05212777777777778
0 0.4686609375 0.4646287037037037 0.023780208333333334 0.06444259259259259
0 0.4702635416666666 0.7500537037037037 0.012402083333333334 0.018625925925925924
0 0.3976729166666667 0.562162962962963 0.010970833333333334 0.022474074074074073
0 0.21839453125 0.7953898148148147 0.004497395833333333 0.016705555555555557
0 0.8382268229166667 0.2532888888888889 0.004578645833333334 0.012133333333333333
0 0.8087302083333333 0.2720967592592593 0.00704375 0.020119444444444443
0 0.8105434895833333 0.16997175925925925 0.014836979166666665 0.05661018518518519
0 0.8169330729166667 0.1055212962962963 0.021366145833333336 0.016598148148148147
0 0.8227046875 0.10599398148148148 0.007909375 0.015691666666666666
0 0.6794731770833333 0.2464337962962963 0.0058213541666666665 0.00953425925925926
0 0.6581364583333333 0.2761967592592593 0.014189583333333334 0.015356481481481483
0 0.6049619791666667 0.3231564814814815 0.010965625 0.018535185185185186
0 0.8811427083333334 0.6355291666666666 0.010202083333333334 0.04328055555555556
0 0.8861656250000001 0.3841953703703704 0.017122916666666665 0.06468703703703703
0 0.069475 0.6631199074074073 0.011866666666666666 0.037350925925925926
0 0.15158854166666666 0.6093356481481481 0.011510416666666667 0.022375
0 0.13829817708333333 0.5345453703703703 0.026596354166666666 0.043164814814814816
0 0.009756770833333334 0.5888513888888889 0.007013541666666666 0.025850925925925927
0 0.0721859375 0.3763476851851852 0.03291354166666667 0.06751018518518519
0 0.060399739583333334 0.38769305555555555 0.0072578125 0.012423148148148148
0 0.07850677083333334 0.5175851851851851 0.004930208333333333 0.009244444444444444
0 0.0020578125 0.5076037037037037 0.004115625 0.015207407407407407
0 0.030988541666666664 0.22951574074074074 0.008852083333333333 0.014587037037037037
0 0.11197499999999999 0.38533425925925924 0.0052 0.011409259259259258
0 0.43054921875 0.29254722222222224 0.0048484374999999994 0.007316666666666667
0 0.3971455729166667 0.07223425925925926 0.011999479166666667 0.03335740740740741
0 0.4523643229166667 0.3004273148148148 0.0057703125 0.017521296296296295
0 0.8121875000000001 0.020122685185185188 0.010833333333333334 0.019875
0 0.9739158854166666 0.17093101851851852 0.007206770833333333 0.019639814814814815
0 0.7171145833333333 0.26011666666666666 0.0050625 0.007270370370370371
0 0.830978125 0.3249356481481481 0.00883125 0.02209351851851852
0 0.7668231770833334 0.49011990740740746 0.0055213541666666675 0.009869444444444445
0 0.8377380208333334 0.5453018518518519 0.0036010416666666665 0.007270370370370371
0 0.32534973958333335 0.8916481481481482 0.0121578125 0.011074074074074075
0 0.17349765625 0.7076791666666666 0.020953645833333333 0.03572870370370371
0 0.17955078125 0.6938958333333334 0.0091015625 0.017421296296296296
0 0.127559375 0.6622356481481482 0.00511875 0.011508333333333334
0 0.13755572916666667 0.5605856481481482 0.004278125 0.010060185185185186
0 0.08618880208333332 0.7445092592592593 0.0150859375 0.024203703703703703
