1 0.49973958333333335 0.5189814814814815 0.9994791666666667 0.9601851851851851
0 0.05911458333333333 0.3194444444444444 0.013020833333333334 0.04259259259259259
0 0.18072916666666666 0.1449074074074074 0.0375 0.06388888888888888
0 0.20625 0.3925925925925926 0.0125 0.025925925925925925
0 0.15494791666666666 0.39537037037037037 0.009895833333333333 0.009259259259259259
0 0.2734375 0.35 0.008333333333333333 0.016666666666666666
0 0.19635416666666666 0.2791666666666667 0.007291666666666667 0.008333333333333333
0 0.4015625 0.7490740740740741 0.023958333333333335 0.020370370370370372
0 0.09713541666666667 0.3439814814814815 0.005729166666666666 0.019444444444444445
0 0.04869791666666667 0.13796296296296295 0.0078125 0.02962962962962963
0 0.36796875 0.12222222222222222 0.028645833333333332 0.08518518518518518
0 0.8299479166666667 0.48148148148148145 0.016145833333333335 0.040740740740740744
0 0.7825520833333334 0.5898148148148148 0.013020833333333334 0.03333333333333333
0 0.784375 0.5527777777777778 0.010416666666666666 0.024074074074074074
0 0.82421875 0.6685185185185185 0.0109375 0.020370370370370372
0 0.9083333333333333 0.5726851851851852 0.011458333333333333 0.025
0 0.8177083333333334 0.5962962962962963 0.005208333333333333 0.012962962962962963
0 0.8338541666666667 0.5712962962962963 0.011458333333333333 0.018518518518518517
0 0.80625 0.5305555555555556 0.008333333333333333 0.016666666666666666
0 0.8494791666666667 0.33240740740740743 0.013541666666666667 0.018518518518518517
0 0.896875 0.9041666666666667 0.0625 0.18981481481481483
0 0.85078125 0.975925925925926 0.0078125 0.014814814814814815
0 0.8697916666666666 0.950462962962963 0.010416666666666666 0.017592592592592594
0 0.6888020833333334 0.9884259259259259 0.011979166666666667 0.021296296296296296
0 0.571875 0.8731481481481481 0.022916666666666665 0.046296296296296294
0 0.7875 0.9694444444444444 0.009375 0.018518518518518517
0 0.3177083333333333 0.8625 0.015625 0.026851851851851852
0 0.4046875 0.8592592592592593 0.014583333333333334 0.011111111111111112
0 0.29192708333333334 0.9625 0.013020833333333334 0.021296296296296296
0 0.3885416666666667 0.9902777777777778 0.013541666666666667 0.017592592592592594
0 0.25078125 0.5356481481481481 0.0067708333333333336 0.021296296296296296
0 0.36796875 0.5921296296296297 0.009895833333333333 0.028703703703703703
0 0.33645833333333336 0.9273148148148148 0.011458333333333333 0.021296296296296296
0 0.3494791666666667 0.8439814814814814 0.007291666666666667 0.013888888888888888
0 0.6703125 0.9004629629629629 0.013541666666666667 0.03425925925925926
0 0.46536458333333336 0.9037037037037037 0.0171875 0.012962962962962963
0 0.94453125 0.40555555555555556 0.10989583333333333 0.10185185185185185
1 0.5 0.5231259259259259 1.0 0.9536592592592592
0 0.9460302083333333 0.3599865740740741 0.01289375 0.04219537037037037
0 0.8292666666666667 0.17626712962962962 0.036658333333333334 0.06549722222222222
0 0.7963864583333333 0.4205462962962963 0.012564583333333332 0.02627777777777778
0 0.84770390625 0.42769861111111107 0.009991145833333333 0.009100925925925927
0 0.7305734375 0.3714546296296296 0.008021875 0.016983333333333333
0 0.8097682291666667 0.3072777777777778 0.007036458333333333 0.009000000000000001
0 0.5907312499999999 0.7574662037037037 0.024170833333333332 0.02048796296296296
0 0.9070408854166666 0.3818583333333333 0.0057484375 0.019272222222222222
0 0.9612908854166666 0.18072916666666666 0.006956770833333333 0.029976851851851852
0 0.6433763020833333 0.13531527777777777 0.027377604166666666 0.08729722222222223
0 0.17101171874999999 0.4504620370370371 0.017023437500000002 0.03981296296296296
0 0.21532838541666666 0.5632791666666667 0.0129484375 0.03396574074074074
0 0.21439895833333333 0.5260791666666667 0.010047916666666667 0.024380555555555555
0 0.1710591145833333 0.6376824074074074 0.010868229166666667 0.01980925925925926
0 0.09033098958333333 0.5342638888888889 0.0108703125 0.025935185185185186
0 0.17979296875 0.5667546296296296 0.005419270833333333 0.01313888888888889
0 0.16452109374999999 0.5401898148148148 0.011333854166666666 0.019268518518518518
0 0.19304635416666666 0.501912962962963 0.007967708333333334 0.01678888888888889
0 0.15622708333333335 0.3009134259259259 0.013495833333333334 0.018493518518518517
0 0.09115546875000001 0.867425462962963 0.05835260416666667 0.1941101851851852
0 0.13571249999999999 0.942800462962963 0.007883333333333332 0.015230555555555556
0 0.11712578124999999 0.9154351851851852 0.010293229166666668 0.017907407407407407
0 0.29731796875 0.9706004629629629 0.012344270833333334 0.020830555555555557
0 0.4175291666666666 0.8660481481481481 0.022558333333333333 0.04691111111111111
0 0.19903359375 0.9419930555555556 0.009525520833333334 0.019171296296296294
0 0.6709997395833334 0.8787606481481481 0.015957812499999998 0.026039814814814814
0 0.5844330729166667 0.8684865740740741 0.014699479166666666 0.011047222222222222
0 0.6941377604166666 0.9808828703703704 0.013275520833333334 0.021025000000000002
0 0.5968520833333333 0.995387037037037 0.013495833333333334 0.009292592592592592
0 0.7478861979166667 0.559 0.006189062499999999 0.021703703703703704
0 0.6292401041666668 0.6048546296296297 0.010563541666666667 0.02822777777777778
0 0.6510338541666666 0.9420666666666667 0.011442708333333333 0.02117037037037037
0 0.640221875 0.8580305555555555 0.0075270833333333335 0.01420925925925926
0 0.31827734375 0.8842814814814814 0.012596354166666665 0.03522962962962963
0 0.5225080729166667 0.9059101851851852 0.016891145833333333 0.013672222222222223
0 0.05859427083333334 0.3628171296296296 0.11198020833333334 0.09415277777777778
1 0.5 0.5147037037037037 1.0 0.9701481481481481
0 0.0630109375 0.2918800925925926 0.013521875 0.043019444444444443
0 0.18788854166666666 0.12487777777777777 0.03827708333333334 0.06271851851851852
0 0.20882317708333334 0.373937037037037 0.012438020833333334 0.025651851851851853
0 0.15699192708333334 0.374362037037037 0.0098171875 0.009835185185185185
0 0.27665989583333334 0.33599305555555553 0.008528125 0.016430555555555556
0 0.20112135416666668 0.26049999999999995 0.007451041666666667 0.008037037037037037
0 0.39678593749999996 0.7434638888888889 0.023780208333333334 0.02026111111111111
0 0.1007703125 0.31902407407407407 0.005707291666666667 0.01952962962962963
0 0.05626901041666667 0.11004675925925926 0.008371354166666668 0.02935277777777778
0 0.3753942708333333 0.114175 0.029955208333333334 0.08390555555555555
0 0.8302036458333333 0.5021300925925927 0.015615625 0.04129722222222222
0 0.7807192708333334 0.6071708333333333 0.013521875 0.03286018518518518
0 0.7829276041666666 0.57025 0.010646875 0.02383333333333333
0 0.8205877604166666 0.6881342592592592 0.0109671875 0.020712962962962964
0 0.9069580729166666 0.5974837962962963 0.011832812500000001 0.02459722222222222
0 0.8156416666666666 0.6156722222222223 0.005241666666666667 0.012825925925925926
0 0.8323244791666667 0.5923282407407408 0.011523958333333334 0.017989814814814813
0 0.8053239583333334 0.5499462962962963 0.008564583333333332 0.01655925925925926
0 0.8527091145833333 0.35369814814814815 0.0137515625 0.018507407407407406
0 0.8909848958333334 0.9177884259259259 0.06009479166666667 0.16520648148148148
0 0.8413765625 0.9948569444444445 0.007753125 0.01008425925925926
0 0.8604497395833334 0.9736055555555555 0.010482812499999999 0.017581481481481483
0 0.6786143229166667 0.9944259259259259 0.010353645833333334 0.011074074074074075
0 0.5646854166666666 0.8776828703703704 0.023120833333333334 0.046106481481481484
0 0.7781677083333334 0.986950462962963 0.009460416666666667 0.01834537037037037
0 0.31035729166666665 0.8507134259259259 0.01550625 0.027352777777777778
0 0.3979213541666667 0.8531782407407408 0.014592708333333334 0.011912037037037037
0 0.28297812499999997 0.9496111111111111 0.012831249999999999 0.021444444444444443
0 0.3791716145833333 0.9831236111111111 0.0135515625 0.018099074074074073
0 0.25044921875 0.5197555555555555 0.007148437499999999 0.020992592592592594
0 0.3661760416666667 0.5840620370370371 0.009435416666666667 0.029235185185185187
0 0.32812161458333333 0.9171555555555556 0.0114515625 0.021348148148148147
0 0.34272421875 0.8346050925925926 0.0073234375 0.01365462962962963
0 0.6622841145833332 0.9102986111111111 0.0141515625 0.033560185185185186
0 0.45763776041666665 0.9016055555555555 0.017358854166666667 0.01247037037037037
0 0.9458213541666667 0.43396574074074074 0.108309375 0.10682037037037037
1 0.49973958333333335 0.5189814814814815 0.9994791666666667 0.9601851851851851
0 0.05911458333333333 0.3194444444444444 0.013020833333333334 0.04259259259259259
0 0.18072916666666666 0.1449074074074074 0.0375 0.06388888888888888
0 0.20625 0.3925925925925926 0.0125 0.025925925925925925
0 0.15494791666666666 0.39537037037037037 0.009895833333333333 0.009259259259259259
0 0.2734375 0.35 0.008333333333333333 0.016666666666666666
0 0.19635416666666666 0.2791666666666667 0.007291666666666667 0.008333333333333333
0 0.4015625 0.7490740740740741 0.023958333333333335 0.020370370370370372
0 0.09713541666666667 0.3439814814814815 0.005729166666666666 0.019444444444444445
0 0.04869791666666667 0.13796296296296295 0.0078125 0.02962962962962963
0 0.36796875 0.12222222222222222 0.028645833333333332 0.08518518518518518
0 0.8299479166666667 0.48148148148148145 0.016145833333333335 0.040740740740740744
0 0.7825520833333334 0.5898148148148148 0.013020833333333334 0.03333333333333333
0 0.784375 0.5527777777777778 0.010416666666666666 0.024074074074074074
0 0.82421875 0.6685185185185185 0.0109375 0.020370370370370372
0 0.9083333333333333 0.5726851851851852 0.011458333333333333 0.025
0 0.8177083333333334 0.5962962962962963 0.005208333333333333 0.012962962962962963
0 0.8338541666666667 0.5712962962962963 0.011458333333333333 0.018518518518518517
0 0.80625 0.5305555555555556 0.008333333333333333 0.016666666666666666
0 0.8494791666666667 0.33240740740740743 0.013541666666666667 0.018518518518518517
0 0.896875 0.9041666666666667 0.0625 0.18981481481481483
0 0.85078125 0.975925925925926 0.0078125 0.014814814814814815
0 0.8697916666666666 0.950462962962963 0.010416666666666666 0.017592592592592594
0 0.6888020833333334 0.9884259259259259 0.011979166666666667 0.021296296296296296
0 0.571875 0.8731481481481481 0.022916666666666665 0.046296296296296294
0 0.7875 0.9694444444444444 0.009375 0.018518518518518517
0 0.3177083333333333 0.8625 0.015625 0.026851851851851852
0 0.4046875 0.8592592592592593 0.014583333333333334 0.011111111111111112
0 0.29192708333333334 0.9625 0.013020833333333334 0.021296296296296296
0 0.3885416666666667 0.9902777777777778 0.013541666666666667 0.017592592592592594
0 0.25078125 0.5356481481481481 0.0067708333333333336 0.021296296296296296
0 0.36796875 0.5921296296296297 0.009895833333333333 0.028703703703703703
0 0.33645833333333336 0.9273148148148148 0.011458333333333333 0.021296296296296296
0 0.3494791666666667 0.8439814814814814 0.007291666666666667 0.013888888888888888
0 0.6703125 0.9004629629629629 0.013541666666666667 0.03425925925925926
0 0.46536458333333336 0.9037037037037037 0.0171875 0.012962962962962963
0 0.94453125 0.40555555555555556 0.10989583333333333 0.10185185185185185
1 0.5 0.5231259259259259 1.0 0.9536592592592592
0 0.9460302083333333 0.3599865740740741 0.01289375 0.04219537037037037
0 0.8292666666666667 0.17626712962962962 0.036658333333333334 0.06549722222222222
0 0.7963864583333333 0.4205462962962963 0.012564583333333332 0.02627777777777778
0 0.84770390625 0.42769861111111107 0.009991145833333333 0.009100925925925927
0 0.7305734375 0.3714546296296296 0.008021875 0.016983333333333333
0 0.8097682291666667 0.3072777777777778 0.007036458333333333 0.009000000000000001
0 0.5907312499999999 0.7574662037037037 0.024170833333333332 0.02048796296296296
0 0.9070408854166666 0.3818583333333333 0.0057484375 0.019272222222222222
0 0.9612908854166666 0.18072916666666666 0.006956770833333333 0.029976851851851852
0 0.6433763020833333 0.13531527777777777 0.027377604166666666 0.08729722222222223
0 0.17101171874999999 0.4504620370370371 0.017023437500000002 0.03981296296296296
0 0.21532838541666666 0.5632791666666667 0.0129484375 0.03396574074074074
0 0.21439895833333333 0.5260791666666667 0.010047916666666667 0.024380555555555555
0 0.1710591145833333 0.6376824074074074 0.010868229166666667 0.01980925925925926
0 0.09033098958333333 0.5342638888888889 0.0108703125 0.025935185185185186
0 0.17979296875 0.5667546296296296 0.005419270833333333 0.01313888888888889
0 0.16452109374999999 0.5401898148148148 0.011333854166666666 0.019268518518518518
0 0.19304635416666666 0.501912962962963 0.007967708333333334 0.01678888888888889
0 0.15622708333333335 0.3009134259259259 0.013495833333333334 0.018493518518518517
0 0.09115546875000001 0.867425462962963 0.05835260416666667 0.1941101851851852
0 0.13571249999999999 0.942800462962963 0.007883333333333332 0.015230555555555556
0 0.11712578124999999 0.9154351851851852 0.010293229166666668 0.017907407407407407
0 0.29731796875 0.9706004629629629 0.012344270833333334 0.020830555555555557
0 0.4175291666666666 0.8660481481481481 0.022558333333333333 0.04691111111111111
0 0.19903359375 0.9419930555555556 0.009525520833333334 0.019171296296296294
0 0.6709997395833334 0.8787606481481481 0.015957812499999998 0.026039814814814814
0 0.5844330729166667 0.8684865740740741 0.014699479166666666 0.011047222222222222
0 0.6941377604166666 0.9808828703703704 0.013275520833333334 0.021025000000000002
0 0.5968520833333333 0.995387037037037 0.013495833333333334 0.009292592592592592
0 0.7478861979166667 0.559 0.006189062499999999 0.021703703703703704
0 0.6292401041666668 0.6048546296296297 0.010563541666666667 0.02822777777777778
0 0.6510338541666666 0.9420666666666667 0.011442708333333333 0.02117037037037037
0 0.640221875 0.8580305555555555 0.0075270833333333335 0.01420925925925926
0 0.31827734375 0.8842814814814814 0.012596354166666665 0.03522962962962963
0 0.5225080729166667 0.9059101851851852 0.016891145833333333 0.013672222222222223
0 0.05859427083333334 0.3628171296296296 0.11198020833333334 0.09415277777777778
1 0.5 0.5147037037037037 1.0 0.9701481481481481
0 0.0630109375 0.2918800925925926 0.013521875 0.043019444444444443
0 0.18788854166666666 0.12487777777777777 0.03827708333333334 0.06271851851851852
0 0.20882317708333334 0.373937037037037 0.012438020833333334 0.025651851851851853
0 0.15699192708333334 0.374362037037037 0.0098171875 0.009835185185185185
0 0.27665989583333334 0.33599305555555553 0.008528125 0.016430555555555556
0 0.20112135416666668 0.26049999999999995 0.007451041666666667 0.008037037037037037
0 0.39678593749999996 0.7434638888888889 0.023780208333333334 0.02026111111111111
0 0.1007703125 0.31902407407407407 0.005707291666666667 0.01952962962962963
0 0.05626901041666667 0.11004675925925926 0.008371354166666668 0.02935277777777778
0 0.3753942708333333 0.114175 0.029955208333333334 0.08390555555555555
0 0.8302036458333333 0.5021300925925927 0.015615625 0.04129722222222222
0 0.7807192708333334 0.6071708333333333 0.013521875 0.03286018518518518
0 0.7829276041666666 0.57025 0.010646875 0.02383333333333333
0 0.8205877604166666 0.6881342592592592 0.0109671875 0.020712962962962964
0 0.9069580729166666 0.5974837962962963 0.011832812500000001 0.02459722222222222
0 0.8156416666666666 0.6156722222222223 0.005241666666666667 0.012825925925925926
0 0.8323244791666667 0.5923282407407408 0.011523958333333334 0.017989814814814813
0 0.8053239583333334 0.5499462962962963 0.008564583333333332 0.01655925925925926
0 0.8527091145833333 0.35369814814814815 0.0137515625 0.018507407407407406
0 0.8909848958333334 0.9177884259259259 0.06009479166666667 0.16520648148148148
0 0.8413765625 0.9948569444444445 0.007753125 0.01008425925925926
0 0.8604497395833334 0.9736055555555555 0.010482812499999999 0.017581481481481483
0 0.6786143229166667 0.9944259259259259 0.010353645833333334 0.011074074074074075
0 0.5646854166666666 0.8776828703703704 0.023120833333333334 0.046106481481481484
0 0.7781677083333334 0.986950462962963 0.009460416666666667 0.01834537037037037
0 0.31035729166666665 0.8507134259259259 0.01550625 0.027352777777777778
0 0.3979213541666667 0.8531782407407408 0.014592708333333334 0.011912037037037037
0 0.28297812499999997 0.9496111111111111 0.012831249999999999 0.021444444444444443
0 0.3791716145833333 0.9831236111111111 0.0135515625 0.018099074074074073
0 0.25044921875 0.5197555555555555 0.007148437499999999 0.020992592592592594
0 0.3661760416666667 0.5840620370370371 0.009435416666666667 0.029235185185185187
0 0.32812161458333333 0.9171555555555556 0.0114515625 0.021348148148148147
0 0.34272421875 0.8346050925925926 0.0073234375 0.01365462962962963
0 0.6622841145833332 0.9102986111111111 0.0141515625 0.033560185185185186
0 0.45763776041666665 0.9016055555555555 0.017358854166666667 0.01247037037037037
0 0.9458213541666667 0.43396574074074074 0.108309375 0.10682037037037037
1 0.49973958333333335 0.5189814814814815 0.9994791666666667 0.9601851851851851
0 0.05911458333333333 0.3194444444444444 0.013020833333333334 0.04259259259259259
0 0.18072916666666666 0.1449074074074074 0.0375 0.06388888888888888
0 0.20625 0.3925925925925926 0.0125 0.025925925925925925
0 0.15494791666666666 0.39537037037037037 0.009895833333333333 0.009259259259259259
0 0.2734375 0.35 0.008333333333333333 0.016666666666666666
0 0.19635416666666666 0.2791666666666667 0.007291666666666667 0.008333333333333333
0 0.4015625 0.7490740740740741 0.023958333333333335 0.020370370370370372
0 0.09713541666666667 0.3439814814814815 0.005729166666666666 0.019444444444444445
0 0.04869791666666667 0.13796296296296295 0.0078125 0.02962962962962963
0 0.36796875 0.12222222222222222 0.028645833333333332 0.08518518518518518
0 0.8299479166666667 0.48148148148148145 0.016145833333333335 0.040740740740740744
0 0.7825520833333334 0.5898148148148148 0.013020833333333334 0.03333333333333333
0 0.784375 0.5527777777777778 0.010416666666666666 0.024074074074074074
0 0.82421875 0.6685185185185185 0.0109375 0.020370370370370372
0 0.9083333333333333 0.5726851851851852 0.011458333333333333 0.025
0 0.8177083333333334 0.5962962962962963 0.005208333333333333 0.012962962962962963
0 0.8338541666666667 0.5712962962962963 0.011458333333333333 0.018518518518518517
0 0.80625 0.5305555555555556 0.008333333333333333 0.016666666666666666
0 0.8494791666666667 0.33240740740740743 0.013541666666666667 0.018518518518518517
0 0.896875 0.9041666666666667 0.0625 0.18981481481481483
0 0.85078125 0.975925925925926 0.0078125 0.014814814814814815
0 0.8697916666666666 0.950462962962963 0.010416666666666666 0.017592592592592594
0 0.6888020833333334 0.9884259259259259 0.011979166666666667 0.021296296296296296
0 0.571875 0.8731481481481481 0.022916666666666665 0.046296296296296294
0 0.7875 0.9694444444444444 0.009375 0.018518518518518517
0 0.3177083333333333 0.8625 0.015625 0.026851851851851852
0 0.4046875 0.8592592592592593 0.014583333333333334 0.011111111111111112
0 0.29192708333333334 0.9625 0.013020833333333334 0.021296296296296296
0 0.3885416666666667 0.9902777777777778 0.013541666666666667 0.017592592592592594
0 0.25078125 0.5356481481481481 0.0067708333333333336 0.021296296296296296
0 0.36796875 0.5921296296296297 0.009895833333333333 0.028703703703703703
0 0.33645833333333336 0.9273148148148148 0.011458333333333333 0.021296296296296296
0 0.3494791666666667 0.8439814814814814 0.007291666666666667 0.013888888888888888
0 0.6703125 0.9004629629629629 0.013541666666666667 0.03425925925925926
0 0.46536458333333336 0.9037037037037037 0.0171875 0.012962962962962963
0 0.94453125 0.40555555555555556 0.10989583333333333 0.10185185185185185
1 0.5 0.5231259259259259 1.0 0.9536592592592592
0 0.9460302083333333 0.3599865740740741 0.01289375 0.04219537037037037
0 0.8292666666666667 0.17626712962962962 0.036658333333333334 0.06549722222222222
0 0.7963864583333333 0.4205462962962963 0.012564583333333332 0.02627777777777778
0 0.84770390625 0.42769861111111107 0.009991145833333333 0.009100925925925927
0 0.7305734375 0.3714546296296296 0.008021875 0.016983333333333333
0 0.8097682291666667 0.3072777777777778 0.007036458333333333 0.009000000000000001
0 0.5907312499999999 0.7574662037037037 0.024170833333333332 0.02048796296296296
0 0.9070408854166666 0.3818583333333333 0.0057484375 0.019272222222222222
0 0.9612908854166666 0.18072916666666666 0.006956770833333333 0.029976851851851852
0 0.6433763020833333 0.13531527777777777 0.027377604166666666 0.08729722222222223
0 0.17101171874999999 0.4504620370370371 0.017023437500000002 0.03981296296296296
0 0.21532838541666666 0.5632791666666667 0.0129484375 0.03396574074074074
0 0.21439895833333333 0.5260791666666667 0.010047916666666667 0.024380555555555555
0 0.1710591145833333 0.6376824074074074 0.010868229166666667 0.01980925925925926
0 0.09033098958333333 0.5342638888888889 0.0108703125 0.025935185185185186
0 0.17979296875 0.5667546296296296 0.005419270833333333 0.01313888888888889
0 0.16452109374999999 0.5401898148148148 0.011333854166666666 0.019268518518518518
0 0.19304635416666666 0.501912962962963 0.007967708333333334 0.01678888888888889
0 0.15622708333333335 0.3009134259259259 0.013495833333333334 0.018493518518518517
0 0.09115546875000001 0.867425462962963 0.05835260416666667 0.1941101851851852
0 0.13571249999999999 0.942800462962963 0.007883333333333332 0.015230555555555556
0 0.11712578124999999 0.9154351851851852 0.010293229166666668 0.017907407407407407
0 0.29731796875 0.9706004629629629 0.012344270833333334 0.020830555555555557
0 0.4175291666666666 0.8660481481481481 0.022558333333333333 0.04691111111111111
0 0.19903359375 0.9419930555555556 0.009525520833333334 0.019171296296296294
0 0.6709997395833334 0.8787606481481481 0.015957812499999998 0.026039814814814814
0 0.5844330729166667 0.8684865740740741 0.014699479166666666 0.011047222222222222
0 0.6941377604166666 0.9808828703703704 0.013275520833333334 0.021025000000000002
0 0.5968520833333333 0.995387037037037 0.013495833333333334 0.009292592592592592
0 0.7478861979166667 0.559 0.006189062499999999 0.021703703703703704
0 0.6292401041666668 0.6048546296296297 0.010563541666666667 0.02822777777777778
0 0.6510338541666666 0.9420666666666667 0.011442708333333333 0.02117037037037037
0 0.640221875 0.8580305555555555 0.0075270833333333335 0.01420925925925926
0 0.31827734375 0.8842814814814814 0.012596354166666665 0.03522962962962963
0 0.5225080729166667 0.9059101851851852 0.016891145833333333 0.013672222222222223
0 0.05859427083333334 0.3628171296296296 0.11198020833333334 0.09415277777777778
1 0.5 0.5147037037037037 1.0 0.9701481481481481
0 0.0630109375 0.2918800925925926 0.013521875 0.043019444444444443
0 0.18788854166666666 0.12487777777777777 0.03827708333333334 0.06271851851851852
0 0.20882317708333334 0.373937037037037 0.012438020833333334 0.025651851851851853
0 0.15699192708333334 0.374362037037037 0.0098171875 0.009835185185185185
0 0.27665989583333334 0.33599305555555553 0.008528125 0.016430555555555556
0 0.20112135416666668 0.26049999999999995 0.007451041666666667 0.008037037037037037
0 0.39678593749999996 0.7434638888888889 0.023780208333333334 0.02026111111111111
0 0.1007703125 0.31902407407407407 0.005707291666666667 0.01952962962962963
0 0.05626901041666667 0.11004675925925926 0.008371354166666668 0.02935277777777778
0 0.3753942708333333 0.114175 0.029955208333333334 0.08390555555555555
0 0.8302036458333333 0.5021300925925927 0.015615625 0.04129722222222222
0 0.7807192708333334 0.6071708333333333 0.013521875 0.03286018518518518
0 0.7829276041666666 0.57025 0.010646875 0.02383333333333333
0 0.8205877604166666 0.6881342592592592 0.0109671875 0.020712962962962964
0 0.9069580729166666 0.5974837962962963 0.011832812500000001 0.02459722222222222
0 0.8156416666666666 0.6156722222222223 0.005241666666666667 0.012825925925925926
0 0.8323244791666667 0.5923282407407408 0.011523958333333334 0.017989814814814813
0 0.8053239583333334 0.5499462962962963 0.008564583333333332 0.01655925925925926
0 0.8527091145833333 0.35369814814814815 0.0137515625 0.018507407407407406
0 0.8909848958333334 0.9177884259259259 0.06009479166666667 0.16520648148148148
0 0.8413765625 0.9948569444444445 0.007753125 0.01008425925925926
0 0.8604497395833334 0.9736055555555555 0.010482812499999999 0.017581481481481483
0 0.6786143229166667 0.9944259259259259 0.010353645833333334 0.011074074074074075
0 0.5646854166666666 0.8776828703703704 0.023120833333333334 0.046106481481481484
0 0.7781677083333334 0.986950462962963 0.009460416666666667 0.01834537037037037
0 0.31035729166666665 0.8507134259259259 0.01550625 0.027352777777777778
0 0.3979213541666667 0.8531782407407408 0.014592708333333334 0.011912037037037037
0 0.28297812499999997 0.9496111111111111 0.012831249999999999 0.021444444444444443
0 0.3791716145833333 0.9831236111111111 0.0135515625 0.018099074074074073
0 0.25044921875 0.5197555555555555 0.007148437499999999 0.020992592592592594
0 0.3661760416666667 0.5840620370370371 0.009435416666666667 0.029235185185185187
0 0.32812161458333333 0.9171555555555556 0.0114515625 0.021348148148148147
0 0.34272421875 0.8346050925925926 0.0073234375 0.01365462962962963
0 0.6622841145833332 0.9102986111111111 0.0141515625 0.033560185185185186
0 0.45763776041666665 0.9016055555555555 0.017358854166666667 0.01247037037037037
0 0.9458213541666667 0.43396574074074074 0.108309375 0.10682037037037037
