1 0.5 0.46730648148148146 1.0 0.9346129629629629
0 0.7620859375 0.6132893518518518 0.010630208333333334 0.03954166666666666
0 0.8243744791666666 0.7115930555555555 0.019582291666666665 0.013926851851851852
0 0.14501145833333334 0.2175875 0.022314583333333336 0.020360185185185186
0 0.3965825520833333 0.5231601851851853 0.005665104166666667 0.009283333333333333
1 0.49973958333333335 0.5226851851851851 0.9994791666666667 0.9527777777777777
0 0.24973958333333332 0.32314814814814813 0.011979166666666667 0.03888888888888889
0 0.1953125 0.2101851851851852 0.01875 0.016666666666666666
0 0.8291666666666667 0.8675925925925926 0.021875 0.024074074074074074
0 0.6041666666666666 0.5023148148148148 0.005208333333333333 0.008333333333333333
1 0.5 0.4684041666666667 1.0 0.9368083333333334
0 0.23647317708333335 0.6049694444444444 0.010446354166666666 0.03956851851851852
0 0.17337161458333333 0.7012268518518519 0.019659895833333333 0.013564814814814816
0 0.8575236979166667 0.22845185185185185 0.0223390625 0.019866666666666668
0 0.6028572916666667 0.5269171296296297 0.005714583333333333 0.009389814814814814
1 0.5 0.46730648148148146 1.0 0.9346129629629629
0 0.7620859375 0.6132893518518518 0.010630208333333334 0.03954166666666666
0 0.8243744791666666 0.7115930555555555 0.019582291666666665 0.013926851851851852
0 0.14501145833333334 0.2175875 0.022314583333333336 0.020360185185185186
0 0.3965825520833333 0.5231601851851853 0.005665104166666667 0.009283333333333333
1 0.49973958333333335 0.5226851851851851 0.9994791666666667 0.9527777777777777
0 0.24973958333333332 0.32314814814814813 0.011979166666666667 0.03888888888888889
0 0.1953125 0.2101851851851852 0.01875 0.016666666666666666
0 0.8291666666666667 0.8675925925925926 0.021875 0.024074074074074074
0 0.6041666666666666 0.5023148148148148 0.005208333333333333 0.008333333333333333
1 0.5 0.4684041666666667 1.0 0.9368083333333334
0 0.23647317708333335 0.6049694444444444 0.010446354166666666 0.03956851851851852
0 0.17337161458333333 0.7012268518518519 0.019659895833333333 0.013564814814814816
0 0.8575236979166667 0.22845185185185185 0.0223390625 0.019866666666666668
0 0.6028572916666667 0.5269171296296297 0.005714583333333333 0.009389814814814814
