1 0.50158056640625 0.5368875868055556 0.9973017578125 0.9262057291666667
1 0.217062255859375 0.7108454861111111 0.43412451171875 0.5571076388888889
0 0.399317626953125 0.4519674479166667 0.04765869140625 0.044559895833333335
0 0.83447802734375 0.33504383680555555 0.0185654296875 0.03293489583333334
0 0.86404345703125 0.3053337673611111 0.0288681640625 0.056848090277777784
0 0.16543359375 0.16278255208333334 0.007625 0.023481770833333332
0 0.258904541015625 0.3787638888888889 0.01390283203125 0.03704166666666667
1 0.501018798828125 0.46327821180555556 0.99813134765625 0.9265564236111111
1 0.21947119140625 0.2804761284722222 0.4389423828125 0.5435911458333333
0 0.39923779296875 0.5454930555555556 0.0474990234375 0.044111111111111115
0 0.83254736328125 0.6746154513888889 0.0186103515625 0.03325868055555556
0 0.86197412109375 0.7062890625 0.0286357421875 0.05667534722222223
0 0.607416015625 0.005038628472222222 0.01658984375 0.010077256944444444
0 0.161936279296875 0.8268645833333333 0.00746630859375 0.023520833333333335
0 0.257978759765625 0.6141171875 0.01400439453125 0.03726215277777778
1 0.4998046875 0.5286458333333334 0.999609375 0.9409722222222222
1 0.231640625 0.7628472222222222 0.46328125 0.47361111111111115
0 0.397265625 0.4715277777777778 0.0484375 0.04722222222222222
0 0.823046875 0.2743055555555556 0.019140625 0.034722222222222224
0 0.85009765625 0.23802083333333332 0.02734375 0.05763888888888889
0 0.630859375 0.9847222222222223 0.021484375 0.028472222222222218
0 0.146875 0.22708333333333336 0.006640625 0.02361111111111111
0 0.253515625 0.4236111111111111 0.01484375 0.03819444444444445
1 0.50158056640625 0.5368875868055556 0.9973017578125 0.9262057291666667
1 0.217062255859375 0.7108454861111111 0.43412451171875 0.5571076388888889
0 0.399317626953125 0.4519674479166667 0.04765869140625 0.044559895833333335
0 0.83447802734375 0.33504383680555555 0.0185654296875 0.03293489583333334
0 0.86404345703125 0.3053337673611111 0.0288681640625 0.056848090277777784
0 0.16543359375 0.16278255208333334 0.007625 0.023481770833333332
0 0.258904541015625 0.3787638888888889 0.01390283203125 0.03704166666666667
1 0.501018798828125 0.46327821180555556 0.99813134765625 0.9265564236111111
1 0.21947119140625 0.2804761284722222 0.4389423828125 0.5435911458333333
0 0.39923779296875 0.5454930555555556 0.0474990234375 0.044111111111111115
0 0.83254736328125 0.6746154513888889 0.0186103515625 0.03325868055555556
0 0.86197412109375 0.7062890625 0.0286357421875 0.05667534722222223
0 0.607416015625 0.005038628472222222 0.01658984375 0.010077256944444444
0 0.161936279296875 0.8268645833333333 0.00746630859375 0.023520833333333335
0 0.257978759765625 0.6141171875 0.01400439453125 0.03726215277777778
1 0.4998046875 0.5286458333333334 0.999609375 0.9409722222222222
1 0.231640625 0.7628472222222222 0.46328125 0.47361111111111115
0 0.397265625 0.4715277777777778 0.0484375 0.04722222222222222
0 0.823046875 0.2743055555555556 0.019140625 0.034722222222222224
0 0.85009765625 0.23802083333333332 0.02734375 0.05763888888888889
0 0.630859375 0.9847222222222223 0.021484375 0.028472222222222218
0 0.146875 0.22708333333333336 0.006640625 0.02361111111111111
0 0.253515625 0.4236111111111111 0.01484375 0.03819444444444445
1 0.50158056640625 0.5368875868055556 0.9973017578125 0.9262057291666667
1 0.217062255859375 0.7108454861111111 0.43412451171875 0.5571076388888889
0 0.399317626953125 0.4519674479166667 0.04765869140625 0.044559895833333335
0 0.83447802734375 0.33504383680555555 0.0185654296875 0.03293489583333334
0 0.86404345703125 0.3053337673611111 0.0288681640625 0.056848090277777784
0 0.16543359375 0.16278255208333334 0.007625 0.023481770833333332
0 0.258904541015625 0.3787638888888889 0.01390283203125 0.03704166666666667
1 0.501018798828125 0.46327821180555556 0.99813134765625 0.9265564236111111
1 0.21947119140625 0.2804761284722222 0.4389423828125 0.5435911458333333
0 0.39923779296875 0.5454930555555556 0.0474990234375 0.044111111111111115
0 0.83254736328125 0.6746154513888889 0.0186103515625 0.03325868055555556
0 0.86197412109375 0.7062890625 0.0286357421875 0.05667534722222223
0 0.607416015625 0.005038628472222222 0.01658984375 0.010077256944444444
0 0.161936279296875 0.8268645833333333 0.00746630859375 0.023520833333333335
0 0.257978759765625 0.6141171875 0.01400439453125 0.03726215277777778
1 0.4998046875 0.5286458333333334 0.999609375 0.9409722222222222
1 0.231640625 0.7628472222222222 0.46328125 0.47361111111111115
0 0.397265625 0.4715277777777778 0.0484375 0.04722222222222222
0 0.823046875 0.2743055555555556 0.019140625 0.034722222222222224
0 0.85009765625 0.23802083333333332 0.02734375 0.05763888888888889
0 0.630859375 0.9847222222222223 0.021484375 0.028472222222222218
0 0.146875 0.22708333333333336 0.006640625 0.02361111111111111
0 0.253515625 0.4236111111111111 0.01484375 0.03819444444444445
