1 0.5 0.5368069444444445 1.0 0.9254657407407407
0 0.9064015624999999 0.8600486111111111 0.026344791666666666 0.04417129629629629
0 0.5831299479166667 0.9150583333333334 0.0110515625 0.020857407407407408
0 0.9569716145833334 0.7239583333333334 0.010818229166666667 0.04236111111111111
0 0.013616666666666666 0.6461574074074075 0.008483333333333334 0.01824074074074074
0 0.3780598958333333 0.3297819444444444 0.010286458333333333 0.026230555555555556
0 0.14776770833333333 0.284411574074074 0.01324375 0.035489814814814814
0 0.6969765625 0.48054675925925927 0.0064531250000000005 0.025908333333333335
0 0.5642231770833334 0.7611092592592593 0.009696354166666667 0.022218518518518516
0 0.5153364583333333 0.2754625 0.00463125 0.05462870370370371
0 0.9119049479166667 0.5842398148148149 0.019643229166666668 0.048109259259259254
1 0.49973958333333335 0.549074074074074 0.9994791666666667 0.9
0 0.11302083333333333 0.9217592592592593 0.027083333333333334 0.041666666666666664
0 0.4375 0.9259259259259259 0.011458333333333333 0.020370370370370372
0 0.05572916666666667 0.7935185185185185 0.0125 0.040740740740740744
0 0.9919270833333333 0.5699074074074074 0.008854166666666666 0.019444444444444445
0 0.6135416666666667 0.3111111111111111 0.010416666666666666 0.025925925925925925
0 0.8403645833333333 0.2310185185185185 0.013020833333333334 0.03611111111111111
0 0.3028645833333333 0.5111111111111111 0.0067708333333333336 0.025925925925925925
0 0.44895833333333335 0.7703703703703704 0.010416666666666666 0.022222222222222223
0 0.4739583333333333 0.27870370370370373 0.007291666666666667 0.053703703703703705
0 0.0939453125 0.6475115740740741 0.020182291666666668 0.046875
1 0.5 0.5403120370370371 1.0 0.9195129629629629
0 0.09762942708333333 0.872774074074074 0.026508854166666665 0.043696296296296296
0 0.4206739583333333 0.9168680555555555 0.011139583333333335 0.020773148148148148
0 0.045164062500000005 0.7376976851851852 0.011161458333333334 0.04206203703703704
0 0.9880833333333333 0.6305425925925926 0.008458333333333333 0.018492592592592595
0 0.6207843749999999 0.3260560185185185 0.01031875 0.02618611111111111
0 0.8498328125000001 0.27337314814814817 0.013207291666666668 0.03563518518518518
0 0.3026875 0.4870379629629629 0.006416666666666667 0.025927777777777775
0 0.43825651041666663 0.7629680555555556 0.009846354166666666 0.022232407407407406
0 0.4827916666666667 0.2763125 0.005166666666666667 0.05447685185185185
0 0.08895052083333334 0.5970935185185186 0.019567708333333333 0.04789074074074074
1 0.5 0.5368069444444445 1.0 0.9254657407407407
0 0.9064015624999999 0.8600486111111111 0.026344791666666666 0.04417129629629629
0 0.5831299479166667 0.9150583333333334 0.0110515625 0.020857407407407408
0 0.9569716145833334 0.7239583333333334 0.010818229166666667 0.04236111111111111
0 0.013616666666666666 0.6461574074074075 0.008483333333333334 0.01824074074074074
0 0.3780598958333333 0.3297819444444444 0.010286458333333333 0.026230555555555556
0 0.14776770833333333 0.284411574074074 0.01324375 0.035489814814814814
0 0.6969765625 0.48054675925925927 0.0064531250000000005 0.025908333333333335
0 0.5642231770833334 0.7611092592592593 0.009696354166666667 0.022218518518518516
0 0.5153364583333333 0.2754625 0.00463125 0.05462870370370371
0 0.9119049479166667 0.5842398148148149 0.019643229166666668 0.048109259259259254
1 0.49973958333333335 0.549074074074074 0.9994791666666667 0.9
0 0.11302083333333333 0.9217592592592593 0.027083333333333334 0.041666666666666664
0 0.4375 0.9259259259259259 0.011458333333333333 0.020370370370370372
0 0.05572916666666667 0.7935185185185185 0.0125 0.040740740740740744
0 0.9919270833333333 0.5699074074074074 0.008854166666666666 0.019444444444444445
0 0.6135416666666667 0.3111111111111111 0.010416666666666666 0.025925925925925925
0 0.8403645833333333 0.2310185185185185 0.013020833333333334 0.03611111111111111
0 0.3028645833333333 0.5111111111111111 0.0067708333333333336 0.025925925925925925
0 0.44895833333333335 0.7703703703703704 0.010416666666666666 0.022222222222222223
0 0.4739583333333333 0.27870370370370373 0.007291666666666667 0.053703703703703705
0 0.0939453125 0.6475115740740741 0.020182291666666668 0.046875
1 0.5 0.5403120370370371 1.0 0.9195129629629629
0 0.09762942708333333 0.872774074074074 0.026508854166666665 0.043696296296296296
0 0.4206739583333333 0.9168680555555555 0.011139583333333335 0.020773148148148148
0 0.045164062500000005 0.7376976851851852 0.011161458333333334 0.04206203703703704
0 0.9880833333333333 0.6305425925925926 0.008458333333333333 0.018492592592592595
0 0.6207843749999999 0.3260560185185185 0.01031875 0.02618611111111111
0 0.8498328125000001 0.27337314814814817 0.013207291666666668 0.03563518518518518
0 0.3026875 0.4870379629629629 0.006416666666666667 0.025927777777777775
0 0.43825651041666663 0.7629680555555556 0.009846354166666666 0.022232407407407406
0 0.4827916666666667 0.2763125 0.005166666666666667 0.05447685185185185
0 0.08895052083333334 0.5970935185185186 0.019567708333333333 0.04789074074074074
1 0.5 0.5368069444444445 1.0 0.9254657407407407
0 0.9064015624999999 0.8600486111111111 0.026344791666666666 0.04417129629629629
0 0.5831299479166667 0.9150583333333334 0.0110515625 0.020857407407407408
0 0.9569716145833334 0.7239583333333334 0.010818229166666667 0.04236111111111111
0 0.013616666666666666 0.6461574074074075 0.008483333333333334 0.01824074074074074
0 0.3780598958333333 0.3297819444444444 0.010286458333333333 0.026230555555555556
0 0.14776770833333333 0.284411574074074 0.01324375 0.035489814814814814
0 0.6969765625 0.48054675925925927 0.0064531250000000005 0.025908333333333335
0 0.5642231770833334 0.7611092592592593 0.009696354166666667 0.022218518518518516
0 0.5153364583333333 0.2754625 0.00463125 0.05462870370370371
0 0.9119049479166667 0.5842398148148149 0.019643229166666668 0.048109259259259254
1 0.49973958333333335 0.549074074074074 0.9994791666666667 0.9
0 0.11302083333333333 0.9217592592592593 0.027083333333333334 0.041666666666666664
0 0.4375 0.9259259259259259 0.011458333333333333 0.020370370370370372
0 0.05572916666666667 0.7935185185185185 0.0125 0.040740740740740744
0 0.9919270833333333 0.5699074074074074 0.008854166666666666 0.019444444444444445
0 0.6135416666666667 0.3111111111111111 0.010416666666666666 0.025925925925925925
0 0.8403645833333333 0.2310185185185185 0.013020833333333334 0.03611111111111111
0 0.3028645833333333 0.5111111111111111 0.0067708333333333336 0.025925925925925925
0 0.44895833333333335 0.7703703703703704 0.010416666666666666 0.022222222222222223
0 0.4739583333333333 0.27870370370370373 0.007291666666666667 0.053703703703703705
0 0.0939453125 0.6475115740740741 0.020182291666666668 0.046875
1 0.5 0.5403120370370371 1.0 0.9195129629629629
0 0.09762942708333333 0.872774074074074 0.026508854166666665 0.043696296296296296
0 0.4206739583333333 0.9168680555555555 0.011139583333333335 0.020773148148148148
0 0.045164062500000005 0.7376976851851852 0.011161458333333334 0.04206203703703704
0 0.9880833333333333 0.6305425925925926 0.008458333333333333 0.018492592592592595
0 0.6207843749999999 0.3260560185185185 0.01031875 0.02618611111111111
0 0.8498328125000001 0.27337314814814817 0.013207291666666668 0.03563518518518518
0 0.3026875 0.4870379629629629 0.006416666666666667 0.025927777777777775
0 0.43825651041666663 0.7629680555555556 0.009846354166666666 0.022232407407407406
0 0.4827916666666667 0.2763125 0.005166666666666667 0.05447685185185185
0 0.08895052083333334 0.5970935185185186 0.019567708333333333 0.04789074074074074
