1 0.5 0.4613939814814815 1.0 0.922787962962963
0 0.9838809895833334 0.7194990740740741 0.006303645833333333 0.02418333333333333
0 0.771046875 0.6338097222222222 0.018135416666666668 0.03613796296296297
0 0.7385820312500001 0.5699546296296296 0.007372395833333333 0.013983333333333334
0 0.6837419270833334 0.35815277777777776 0.022692187500000002 0.03482407407407408
0 0.9544080729166667 0.4296439814814815 0.010899479166666667 0.022250925925925924
0 0.9740257812500001 0.31943472222222224 0.008468229166666667 0.022202777777777776
0 0.7018671875 0.14900787037037036 0.014151041666666668 0.02023796296296296
0 0.8635815104166666 0.12725694444444444 0.012579687499999999 0.015625
0 0.47109296875 0.2972046296296296 0.009894270833333333 0.018483333333333334
0 0.5526348958333334 0.2559601851851852 0.013603124999999999 0.024883333333333334
0 0.5802393229166667 0.31702314814814814 0.0115203125 0.01737962962962963
0 0.4198395833333333 0.1075050925925926 0.027179166666666664 0.024269444444444444
0 0.2783846354166667 0.11578796296296297 0.008852604166666667 0.018612962962962963
0 0.12587057291666667 0.581738425925926 0.0215328125 0.050513888888888886
0 0.19789114583333334 0.7119430555555556 0.019740625 0.06833055555555555
0 0.27926640625 0.6190662037037037 0.022074479166666668 0.05294722222222222
0 0.20856093750000002 0.3950597222222222 0.012955208333333332 0.01604537037037037
0 0.16533203125 0.2796685185185185 0.009830729166666666 0.0223
0 0.7010911458333333 0.33882268518518516 0.007390625 0.01838611111111111
0 0.6935205729166667 0.32453518518518515 0.0099578125 0.021292592592592592
0 0.6642393229166667 0.27012407407407407 0.0232703125 0.02172962962962963
0 0.8421916666666667 0.21943564814814814 0.005216666666666666 0.007389814814814814
0 0.9038786458333333 0.2416097222222222 0.0046322916666666665 0.007293518518518519
0 0.3385455729166667 0.7448333333333333 0.008341145833333334 0.019296296296296298
0 0.4516208333333333 0.390737962962963 0.010533333333333334 0.03888333333333333
0 0.23104244791666667 0.06844305555555555 0.021459895833333336 0.035034259259259265
0 0.9499580729166667 0.6801546296296296 0.014499479166666666 0.03253148148148148
0 0.8044221354166667 0.7356226851851851 0.0067609375 0.017541666666666667
1 0.5 0.46830370370370367 1.0 0.9366074074074073
0 0.9621651041666667 0.8365523148148148 0.007663541666666667 0.023104629629629628
0 0.7578015625 0.6992898148148148 0.018728124999999998 0.035616666666666665
0 0.7309372395833333 0.6287763888888889 0.006666145833333333 0.013108333333333333
0 0.6928666666666667 0.40508796296296296 0.02115 0.037953703703703705
0 0.9555549479166667 0.5423967592592592 0.011109895833333333 0.021830555555555558
0 0.9833294270833334 0.4386699074074074 0.008325520833333332 0.02363611111111111
0 0.7278440104166666 0.20222731481481482 0.014021354166666666 0.021121296296296298
0 0.8891111979166666 0.22116944444444445 0.012597395833333334 0.016412962962962963
0 0.48715781249999995 0.2917106481481482 0.010773958333333333 0.01860648148148148
0 0.57160234375 0.2711351851851852 0.012996354166666666 0.025603703703703705
0 0.5940059895833334 0.33909398148148145 0.010928645833333334 0.018928703703703705
0 0.45111249999999997 0.09179768518518519 0.026183333333333333 0.029891666666666667
0 0.31059921875 0.06533333333333334 0.009740104166666668 0.017703703703703704
0 0.12402526041666667 0.4877949074074074 0.01992552083333333 0.05336759259259259
0 0.18381484375 0.6357680555555556 0.016588020833333335 0.06968425925925927
0 0.27212109375 0.5636958333333334 0.024450520833333333 0.05146574074074074
0 0.21970494791666667 0.32408333333333333 0.013368229166666667 0.014833333333333334
0 0.18602109375 0.1996351851851852 0.010583854166666667 0.02149259259259259
0 0.7118205729166667 0.39019722222222225 0.006974479166666667 0.019283333333333333
0 0.7055906249999999 0.37538379629629626 0.010139583333333334 0.021137962962962963
0 0.6804317708333334 0.313675 0.02440520833333333 0.01809074074074074
0 0.8608864583333333 0.30743611111111113 0.0051062500000000005 0.007464814814814814
0 0.9202250000000001 0.3448115740740741 0.005033333333333333 0.008141666666666667
0 0.32135026041666664 0.7018240740740741 0.008325520833333332 0.020314814814814817
0 0.46018749999999997 0.37948472222222224 0.009958333333333335 0.03859907407407407
0 0.2669875 0.012026388888888889 0.020433333333333335 0.024052777777777777
0 0.9314364583333333 0.789174537037037 0.015997916666666667 0.03205277777777778
0 0.78297109375 0.8089 0.0076088541666666665 0.0178
1 0.49973958333333335 0.538425925925926 0.9994791666666667 0.9212962962962963
0 0.018229166666666668 0.2657407407407407 0.00625 0.024074074074074074
0 0.23046875 0.3578703703703704 0.018229166666666668 0.03611111111111111
0 0.26197916666666665 0.42268518518518516 0.007291666666666667 0.013888888888888888
0 0.31484375 0.6361111111111111 0.022395833333333334 0.03518518518518519
0 0.04505208333333333 0.5564814814814815 0.0109375 0.022222222222222223
0 0.024479166666666666 0.6657407407407407 0.008333333333333333 0.022222222222222223
0 0.29453125 0.8444444444444444 0.0140625 0.020370370370370372
0 0.1328125 0.861574074074074 0.0125 0.01574074074074074
0 0.5268229166666667 0.7037037037037037 0.009895833333333333 0.018518518518518517
0 0.44479166666666664 0.7421296296296296 0.013541666666666667 0.025
0 0.41770833333333335 0.6800925925925926 0.011458333333333333 0.017592592592592594
0 0.5765625 0.8949074074074074 0.027083333333333334 0.025
0 0.71796875 0.8907407407407407 0.008854166666666666 0.018518518518518517
0 0.8747395833333333 0.4300925925925926 0.021354166666666667 0.05092592592592592
0 0.8044270833333333 0.2972222222222222 0.019270833333333334 0.06851851851851852
0 0.7216145833333333 0.3875 0.022395833333333334 0.05277777777777778
0 0.7903645833333334 0.6143518518518518 0.013020833333333334 0.01574074074074074
0 0.8325520833333333 0.7305555555555555 0.009895833333333333 0.022222222222222223
0 0.29739583333333336 0.6546296296296297 0.007291666666666667 0.018518518518518517
0 0.30494791666666665 0.6689814814814815 0.009895833333333333 0.021296296296296296
0 0.33359375 0.7245370370370371 0.0234375 0.021296296296296296
0 0.15520833333333334 0.7694444444444445 0.005208333333333333 0.007407407407407408
0 0.09348958333333333 0.7453703703703703 0.0046875 0.007407407407407408
0 0.6635416666666667 0.26064814814814813 0.008333333333333333 0.019444444444444445
0 0.5473958333333333 0.6111111111111112 0.010416666666666666 0.03888888888888889
0 0.76484375 0.9398148148148148 0.021354166666666667 0.03518518518518519
0 0.052083333333333336 0.3060185185185185 0.014583333333333334 0.032407407407407406
0 0.19817708333333334 0.2550925925925926 0.0067708333333333336 0.017592592592592594
1 0.5 0.4613939814814815 1.0 0.922787962962963
0 0.9838809895833334 0.7194990740740741 0.006303645833333333 0.02418333333333333
0 0.771046875 0.6338097222222222 0.018135416666666668 0.03613796296296297
0 0.7385820312500001 0.5699546296296296 0.007372395833333333 0.013983333333333334
0 0.6837419270833334 0.35815277777777776 0.022692187500000002 0.03482407407407408
0 0.9544080729166667 0.4296439814814815 0.010899479166666667 0.022250925925925924
0 0.9740257812500001 0.31943472222222224 0.008468229166666667 0.022202777777777776
0 0.7018671875 0.14900787037037036 0.014151041666666668 0.02023796296296296
0 0.8635815104166666 0.12725694444444444 0.012579687499999999 0.015625
0 0.47109296875 0.2972046296296296 0.009894270833333333 0.018483333333333334
0 0.5526348958333334 0.2559601851851852 0.013603124999999999 0.024883333333333334
0 0.5802393229166667 0.31702314814814814 0.0115203125 0.01737962962962963
0 0.4198395833333333 0.1075050925925926 0.027179166666666664 0.024269444444444444
0 0.2783846354166667 0.11578796296296297 0.008852604166666667 0.018612962962962963
0 0.12587057291666667 0.581738425925926 0.0215328125 0.050513888888888886
0 0.19789114583333334 0.7119430555555556 0.019740625 0.06833055555555555
0 0.27926640625 0.6190662037037037 0.022074479166666668 0.05294722222222222
0 0.20856093750000002 0.3950597222222222 0.012955208333333332 0.01604537037037037
0 0.16533203125 0.2796685185185185 0.009830729166666666 0.0223
0 0.7010911458333333 0.33882268518518516 0.007390625 0.01838611111111111
0 0.6935205729166667 0.32453518518518515 0.0099578125 0.021292592592592592
0 0.6642393229166667 0.27012407407407407 0.0232703125 0.02172962962962963
0 0.8421916666666667 0.21943564814814814 0.005216666666666666 0.007389814814814814
0 0.9038786458333333 0.2416097222222222 0.0046322916666666665 0.007293518518518519
0 0.3385455729166667 0.7448333333333333 0.008341145833333334 0.019296296296296298
0 0.4516208333333333 0.390737962962963 0.010533333333333334 0.03888333333333333
0 0.23104244791666667 0.06844305555555555 0.021459895833333336 0.035034259259259265
0 0.9499580729166667 0.6801546296296296 0.014499479166666666 0.03253148148148148
0 0.8044221354166667 0.7356226851851851 0.0067609375 0.017541666666666667
1 0.5 0.46830370370370367 1.0 0.9366074074074073
0 0.9621651041666667 0.8365523148148148 0.007663541666666667 0.023104629629629628
0 0.7578015625 0.6992898148148148 0.018728124999999998 0.035616666666666665
0 0.7309372395833333 0.6287763888888889 0.006666145833333333 0.013108333333333333
0 0.6928666666666667 0.40508796296296296 0.02115 0.037953703703703705
0 0.9555549479166667 0.5423967592592592 0.011109895833333333 0.021830555555555558
0 0.9833294270833334 0.4386699074074074 0.008325520833333332 0.02363611111111111
0 0.7278440104166666 0.20222731481481482 0.014021354166666666 0.021121296296296298
0 0.8891111979166666 0.22116944444444445 0.012597395833333334 0.016412962962962963
0 0.48715781249999995 0.2917106481481482 0.010773958333333333 0.01860648148148148
0 0.57160234375 0.2711351851851852 0.012996354166666666 0.025603703703703705
0 0.5940059895833334 0.33909398148148145 0.010928645833333334 0.018928703703703705
0 0.45111249999999997 0.09179768518518519 0.026183333333333333 0.029891666666666667
0 0.31059921875 0.06533333333333334 0.009740104166666668 0.017703703703703704
0 0.12402526041666667 0.4877949074074074 0.01992552083333333 0.05336759259259259
0 0.18381484375 0.6357680555555556 0.016588020833333335 0.06968425925925927
0 0.27212109375 0.5636958333333334 0.024450520833333333 0.05146574074074074
0 0.21970494791666667 0.32408333333333333 0.013368229166666667 0.014833333333333334
0 0.18602109375 0.1996351851851852 0.010583854166666667 0.02149259259259259
0 0.7118205729166667 0.39019722222222225 0.006974479166666667 0.019283333333333333
0 0.7055906249999999 0.37538379629629626 0.010139583333333334 0.021137962962962963
0 0.6804317708333334 0.313675 0.02440520833333333 0.01809074074074074
0 0.8608864583333333 0.30743611111111113 0.0051062500000000005 0.007464814814814814
0 0.9202250000000001 0.3448115740740741 0.005033333333333333 0.008141666666666667
0 0.32135026041666664 0.7018240740740741 0.008325520833333332 0.020314814814814817
0 0.46018749999999997 0.37948472222222224 0.009958333333333335 0.03859907407407407
0 0.2669875 0.012026388888888889 0.020433333333333335 0.024052777777777777
0 0.9314364583333333 0.789174537037037 0.015997916666666667 0.03205277777777778
0 0.78297109375 0.8089 0.0076088541666666665 0.0178
1 0.49973958333333335 0.538425925925926 0.9994791666666667 0.9212962962962963
0 0.018229166666666668 0.2657407407407407 0.00625 0.024074074074074074
0 0.23046875 0.3578703703703704 0.018229166666666668 0.03611111111111111
0 0.26197916666666665 0.42268518518518516 0.007291666666666667 0.013888888888888888
0 0.31484375 0.6361111111111111 0.022395833333333334 0.03518518518518519
0 0.04505208333333333 0.5564814814814815 0.0109375 0.022222222222222223
0 0.024479166666666666 0.6657407407407407 0.008333333333333333 0.022222222222222223
0 0.29453125 0.8444444444444444 0.0140625 0.020370370370370372
0 0.1328125 0.861574074074074 0.0125 0.01574074074074074
0 0.5268229166666667 0.7037037037037037 0.009895833333333333 0.018518518518518517
0 0.44479166666666664 0.7421296296296296 0.013541666666666667 0.025
0 0.41770833333333335 0.6800925925925926 0.011458333333333333 0.017592592592592594
0 0.5765625 0.8949074074074074 0.027083333333333334 0.025
0 0.71796875 0.8907407407407407 0.008854166666666666 0.018518518518518517
0 0.8747395833333333 0.4300925925925926 0.021354166666666667 0.05092592592592592
0 0.8044270833333333 0.2972222222222222 0.019270833333333334 0.06851851851851852
0 0.7216145833333333 0.3875 0.022395833333333334 0.05277777777777778
0 0.7903645833333334 0.6143518518518518 0.013020833333333334 0.01574074074074074
0 0.8325520833333333 0.7305555555555555 0.009895833333333333 0.022222222222222223
0 0.29739583333333336 0.6546296296296297 0.007291666666666667 0.018518518518518517
0 0.30494791666666665 0.6689814814814815 0.009895833333333333 0.021296296296296296
0 0.33359375 0.7245370370370371 0.0234375 0.021296296296296296
0 0.15520833333333334 0.7694444444444445 0.005208333333333333 0.007407407407407408
0 0.09348958333333333 0.7453703703703703 0.0046875 0.007407407407407408
0 0.6635416666666667 0.26064814814814813 0.008333333333333333 0.019444444444444445
0 0.5473958333333333 0.6111111111111112 0.010416666666666666 0.03888888888888889
0 0.76484375 0.9398148148148148 0.021354166666666667 0.03518518518518519
0 0.052083333333333336 0.3060185185185185 0.014583333333333334 0.032407407407407406
0 0.19817708333333334 0.2550925925925926 0.0067708333333333336 0.017592592592592594
