1 0.5 0.5382175925925926 1.0 0.9227314814814814
0 0.26404322916666667 0.35477314814814814 0.03329479166666667 0.026212962962962962
0 0.63453125 0.9166393518518519 0.013854166666666667 0.03698240740740741
0 0.5398713541666668 0.9142916666666666 0.009951041666666667 0.03784259259259259
0 0.35696432291666663 0.422312962962963 0.010803645833333332 0.020551851851851852
0 0.6154499999999999 0.728488425925926 0.018400000000000003 0.01623611111111111
0 0.5323796875 0.7667578703703704 0.009551041666666668 0.018700925925925926
0 0.5512705729166666 0.7560300925925927 0.013999479166666667 0.015763888888888886
0 0.7959122395833333 0.793975462962963 0.0095328125 0.019432407407407405
0 0.30690885416666663 0.6093143518518518 0.013817708333333335 0.031591666666666664
0 0.5729497395833333 0.28743101851851854 0.010482812499999999 0.013750925925925927
0 0.5474093750000001 0.29608796296296297 0.026068749999999998 0.02736111111111111
0 0.30309609374999996 0.4945074074074074 0.016608854166666666 0.039014814814814815
0 0.11895234375 0.42532037037037035 0.0222796875 0.04323333333333333
0 0.02490078125 0.4449648148148148 0.008134895833333333 0.02326296296296296
0 0.9780190104166666 0.7022023148148149 0.011246354166666667 0.05070092592592593
1 0.5 0.5297324074074073 1.0 0.9409462962962962
0 0.7284898437499999 0.3184722222222222 0.03302135416666667 0.029537037037037035
0 0.38643046875000003 0.9359166666666666 0.0134859375 0.036648148148148145
0 0.4806682291666667 0.9186708333333333 0.011336458333333332 0.03734166666666667
0 0.6390872395833332 0.4002625 0.010466145833333333 0.02089537037037037
0 0.39582239583333334 0.7455009259259259 0.018728124999999998 0.015075925925925927
0 0.48101171875 0.7706398148148149 0.009940104166666667 0.01905740740740741
0 0.46107734375000003 0.763423611111111 0.013821354166666666 0.01573611111111111
0 0.21952161458333333 0.8392791666666667 0.0098765625 0.019299074074074073
0 0.6982328125 0.578812037037037 0.013132291666666665 0.03169814814814815
0 0.4172755208333333 0.2992597222222222 0.010592708333333334 0.01333425925925926
0 0.44281588541666667 0.3035981481481482 0.027298437499999998 0.02386296296296296
0 0.6958171875 0.4647013888888889 0.017676041666666666 0.03681018518518519
0 0.8756484375 0.36559027777777775 0.023171875 0.042291666666666665
0 0.9705942708333333 0.3718986111111111 0.008896875 0.02342685185185185
0 0.03319192708333333 0.7758606481481481 0.013258854166666667 0.049869444444444445
1 0.49973958333333335 0.5388888888888889 0.9994791666666667 0.9203703703703704
0 0.26145833333333335 0.36898148148148147 0.03333333333333333 0.025
0 0.64296875 0.9083333333333333 0.0140625 0.037037037037037035
0 0.5479166666666667 0.9115740740740741 0.009375 0.03796296296296296
0 0.35546875 0.43148148148148147 0.0109375 0.020370370370370372
0 0.6200520833333333 0.7212962962962963 0.018229166666666668 0.016666666666666666
0 0.5375 0.7648148148148148 0.009375 0.018518518518518517
0 0.5565104166666667 0.7523148148148148 0.0140625 0.01574074074074074
0 0.8015625 0.7754629629629629 0.009375 0.019444444444444445
0 0.30911458333333336 0.6212962962962963 0.0140625 0.03148148148148148
0 0.56875 0.2828703703703704 0.010416666666666666 0.013888888888888888
0 0.5434895833333333 0.29305555555555557 0.025520833333333333 0.028703703703703703
0 0.3033854166666667 0.5069444444444444 0.016145833333333335 0.03981481481481482
0 0.11770833333333333 0.4486111111111111 0.021875 0.04351851851851852
0 0.02421875 0.47453703703703703 0.0078125 0.023148148148148147
0 0.9817708333333334 0.6726851851851852 0.010416666666666666 0.05092592592592592
1 0.5 0.5382175925925926 1.0 0.9227314814814814
0 0.26404322916666667 0.35477314814814814 0.03329479166666667 0.026212962962962962
0 0.63453125 0.9166393518518519 0.013854166666666667 0.03698240740740741
0 0.5398713541666668 0.9142916666666666 0.009951041666666667 0.03784259259259259
0 0.35696432291666663 0.422312962962963 0.010803645833333332 0.020551851851851852
0 0.6154499999999999 0.728488425925926 0.018400000000000003 0.01623611111111111
0 0.5323796875 0.7667578703703704 0.009551041666666668 0.018700925925925926
0 0.5512705729166666 0.7560300925925927 0.013999479166666667 0.015763888888888886
0 0.7959122395833333 0.793975462962963 0.0095328125 0.019432407407407405
0 0.30690885416666663 0.6093143518518518 0.013817708333333335 0.031591666666666664
0 0.5729497395833333 0.28743101851851854 0.010482812499999999 0.013750925925925927
0 0.5474093750000001 0.29608796296296297 0.026068749999999998 0.02736111111111111
0 0.30309609374999996 0.4945074074074074 0.016608854166666666 0.039014814814814815
0 0.11895234375 0.42532037037037035 0.0222796875 0.04323333333333333
0 0.02490078125 0.4449648148148148 0.008134895833333333 0.02326296296296296
0 0.9780190104166666 0.7022023148148149 0.011246354166666667 0.05070092592592593
1 0.5 0.5297324074074073 1.0 0.9409462962962962
0 0.7284898437499999 0.3184722222222222 0.03302135416666667 0.029537037037037035
0 0.38643046875000003 0.9359166666666666 0.0134859375 0.036648148148148145
0 0.4806682291666667 0.9186708333333333 0.011336458333333332 0.03734166666666667
0 0.6390872395833332 0.4002625 0.010466145833333333 0.02089537037037037
0 0.39582239583333334 0.7455009259259259 0.018728124999999998 0.015075925925925927
0 0.48101171875 0.7706398148148149 0.009940104166666667 0.01905740740740741
0 0.46107734375000003 0.763423611111111 0.013821354166666666 0.01573611111111111
0 0.21952161458333333 0.8392791666666667 0.0098765625 0.019299074074074073
0 0.6982328125 0.578812037037037 0.013132291666666665 0.03169814814814815
0 0.4172755208333333 0.2992597222222222 0.010592708333333334 0.01333425925925926
0 0.44281588541666667 0.3035981481481482 0.027298437499999998 0.02386296296296296
0 0.6958171875 0.4647013888888889 0.017676041666666666 0.03681018518518519
0 0.8756484375 0.36559027777777775 0.023171875 0.042291666666666665
0 0.9705942708333333 0.3718986111111111 0.008896875 0.02342685185185185
0 0.03319192708333333 0.7758606481481481 0.013258854166666667 0.049869444444444445
1 0.49973958333333335 0.5388888888888889 0.9994791666666667 0.9203703703703704
0 0.26145833333333335 0.36898148148148147 0.03333333333333333 0.025
0 0.64296875 0.9083333333333333 0.0140625 0.037037037037037035
0 0.5479166666666667 0.9115740740740741 0.009375 0.03796296296296296
0 0.35546875 0.43148148148148147 0.0109375 0.020370370370370372
0 0.6200520833333333 0.7212962962962963 0.018229166666666668 0.016666666666666666
0 0.5375 0.7648148148148148 0.009375 0.018518518518518517
0 0.5565104166666667 0.7523148148148148 0.0140625 0.01574074074074074
0 0.8015625 0.7754629629629629 0.009375 0.019444444444444445
0 0.30911458333333336 0.6212962962962963 0.0140625 0.03148148148148148
0 0.56875 0.2828703703703704 0.010416666666666666 0.013888888888888888
0 0.5434895833333333 0.29305555555555557 0.025520833333333333 0.028703703703703703
0 0.3033854166666667 0.5069444444444444 0.016145833333333335 0.03981481481481482
0 0.11770833333333333 0.4486111111111111 0.021875 0.04351851851851852
0 0.02421875 0.47453703703703703 0.0078125 0.023148148148148147
0 0.9817708333333334 0.6726851851851852 0.010416666666666666 0.05092592592592592
