1 0.505840625 0.4678569444444445 0.9887645833333334 0.935713888888889
1 0.9420638020833334 0.6875564814814815 0.0143359375 0.028816666666666668
1 0.9573804687499999 0.682573611111111 0.019969270833333334 0.028110185185185186
1 0.12500520833333334 0.27061805555555557 0.24584375 0.46716203703703707
1 0.08353723958333334 0.16635787037037036 0.15249114583333334 0.2308638888888889
0 0.26601979166666667 0.5674185185185185 0.00808125 0.02742962962962963
0 0.2880080729166667 0.6479444444444444 0.013516145833333333 0.021814814814814815
0 0.52663046875 0.636549074074074 0.0188859375 0.04346851851851852
0 0.9426994791666666 0.23862407407407407 0.011440625000000001 0.023544444444444444
0 0.7496643229166666 0.1360759259259259 0.008703645833333332 0.018448148148148148
0 0.7495973958333334 0.21780972222222222 0.009611458333333333 0.022656481481481482
0 0.4052526041666667 0.8068124999999999 0.017796875 0.035847222222222225
0 0.41032109375000003 0.8469537037037037 0.009183854166666667 0.02538888888888889
0 0.38166822916666665 0.6110972222222222 0.006044791666666666 0.007379629629629629
0 0.33945026041666665 0.4625611111111111 0.0049421875 0.010307407407407407
0 0.2260322916666667 0.5296833333333333 0.008314583333333334 0.04455185185185185
0 0.24998802083333332 0.5769449074074074 0.006226041666666667 0.015000925925925926
0 0.14739088541666667 0.615287962962963 0.009365104166666667 0.01576111111111111
0 0.20672656250000002 0.7570634259259259 0.006161458333333333 0.010423148148148148
0 0.21445026041666668 0.7767902777777778 0.0049421875 0.010987962962962963
0 0.22884192708333334 0.7755138888888888 0.0097671875 0.015842592592592592
0 0.22430052083333332 0.7653023148148149 0.004851041666666667 0.008382407407407408
0 0.1671755208333333 0.37433518518518516 0.006226041666666667 0.011633333333333334
0 0.04638619791666666 0.46748981481481483 0.0031890625 0.03868333333333333
0 0.04726536458333333 0.4247638888888889 0.0122390625 0.027305555555555555
0 0.20284192708333335 0.20681296296296298 0.006725520833333333 0.017329629629629632
1 0.49271484375 0.511362037037037 0.9854296875 0.9764277777777777
1 0.05186328125 0.36723518518518516 0.015184895833333333 0.028914814814814817
1 0.03625104166666667 0.3741203703703704 0.02041875 0.027870370370370372
1 0.8845575520833333 0.6828763888888888 0.2305734375 0.49538240740740747
1 0.9283958333333333 0.781087962962963 0.14325000000000002 0.24921296296296294
0 0.7308966145833333 0.40424120370370376 0.008668229166666668 0.027000925925925928
0 0.70587734375 0.3266921296296296 0.013838020833333332 0.021902777777777778
0 0.46798750000000006 0.3677152777777778 0.019308333333333334 0.04283796296296297
0 0.06839036458333334 0.8155699074074074 0.011780729166666667 0.023732407407407407
0 0.26499687499999997 0.8943305555555555 0.00811875 0.018290740740740743
0 0.2621658854166667 0.8129212962962963 0.0097484375 0.02213888888888889
0 0.5826348958333334 0.18216388888888888 0.017353125 0.034698148148148145
0 0.57610859375 0.1424101851851852 0.009508854166666667 0.025561111111111114
0 0.6138611979166666 0.37514907407407405 0.005847395833333334 0.007705555555555555
0 0.6614135416666667 0.517211574074074 0.00511875 0.010349074074074073
0 0.7721479166666666 0.4366412037037037 0.009920833333333332 0.04365277777777778
0 0.7463156249999999 0.3927685185185185 0.006172916666666667 0.015166666666666665
0 0.8475697916666667 0.34117916666666664 0.009722916666666666 0.015691666666666666
0 0.7824033854166667 0.20675972222222222 0.0064734375 0.009815740740740741
0 0.7739135416666667 0.18782222222222222 0.00511875 0.01082962962962963
0 0.7600138020833334 0.19125185185185184 0.0096109375 0.015837037037037035
0 0.76445703125 0.2014101851851852 0.004955729166666667 0.008375925925925926
0 0.8370093749999999 0.5846976851851852 0.006310416666666666 0.011987962962962962
0 0.9541731770833334 0.47568472222222224 0.0041796875 0.03840648148148148
0 0.9547109375 0.5189171296296297 0.011505208333333333 0.028575
0 0.8082221354166667 0.7561046296296295 0.007069270833333334 0.017764814814814813
1 0.5041666666666667 0.5486111111111112 0.990625 0.9009259259259259
1 0.9315885416666667 0.24520092592592593 0.013177083333333334 0.029290740740740742
1 0.9471354166666667 0.24861111111111112 0.019270833333333334 0.028703703703703703
1 0.13900546875 0.7856481481481481 0.2655109375 0.4287037037037037
1 0.10192682291666667 0.8966976851851852 0.16322864583333332 0.20635833333333334
0 0.2635416666666667 0.46944444444444444 0.008333333333333333 0.027777777777777776
0 0.28151041666666665 0.3861111111111111 0.013020833333333334 0.022222222222222223
0 0.5197916666666667 0.36018518518518516 0.01875 0.044444444444444446
0 0.95390625 0.6912037037037037 0.0109375 0.023148148148148147
0 0.7666666666666667 0.8240740740740741 0.009375 0.018518518518518517
0 0.7627604166666667 0.7421296296296296 0.009895833333333333 0.023148148148148147
0 0.390625 0.20925925925925926 0.01875 0.037037037037037035
0 0.39375 0.16805555555555557 0.009375 0.025
0 0.3765625 0.4083333333333333 0.00625 0.007407407407407408
0 0.3419270833333333 0.5625 0.0046875 0.010185185185185186
0 0.22552083333333334 0.5125 0.00625 0.04537037037037037
0 0.24739583333333334 0.462037037037037 0.00625 0.014814814814814815
0 0.14296875 0.44027777777777777 0.008854166666666666 0.01574074074074074
0 0.19505208333333332 0.28888888888888886 0.005729166666666666 0.011111111111111112
0 0.20182291666666666 0.26851851851851855 0.0046875 0.011111111111111112
0 0.21640625 0.2671296296296296 0.009895833333333333 0.01574074074074074
0 0.21223958333333334 0.27824074074074073 0.0046875 0.008333333333333333
0 0.17447916666666666 0.6768518518518518 0.00625 0.011111111111111112
0 0.049332812499999996 0.6027152777777778 0.0028322916666666666 0.03876388888888889
0 0.05294270833333334 0.6454518518518518 0.013177083333333334 0.026088888888888887
0 0.21848958333333332 0.8379629629629629 0.0067708333333333336 0.016666666666666666
1 0.505840625 0.4678569444444445 0.9887645833333334 0.935713888888889
1 0.9420638020833334 0.6875564814814815 0.0143359375 0.028816666666666668
1 0.9573804687499999 0.682573611111111 0.019969270833333334 0.028110185185185186
1 0.12500520833333334 0.27061805555555557 0.24584375 0.46716203703703707
1 0.08353723958333334 0.16635787037037036 0.15249114583333334 0.2308638888888889
0 0.26601979166666667 0.5674185185185185 0.00808125 0.02742962962962963
0 0.2880080729166667 0.6479444444444444 0.013516145833333333 0.021814814814814815
0 0.52663046875 0.636549074074074 0.0188859375 0.04346851851851852
0 0.9426994791666666 0.23862407407407407 0.011440625000000001 0.023544444444444444
0 0.7496643229166666 0.1360759259259259 0.008703645833333332 0.018448148148148148
0 0.7495973958333334 0.21780972222222222 0.009611458333333333 0.022656481481481482
0 0.4052526041666667 0.8068124999999999 0.017796875 0.035847222222222225
0 0.41032109375000003 0.8469537037037037 0.009183854166666667 0.02538888888888889
0 0.38166822916666665 0.6110972222222222 0.006044791666666666 0.007379629629629629
0 0.33945026041666665 0.4625611111111111 0.0049421875 0.010307407407407407
0 0.2260322916666667 0.5296833333333333 0.008314583333333334 0.04455185185185185
0 0.24998802083333332 0.5769449074074074 0.006226041666666667 0.015000925925925926
0 0.14739088541666667 0.615287962962963 0.009365104166666667 0.01576111111111111
0 0.20672656250000002 0.7570634259259259 0.006161458333333333 0.010423148148148148
0 0.21445026041666668 0.7767902777777778 0.0049421875 0.010987962962962963
0 0.22884192708333334 0.7755138888888888 0.0097671875 0.015842592592592592
0 0.22430052083333332 0.7653023148148149 0.004851041666666667 0.008382407407407408
0 0.1671755208333333 0.37433518518518516 0.006226041666666667 0.011633333333333334
0 0.04638619791666666 0.46748981481481483 0.0031890625 0.03868333333333333
0 0.04726536458333333 0.4247638888888889 0.0122390625 0.027305555555555555
0 0.20284192708333335 0.20681296296296298 0.006725520833333333 0.017329629629629632
1 0.49271484375 0.511362037037037 0.9854296875 0.9764277777777777
1 0.05186328125 0.36723518518518516 0.015184895833333333 0.028914814814814817
1 0.03625104166666667 0.3741203703703704 0.02041875 0.027870370370370372
1 0.8845575520833333 0.6828763888888888 0.2305734375 0.49538240740740747
1 0.9283958333333333 0.781087962962963 0.14325000000000002 0.24921296296296294
0 0.7308966145833333 0.40424120370370376 0.008668229166666668 0.027000925925925928
0 0.70587734375 0.3266921296296296 0.013838020833333332 0.021902777777777778
0 0.46798750000000006 0.3677152777777778 0.019308333333333334 0.04283796296296297
0 0.06839036458333334 0.8155699074074074 0.011780729166666667 0.023732407407407407
0 0.26499687499999997 0.8943305555555555 0.00811875 0.018290740740740743
0 0.2621658854166667 0.8129212962962963 0.0097484375 0.02213888888888889
0 0.5826348958333334 0.18216388888888888 0.017353125 0.034698148148148145
0 0.57610859375 0.1424101851851852 0.009508854166666667 0.025561111111111114
0 0.6138611979166666 0.37514907407407405 0.005847395833333334 0.007705555555555555
0 0.6614135416666667 0.517211574074074 0.00511875 0.010349074074074073
0 0.7721479166666666 0.4366412037037037 0.009920833333333332 0.04365277777777778
0 0.7463156249999999 0.3927685185185185 0.006172916666666667 0.015166666666666665
0 0.8475697916666667 0.34117916666666664 0.009722916666666666 0.015691666666666666
0 0.7824033854166667 0.20675972222222222 0.0064734375 0.009815740740740741
0 0.7739135416666667 0.18782222222222222 0.00511875 0.01082962962962963
0 0.7600138020833334 0.19125185185185184 0.0096109375 0.015837037037037035
0 0.76445703125 0.2014101851851852 0.004955729166666667 0.008375925925925926
0 0.8370093749999999 0.5846976851851852 0.006310416666666666 0.011987962962962962
0 0.9541731770833334 0.47568472222222224 0.0041796875 0.03840648148148148
0 0.9547109375 0.5189171296296297 0.011505208333333333 0.028575
0 0.8082221354166667 0.7561046296296295 0.007069270833333334 0.017764814814814813
1 0.5041666666666667 0.5486111111111112 0.990625 0.9009259259259259
1 0.9315885416666667 0.24520092592592593 0.013177083333333334 0.029290740740740742
1 0.9471354166666667 0.24861111111111112 0.019270833333333334 0.028703703703703703
1 0.13900546875 0.7856481481481481 0.2655109375 0.4287037037037037
1 0.10192682291666667 0.8966976851851852 0.16322864583333332 0.20635833333333334
0 0.2635416666666667 0.46944444444444444 0.008333333333333333 0.027777777777777776
0 0.28151041666666665 0.3861111111111111 0.013020833333333334 0.022222222222222223
0 0.5197916666666667 0.36018518518518516 0.01875 0.044444444444444446
0 0.95390625 0.6912037037037037 0.0109375 0.023148148148148147
0 0.7666666666666667 0.8240740740740741 0.009375 0.018518518518518517
0 0.7627604166666667 0.7421296296296296 0.009895833333333333 0.023148148148148147
0 0.390625 0.20925925925925926 0.01875 0.037037037037037035
0 0.39375 0.16805555555555557 0.009375 0.025
0 0.3765625 0.4083333333333333 0.00625 0.007407407407407408
0 0.3419270833333333 0.5625 0.0046875 0.010185185185185186
0 0.22552083333333334 0.5125 0.00625 0.04537037037037037
0 0.24739583333333334 0.462037037037037 0.00625 0.014814814814814815
0 0.14296875 0.44027777777777777 0.008854166666666666 0.01574074074074074
0 0.19505208333333332 0.28888888888888886 0.005729166666666666 0.011111111111111112
0 0.20182291666666666 0.26851851851851855 0.0046875 0.011111111111111112
0 0.21640625 0.2671296296296296 0.009895833333333333 0.01574074074074074
0 0.21223958333333334 0.27824074074074073 0.0046875 0.008333333333333333
0 0.17447916666666666 0.6768518518518518 0.00625 0.011111111111111112
0 0.049332812499999996 0.6027152777777778 0.0028322916666666666 0.03876388888888889
0 0.05294270833333334 0.6454518518518518 0.013177083333333334 0.026088888888888887
0 0.21848958333333332 0.8379629629629629 0.0067708333333333336 0.016666666666666666
