1 0.49989635416666667 0.38204120370370376 0.9997927083333333 0.27519351851851853
1 0.04262317708333333 0.25396064814814817 0.08524635416666666 0.08569907407407408
1 0.5746479166666667 0.20902731481481482 0.8430458333333333 0.21620277777777777
1 0.49992031249999996 0.7466208333333333 0.9998406249999999 0.5062046296296296
0 0.531471875 0.25977314814814817 0.018152083333333333 0.02510185185185185
0 0.7864651041666666 0.514988425925926 0.007305208333333333 0.013310185185185185
0 0.2770638020833333 0.4194425925925926 0.0530859375 0.07777407407407406
0 0.9714372395833333 0.9564305555555555 0.014749479166666666 0.027675925925925927
1 0.49973958333333335 0.38564814814814813 0.9994791666666667 0.2916666666666667
1 0.04505208333333333 0.22361111111111112 0.09010416666666667 0.08611111111111111
1 0.5794270833333334 0.2222222222222222 0.8401041666666667 0.25
1 0.49973958333333335 0.7435185185185185 0.9994791666666667 0.5111111111111111
0 0.5359375 0.262037037037037 0.017708333333333333 0.025925925925925925
0 0.7859375 0.5324074074074074 0.007291666666666667 0.012962962962962963
0 0.27838541666666666 0.4050925925925926 0.05364583333333333 0.07685185185185185
0 0.9622395833333334 0.9856481481481482 0.015104166666666667 0.026851851851851852
1 0.49949375 0.39977546296296296 0.9989875 0.3569583333333333
1 0.9470286458333333 0.17987777777777778 0.09093229166666666 0.08938518518518519
1 0.41612656249999996 0.2396523148148148 0.8322531249999999 0.3070824074074074
1 0.5009627604166667 0.7224546296296296 0.9977588541666667 0.5541685185185184
0 0.4569388020833333 0.2655722222222222 0.017002604166666668 0.02744074074074074
0 0.21508541666666667 0.5582759259259259 0.0072541666666666674 0.012848148148148148
0 0.7188481770833334 0.38352546296296297 0.05436302083333333 0.07631018518518519
1 0.49989635416666667 0.38204120370370376 0.9997927083333333 0.27519351851851853
1 0.04262317708333333 0.25396064814814817 0.08524635416666666 0.08569907407407408
1 0.5746479166666667 0.20902731481481482 0.8430458333333333 0.21620277777777777
1 0.49992031249999996 0.7466208333333333 0.9998406249999999 0.5062046296296296
0 0.531471875 0.25977314814814817 0.018152083333333333 0.02510185185185185
0 0.7864651041666666 0.514988425925926 0.007305208333333333 0.013310185185185185
0 0.2770638020833333 0.4194425925925926 0.0530859375 0.07777407407407406
0 0.9714372395833333 0.9564305555555555 0.014749479166666666 0.027675925925925927
1 0.49973958333333335 0.38564814814814813 0.9994791666666667 0.2916666666666667
1 0.04505208333333333 0.22361111111111112 0.09010416666666667 0.08611111111111111
1 0.5794270833333334 0.2222222222222222 0.8401041666666667 0.25
1 0.49973958333333335 0.7435185185185185 0.9994791666666667 0.5111111111111111
0 0.5359375 0.262037037037037 0.017708333333333333 0.025925925925925925
0 0.7859375 0.5324074074074074 0.007291666666666667 0.012962962962962963
0 0.27838541666666666 0.4050925925925926 0.05364583333333333 0.07685185185185185
0 0.9622395833333334 0.9856481481481482 0.015104166666666667 0.026851851851851852
1 0.49949375 0.39977546296296296 0.9989875 0.3569583333333333
1 0.9470286458333333 0.17987777777777778 0.09093229166666666 0.08938518518518519
1 0.41612656249999996 0.2396523148148148 0.8322531249999999 0.3070824074074074
1 0.5009627604166667 0.7224546296296296 0.9977588541666667 0.5541685185185184
0 0.4569388020833333 0.2655722222222222 0.017002604166666668 0.02744074074074074
0 0.21508541666666667 0.5582759259259259 0.0072541666666666674 0.012848148148148148
0 0.7188481770833334 0.38352546296296297 0.05436302083333333 0.07631018518518519
