1 0.5002604166666667 0.5314814814814814 0.9994791666666667 0.9351851851851852
0 0.9723958333333333 0.9805555555555555 0.014583333333333334 0.022222222222222223
0 0.7684895833333333 0.49027777777777776 0.0067708333333333336 0.013888888888888888
0 0.76796875 0.41944444444444445 0.008854166666666666 0.025925925925925925
0 0.7192708333333333 0.6092592592592593 0.014583333333333334 0.05185185185185185
0 0.7190104166666667 0.5962962962962963 0.011979166666666667 0.024074074074074074
0 0.6848958333333334 0.5935185185185186 0.025 0.014814814814814815
0 0.63828125 0.8078703703703703 0.0067708333333333336 0.012037037037037037
0 0.6307291666666667 0.774537037037037 0.014583333333333334 0.026851851851851852
0 0.6416666666666667 0.7486111111111111 0.00625 0.03425925925925926
0 0.6169270833333333 0.7509259259259259 0.0109375 0.016666666666666666
0 0.59609375 0.736574074074074 0.0078125 0.013888888888888888
0 0.56640625 0.7347333333333332 0.011979166666666667 0.01391111111111111
0 0.5338541666666666 0.5939814814814814 0.014583333333333334 0.019444444444444445
0 0.56640625 0.9152777777777777 0.022395833333333334 0.026851851851851852
0 0.571875 0.8143518518518519 0.004166666666666667 0.008333333333333333
0 0.5908854166666667 0.7814814814814814 0.005729166666666666 0.012962962962962963
0 0.52890625 0.8722222222222222 0.0067708333333333336 0.016666666666666666
0 0.9765625 0.8638888888888889 0.00625 0.022222222222222223
0 0.9697916666666667 0.8074074074074075 0.005208333333333333 0.022222222222222223
0 0.16119791666666666 0.7314814814814815 0.009895833333333333 0.046296296296296294
0 0.42682291666666666 0.6638888888888889 0.009895833333333333 0.018518518518518517
0 0.35625 0.6736111111111112 0.010416666666666666 0.017592592592592594
0 0.19375 0.5898148148148148 0.004166666666666667 0.011111111111111112
0 0.31145833333333334 0.7726851851851851 0.00625 0.021296296296296296
0 0.17317708333333334 0.6106481481481482 0.009895833333333333 0.01574074074074074
0 0.15260416666666668 0.5194444444444445 0.00625 0.011111111111111112
0 0.1484375 0.5541666666666667 0.005208333333333333 0.012037037037037037
0 0.14947916666666666 0.6337050925925927 0.004166666666666667 0.015558333333333334
0 0.15963541666666667 0.8421296296296297 0.028645833333333332 0.0824074074074074
0 0.14713541666666666 0.7819444444444444 0.0067708333333333336 0.017592592592592594
0 0.1140625 0.8 0.015625 0.025925925925925925
0 0.12395833333333334 0.7444444444444445 0.005208333333333333 0.011111111111111112
0 0.09791666666666667 0.6643518518518519 0.004166666666666667 0.010185185185185186
0 0.3223958333333333 0.4305555555555556 0.011458333333333333 0.027777777777777776
0 0.15078125 0.25601851851851853 0.0109375 0.012037037037037037
0 0.08645833333333333 0.28194444444444444 0.016666666666666666 0.021296296296296296
0 0.09583333333333334 0.23425925925925925 0.007291666666666667 0.011111111111111112
0 0.14765625 0.27175925925925926 0.005729166666666666 0.006481481481481481
0 0.30703125 0.2967592592592593 0.0234375 0.023148148148148147
0 0.3223958333333333 0.2638888888888889 0.007291666666666667 0.014814814814814815
0 0.3184895833333333 0.2064814814814815 0.0171875 0.10555555555555556
0 0.11953125 0.19814814814814816 0.030729166666666665 0.027777777777777776
0 0.11484375 0.19814814814814816 0.0203125 0.027777777777777776
0 0.08385416666666666 0.26296296296296295 0.004166666666666667 0.007407407407407408
0 0.1328125 0.9125 0.014583333333333334 0.013888888888888888
0 0.9143229166666667 0.9375 0.011979166666666667 0.017592592592592594
0 0.6799479166666667 0.18796296296296297 0.0234375 0.05185185185185185
0 0.71328125 0.2569444444444444 0.0140625 0.049074074074074076
0 0.69609375 0.22685185185185186 0.011979166666666667 0.022222222222222223
0 0.5979166666666667 0.09351851851851851 0.017708333333333333 0.022222222222222223
0 0.5877604166666667 0.1337962962962963 0.0067708333333333336 0.010185185185185186
0 0.49270833333333336 0.2611111111111111 0.00625 0.014814814814814815
0 0.46015625 0.2726851851851852 0.015104166666666667 0.04351851851851852
0 0.4557291666666667 0.3958333333333333 0.010416666666666666 0.025
0 0.4546875 0.39444444444444443 0.013541666666666667 0.024074074074074074
0 0.43359375 0.4064814814814815 0.0296875 0.014814814814814815
0 0.7515625 0.41064814814814815 0.009375 0.012037037037037037
0 0.84609375 0.27361111111111114 0.013020833333333334 0.012037037037037037
0 0.9317708333333333 0.3037037037037037 0.023958333333333335 0.046296296296296294
1 0.49973958333333335 0.4685185185185185 0.9994791666666667 0.9351851851851852
0 0.027604166666666666 0.019444444444444445 0.014583333333333334 0.022222222222222223
0 0.23151041666666666 0.5097222222222222 0.0067708333333333336 0.013888888888888888
0 0.23203125 0.5805555555555556 0.008854166666666666 0.025925925925925925
0 0.28072916666666664 0.3907407407407407 0.014583333333333334 0.05185185185185185
0 0.28098958333333335 0.40370370370370373 0.011979166666666667 0.024074074074074074
0 0.3151041666666667 0.4064814814814815 0.025 0.014814814814814815
0 0.36171875 0.19212962962962962 0.0067708333333333336 0.012037037037037037
0 0.3692708333333333 0.22546296296296298 0.014583333333333334 0.026851851851851852
0 0.35833333333333334 0.2513888888888889 0.00625 0.03425925925925926
0 0.38307291666666665 0.2490740740740741 0.0109375 0.016666666666666666
0 0.40390625 0.26342592592592595 0.0078125 0.013888888888888888
0 0.43359375 0.2652888888888889 0.011979166666666667 0.01391111111111111
0 0.4661458333333333 0.4060185185185185 0.014583333333333334 0.019444444444444445
0 0.43359375 0.08472222222222223 0.022395833333333334 0.026851851851851852
0 0.428125 0.18564814814814815 0.004166666666666667 0.008333333333333333
0 0.40911458333333334 0.21851851851851853 0.005729166666666666 0.012962962962962963
0 0.47109375 0.12777777777777777 0.0067708333333333336 0.016666666666666666
0 0.0234375 0.1361111111111111 0.00625 0.022222222222222223
0 0.030208333333333334 0.1925925925925926 0.005208333333333333 0.022222222222222223
0 0.8388020833333333 0.26851851851851855 0.009895833333333333 0.046296296296296294
0 0.5731770833333333 0.33611111111111114 0.009895833333333333 0.018518518518518517
0 0.64375 0.3263888888888889 0.010416666666666666 0.017592592592592594
0 0.80625 0.4101851851851852 0.004166666666666667 0.011111111111111112
0 0.6885416666666667 0.2273148148148148 0.00625 0.021296296296296296
0 0.8268229166666666 0.38935185185185184 0.009895833333333333 0.01574074074074074
0 0.8473958333333333 0.48055555555555557 0.00625 0.011111111111111112
0 0.8515625 0.44583333333333336 0.005208333333333333 0.012037037037037037
0 0.8505208333333333 0.3661125 0.004166666666666667 0.015558333333333334
0 0.8403645833333333 0.15787037037037038 0.028645833333333332 0.0824074074074074
0 0.8528645833333334 0.21805555555555556 0.0067708333333333336 0.017592592592592594
0 0.8859375 0.2 0.015625 0.025925925925925925
0 0.8760416666666667 0.25555555555555554 0.005208333333333333 0.011111111111111112
0 0.9020833333333333 0.33564814814814814 0.004166666666666667 0.010185185185185186
0 0.6776041666666667 0.5694444444444444 0.011458333333333333 0.027777777777777776
0 0.84921875 0.7439814814814815 0.0109375 0.012037037037037037
0 0.9135416666666667 0.7180555555555556 0.016666666666666666 0.021296296296296296
0 0.9041666666666667 0.7657407407407407 0.007291666666666667 0.011111111111111112
0 0.85234375 0.7282407407407407 0.005729166666666666 0.006481481481481481
0 0.69296875 0.7032407407407407 0.0234375 0.023148148148148147
0 0.6776041666666667 0.7361111111111112 0.007291666666666667 0.014814814814814815
0 0.6815104166666667 0.7935185185185185 0.0171875 0.10555555555555556
0 0.88046875 0.8018518518518518 0.030729166666666665 0.027777777777777776
0 0.88515625 0.8018518518518518 0.0203125 0.027777777777777776
0 0.9161458333333333 0.737037037037037 0.004166666666666667 0.007407407407407408
0 0.8671875 0.0875 0.014583333333333334 0.013888888888888888
0 0.08567708333333333 0.0625 0.011979166666666667 0.017592592592592594
0 0.32005208333333335 0.812037037037037 0.0234375 0.05185185185185185
0 0.28671875 0.7430555555555556 0.0140625 0.049074074074074076
0 0.30390625 0.7731481481481481 0.011979166666666667 0.022222222222222223
0 0.40208333333333335 0.9064814814814814 0.017708333333333333 0.022222222222222223
0 0.4122395833333333 0.8662037037037037 0.0067708333333333336 0.010185185185185186
0 0.5072916666666667 0.7388888888888889 0.00625 0.014814814814814815
0 0.53984375 0.7273148148148149 0.015104166666666667 0.04351851851851852
0 0.5442708333333334 0.6041666666666666 0.010416666666666666 0.025
0 0.5453125 0.6055555555555555 0.013541666666666667 0.024074074074074074
0 0.56640625 0.5935185185185186 0.0296875 0.014814814814814815
0 0.2484375 0.5893518518518519 0.009375 0.012037037037037037
0 0.15390625 0.7263888888888889 0.013020833333333334 0.012037037037037037
0 0.06822916666666666 0.6962962962962963 0.023958333333333335 0.046296296296296294
1 0.49973958333333335 0.5314814814814814 0.9994791666666667 0.9351851851851852
0 0.027604166666666666 0.9805555555555555 0.014583333333333334 0.022222222222222223
0 0.23151041666666666 0.49027777777777776 0.0067708333333333336 0.013888888888888888
0 0.23203125 0.41944444444444445 0.008854166666666666 0.025925925925925925
0 0.28072916666666664 0.6092592592592593 0.014583333333333334 0.05185185185185185
0 0.28098958333333335 0.5962962962962963 0.011979166666666667 0.024074074074074074
0 0.3151041666666667 0.5935185185185186 0.025 0.014814814814814815
0 0.36171875 0.8078703703703703 0.0067708333333333336 0.012037037037037037
0 0.3692708333333333 0.774537037037037 0.014583333333333334 0.026851851851851852
0 0.35833333333333334 0.7486111111111111 0.00625 0.03425925925925926
0 0.38307291666666665 0.7509259259259259 0.0109375 0.016666666666666666
0 0.40390625 0.736574074074074 0.0078125 0.013888888888888888
0 0.43359375 0.7347333333333332 0.011979166666666667 0.01391111111111111
0 0.4661458333333333 0.5939814814814814 0.014583333333333334 0.019444444444444445
0 0.43359375 0.9152777777777777 0.022395833333333334 0.026851851851851852
0 0.428125 0.8143518518518519 0.004166666666666667 0.008333333333333333
0 0.40911458333333334 0.7814814814814814 0.005729166666666666 0.012962962962962963
0 0.47109375 0.8722222222222222 0.0067708333333333336 0.016666666666666666
0 0.0234375 0.8638888888888889 0.00625 0.022222222222222223
0 0.030208333333333334 0.8074074074074075 0.005208333333333333 0.022222222222222223
0 0.8388020833333333 0.7314814814814815 0.009895833333333333 0.046296296296296294
0 0.5731770833333333 0.6638888888888889 0.009895833333333333 0.018518518518518517
0 0.64375 0.6736111111111112 0.010416666666666666 0.017592592592592594
0 0.80625 0.5898148148148148 0.004166666666666667 0.011111111111111112
0 0.6885416666666667 0.7726851851851851 0.00625 0.021296296296296296
0 0.8268229166666666 0.6106481481481482 0.009895833333333333 0.01574074074074074
0 0.8473958333333333 0.5194444444444445 0.00625 0.011111111111111112
0 0.8515625 0.5541666666666667 0.005208333333333333 0.012037037037037037
0 0.8505208333333333 0.6337050925925927 0.004166666666666667 0.015558333333333334
0 0.8403645833333333 0.8421296296296297 0.028645833333333332 0.0824074074074074
0 0.8528645833333334 0.7819444444444444 0.0067708333333333336 0.017592592592592594
0 0.8859375 0.8 0.015625 0.025925925925925925
0 0.8760416666666667 0.7444444444444445 0.005208333333333333 0.011111111111111112
0 0.9020833333333333 0.6643518518518519 0.004166666666666667 0.010185185185185186
0 0.6776041666666667 0.4305555555555556 0.011458333333333333 0.027777777777777776
0 0.84921875 0.25601851851851853 0.0109375 0.012037037037037037
0 0.9135416666666667 0.28194444444444444 0.016666666666666666 0.021296296296296296
0 0.9041666666666667 0.23425925925925925 0.007291666666666667 0.011111111111111112
0 0.85234375 0.27175925925925926 0.005729166666666666 0.006481481481481481
0 0.69296875 0.2967592592592593 0.0234375 0.023148148148148147
0 0.6776041666666667 0.2638888888888889 0.007291666666666667 0.014814814814814815
0 0.6815104166666667 0.2064814814814815 0.0171875 0.10555555555555556
0 0.88046875 0.19814814814814816 0.030729166666666665 0.027777777777777776
0 0.88515625 0.19814814814814816 0.0203125 0.027777777777777776
0 0.9161458333333333 0.26296296296296295 0.004166666666666667 0.007407407407407408
0 0.8671875 0.9125 0.014583333333333334 0.013888888888888888
0 0.08567708333333333 0.9375 0.011979166666666667 0.017592592592592594
0 0.32005208333333335 0.18796296296296297 0.0234375 0.05185185185185185
0 0.28671875 0.2569444444444444 0.0140625 0.049074074074074076
0 0.30390625 0.22685185185185186 0.011979166666666667 0.022222222222222223
0 0.40208333333333335 0.09351851851851851 0.017708333333333333 0.022222222222222223
0 0.4122395833333333 0.1337962962962963 0.0067708333333333336 0.010185185185185186
0 0.5072916666666667 0.2611111111111111 0.00625 0.014814814814814815
0 0.53984375 0.2726851851851852 0.015104166666666667 0.04351851851851852
0 0.5442708333333334 0.3958333333333333 0.010416666666666666 0.025
0 0.5453125 0.39444444444444443 0.013541666666666667 0.024074074074074074
0 0.56640625 0.4064814814814815 0.0296875 0.014814814814814815
0 0.2484375 0.41064814814814815 0.009375 0.012037037037037037
0 0.15390625 0.27361111111111114 0.013020833333333334 0.012037037037037037
0 0.06822916666666666 0.3037037037037037 0.023958333333333335 0.046296296296296294
1 0.5002604166666667 0.5314814814814814 0.9994791666666667 0.9351851851851852
0 0.9723958333333333 0.9805555555555555 0.014583333333333334 0.022222222222222223
0 0.7684895833333333 0.49027777777777776 0.0067708333333333336 0.013888888888888888
0 0.76796875 0.41944444444444445 0.008854166666666666 0.025925925925925925
0 0.7192708333333333 0.6092592592592593 0.014583333333333334 0.05185185185185185
0 0.7190104166666667 0.5962962962962963 0.011979166666666667 0.024074074074074074
0 0.6848958333333334 0.5935185185185186 0.025 0.014814814814814815
0 0.63828125 0.8078703703703703 0.0067708333333333336 0.012037037037037037
0 0.6307291666666667 0.774537037037037 0.014583333333333334 0.026851851851851852
0 0.6416666666666667 0.7486111111111111 0.00625 0.03425925925925926
0 0.6169270833333333 0.7509259259259259 0.0109375 0.016666666666666666
0 0.59609375 0.736574074074074 0.0078125 0.013888888888888888
0 0.56640625 0.7347333333333332 0.011979166666666667 0.01391111111111111
0 0.5338541666666666 0.5939814814814814 0.014583333333333334 0.019444444444444445
0 0.56640625 0.9152777777777777 0.022395833333333334 0.026851851851851852
0 0.571875 0.8143518518518519 0.004166666666666667 0.008333333333333333
0 0.5908854166666667 0.7814814814814814 0.005729166666666666 0.012962962962962963
0 0.52890625 0.8722222222222222 0.0067708333333333336 0.016666666666666666
0 0.9765625 0.8638888888888889 0.00625 0.022222222222222223
0 0.9697916666666667 0.8074074074074075 0.005208333333333333 0.022222222222222223
0 0.16119791666666666 0.7314814814814815 0.009895833333333333 0.046296296296296294
0 0.42682291666666666 0.6638888888888889 0.009895833333333333 0.018518518518518517
0 0.35625 0.6736111111111112 0.010416666666666666 0.017592592592592594
0 0.19375 0.5898148148148148 0.004166666666666667 0.011111111111111112
0 0.31145833333333334 0.7726851851851851 0.00625 0.021296296296296296
0 0.17317708333333334 0.6106481481481482 0.009895833333333333 0.01574074074074074
0 0.15260416666666668 0.5194444444444445 0.00625 0.011111111111111112
0 0.1484375 0.5541666666666667 0.005208333333333333 0.012037037037037037
0 0.14947916666666666 0.6337050925925927 0.004166666666666667 0.015558333333333334
0 0.15963541666666667 0.8421296296296297 0.028645833333333332 0.0824074074074074
0 0.14713541666666666 0.7819444444444444 0.0067708333333333336 0.017592592592592594
0 0.1140625 0.8 0.015625 0.025925925925925925
0 0.12395833333333334 0.7444444444444445 0.005208333333333333 0.011111111111111112
0 0.09791666666666667 0.6643518518518519 0.004166666666666667 0.010185185185185186
0 0.3223958333333333 0.4305555555555556 0.011458333333333333 0.027777777777777776
0 0.15078125 0.25601851851851853 0.0109375 0.012037037037037037
0 0.08645833333333333 0.28194444444444444 0.016666666666666666 0.021296296296296296
0 0.09583333333333334 0.23425925925925925 0.007291666666666667 0.011111111111111112
0 0.14765625 0.27175925925925926 0.005729166666666666 0.006481481481481481
0 0.30703125 0.2967592592592593 0.0234375 0.023148148148148147
0 0.3223958333333333 0.2638888888888889 0.007291666666666667 0.014814814814814815
0 0.3184895833333333 0.2064814814814815 0.0171875 0.10555555555555556
0 0.11953125 0.19814814814814816 0.030729166666666665 0.027777777777777776
0 0.11484375 0.19814814814814816 0.0203125 0.027777777777777776
0 0.08385416666666666 0.26296296296296295 0.004166666666666667 0.007407407407407408
0 0.1328125 0.9125 0.014583333333333334 0.013888888888888888
0 0.9143229166666667 0.9375 0.011979166666666667 0.017592592592592594
0 0.6799479166666667 0.18796296296296297 0.0234375 0.05185185185185185
0 0.71328125 0.2569444444444444 0.0140625 0.049074074074074076
0 0.69609375 0.22685185185185186 0.011979166666666667 0.022222222222222223
0 0.5979166666666667 0.09351851851851851 0.017708333333333333 0.022222222222222223
0 0.5877604166666667 0.1337962962962963 0.0067708333333333336 0.010185185185185186
0 0.49270833333333336 0.2611111111111111 0.00625 0.014814814814814815
0 0.46015625 0.2726851851851852 0.015104166666666667 0.04351851851851852
0 0.4557291666666667 0.3958333333333333 0.010416666666666666 0.025
0 0.4546875 0.39444444444444443 0.013541666666666667 0.024074074074074074
0 0.43359375 0.4064814814814815 0.0296875 0.014814814814814815
0 0.7515625 0.41064814814814815 0.009375 0.012037037037037037
0 0.84609375 0.27361111111111114 0.013020833333333334 0.012037037037037037
0 0.9317708333333333 0.3037037037037037 0.023958333333333335 0.046296296296296294
1 0.49973958333333335 0.4685185185185185 0.9994791666666667 0.9351851851851852
0 0.027604166666666666 0.019444444444444445 0.014583333333333334 0.022222222222222223
0 0.23151041666666666 0.5097222222222222 0.0067708333333333336 0.013888888888888888
0 0.23203125 0.5805555555555556 0.008854166666666666 0.025925925925925925
0 0.28072916666666664 0.3907407407407407 0.014583333333333334 0.05185185185185185
0 0.28098958333333335 0.40370370370370373 0.011979166666666667 0.024074074074074074
0 0.3151041666666667 0.4064814814814815 0.025 0.014814814814814815
0 0.36171875 0.19212962962962962 0.0067708333333333336 0.012037037037037037
0 0.3692708333333333 0.22546296296296298 0.014583333333333334 0.026851851851851852
0 0.35833333333333334 0.2513888888888889 0.00625 0.03425925925925926
0 0.38307291666666665 0.2490740740740741 0.0109375 0.016666666666666666
0 0.40390625 0.26342592592592595 0.0078125 0.013888888888888888
0 0.43359375 0.2652888888888889 0.011979166666666667 0.01391111111111111
0 0.4661458333333333 0.4060185185185185 0.014583333333333334 0.019444444444444445
0 0.43359375 0.08472222222222223 0.022395833333333334 0.026851851851851852
0 0.428125 0.18564814814814815 0.004166666666666667 0.008333333333333333
0 0.40911458333333334 0.21851851851851853 0.005729166666666666 0.012962962962962963
0 0.47109375 0.12777777777777777 0.0067708333333333336 0.016666666666666666
0 0.0234375 0.1361111111111111 0.00625 0.022222222222222223
0 0.030208333333333334 0.1925925925925926 0.005208333333333333 0.022222222222222223
0 0.8388020833333333 0.26851851851851855 0.009895833333333333 0.046296296296296294
0 0.5731770833333333 0.33611111111111114 0.009895833333333333 0.018518518518518517
0 0.64375 0.3263888888888889 0.010416666666666666 0.017592592592592594
0 0.80625 0.4101851851851852 0.004166666666666667 0.011111111111111112
0 0.6885416666666667 0.2273148148148148 0.00625 0.021296296296296296
0 0.8268229166666666 0.38935185185185184 0.009895833333333333 0.01574074074074074
0 0.8473958333333333 0.48055555555555557 0.00625 0.011111111111111112
0 0.8515625 0.44583333333333336 0.005208333333333333 0.012037037037037037
0 0.8505208333333333 0.3661125 0.004166666666666667 0.015558333333333334
0 0.8403645833333333 0.15787037037037038 0.028645833333333332 0.0824074074074074
0 0.8528645833333334 0.21805555555555556 0.0067708333333333336 0.017592592592592594
0 0.8859375 0.2 0.015625 0.025925925925925925
0 0.8760416666666667 0.25555555555555554 0.005208333333333333 0.011111111111111112
0 0.9020833333333333 0.33564814814814814 0.004166666666666667 0.010185185185185186
0 0.6776041666666667 0.5694444444444444 0.011458333333333333 0.027777777777777776
0 0.84921875 0.7439814814814815 0.0109375 0.012037037037037037
0 0.9135416666666667 0.7180555555555556 0.016666666666666666 0.021296296296296296
0 0.9041666666666667 0.7657407407407407 0.007291666666666667 0.011111111111111112
0 0.85234375 0.7282407407407407 0.005729166666666666 0.006481481481481481
0 0.69296875 0.7032407407407407 0.0234375 0.023148148148148147
0 0.6776041666666667 0.7361111111111112 0.007291666666666667 0.014814814814814815
0 0.6815104166666667 0.7935185185185185 0.0171875 0.10555555555555556
0 0.88046875 0.8018518518518518 0.030729166666666665 0.027777777777777776
0 0.88515625 0.8018518518518518 0.0203125 0.027777777777777776
0 0.9161458333333333 0.737037037037037 0.004166666666666667 0.007407407407407408
0 0.8671875 0.0875 0.014583333333333334 0.013888888888888888
0 0.08567708333333333 0.0625 0.011979166666666667 0.017592592592592594
0 0.32005208333333335 0.812037037037037 0.0234375 0.05185185185185185
0 0.28671875 0.7430555555555556 0.0140625 0.049074074074074076
0 0.30390625 0.7731481481481481 0.011979166666666667 0.022222222222222223
0 0.40208333333333335 0.9064814814814814 0.017708333333333333 0.022222222222222223
0 0.4122395833333333 0.8662037037037037 0.0067708333333333336 0.010185185185185186
0 0.5072916666666667 0.7388888888888889 0.00625 0.014814814814814815
0 0.53984375 0.7273148148148149 0.015104166666666667 0.04351851851851852
0 0.5442708333333334 0.6041666666666666 0.010416666666666666 0.025
0 0.5453125 0.6055555555555555 0.013541666666666667 0.024074074074074074
0 0.56640625 0.5935185185185186 0.0296875 0.014814814814814815
0 0.2484375 0.5893518518518519 0.009375 0.012037037037037037
0 0.15390625 0.7263888888888889 0.013020833333333334 0.012037037037037037
0 0.06822916666666666 0.6962962962962963 0.023958333333333335 0.046296296296296294
1 0.49973958333333335 0.5314814814814814 0.9994791666666667 0.9351851851851852
0 0.027604166666666666 0.9805555555555555 0.014583333333333334 0.022222222222222223
0 0.23151041666666666 0.49027777777777776 0.0067708333333333336 0.013888888888888888
0 0.23203125 0.41944444444444445 0.008854166666666666 0.025925925925925925
0 0.28072916666666664 0.6092592592592593 0.014583333333333334 0.05185185185185185
0 0.28098958333333335 0.5962962962962963 0.011979166666666667 0.024074074074074074
0 0.3151041666666667 0.5935185185185186 0.025 0.014814814814814815
0 0.36171875 0.8078703703703703 0.0067708333333333336 0.012037037037037037
0 0.3692708333333333 0.774537037037037 0.014583333333333334 0.026851851851851852
0 0.35833333333333334 0.7486111111111111 0.00625 0.03425925925925926
0 0.38307291666666665 0.7509259259259259 0.0109375 0.016666666666666666
0 0.40390625 0.736574074074074 0.0078125 0.013888888888888888
0 0.43359375 0.7347333333333332 0.011979166666666667 0.01391111111111111
0 0.4661458333333333 0.5939814814814814 0.014583333333333334 0.019444444444444445
0 0.43359375 0.9152777777777777 0.022395833333333334 0.026851851851851852
0 0.428125 0.8143518518518519 0.004166666666666667 0.008333333333333333
0 0.40911458333333334 0.7814814814814814 0.005729166666666666 0.012962962962962963
0 0.47109375 0.8722222222222222 0.0067708333333333336 0.016666666666666666
0 0.0234375 0.8638888888888889 0.00625 0.022222222222222223
0 0.030208333333333334 0.8074074074074075 0.005208333333333333 0.022222222222222223
0 0.8388020833333333 0.7314814814814815 0.009895833333333333 0.046296296296296294
0 0.5731770833333333 0.6638888888888889 0.009895833333333333 0.018518518518518517
0 0.64375 0.6736111111111112 0.010416666666666666 0.017592592592592594
0 0.80625 0.5898148148148148 0.004166666666666667 0.011111111111111112
0 0.6885416666666667 0.7726851851851851 0.00625 0.021296296296296296
0 0.8268229166666666 0.6106481481481482 0.009895833333333333 0.01574074074074074
0 0.8473958333333333 0.5194444444444445 0.00625 0.011111111111111112
0 0.8515625 0.5541666666666667 0.005208333333333333 0.012037037037037037
0 0.8505208333333333 0.6337050925925927 0.004166666666666667 0.015558333333333334
0 0.8403645833333333 0.8421296296296297 0.028645833333333332 0.0824074074074074
0 0.8528645833333334 0.7819444444444444 0.0067708333333333336 0.017592592592592594
0 0.8859375 0.8 0.015625 0.025925925925925925
0 0.8760416666666667 0.7444444444444445 0.005208333333333333 0.011111111111111112
0 0.9020833333333333 0.6643518518518519 0.004166666666666667 0.010185185185185186
0 0.6776041666666667 0.4305555555555556 0.011458333333333333 0.027777777777777776
0 0.84921875 0.25601851851851853 0.0109375 0.012037037037037037
0 0.9135416666666667 0.28194444444444444 0.016666666666666666 0.021296296296296296
0 0.9041666666666667 0.23425925925925925 0.007291666666666667 0.011111111111111112
0 0.85234375 0.27175925925925926 0.005729166666666666 0.006481481481481481
0 0.69296875 0.2967592592592593 0.0234375 0.023148148148148147
0 0.6776041666666667 0.2638888888888889 0.007291666666666667 0.014814814814814815
0 0.6815104166666667 0.2064814814814815 0.0171875 0.10555555555555556
0 0.88046875 0.19814814814814816 0.030729166666666665 0.027777777777777776
0 0.88515625 0.19814814814814816 0.0203125 0.027777777777777776
0 0.9161458333333333 0.26296296296296295 0.004166666666666667 0.007407407407407408
0 0.8671875 0.9125 0.014583333333333334 0.013888888888888888
0 0.08567708333333333 0.9375 0.011979166666666667 0.017592592592592594
0 0.32005208333333335 0.18796296296296297 0.0234375 0.05185185185185185
0 0.28671875 0.2569444444444444 0.0140625 0.049074074074074076
0 0.30390625 0.22685185185185186 0.011979166666666667 0.022222222222222223
0 0.40208333333333335 0.09351851851851851 0.017708333333333333 0.022222222222222223
0 0.4122395833333333 0.1337962962962963 0.0067708333333333336 0.010185185185185186
0 0.5072916666666667 0.2611111111111111 0.00625 0.014814814814814815
0 0.53984375 0.2726851851851852 0.015104166666666667 0.04351851851851852
0 0.5442708333333334 0.3958333333333333 0.010416666666666666 0.025
0 0.5453125 0.39444444444444443 0.013541666666666667 0.024074074074074074
0 0.56640625 0.4064814814814815 0.0296875 0.014814814814814815
0 0.2484375 0.41064814814814815 0.009375 0.012037037037037037
0 0.15390625 0.27361111111111114 0.013020833333333334 0.012037037037037037
0 0.06822916666666666 0.3037037037037037 0.023958333333333335 0.046296296296296294
1 0.5002604166666667 0.5314814814814814 0.9994791666666667 0.9351851851851852
0 0.9723958333333333 0.9805555555555555 0.014583333333333334 0.022222222222222223
0 0.7684895833333333 0.49027777777777776 0.0067708333333333336 0.013888888888888888
0 0.76796875 0.41944444444444445 0.008854166666666666 0.025925925925925925
0 0.7192708333333333 0.6092592592592593 0.014583333333333334 0.05185185185185185
0 0.7190104166666667 0.5962962962962963 0.011979166666666667 0.024074074074074074
0 0.6848958333333334 0.5935185185185186 0.025 0.014814814814814815
0 0.63828125 0.8078703703703703 0.0067708333333333336 0.012037037037037037
0 0.6307291666666667 0.774537037037037 0.014583333333333334 0.026851851851851852
0 0.6416666666666667 0.7486111111111111 0.00625 0.03425925925925926
0 0.6169270833333333 0.7509259259259259 0.0109375 0.016666666666666666
0 0.59609375 0.736574074074074 0.0078125 0.013888888888888888
0 0.56640625 0.7347333333333332 0.011979166666666667 0.01391111111111111
0 0.5338541666666666 0.5939814814814814 0.014583333333333334 0.019444444444444445
0 0.56640625 0.9152777777777777 0.022395833333333334 0.026851851851851852
0 0.571875 0.8143518518518519 0.004166666666666667 0.008333333333333333
0 0.5908854166666667 0.7814814814814814 0.005729166666666666 0.012962962962962963
0 0.52890625 0.8722222222222222 0.0067708333333333336 0.016666666666666666
0 0.9765625 0.8638888888888889 0.00625 0.022222222222222223
0 0.9697916666666667 0.8074074074074075 0.005208333333333333 0.022222222222222223
0 0.16119791666666666 0.7314814814814815 0.009895833333333333 0.046296296296296294
0 0.42682291666666666 0.6638888888888889 0.009895833333333333 0.018518518518518517
0 0.35625 0.6736111111111112 0.010416666666666666 0.017592592592592594
0 0.19375 0.5898148148148148 0.004166666666666667 0.011111111111111112
0 0.31145833333333334 0.7726851851851851 0.00625 0.021296296296296296
0 0.17317708333333334 0.6106481481481482 0.009895833333333333 0.01574074074074074
0 0.15260416666666668 0.5194444444444445 0.00625 0.011111111111111112
0 0.1484375 0.5541666666666667 0.005208333333333333 0.012037037037037037
0 0.14947916666666666 0.6337050925925927 0.004166666666666667 0.015558333333333334
0 0.15963541666666667 0.8421296296296297 0.028645833333333332 0.0824074074074074
0 0.14713541666666666 0.7819444444444444 0.0067708333333333336 0.017592592592592594
0 0.1140625 0.8 0.015625 0.025925925925925925
0 0.12395833333333334 0.7444444444444445 0.005208333333333333 0.011111111111111112
0 0.09791666666666667 0.6643518518518519 0.004166666666666667 0.010185185185185186
0 0.3223958333333333 0.4305555555555556 0.011458333333333333 0.027777777777777776
0 0.15078125 0.25601851851851853 0.0109375 0.012037037037037037
0 0.08645833333333333 0.28194444444444444 0.016666666666666666 0.021296296296296296
0 0.09583333333333334 0.23425925925925925 0.007291666666666667 0.011111111111111112
0 0.14765625 0.27175925925925926 0.005729166666666666 0.006481481481481481
0 0.30703125 0.2967592592592593 0.0234375 0.023148148148148147
0 0.3223958333333333 0.2638888888888889 0.007291666666666667 0.014814814814814815
0 0.3184895833333333 0.2064814814814815 0.0171875 0.10555555555555556
0 0.11953125 0.19814814814814816 0.030729166666666665 0.027777777777777776
0 0.11484375 0.19814814814814816 0.0203125 0.027777777777777776
0 0.08385416666666666 0.26296296296296295 0.004166666666666667 0.007407407407407408
0 0.1328125 0.9125 0.014583333333333334 0.013888888888888888
0 0.9143229166666667 0.9375 0.011979166666666667 0.017592592592592594
0 0.6799479166666667 0.18796296296296297 0.0234375 0.05185185185185185
0 0.71328125 0.2569444444444444 0.0140625 0.049074074074074076
0 0.69609375 0.22685185185185186 0.011979166666666667 0.022222222222222223
0 0.5979166666666667 0.09351851851851851 0.017708333333333333 0.022222222222222223
0 0.5877604166666667 0.1337962962962963 0.0067708333333333336 0.010185185185185186
0 0.49270833333333336 0.2611111111111111 0.00625 0.014814814814814815
0 0.46015625 0.2726851851851852 0.015104166666666667 0.04351851851851852
0 0.4557291666666667 0.3958333333333333 0.010416666666666666 0.025
0 0.4546875 0.39444444444444443 0.013541666666666667 0.024074074074074074
0 0.43359375 0.4064814814814815 0.0296875 0.014814814814814815
0 0.7515625 0.41064814814814815 0.009375 0.012037037037037037
0 0.84609375 0.27361111111111114 0.013020833333333334 0.012037037037037037
0 0.9317708333333333 0.3037037037037037 0.023958333333333335 0.046296296296296294
1 0.49973958333333335 0.4685185185185185 0.9994791666666667 0.9351851851851852
0 0.027604166666666666 0.019444444444444445 0.014583333333333334 0.022222222222222223
0 0.23151041666666666 0.5097222222222222 0.0067708333333333336 0.013888888888888888
0 0.23203125 0.5805555555555556 0.008854166666666666 0.025925925925925925
0 0.28072916666666664 0.3907407407407407 0.014583333333333334 0.05185185185185185
0 0.28098958333333335 0.40370370370370373 0.011979166666666667 0.024074074074074074
0 0.3151041666666667 0.4064814814814815 0.025 0.014814814814814815
0 0.36171875 0.19212962962962962 0.0067708333333333336 0.012037037037037037
0 0.3692708333333333 0.22546296296296298 0.014583333333333334 0.026851851851851852
0 0.35833333333333334 0.2513888888888889 0.00625 0.03425925925925926
0 0.38307291666666665 0.2490740740740741 0.0109375 0.016666666666666666
0 0.40390625 0.26342592592592595 0.0078125 0.013888888888888888
0 0.43359375 0.2652888888888889 0.011979166666666667 0.01391111111111111
0 0.4661458333333333 0.4060185185185185 0.014583333333333334 0.019444444444444445
0 0.43359375 0.08472222222222223 0.022395833333333334 0.026851851851851852
0 0.428125 0.18564814814814815 0.004166666666666667 0.008333333333333333
0 0.40911458333333334 0.21851851851851853 0.005729166666666666 0.012962962962962963
0 0.47109375 0.12777777777777777 0.0067708333333333336 0.016666666666666666
0 0.0234375 0.1361111111111111 0.00625 0.022222222222222223
0 0.030208333333333334 0.1925925925925926 0.005208333333333333 0.022222222222222223
0 0.8388020833333333 0.26851851851851855 0.009895833333333333 0.046296296296296294
0 0.5731770833333333 0.33611111111111114 0.009895833333333333 0.018518518518518517
0 0.64375 0.3263888888888889 0.010416666666666666 0.017592592592592594
0 0.80625 0.4101851851851852 0.004166666666666667 0.011111111111111112
0 0.6885416666666667 0.2273148148148148 0.00625 0.021296296296296296
0 0.8268229166666666 0.38935185185185184 0.009895833333333333 0.01574074074074074
0 0.8473958333333333 0.48055555555555557 0.00625 0.011111111111111112
0 0.8515625 0.44583333333333336 0.005208333333333333 0.012037037037037037
0 0.8505208333333333 0.3661125 0.004166666666666667 0.015558333333333334
0 0.8403645833333333 0.15787037037037038 0.028645833333333332 0.0824074074074074
0 0.8528645833333334 0.21805555555555556 0.0067708333333333336 0.017592592592592594
0 0.8859375 0.2 0.015625 0.025925925925925925
0 0.8760416666666667 0.25555555555555554 0.005208333333333333 0.011111111111111112
0 0.9020833333333333 0.33564814814814814 0.004166666666666667 0.010185185185185186
0 0.6776041666666667 0.5694444444444444 0.011458333333333333 0.027777777777777776
0 0.84921875 0.7439814814814815 0.0109375 0.012037037037037037
0 0.9135416666666667 0.7180555555555556 0.016666666666666666 0.021296296296296296
0 0.9041666666666667 0.7657407407407407 0.007291666666666667 0.011111111111111112
0 0.85234375 0.7282407407407407 0.005729166666666666 0.006481481481481481
0 0.69296875 0.7032407407407407 0.0234375 0.023148148148148147
0 0.6776041666666667 0.7361111111111112 0.007291666666666667 0.014814814814814815
0 0.6815104166666667 0.7935185185185185 0.0171875 0.10555555555555556
0 0.88046875 0.8018518518518518 0.030729166666666665 0.027777777777777776
0 0.88515625 0.8018518518518518 0.0203125 0.027777777777777776
0 0.9161458333333333 0.737037037037037 0.004166666666666667 0.007407407407407408
0 0.8671875 0.0875 0.014583333333333334 0.013888888888888888
0 0.08567708333333333 0.0625 0.011979166666666667 0.017592592592592594
0 0.32005208333333335 0.812037037037037 0.0234375 0.05185185185185185
0 0.28671875 0.7430555555555556 0.0140625 0.049074074074074076
0 0.30390625 0.7731481481481481 0.011979166666666667 0.022222222222222223
0 0.40208333333333335 0.9064814814814814 0.017708333333333333 0.022222222222222223
0 0.4122395833333333 0.8662037037037037 0.0067708333333333336 0.010185185185185186
0 0.5072916666666667 0.7388888888888889 0.00625 0.014814814814814815
0 0.53984375 0.7273148148148149 0.015104166666666667 0.04351851851851852
0 0.5442708333333334 0.6041666666666666 0.010416666666666666 0.025
0 0.5453125 0.6055555555555555 0.013541666666666667 0.024074074074074074
0 0.56640625 0.5935185185185186 0.0296875 0.014814814814814815
0 0.2484375 0.5893518518518519 0.009375 0.012037037037037037
0 0.15390625 0.7263888888888889 0.013020833333333334 0.012037037037037037
0 0.06822916666666666 0.6962962962962963 0.023958333333333335 0.046296296296296294
1 0.49973958333333335 0.5314814814814814 0.9994791666666667 0.9351851851851852
0 0.027604166666666666 0.9805555555555555 0.014583333333333334 0.022222222222222223
0 0.23151041666666666 0.49027777777777776 0.0067708333333333336 0.013888888888888888
0 0.23203125 0.41944444444444445 0.008854166666666666 0.025925925925925925
0 0.28072916666666664 0.6092592592592593 0.014583333333333334 0.05185185185185185
0 0.28098958333333335 0.5962962962962963 0.011979166666666667 0.024074074074074074
0 0.3151041666666667 0.5935185185185186 0.025 0.014814814814814815
0 0.36171875 0.8078703703703703 0.0067708333333333336 0.012037037037037037
0 0.3692708333333333 0.774537037037037 0.014583333333333334 0.026851851851851852
0 0.35833333333333334 0.7486111111111111 0.00625 0.03425925925925926
0 0.38307291666666665 0.7509259259259259 0.0109375 0.016666666666666666
0 0.40390625 0.736574074074074 0.0078125 0.013888888888888888
0 0.43359375 0.7347333333333332 0.011979166666666667 0.01391111111111111
0 0.4661458333333333 0.5939814814814814 0.014583333333333334 0.019444444444444445
0 0.43359375 0.9152777777777777 0.022395833333333334 0.026851851851851852
0 0.428125 0.8143518518518519 0.004166666666666667 0.008333333333333333
0 0.40911458333333334 0.7814814814814814 0.005729166666666666 0.012962962962962963
0 0.47109375 0.8722222222222222 0.0067708333333333336 0.016666666666666666
0 0.0234375 0.8638888888888889 0.00625 0.022222222222222223
0 0.030208333333333334 0.8074074074074075 0.005208333333333333 0.022222222222222223
0 0.8388020833333333 0.7314814814814815 0.009895833333333333 0.046296296296296294
0 0.5731770833333333 0.6638888888888889 0.009895833333333333 0.018518518518518517
0 0.64375 0.6736111111111112 0.010416666666666666 0.017592592592592594
0 0.80625 0.5898148148148148 0.004166666666666667 0.011111111111111112
0 0.6885416666666667 0.7726851851851851 0.00625 0.021296296296296296
0 0.8268229166666666 0.6106481481481482 0.009895833333333333 0.01574074074074074
0 0.8473958333333333 0.5194444444444445 0.00625 0.011111111111111112
0 0.8515625 0.5541666666666667 0.005208333333333333 0.012037037037037037
0 0.8505208333333333 0.6337050925925927 0.004166666666666667 0.015558333333333334
0 0.8403645833333333 0.8421296296296297 0.028645833333333332 0.0824074074074074
0 0.8528645833333334 0.7819444444444444 0.0067708333333333336 0.017592592592592594
0 0.8859375 0.8 0.015625 0.025925925925925925
0 0.8760416666666667 0.7444444444444445 0.005208333333333333 0.011111111111111112
0 0.9020833333333333 0.6643518518518519 0.004166666666666667 0.010185185185185186
0 0.6776041666666667 0.4305555555555556 0.011458333333333333 0.027777777777777776
0 0.84921875 0.25601851851851853 0.0109375 0.012037037037037037
0 0.9135416666666667 0.28194444444444444 0.016666666666666666 0.021296296296296296
0 0.9041666666666667 0.23425925925925925 0.007291666666666667 0.011111111111111112
0 0.85234375 0.27175925925925926 0.005729166666666666 0.006481481481481481
0 0.69296875 0.2967592592592593 0.0234375 0.023148148148148147
0 0.6776041666666667 0.2638888888888889 0.007291666666666667 0.014814814814814815
0 0.6815104166666667 0.2064814814814815 0.0171875 0.10555555555555556
0 0.88046875 0.19814814814814816 0.030729166666666665 0.027777777777777776
0 0.88515625 0.19814814814814816 0.0203125 0.027777777777777776
0 0.9161458333333333 0.26296296296296295 0.004166666666666667 0.007407407407407408
0 0.8671875 0.9125 0.014583333333333334 0.013888888888888888
0 0.08567708333333333 0.9375 0.011979166666666667 0.017592592592592594
0 0.32005208333333335 0.18796296296296297 0.0234375 0.05185185185185185
0 0.28671875 0.2569444444444444 0.0140625 0.049074074074074076
0 0.30390625 0.22685185185185186 0.011979166666666667 0.022222222222222223
0 0.40208333333333335 0.09351851851851851 0.017708333333333333 0.022222222222222223
0 0.4122395833333333 0.1337962962962963 0.0067708333333333336 0.010185185185185186
0 0.5072916666666667 0.2611111111111111 0.00625 0.014814814814814815
0 0.53984375 0.2726851851851852 0.015104166666666667 0.04351851851851852
0 0.5442708333333334 0.3958333333333333 0.010416666666666666 0.025
0 0.5453125 0.39444444444444443 0.013541666666666667 0.024074074074074074
0 0.56640625 0.4064814814814815 0.0296875 0.014814814814814815
0 0.2484375 0.41064814814814815 0.009375 0.012037037037037037
0 0.15390625 0.27361111111111114 0.013020833333333334 0.012037037037037037
0 0.06822916666666666 0.3037037037037037 0.023958333333333335 0.046296296296296294
