1 0.5 0.4959050925925926 1.0 0.9918101851851852
0 0.4807575520833333 0.6673694444444445 0.0167234375 0.029183333333333335
0 0.25541692708333336 0.6341782407407408 0.0222921875 0.025763888888888888
0 0.16088567708333334 0.21524814814814813 0.011354687499999998 0.023088888888888888
0 0.30296953125 0.17085416666666667 0.012189062499999999 0.039856481481481486
0 0.28345963541666663 0.1527148148148148 0.0210859375 0.04061481481481481
0 0.5393192708333333 0.34653240740740743 0.019263541666666665 0.04306481481481481
0 0.7226557291666666 0.18292083333333334 0.01718645833333333 0.01028611111111111
0 0.8091276041666667 0.5208083333333333 0.02450520833333333 0.04346851851851852
0 0.63140625 0.7137333333333333 0.010729166666666668 0.008948148148148148
0 0.5826901041666667 0.17385416666666664 0.007046874999999999 0.008819444444444444
0 0.404846875 0.2323523148148148 0.008652083333333333 0.01470462962962963
0 0.4422036458333333 0.3524037037037037 0.004198958333333333 0.00665925925925926
0 0.5438658854166667 0.3193962962962963 0.011690104166666666 0.012866666666666667
0 0.17380338541666665 0.564787037037037 0.0059401041666666664 0.0073518518518518525
1 0.49973958333333335 0.5287037037037037 0.9994791666666667 0.9407407407407408
0 0.5075520833333333 0.3296296296296296 0.016145833333333335 0.02962962962962963
0 0.73359375 0.3143518518518518 0.022395833333333334 0.023148148148148147
0 0.85625 0.7087962962962963 0.010416666666666666 0.023148148148148147
0 0.71796875 0.7847222222222222 0.0109375 0.03981481481481482
0 0.7388020833333333 0.7972222222222223 0.019270833333333334 0.044444444444444446
0 0.4713541666666667 0.6611111111111111 0.019791666666666666 0.04259259259259259
0 0.30078125 0.862037037037037 0.0171875 0.009259259259259259
0 0.19140625 0.5462962962962963 0.025520833333333333 0.046296296296296294
0 0.35494791666666664 0.31666666666666665 0.0109375 0.009259259259259259
0 0.440625 0.8416666666666667 0.007291666666666667 0.007407407407407408
0 0.6130208333333333 0.7449074074074075 0.008333333333333333 0.01574074074074074
0 0.5677083333333334 0.6337962962962963 0.004166666666666667 0.006481481481481481
0 0.46875 0.6888888888888889 0.011458333333333333 0.012962962962962963
0 0.8190104166666666 0.36527777777777776 0.005729166666666666 0.008333333333333333
1 0.5 0.5 1.0 1.0
0 0.4771716145833333 0.33485787037037035 0.016843229166666664 0.028975
0 0.25276744791666667 0.38107916666666664 0.0222015625 0.02697314814814815
0 0.16673359375 0.8050226851851852 0.0115921875 0.023008333333333332
0 0.3099028645833333 0.841225462962963 0.012514062500000001 0.03985833333333333
0 0.29001510416666665 0.8604444444444445 0.021696875 0.03940740740740741
0 0.5423421875 0.6511708333333334 0.019059375 0.04308240740740741
0 0.7288820312500001 0.802763425925926 0.0171390625 0.011082407407407407
0 0.8090325520833334 0.4601587962962963 0.024315104166666667 0.042539814814814815
0 0.6271950520833334 0.27769814814814814 0.010640104166666666 0.009099999999999999
0 0.5888953125 0.8212662037037036 0.006957291666666667 0.009199074074074075
0 0.4100890625 0.7730569444444445 0.008719791666666667 0.014632407407407408
0 0.4448067708333333 0.6505680555555556 0.004196875 0.006691666666666667
0 0.54752890625 0.6776981481481481 0.011724479166666666 0.012803703703703703
0 0.17278385416666667 0.45563194444444444 0.005984375 0.0075601851851851845
1 0.5 0.4959050925925926 1.0 0.9918101851851852
0 0.4807575520833333 0.6673694444444445 0.0167234375 0.029183333333333335
0 0.25541692708333336 0.6341782407407408 0.0222921875 0.025763888888888888
0 0.16088567708333334 0.21524814814814813 0.011354687499999998 0.023088888888888888
0 0.30296953125 0.17085416666666667 0.012189062499999999 0.039856481481481486
0 0.28345963541666663 0.1527148148148148 0.0210859375 0.04061481481481481
0 0.5393192708333333 0.34653240740740743 0.019263541666666665 0.04306481481481481
0 0.7226557291666666 0.18292083333333334 0.01718645833333333 0.01028611111111111
0 0.8091276041666667 0.5208083333333333 0.02450520833333333 0.04346851851851852
0 0.63140625 0.7137333333333333 0.010729166666666668 0.008948148148148148
0 0.5826901041666667 0.17385416666666664 0.007046874999999999 0.008819444444444444
0 0.404846875 0.2323523148148148 0.008652083333333333 0.01470462962962963
0 0.4422036458333333 0.3524037037037037 0.004198958333333333 0.00665925925925926
0 0.5438658854166667 0.3193962962962963 0.011690104166666666 0.012866666666666667
0 0.17380338541666665 0.564787037037037 0.0059401041666666664 0.0073518518518518525
1 0.49973958333333335 0.5287037037037037 0.9994791666666667 0.9407407407407408
0 0.5075520833333333 0.3296296296296296 0.016145833333333335 0.02962962962962963
0 0.73359375 0.3143518518518518 0.022395833333333334 0.023148148148148147
0 0.85625 0.7087962962962963 0.010416666666666666 0.023148148148148147
0 0.71796875 0.7847222222222222 0.0109375 0.03981481481481482
0 0.7388020833333333 0.7972222222222223 0.019270833333333334 0.044444444444444446
0 0.4713541666666667 0.6611111111111111 0.019791666666666666 0.04259259259259259
0 0.30078125 0.862037037037037 0.0171875 0.009259259259259259
0 0.19140625 0.5462962962962963 0.025520833333333333 0.046296296296296294
0 0.35494791666666664 0.31666666666666665 0.0109375 0.009259259259259259
0 0.440625 0.8416666666666667 0.007291666666666667 0.007407407407407408
0 0.6130208333333333 0.7449074074074075 0.008333333333333333 0.01574074074074074
0 0.5677083333333334 0.6337962962962963 0.004166666666666667 0.006481481481481481
0 0.46875 0.6888888888888889 0.011458333333333333 0.012962962962962963
0 0.8190104166666666 0.36527777777777776 0.005729166666666666 0.008333333333333333
1 0.5 0.5 1.0 1.0
0 0.4771716145833333 0.33485787037037035 0.016843229166666664 0.028975
0 0.25276744791666667 0.38107916666666664 0.0222015625 0.02697314814814815
0 0.16673359375 0.8050226851851852 0.0115921875 0.023008333333333332
0 0.3099028645833333 0.841225462962963 0.012514062500000001 0.03985833333333333
0 0.29001510416666665 0.8604444444444445 0.021696875 0.03940740740740741
0 0.5423421875 0.6511708333333334 0.019059375 0.04308240740740741
0 0.7288820312500001 0.802763425925926 0.0171390625 0.011082407407407407
0 0.8090325520833334 0.4601587962962963 0.024315104166666667 0.042539814814814815
0 0.6271950520833334 0.27769814814814814 0.010640104166666666 0.009099999999999999
0 0.5888953125 0.8212662037037036 0.006957291666666667 0.009199074074074075
0 0.4100890625 0.7730569444444445 0.008719791666666667 0.014632407407407408
0 0.4448067708333333 0.6505680555555556 0.004196875 0.006691666666666667
0 0.54752890625 0.6776981481481481 0.011724479166666666 0.012803703703703703
0 0.17278385416666667 0.45563194444444444 0.005984375 0.0075601851851851845
1 0.5 0.4959050925925926 1.0 0.9918101851851852
0 0.4807575520833333 0.6673694444444445 0.0167234375 0.029183333333333335
0 0.25541692708333336 0.6341782407407408 0.0222921875 0.025763888888888888
0 0.16088567708333334 0.21524814814814813 0.011354687499999998 0.023088888888888888
0 0.30296953125 0.17085416666666667 0.012189062499999999 0.039856481481481486
0 0.28345963541666663 0.1527148148148148 0.0210859375 0.04061481481481481
0 0.5393192708333333 0.34653240740740743 0.019263541666666665 0.04306481481481481
0 0.7226557291666666 0.18292083333333334 0.01718645833333333 0.01028611111111111
0 0.8091276041666667 0.5208083333333333 0.02450520833333333 0.04346851851851852
0 0.63140625 0.7137333333333333 0.010729166666666668 0.008948148148148148
0 0.5826901041666667 0.17385416666666664 0.007046874999999999 0.008819444444444444
0 0.404846875 0.2323523148148148 0.008652083333333333 0.01470462962962963
0 0.4422036458333333 0.3524037037037037 0.004198958333333333 0.00665925925925926
0 0.5438658854166667 0.3193962962962963 0.011690104166666666 0.012866666666666667
0 0.17380338541666665 0.564787037037037 0.0059401041666666664 0.0073518518518518525
1 0.49973958333333335 0.5287037037037037 0.9994791666666667 0.9407407407407408
0 0.5075520833333333 0.3296296296296296 0.016145833333333335 0.02962962962962963
0 0.73359375 0.3143518518518518 0.022395833333333334 0.023148148148148147
0 0.85625 0.7087962962962963 0.010416666666666666 0.023148148148148147
0 0.71796875 0.7847222222222222 0.0109375 0.03981481481481482
0 0.7388020833333333 0.7972222222222223 0.019270833333333334 0.044444444444444446
0 0.4713541666666667 0.6611111111111111 0.019791666666666666 0.04259259259259259
0 0.30078125 0.862037037037037 0.0171875 0.009259259259259259
0 0.19140625 0.5462962962962963 0.025520833333333333 0.046296296296296294
0 0.35494791666666664 0.31666666666666665 0.0109375 0.009259259259259259
0 0.440625 0.8416666666666667 0.007291666666666667 0.007407407407407408
0 0.6130208333333333 0.7449074074074075 0.008333333333333333 0.01574074074074074
0 0.5677083333333334 0.6337962962962963 0.004166666666666667 0.006481481481481481
0 0.46875 0.6888888888888889 0.011458333333333333 0.012962962962962963
0 0.8190104166666666 0.36527777777777776 0.005729166666666666 0.008333333333333333
1 0.5 0.5 1.0 1.0
0 0.4771716145833333 0.33485787037037035 0.016843229166666664 0.028975
0 0.25276744791666667 0.38107916666666664 0.0222015625 0.02697314814814815
0 0.16673359375 0.8050226851851852 0.0115921875 0.023008333333333332
0 0.3099028645833333 0.841225462962963 0.012514062500000001 0.03985833333333333
0 0.29001510416666665 0.8604444444444445 0.021696875 0.03940740740740741
0 0.5423421875 0.6511708333333334 0.019059375 0.04308240740740741
0 0.7288820312500001 0.802763425925926 0.0171390625 0.011082407407407407
0 0.8090325520833334 0.4601587962962963 0.024315104166666667 0.042539814814814815
0 0.6271950520833334 0.27769814814814814 0.010640104166666666 0.009099999999999999
0 0.5888953125 0.8212662037037036 0.006957291666666667 0.009199074074074075
0 0.4100890625 0.7730569444444445 0.008719791666666667 0.014632407407407408
0 0.4448067708333333 0.6505680555555556 0.004196875 0.006691666666666667
0 0.54752890625 0.6776981481481481 0.011724479166666666 0.012803703703703703
0 0.17278385416666667 0.45563194444444444 0.005984375 0.0075601851851851845
