0 0.5 0.535813425925926 1.0 0.9290342592592592
0 0.5 0.5347708333333333 1.0 0.9306527777777778
0 0.5 0.5345305555555555 1.0 0.9301722222222223
1 0.5 0.5345305555555555 1.0 0.9301722222222223
0 0.6552958333333333 0.8949555555555556 0.048091666666666665 0.07139259259259259
0 0.36826432291666666 0.7027203703703704 0.0531953125 0.10729259259259259
0 0.14523619791666667 0.7007990740740742 0.0133890625 0.04048703703703704
0 0.16226145833333333 0.6892212962962964 0.00785625 0.013627777777777779
0 0.14748333333333333 0.6566333333333333 0.011633333333333332 0.02622962962962963
0 0.26953515625 0.6445949074074074 0.0140703125 0.028078703703703703
0 0.2647161458333333 0.7834925925925926 0.005473958333333333 0.015133333333333334
0 0.24063854166666668 0.724325462962963 0.04169375 0.052354629629629626
0 0.25358203125 0.7396523148148147 0.013414062499999999 0.021897222222222224
0 0.36025390625 0.8728236111111111 0.018424479166666667 0.04564722222222222
0 0.3628239583333333 0.8009870370370371 0.006897916666666667 0.01678888888888889
0 0.22578958333333335 0.742775 0.007829166666666667 0.01703148148148148
0 0.222884375 0.7200851851851852 0.007227083333333333 0.023503703703703704
0 0.18150729166666668 0.969588425925926 0.00468125 0.002139814814814815
0 0.03935859375 0.8772398148148148 0.011008854166666667 0.03596111111111111
0 0.08522265625 0.9426361111111111 0.0027369791666666666 0.007494444444444444
0 0.07653020833333332 0.9390458333333334 0.007227083333333333 0.018832407407407405
0 0.06069791666666667 0.9347981481481481 0.007854166666666667 0.03070740740740741
0 0.0300921875 0.9336777777777777 0.010184374999999999 0.028466666666666668
0 0.024429427083333333 0.5425314814814814 0.011358854166666666 0.05358148148148149
0 0.0284375 0.7889055555555556 0.0037500000000000003 0.011144444444444445
0 0.2672807291666667 0.7287458333333333 0.0033114583333333334 0.009343518518518518
0 0.19034322916666666 0.8174476851851852 0.012978125 0.031191666666666666
0 0.18941484374999998 0.7814851851851852 0.0038296874999999998 0.029637037037037038
0 0.18503697916666667 0.7452689814814815 0.014865625 0.03868611111111111
0 0.19727994791666664 0.49263101851851854 0.0081015625 0.05007685185185185
0 0.15606875 0.4986041666666666 0.0038041666666666666 0.010171296296296296
0 0.3878611979166667 0.5918620370370371 0.012180729166666666 0.03372407407407407
0 0.40781927083333336 0.581212962962963 0.011471875 0.03464814814814815
0 0.3982471354166667 0.45726527777777776 0.0569109375 0.0626787037037037
0 0.42687291666666666 0.47566898148148146 0.006870833333333334 0.01800462962962963
0 0.46322109375 0.46621203703703706 0.006650520833333334 0.023164814814814815
0 0.33436640625 0.3483912037037037 0.0093578125 0.037523148148148146
0 0.86089375 0.6392231481481482 0.020745833333333335 0.04881666666666667
0 0.8158385416666667 0.5887791666666666 0.008760416666666666 0.018299074074074075
0 0.7987749999999999 0.5575629629629629 0.006925 0.02068148148148148
0 0.7680057291666667 0.506011574074074 0.005803125 0.010171296296296296
0 0.7843700520833334 0.4325402777777778 0.007281770833333334 0.018784259259259257
0 0.7380861979166667 0.7918273148148148 0.004297395833333333 0.01328425925925926
0 0.9800236979166667 0.7612138888888889 0.009005729166666667 0.029835185185185187
0 0.9688684895833333 0.8290078703703704 0.006486979166666667 0.019126851851851853
0 0.9552177083333333 0.6357342592592592 0.00626875 0.015912962962962962
0 0.9952010416666667 0.6634916666666667 0.0018604166666666667 0.010316666666666667
0 0.99152421875 0.6903652777777778 0.007006770833333333 0.01406388888888889
0 0.9940895833333333 0.6621009259259258 0.0038041666666666666 0.013090740740740741
0 0.9201981770833334 0.6822736111111111 0.006021354166666667 0.018250925925925924
0 0.8794518229166666 0.5620805555555556 0.0036953125 0.007494444444444444
0 0.8494755208333333 0.43149814814814813 0.005201041666666667 0.011144444444444445
0 0.8070229166666666 0.6464935185185184 0.0369625 0.057801851851851854
0 0.8204036458333334 0.6396069444444444 0.006432291666666667 0.019954629629629628
0 0.8039158854166666 0.6752824074074074 0.0057484375 0.015379629629629629
0 0.4995171875 0.39031944444444444 0.004242708333333334 0.010268518518518519
0 0.4370171875 0.3872013888888889 0.004242708333333334 0.007736111111111111
0 0.28817786458333333 0.38916620370370375 0.009689062500000001 0.022776851851851854
0 0.2570690104166667 0.3448967592592592 0.0047630208333333335 0.015719444444444446
0 0.05160052083333334 0.2574162037037037 0.004242708333333334 0.022239814814814813
0 0.18233046875 0.41069212962962964 0.0032026041666666665 0.006569444444444445
0 0.18000130208333334 0.3986310185185185 0.0016692708333333334 0.006521296296296297
0 0.16492239583333335 0.45294212962962965 0.0048447916666666665 0.007736111111111111
0 0.20450520833333333 0.5719078703703703 0.003802083333333333 0.030852777777777778
0 0.5 0.535813425925926 1.0 0.9290342592592592
0 0.5 0.5347708333333333 1.0 0.9306527777777778
0 0.5 0.5345305555555555 1.0 0.9301722222222223
1 0.5 0.5345305555555555 1.0 0.9301722222222223
0 0.3448791666666667 0.8949555555555556 0.048091666666666665 0.07139259259259259
0 0.6318059895833333 0.7027203703703704 0.0531953125 0.10729259259259259
0 0.8546111979166666 0.7007990740740742 0.0133890625 0.04048703703703704
0 0.8377822916666666 0.6892212962962964 0.00785625 0.013627777777777779
0 0.8526916666666666 0.6566333333333333 0.011633333333333332 0.02622962962962963
0 0.73047265625 0.6445949074074074 0.0140703125 0.028078703703703703
0 0.7350286458333334 0.7834925925925926 0.005473958333333333 0.015133333333333334
0 0.7593885416666667 0.724325462962963 0.04169375 0.052354629629629626
0 0.7462903645833333 0.7396523148148147 0.013414062499999999 0.021897222222222224
0 0.63994140625 0.8728236111111111 0.018424479166666667 0.04564722222222222
0 0.6367822916666667 0.8009870370370371 0.006897916666666667 0.01678888888888889
0 0.7742270833333333 0.742775 0.007829166666666667 0.01703148148148148
0 0.7770510416666667 0.7200851851851852 0.007227083333333333 0.023503703703703704
0 0.8184864583333333 0.969588425925926 0.00468125 0.002139814814814815
0 0.9607127604166668 0.8772398148148148 0.011008854166666667 0.03596111111111111
0 0.91491015625 0.9426361111111111 0.0027369791666666666 0.007494444444444444
0 0.9234052083333334 0.9390458333333334 0.007227083333333333 0.018832407407407405
0 0.93934375 0.9347981481481481 0.007854166666666667 0.03070740740740741
0 0.9696755208333333 0.9336777777777777 0.010184374999999999 0.028466666666666668
0 0.9759919270833334 0.5425314814814814 0.011358854166666666 0.05358148148148149
0 0.9711458333333333 0.7889055555555556 0.0037500000000000003 0.011144444444444445
0 0.7323848958333333 0.7287458333333333 0.0033114583333333334 0.009343518518518518
0 0.8096140625 0.8174476851851852 0.012978125 0.031191666666666666
0 0.8107690104166667 0.7814851851851852 0.0038296874999999998 0.029637037037037038
0 0.8147244791666667 0.7452689814814815 0.014865625 0.03868611111111111
0 0.8024882812499999 0.49263101851851854 0.0081015625 0.05007685185185185
0 0.8440895833333334 0.4986041666666666 0.0038041666666666666 0.010171296296296296
0 0.61181953125 0.5918620370370371 0.012180729166666666 0.03372407407407407
0 0.5921942708333333 0.581212962962963 0.011471875 0.03464814814814815
0 0.6013721354166667 0.45726527777777776 0.0569109375 0.0626787037037037
0 0.5732270833333334 0.47566898148148146 0.006870833333333334 0.01800462962962963
0 0.5366585937499999 0.46621203703703706 0.006650520833333334 0.023164814814814815
0 0.6656164062500001 0.3483912037037037 0.0093578125 0.037523148148148146
0 0.13901875 0.6392231481481482 0.020745833333333335 0.04881666666666667
0 0.18406770833333336 0.5887791666666666 0.008760416666666666 0.018299074074074075
0 0.20085833333333333 0.5575629629629629 0.006925 0.02068148148148148
0 0.23206822916666667 0.506011574074074 0.005803125 0.010171296296296296
0 0.21562005208333332 0.4325402777777778 0.007281770833333334 0.018784259259259257
0 0.26204453125 0.7918273148148148 0.004297395833333333 0.01328425925925926
0 0.020127864583333332 0.7612138888888889 0.009005729166666667 0.029835185185185187
0 0.03084765625 0.8290078703703704 0.006486979166666667 0.019126851851851853
0 0.044801041666666666 0.6357342592592592 0.00626875 0.015912962962962962
0 0.005096875 0.6634916666666667 0.0018604166666666667 0.010316666666666667
0 0.008190885416666667 0.6903652777777778 0.007006770833333333 0.01406388888888889
0 0.005547916666666667 0.6621009259259258 0.0038041666666666666 0.013090740740740741
0 0.07957317708333332 0.6822736111111111 0.006021354166666667 0.018250925925925924
0 0.12007682291666667 0.5620805555555556 0.0036953125 0.007494444444444444
0 0.1505171875 0.43149814814814813 0.005201041666666667 0.011144444444444445
0 0.19296041666666666 0.6464935185185184 0.0369625 0.057801851851851854
0 0.17977864583333333 0.6396069444444444 0.006432291666666667 0.019954629629629628
0 0.19610338541666666 0.6752824074074074 0.0057484375 0.015379629629629629
0 0.5005588541666667 0.39031944444444444 0.004242708333333334 0.010268518518518519
0 0.5630588541666667 0.3872013888888889 0.004242708333333334 0.007736111111111111
0 0.7121361979166667 0.38916620370370375 0.009689062500000001 0.022776851851851854
0 0.7430065104166667 0.3448967592592592 0.0047630208333333335 0.015719444444444446
0 0.9484755208333334 0.2574162037037037 0.004242708333333334 0.022239814814814813
0 0.8177471354166667 0.41069212962962964 0.0032026041666666665 0.006569444444444445
0 0.82010546875 0.3986310185185185 0.0016692708333333334 0.006521296296296297
0 0.8352348958333333 0.45294212962962965 0.0048447916666666665 0.007736111111111111
0 0.7956510416666667 0.5719078703703703 0.003802083333333333 0.030852777777777778
0 0.49973958333333335 0.538425925925926 0.9994791666666667 0.9212962962962963
0 0.49973958333333335 0.538425925925926 0.9994791666666667 0.9212962962962963
0 0.49973958333333335 0.537962962962963 0.9994791666666667 0.9222222222222223
1 0.49973958333333335 0.537962962962963 0.9994791666666667 0.9222222222222223
0 0.3333333333333333 0.8810185185185185 0.046875 0.0712962962962963
0 0.6263020833333334 0.7148148148148148 0.0546875 0.1037037037037037
0 0.8481770833333333 0.7337962962962963 0.0140625 0.03981481481481482
0 0.8315104166666667 0.7208333333333333 0.0078125 0.013888888888888888
0 0.8473958333333333 0.6888888888888889 0.011458333333333333 0.025925925925925925
0 0.72578125 0.6657407407407407 0.0140625 0.027777777777777776
0 0.7265625 0.8046296296296296 0.005208333333333333 0.014814814814814815
0 0.75234375 0.7490740740740741 0.0421875 0.05185185185185185
0 0.7390625 0.7625 0.013541666666666667 0.021296296296296296
0 0.6286458333333333 0.8856481481481482 0.01875 0.04537037037037037
0 0.6278645833333333 0.812962962962963 0.0067708333333333336 0.016666666666666666
0 0.7669270833333334 0.7675925925925926 0.0078125 0.016666666666666666
0 0.7703125 0.7458333333333333 0.007291666666666667 0.023148148148148147
0 0.8044270833333333 0.9981481481481481 0.0046875 0.001851851851851852
0 0.9486979166666667 0.9194444444444444 0.011979166666666667 0.03518518518518519
0 0.9013020833333333 0.9805555555555555 0.0026041666666666665 0.007407407407407408
0 0.9098958333333333 0.9777777777777777 0.007291666666666667 0.018518518518518517
0 0.9263020833333333 0.975462962962963 0.0078125 0.030555555555555555
0 0.95625 0.9768518518518519 0.010416666666666666 0.027777777777777776
0 0.9736979166666667 0.5861111111111111 0.011979166666666667 0.053703703703703705
0 0.9921875 0.8430555555555556 0.004166666666666667 0.008333333333333333
0 0.9622395833333334 0.8324074074074074 0.0036458333333333334 0.011111111111111112
0 0.7255208333333333 0.75 0.003125 0.009259259259259259
0 0.8 0.8458333333333333 0.013541666666666667 0.030555555555555555
0 0.8020833333333334 0.8101851851851852 0.003125 0.02962962962962963
0 0.80703125 0.774537037037037 0.015104166666666667 0.03796296296296296
0 0.8028645833333333 0.5212962962962963 0.0078125 0.05
0 0.8434895833333333 0.5300925925925926 0.0036458333333333334 0.010185185185185186
0 0.6091145833333333 0.6027777777777777 0.011979166666666667 0.03333333333333333
0 0.58984375 0.5893518518518519 0.011979166666666667 0.03425925925925926
0 0.6028645833333334 0.46805555555555556 0.05677083333333333 0.062037037037037036
0 0.5736979166666667 0.4828703703703704 0.0067708333333333336 0.017592592592592594
0 0.5375 0.4699074074074074 0.00625 0.023148148148148147
0 0.6700520833333333 0.36435185185185187 0.008854166666666666 0.03796296296296296
0 0.13515625 0.6055555555555555 0.0203125 0.05
0 0.18203125 0.5592592592592592 0.008854166666666666 0.018518518518518517
0 0.19973958333333333 0.5296296296296297 0.0067708333333333336 0.020370370370370372
0 0.23203125 0.4810185185185185 0.005729166666666666 0.010185185185185186
0 0.21822916666666667 0.4064814814814815 0.007291666666666667 0.018518518518518517
0 0.024479166666666666 0.9939814814814815 0.00625 0.010185185185185186
0 0.028645833333333332 0.9671296296296297 0.007291666666666667 0.01574074074074074
0 0.25364583333333335 0.7694444444444445 0.004166666666666667 0.012962962962962963
0 0.01328125 0.7162037037037037 0.008854166666666666 0.030555555555555555
0 0.021875 0.7847222222222222 0.00625 0.019444444444444445
0 0.04114583333333333 0.5930555555555556 0.00625 0.01574074074074074
0 0.00078125 0.6171296296296296 0.0015625 0.010185185185185186
0 0.0033854166666666668 0.6439814814814815 0.0067708333333333336 0.013888888888888888
0 0.0018229166666666667 0.6157407407407407 0.0036458333333333334 0.012962962962962963
0 0.07473958333333333 0.6425925925925926 0.005729166666666666 0.018518518518518517
0 0.11901041666666666 0.5268518518518519 0.0036458333333333334 0.007407407407407408
0 0.153125 0.3990740740740741 0.005208333333333333 0.011111111111111112
0 0.1890625 0.6180555555555556 0.03854166666666667 0.05462962962962963
0 0.17604166666666668 0.6092592592592593 0.00625 0.020370370370370372
0 0.19140625 0.6467592592592593 0.005729166666666666 0.01574074074074074
0 0.5036458333333333 0.3902777777777778 0.004166666666666667 0.010185185185185186
0 0.5661458333333333 0.39351851851851855 0.004166666666666667 0.007407407407407408
0 0.7151041666666667 0.40879629629629627 0.009375 0.023148148148148147
0 0.7471354166666667 0.3680555555555556 0.0046875 0.01574074074074074
0 0.9546875 0.29907407407407405 0.004166666666666667 0.022222222222222223
0 0.8197916666666667 0.44027777777777777 0.003125 0.006481481481481481
0 0.82265625 0.42824074074074076 0.0015625 0.006481481481481481
0 0.8361979166666667 0.4842592592592593 0.0046875 0.007407407407407408
0 0.79296875 0.5995370370370371 0.0036458333333333334 0.030555555555555555
0 0.5 0.535813425925926 1.0 0.9290342592592592
0 0.5 0.5347708333333333 1.0 0.9306527777777778
0 0.5 0.5345305555555555 1.0 0.9301722222222223
1 0.5 0.5345305555555555 1.0 0.9301722222222223
0 0.6552958333333333 0.8949555555555556 0.048091666666666665 0.07139259259259259
0 0.36826432291666666 0.7027203703703704 0.0531953125 0.10729259259259259
0 0.14523619791666667 0.7007990740740742 0.0133890625 0.04048703703703704
0 0.16226145833333333 0.6892212962962964 0.00785625 0.013627777777777779
0 0.14748333333333333 0.6566333333333333 0.011633333333333332 0.02622962962962963
0 0.26953515625 0.6445949074074074 0.0140703125 0.028078703703703703
0 0.2647161458333333 0.7834925925925926 0.005473958333333333 0.015133333333333334
0 0.24063854166666668 0.724325462962963 0.04169375 0.052354629629629626
0 0.25358203125 0.7396523148148147 0.013414062499999999 0.021897222222222224
0 0.36025390625 0.8728236111111111 0.018424479166666667 0.04564722222222222
0 0.3628239583333333 0.8009870370370371 0.006897916666666667 0.01678888888888889
0 0.22578958333333335 0.742775 0.007829166666666667 0.01703148148148148
0 0.222884375 0.7200851851851852 0.007227083333333333 0.023503703703703704
0 0.18150729166666668 0.969588425925926 0.00468125 0.002139814814814815
0 0.03935859375 0.8772398148148148 0.011008854166666667 0.03596111111111111
0 0.08522265625 0.9426361111111111 0.0027369791666666666 0.007494444444444444
0 0.07653020833333332 0.9390458333333334 0.007227083333333333 0.018832407407407405
0 0.06069791666666667 0.9347981481481481 0.007854166666666667 0.03070740740740741
0 0.0300921875 0.9336777777777777 0.010184374999999999 0.028466666666666668
0 0.024429427083333333 0.5425314814814814 0.011358854166666666 0.05358148148148149
0 0.0284375 0.7889055555555556 0.0037500000000000003 0.011144444444444445
0 0.2672807291666667 0.7287458333333333 0.0033114583333333334 0.009343518518518518
0 0.19034322916666666 0.8174476851851852 0.012978125 0.031191666666666666
0 0.18941484374999998 0.7814851851851852 0.0038296874999999998 0.029637037037037038
0 0.18503697916666667 0.7452689814814815 0.014865625 0.03868611111111111
0 0.19727994791666664 0.49263101851851854 0.0081015625 0.05007685185185185
0 0.15606875 0.4986041666666666 0.0038041666666666666 0.010171296296296296
0 0.3878611979166667 0.5918620370370371 0.012180729166666666 0.03372407407407407
0 0.40781927083333336 0.581212962962963 0.011471875 0.03464814814814815
0 0.3982471354166667 0.45726527777777776 0.0569109375 0.0626787037037037
0 0.42687291666666666 0.47566898148148146 0.006870833333333334 0.01800462962962963
0 0.46322109375 0.46621203703703706 0.006650520833333334 0.023164814814814815
0 0.33436640625 0.3483912037037037 0.0093578125 0.037523148148148146
0 0.86089375 0.6392231481481482 0.020745833333333335 0.04881666666666667
0 0.8158385416666667 0.5887791666666666 0.008760416666666666 0.018299074074074075
0 0.7987749999999999 0.5575629629629629 0.006925 0.02068148148148148
0 0.7680057291666667 0.506011574074074 0.005803125 0.010171296296296296
0 0.7843700520833334 0.4325402777777778 0.007281770833333334 0.018784259259259257
0 0.7380861979166667 0.7918273148148148 0.004297395833333333 0.01328425925925926
0 0.9800236979166667 0.7612138888888889 0.009005729166666667 0.029835185185185187
0 0.9688684895833333 0.8290078703703704 0.006486979166666667 0.019126851851851853
0 0.9552177083333333 0.6357342592592592 0.00626875 0.015912962962962962
0 0.9952010416666667 0.6634916666666667 0.0018604166666666667 0.010316666666666667
0 0.99152421875 0.6903652777777778 0.007006770833333333 0.01406388888888889
0 0.9940895833333333 0.6621009259259258 0.0038041666666666666 0.013090740740740741
0 0.9201981770833334 0.6822736111111111 0.006021354166666667 0.018250925925925924
0 0.8794518229166666 0.5620805555555556 0.0036953125 0.007494444444444444
0 0.8494755208333333 0.43149814814814813 0.005201041666666667 0.011144444444444445
0 0.8070229166666666 0.6464935185185184 0.0369625 0.057801851851851854
0 0.8204036458333334 0.6396069444444444 0.006432291666666667 0.019954629629629628
0 0.8039158854166666 0.6752824074074074 0.0057484375 0.015379629629629629
0 0.4995171875 0.39031944444444444 0.004242708333333334 0.010268518518518519
0 0.4370171875 0.3872013888888889 0.004242708333333334 0.007736111111111111
0 0.28817786458333333 0.38916620370370375 0.009689062500000001 0.022776851851851854
0 0.2570690104166667 0.3448967592592592 0.0047630208333333335 0.015719444444444446
0 0.05160052083333334 0.2574162037037037 0.004242708333333334 0.022239814814814813
0 0.18233046875 0.41069212962962964 0.0032026041666666665 0.006569444444444445
0 0.18000130208333334 0.3986310185185185 0.0016692708333333334 0.006521296296296297
0 0.16492239583333335 0.45294212962962965 0.0048447916666666665 0.007736111111111111
0 0.20450520833333333 0.5719078703703703 0.003802083333333333 0.030852777777777778
0 0.5 0.535813425925926 1.0 0.9290342592592592
0 0.5 0.5347708333333333 1.0 0.9306527777777778
0 0.5 0.5345305555555555 1.0 0.9301722222222223
1 0.5 0.5345305555555555 1.0 0.9301722222222223
0 0.3448791666666667 0.8949555555555556 0.048091666666666665 0.07139259259259259
0 0.6318059895833333 0.7027203703703704 0.0531953125 0.10729259259259259
0 0.8546111979166666 0.7007990740740742 0.0133890625 0.04048703703703704
0 0.8377822916666666 0.6892212962962964 0.00785625 0.013627777777777779
0 0.8526916666666666 0.6566333333333333 0.011633333333333332 0.02622962962962963
0 0.73047265625 0.6445949074074074 0.0140703125 0.028078703703703703
0 0.7350286458333334 0.7834925925925926 0.005473958333333333 0.015133333333333334
0 0.7593885416666667 0.724325462962963 0.04169375 0.052354629629629626
0 0.7462903645833333 0.7396523148148147 0.013414062499999999 0.021897222222222224
0 0.63994140625 0.8728236111111111 0.018424479166666667 0.04564722222222222
0 0.6367822916666667 0.8009870370370371 0.006897916666666667 0.01678888888888889
0 0.7742270833333333 0.742775 0.007829166666666667 0.01703148148148148
0 0.7770510416666667 0.7200851851851852 0.007227083333333333 0.023503703703703704
0 0.8184864583333333 0.969588425925926 0.00468125 0.002139814814814815
0 0.9607127604166668 0.8772398148148148 0.011008854166666667 0.03596111111111111
0 0.91491015625 0.9426361111111111 0.0027369791666666666 0.007494444444444444
0 0.9234052083333334 0.9390458333333334 0.007227083333333333 0.018832407407407405
0 0.93934375 0.9347981481481481 0.007854166666666667 0.03070740740740741
0 0.9696755208333333 0.9336777777777777 0.010184374999999999 0.028466666666666668
0 0.9759919270833334 0.5425314814814814 0.011358854166666666 0.05358148148148149
0 0.9711458333333333 0.7889055555555556 0.0037500000000000003 0.011144444444444445
0 0.7323848958333333 0.7287458333333333 0.0033114583333333334 0.009343518518518518
0 0.8096140625 0.8174476851851852 0.012978125 0.031191666666666666
0 0.8107690104166667 0.7814851851851852 0.0038296874999999998 0.029637037037037038
0 0.8147244791666667 0.7452689814814815 0.014865625 0.03868611111111111
0 0.8024882812499999 0.49263101851851854 0.0081015625 0.05007685185185185
0 0.8440895833333334 0.4986041666666666 0.0038041666666666666 0.010171296296296296
0 0.61181953125 0.5918620370370371 0.012180729166666666 0.03372407407407407
0 0.5921942708333333 0.581212962962963 0.011471875 0.03464814814814815
0 0.6013721354166667 0.45726527777777776 0.0569109375 0.0626787037037037
0 0.5732270833333334 0.47566898148148146 0.006870833333333334 0.01800462962962963
0 0.5366585937499999 0.46621203703703706 0.006650520833333334 0.023164814814814815
0 0.6656164062500001 0.3483912037037037 0.0093578125 0.037523148148148146
0 0.13901875 0.6392231481481482 0.020745833333333335 0.04881666666666667
0 0.18406770833333336 0.5887791666666666 0.008760416666666666 0.018299074074074075
0 0.20085833333333333 0.5575629629629629 0.006925 0.02068148148148148
0 0.23206822916666667 0.506011574074074 0.005803125 0.010171296296296296
0 0.21562005208333332 0.4325402777777778 0.007281770833333334 0.018784259259259257
0 0.26204453125 0.7918273148148148 0.004297395833333333 0.01328425925925926
0 0.020127864583333332 0.7612138888888889 0.009005729166666667 0.029835185185185187
0 0.03084765625 0.8290078703703704 0.006486979166666667 0.019126851851851853
0 0.044801041666666666 0.6357342592592592 0.00626875 0.015912962962962962
0 0.005096875 0.6634916666666667 0.0018604166666666667 0.010316666666666667
0 0.008190885416666667 0.6903652777777778 0.007006770833333333 0.01406388888888889
0 0.005547916666666667 0.6621009259259258 0.0038041666666666666 0.013090740740740741
0 0.07957317708333332 0.6822736111111111 0.006021354166666667 0.018250925925925924
0 0.12007682291666667 0.5620805555555556 0.0036953125 0.007494444444444444
0 0.1505171875 0.43149814814814813 0.005201041666666667 0.011144444444444445
0 0.19296041666666666 0.6464935185185184 0.0369625 0.057801851851851854
0 0.17977864583333333 0.6396069444444444 0.006432291666666667 0.019954629629629628
0 0.19610338541666666 0.6752824074074074 0.0057484375 0.015379629629629629
0 0.5005588541666667 0.39031944444444444 0.004242708333333334 0.010268518518518519
0 0.5630588541666667 0.3872013888888889 0.004242708333333334 0.007736111111111111
0 0.7121361979166667 0.38916620370370375 0.009689062500000001 0.022776851851851854
0 0.7430065104166667 0.3448967592592592 0.0047630208333333335 0.015719444444444446
0 0.9484755208333334 0.2574162037037037 0.004242708333333334 0.022239814814814813
0 0.8177471354166667 0.41069212962962964 0.0032026041666666665 0.006569444444444445
0 0.82010546875 0.3986310185185185 0.0016692708333333334 0.006521296296296297
0 0.8352348958333333 0.45294212962962965 0.0048447916666666665 0.007736111111111111
0 0.7956510416666667 0.5719078703703703 0.003802083333333333 0.030852777777777778
0 0.49973958333333335 0.538425925925926 0.9994791666666667 0.9212962962962963
0 0.49973958333333335 0.538425925925926 0.9994791666666667 0.9212962962962963
0 0.49973958333333335 0.537962962962963 0.9994791666666667 0.9222222222222223
1 0.49973958333333335 0.537962962962963 0.9994791666666667 0.9222222222222223
0 0.3333333333333333 0.8810185185185185 0.046875 0.0712962962962963
0 0.6263020833333334 0.7148148148148148 0.0546875 0.1037037037037037
0 0.8481770833333333 0.7337962962962963 0.0140625 0.03981481481481482
0 0.8315104166666667 0.7208333333333333 0.0078125 0.013888888888888888
0 0.8473958333333333 0.6888888888888889 0.011458333333333333 0.025925925925925925
0 0.72578125 0.6657407407407407 0.0140625 0.027777777777777776
0 0.7265625 0.8046296296296296 0.005208333333333333 0.014814814814814815
0 0.75234375 0.7490740740740741 0.0421875 0.05185185185185185
0 0.7390625 0.7625 0.013541666666666667 0.021296296296296296
0 0.6286458333333333 0.8856481481481482 0.01875 0.04537037037037037
0 0.6278645833333333 0.812962962962963 0.0067708333333333336 0.016666666666666666
0 0.7669270833333334 0.7675925925925926 0.0078125 0.016666666666666666
0 0.7703125 0.7458333333333333 0.007291666666666667 0.023148148148148147
0 0.8044270833333333 0.9981481481481481 0.0046875 0.001851851851851852
0 0.9486979166666667 0.9194444444444444 0.011979166666666667 0.03518518518518519
0 0.9013020833333333 0.9805555555555555 0.0026041666666666665 0.007407407407407408
0 0.9098958333333333 0.9777777777777777 0.007291666666666667 0.018518518518518517
0 0.9263020833333333 0.975462962962963 0.0078125 0.030555555555555555
0 0.95625 0.9768518518518519 0.010416666666666666 0.027777777777777776
0 0.9736979166666667 0.5861111111111111 0.011979166666666667 0.053703703703703705
0 0.9921875 0.8430555555555556 0.004166666666666667 0.008333333333333333
0 0.9622395833333334 0.8324074074074074 0.0036458333333333334 0.011111111111111112
0 0.7255208333333333 0.75 0.003125 0.009259259259259259
0 0.8 0.8458333333333333 0.013541666666666667 0.030555555555555555
0 0.8020833333333334 0.8101851851851852 0.003125 0.02962962962962963
0 0.80703125 0.774537037037037 0.015104166666666667 0.03796296296296296
0 0.8028645833333333 0.5212962962962963 0.0078125 0.05
0 0.8434895833333333 0.5300925925925926 0.0036458333333333334 0.010185185185185186
0 0.6091145833333333 0.6027777777777777 0.011979166666666667 0.03333333333333333
0 0.58984375 0.5893518518518519 0.011979166666666667 0.03425925925925926
0 0.6028645833333334 0.46805555555555556 0.05677083333333333 0.062037037037037036
0 0.5736979166666667 0.4828703703703704 0.0067708333333333336 0.017592592592592594
0 0.5375 0.4699074074074074 0.00625 0.023148148148148147
0 0.6700520833333333 0.36435185185185187 0.008854166666666666 0.03796296296296296
0 0.13515625 0.6055555555555555 0.0203125 0.05
0 0.18203125 0.5592592592592592 0.008854166666666666 0.018518518518518517
0 0.19973958333333333 0.5296296296296297 0.0067708333333333336 0.020370370370370372
0 0.23203125 0.4810185185185185 0.005729166666666666 0.010185185185185186
0 0.21822916666666667 0.4064814814814815 0.007291666666666667 0.018518518518518517
0 0.024479166666666666 0.9939814814814815 0.00625 0.010185185185185186
0 0.028645833333333332 0.9671296296296297 0.007291666666666667 0.01574074074074074
0 0.25364583333333335 0.7694444444444445 0.004166666666666667 0.012962962962962963
0 0.01328125 0.7162037037037037 0.008854166666666666 0.030555555555555555
0 0.021875 0.7847222222222222 0.00625 0.019444444444444445
0 0.04114583333333333 0.5930555555555556 0.00625 0.01574074074074074
0 0.00078125 0.6171296296296296 0.0015625 0.010185185185185186
0 0.0033854166666666668 0.6439814814814815 0.0067708333333333336 0.013888888888888888
0 0.0018229166666666667 0.6157407407407407 0.0036458333333333334 0.012962962962962963
0 0.07473958333333333 0.6425925925925926 0.005729166666666666 0.018518518518518517
0 0.11901041666666666 0.5268518518518519 0.0036458333333333334 0.007407407407407408
0 0.153125 0.3990740740740741 0.005208333333333333 0.011111111111111112
0 0.1890625 0.6180555555555556 0.03854166666666667 0.05462962962962963
0 0.17604166666666668 0.6092592592592593 0.00625 0.020370370370370372
0 0.19140625 0.6467592592592593 0.005729166666666666 0.01574074074074074
0 0.5036458333333333 0.3902777777777778 0.004166666666666667 0.010185185185185186
0 0.5661458333333333 0.39351851851851855 0.004166666666666667 0.007407407407407408
0 0.7151041666666667 0.40879629629629627 0.009375 0.023148148148148147
0 0.7471354166666667 0.3680555555555556 0.0046875 0.01574074074074074
0 0.9546875 0.29907407407407405 0.004166666666666667 0.022222222222222223
0 0.8197916666666667 0.44027777777777777 0.003125 0.006481481481481481
0 0.82265625 0.42824074074074076 0.0015625 0.006481481481481481
0 0.8361979166666667 0.4842592592592593 0.0046875 0.007407407407407408
0 0.79296875 0.5995370370370371 0.0036458333333333334 0.030555555555555555
