1 0.5 0.5 1.0 1.0
0 0.24800755208333333 0.11954305555555557 0.017890104166666664 0.029826851851851854
0 0.1015546875 0.2003189814814815 0.012484374999999999 0.039526851851851855
0 0.33734557291666667 0.46855416666666666 0.017399479166666666 0.04266388888888889
0 0.3288049479166667 0.546100925925926 0.0180265625 0.06627592592592593
0 0.170315625 0.5248601851851852 0.020839583333333335 0.03860925925925926
0 0.11320104166666667 0.6492759259259259 0.02119375 0.042996296296296296
0 0.06397630208333333 0.5984824074074074 0.0519109375 0.11733518518518518
0 0.043301562499999995 0.7727833333333334 0.019936458333333334 0.049270370370370374
0 0.03929244791666667 0.7546296296296297 0.011918229166666666 0.014814814814814815
0 0.11576562500000001 0.8240287037037037 0.008614583333333333 0.023983333333333336
0 0.09265182291666667 0.8347476851851852 0.004053645833333334 0.006532407407407407
0 0.10250963541666666 0.8451347222222222 0.017519270833333333 0.019899074074074072
0 0.09911354166666667 0.8081513888888888 0.009685416666666667 0.038525
0 0.14554010416666668 0.8390921296296296 0.009830208333333333 0.041147222222222224
0 0.043675781250000004 0.9263009259259259 0.027976562500000003 0.07852777777777778
0 0.29633984375 0.9244078703703704 0.02184635416666667 0.03955648148148148
0 0.37161145833333337 0.9708958333333334 0.05363958333333333 0.058458333333333334
0 0.35485911458333336 0.9729425925925926 0.0180515625 0.025514814814814817
0 0.5740130208333334 0.952862962962963 0.009484375 0.022392592592592592
0 0.6308984375000001 0.8915898148148148 0.015963541666666668 0.020216666666666668
0 0.6028687500000001 0.8455513888888889 0.014070833333333333 0.02628796296296296
0 0.5988229166666666 0.7191861111111111 0.027854166666666666 0.08466851851851852
0 0.5749046875 0.6515814814814814 0.021684375 0.055014814814814815
0 0.4910919270833333 0.5483962962962963 0.020725520833333334 0.046792592592592594
0 0.4822315104166667 0.47198194444444447 0.019671354166666665 0.02544537037037037
0 0.5470830729166667 0.3973986111111111 0.018124479166666665 0.06701944444444445
0 0.48537578125 0.2745712962962963 0.02491822916666667 0.02506851851851852
0 0.5210466145833333 0.20296203703703705 0.008759895833333333 0.017035185185185184
0 0.5677861979166666 0.007498148148148149 0.013697395833333332 0.014996296296296297
0 0.7145080729166666 0.006549074074074074 0.0144328125 0.013098148148148149
0 0.7235005208333334 0.12288842592592594 0.017834375 0.016147222222222223
0 0.7381934895833333 0.006858796296296296 0.008678645833333333 0.013717592592592592
0 0.6907411458333333 0.08052546296296297 0.012732291666666668 0.029569444444444443
0 0.6391669270833333 0.11842083333333332 0.0085421875 0.01832314814814815
0 0.6478111979166666 0.08132546296296297 0.0122890625 0.020058333333333334
0 0.6943903645833333 0.2086597222222222 0.016905729166666668 0.03954166666666666
0 0.7306895833333333 0.18570185185185184 0.0072125 0.013996296296296297
0 0.7490322916666667 0.25497824074074077 0.01473125 0.024771296296296295
0 0.7621916666666666 0.07252685185185186 0.024383333333333333 0.06172037037037037
0 0.6702911458333334 0.2762148148148148 0.024957291666666666 0.033911111111111114
0 0.6363901041666666 0.46939166666666665 0.011321875 0.023968518518518517
0 0.6608682291666667 0.43751944444444446 0.012361458333333334 0.019483333333333335
0 0.7857010416666667 0.9242583333333333 0.026610416666666668 0.02259074074074074
0 0.2698927083333333 0.9238310185185185 0.015827083333333335 0.01988425925925926
0 0.19993333333333335 0.8317388888888889 0.01445 0.030144444444444442
0 0.24724140625000002 0.8474976851851852 0.009066145833333334 0.011662037037037038
0 0.14960546875 0.9907986111111111 0.010669270833333333 0.01863425925925926
0 0.012918750000000001 0.4646060185185185 0.0164625 0.04402685185185185
0 0.014070052083333333 0.4650166666666667 0.012515104166666667 0.042996296296296296
0 0.17737083333333334 0.2862476851851852 0.018283333333333332 0.09286574074074075
0 0.33383723958333333 0.24941527777777775 0.008299479166666667 0.02475648148148148
0 0.7876 0.03271898148148148 0.016866666666666665 0.019141666666666664
0 0.8098526041666666 0.00732962962962963 0.016580208333333332 0.01465925925925926
0 0.8678333333333333 0.015113425925925928 0.014833333333333334 0.030226851851851855
0 0.9392815104166666 0.05090925925925926 0.006688020833333333 0.016633333333333333
0 0.9455541666666666 0.12102453703703704 0.016108333333333332 0.05686388888888889
0 0.8882703125 0.344812962962963 0.008832291666666665 0.019255555555555554
0 0.8786052083333333 0.3901981481481481 0.008252083333333333 0.039655555555555555
0 0.8699390625 0.4421759259259259 0.005503125 0.0287962962962963
0 0.9395408854166667 0.5156462962962963 0.010331770833333333 0.02944074074074074
0 0.9982239583333333 0.5943453703703704 0.003739583333333333 0.020172222222222223
0 0.867425 0.6197930555555555 0.012974999999999999 0.024771296296296295
0 0.90941796875 0.6434208333333333 0.005294270833333333 0.01832314814814815
0 0.9528315104166667 0.7119773148148149 0.0067046875 0.009139814814814816
1 0.49973958333333335 0.49953703703703706 0.9994791666666667 0.9990740740740741
0 0.7200520833333334 0.060648148148148145 0.0171875 0.028703703703703703
0 0.8708333333333333 0.10462962962962963 0.014583333333333334 0.03888888888888889
0 0.6580729166666667 0.4287037037037037 0.018229166666666668 0.040740740740740744
0 0.6744791666666666 0.5037037037037037 0.016666666666666666 0.06666666666666667
0 0.8283854166666667 0.4425925925925926 0.0203125 0.037037037037037035
0 0.8942708333333333 0.5523148148148148 0.019791666666666666 0.04537037037037037
0 0.9395833333333333 0.48703703703703705 0.04583333333333333 0.11666666666666667
0 0.9856770833333334 0.22592592592592592 0.009895833333333333 0.03518518518518519
0 0.97265625 0.6560185185185186 0.018229166666666668 0.05092592592592592
0 0.9763020833333333 0.638425925925926 0.0109375 0.01574074074074074
0 0.90625 0.725462962962963 0.008333333333333333 0.025
0 0.9296875 0.7305555555555555 0.004166666666666667 0.005555555555555556
0 0.9203125 0.7439814814814815 0.016666666666666666 0.019444444444444445
0 0.9208333333333333 0.7060185185185185 0.007291666666666667 0.03981481481481482
0 0.8770833333333333 0.7481481481481481 0.007291666666666667 0.04259259259259259
0 0.98515625 0.8092592592592592 0.022395833333333334 0.08333333333333333
0 0.734375 0.8708333333333333 0.020833333333333332 0.03981481481481482
0 0.6651041666666667 0.950925925925926 0.05416666666666667 0.09259259259259259
0 0.6809895833333334 0.9324074074074075 0.018229166666666668 0.024074074074074074
0 0.4622395833333333 0.9666666666666667 0.008854166666666666 0.022222222222222223
0 0.4010416666666667 0.9199074074074074 0.014583333333333334 0.023148148148148147
0 0.425 0.8675925925925926 0.014583333333333334 0.024074074074074074
0 0.41901041666666666 0.7430555555555556 0.0328125 0.08055555555555556
0 0.43802083333333336 0.6694444444444444 0.01875 0.05555555555555555
0 0.5127604166666667 0.5458333333333333 0.018229166666666668 0.049074074074074076
0 0.515625 0.4675925925925926 0.019791666666666666 0.027777777777777776
0 0.44557291666666665 0.40879629629629627 0.0203125 0.06574074074074074
0 0.496875 0.27314814814814814 0.026041666666666668 0.020370370370370372
0 0.45598958333333334 0.21157407407407408 0.008854166666666666 0.017592592592592594
0 0.39453125 0.018518518518518517 0.016145833333333335 0.037037037037037035
0 0.24973958333333332 0.05555555555555555 0.016145833333333335 0.03148148148148148
0 0.24869791666666666 0.1814814814814815 0.018229166666666668 0.018518518518518517
0 0.22526041666666666 0.06805555555555555 0.0078125 0.019444444444444445
0 0.27838541666666666 0.13148148148148148 0.011979166666666667 0.027777777777777776
0 0.33255208333333336 0.15694444444444444 0.008854166666666666 0.017592592592592594
0 0.32083333333333336 0.12268518518518519 0.011458333333333333 0.021296296296296296
0 0.28489583333333335 0.25925925925925924 0.014583333333333334 0.03888888888888889
0 0.246875 0.24675925925925926 0.007291666666666667 0.013888888888888888
0 0.234375 0.3194444444444444 0.014583333333333334 0.025925925925925925
0 0.20651041666666667 0.14212962962962963 0.0203125 0.06388888888888888
0 0.3143229166666667 0.32222222222222224 0.024479166666666666 0.03518518518518519
0 0.36276041666666664 0.5027777777777778 0.009895833333333333 0.024074074074074074
0 0.3359375 0.4777777777777778 0.011458333333333333 0.018518518518518517
0 0.25078125 0.9898148148148148 0.027604166666666666 0.018518518518518517
0 0.7611979166666667 0.8629629629629629 0.015104166666666667 0.020370370370370372
0 0.8231770833333333 0.7546296296296297 0.015104166666666667 0.03148148148148148
0 0.7776041666666667 0.7810185185185186 0.009375 0.012037037037037037
0 0.8856770833333333 0.9013888888888889 0.009895833333333333 0.025
0 0.97890625 0.3439814814814815 0.015104166666666667 0.04537037037037037
0 0.97734375 0.3449074074074074 0.011979166666666667 0.04537037037037037
0 0.8033854166666666 0.20972222222222223 0.015104166666666667 0.09351851851851851
0 0.6450520833333333 0.21064814814814814 0.0067708333333333336 0.025
0 0.12473958333333333 0.033796296296296297 0.018229166666666668 0.03611111111111111
0 0.17916666666666667 0.10925925925925926 0.016666666666666666 0.020370370370370372
0 0.15598958333333332 0.0824074074074074 0.019270833333333334 0.027777777777777776
0 0.09791666666666667 0.10925925925925926 0.013541666666666667 0.03518518518518519
0 0.029947916666666668 0.1638888888888889 0.005729166666666666 0.016666666666666666
0 0.028385416666666666 0.23472222222222222 0.015104166666666667 0.058333333333333334
0 0.10338541666666666 0.44212962962962965 0.008854166666666666 0.019444444444444445
0 0.11614583333333334 0.48564814814814816 0.010416666666666666 0.03796296296296296
0 0.128125 0.5342592592592592 0.005208333333333333 0.027777777777777776
0 0.06666666666666667 0.6240740740740741 0.011458333333333333 0.027777777777777776
0 0.012239583333333333 0.7166666666666667 0.0067708333333333336 0.020370370370370372
0 0.14635416666666667 0.7101851851851851 0.013541666666666667 0.025925925925925925
0 0.10598958333333333 0.7430555555555556 0.0046875 0.017592592592592594
0 0.06822916666666666 0.8222222222222222 0.007291666666666667 0.007407407407407408
1 0.5 0.5 1.0 1.0
0 0.2717184895833333 0.9254865740740741 0.0173953125 0.028750925925925923
0 0.12162526041666667 0.8723074074074074 0.014083854166666666 0.03905925925925926
0 0.34027734375 0.5613893518518519 0.0180546875 0.04129722222222222
0 0.32622734375 0.48612314814814817 0.017038020833333334 0.06669074074074073
0 0.17065755208333336 0.5372680555555556 0.020481770833333336 0.037499074074074074
0 0.10696484375 0.4233550925925926 0.020179687499999998 0.04485833333333333
0 0.06069973958333333 0.48537592592592593 0.04744114583333334 0.11704814814814815
0 0.009320572916666665 0.7435402777777778 0.010307812500000001 0.0352287037037037
0 0.030699479166666665 0.31419074074074077 0.018690625000000002 0.050603703703703706
0 0.026955989583333333 0.3318425925925926 0.011203645833333333 0.015537037037037038
0 0.09848046875000001 0.2494324074074074 0.008419270833333332 0.02479074074074074
0 0.07498958333333333 0.24272037037037034 0.004145833333333333 0.005811111111111111
0 0.08449713541666666 0.2301675925925926 0.0169109375 0.019594444444444442
0 0.08364010416666666 0.26793055555555556 0.007905208333333334 0.03956481481481481
0 0.12792916666666668 0.22856157407407407 0.007941666666666666 0.04230833333333333
0 0.021293229166666663 0.16058472222222223 0.02383645833333333 0.08228055555555555
0 0.27300130208333334 0.11528194444444445 0.021002604166666668 0.03982314814814815
0 0.34373359374999995 0.04268657407407408 0.05413385416666667 0.08537314814814816
0 0.32785911458333333 0.05668425925925926 0.018218229166666666 0.02447962962962963
0 0.5471872395833334 0.03615277777777778 0.0089578125 0.022305555555555554
0 0.6069572916666667 0.08622777777777778 0.01495625 0.022455555555555555
0 0.5822328124999999 0.13733657407407407 0.014465625000000001 0.024673148148148145
0 0.58560625 0.26216342592592595 0.03162916666666667 0.08173425925925926
0 0.5654893229166666 0.3342421296296296 0.0195203125 0.0555212962962963
0 0.48808203125 0.45299953703703705 0.018872395833333333 0.048591666666666665
0 0.48385729166666663 0.5312143518518518 0.01979791666666667 0.027243518518518518
0 0.5525221354166666 0.5941875 0.019627604166666666 0.06615277777777777
0 0.49884140625 0.7274597222222222 0.025807812500000003 0.02158611111111111
0 0.5382057291666666 0.79115 0.008703125 0.017485185185185187
0 0.5956338541666667 0.9847754629629628 0.016267708333333335 0.03066203703703704
0 0.74151953125 0.9600787037037037 0.016372395833333334 0.03126851851851852
0 0.7450192708333333 0.8339791666666666 0.018163541666666668 0.017958333333333333
0 0.7660013020833334 0.9486050925925926 0.008044270833333334 0.019432407407407405
0 0.7144283854166668 0.8817314814814815 0.012190104166666667 0.028277777777777777
0 0.6605744791666667 0.853348611111111 0.008648958333333335 0.017808333333333332
0 0.6714687500000001 0.8882902777777778 0.0116875 0.021025000000000002
0 0.7102005208333334 0.7538212962962962 0.015192708333333334 0.039124074074074075
0 0.7478690104166666 0.7689773148148148 0.007196354166666667 0.013880555555555556
0 0.7620111979166667 0.697101388888889 0.014647395833333333 0.02568425925925926
0 0.7861434895833334 0.876175462962963 0.0212453125 0.06346203703703704
0 0.6820966145833334 0.6896101851851851 0.024609895833333333 0.034775925925925925
0 0.63742734375 0.5055643518518519 0.010271354166666666 0.024091666666666664
0 0.6636653645833334 0.5323046296296297 0.011705729166666668 0.01831296296296296
0 0.7590153645833334 0.025527777777777778 0.027405729166666667 0.019574074074074074
0 0.24619817708333333 0.12109629629629629 0.015313020833333333 0.01997037037037037
0 0.18196302083333335 0.22578703703703704 0.014967708333333333 0.031203703703703706
0 0.22809479166666666 0.2013527777777778 0.009314583333333333 0.011964814814814815
0 0.12224140624999999 0.07529398148148148 0.0101078125 0.024662037037037038
0 0.018054947916666668 0.6262620370370371 0.0152765625 0.045116666666666666
0 0.019609375 0.6252069444444445 0.012135416666666668 0.04485833333333333
0 0.19110234375 0.771762962962963 0.015538020833333333 0.09352592592592592
0 0.34941666666666665 0.7800851851851851 0.007166666666666667 0.024985185185185187
0 0.8661161458333333 0.9855476851851851 0.018690625000000002 0.02850277777777778
0 0.8130611979166668 0.9109754629629631 0.016747395833333335 0.020099074074074075
0 0.8353411458333333 0.9385249999999999 0.019640625000000002 0.027049999999999998
0 0.8944393229166666 0.9155847222222222 0.013878645833333333 0.034873148148148146
0 0.9634067708333334 0.8648259259259259 0.005980208333333333 0.01668888888888889
0 0.9658296875 0.793850462962963 0.014992708333333334 0.058071296296296294
0 0.89500390625 0.5828643518518519 0.0087578125 0.019432407407407405
0 0.8835328125 0.5386726851851852 0.009773958333333332 0.03845648148148148
0 0.8718643229166666 0.48904212962962956 0.005186979166666666 0.02808425925925926
0 0.9358067708333333 0.40301157407407406 0.011196875 0.02824537037037037
0 0.99151328125 0.3138828703703704 0.006984895833333333 0.020358333333333332
0 0.85775390625 0.3119162037037037 0.013424479166666666 0.02568425925925926
0 0.8987783854166668 0.28112638888888886 0.0048484374999999994 0.017808333333333332
0 0.9379458333333334 0.2048537037037037 0.007141666666666667 0.007855555555555555
1 0.5 0.5 1.0 1.0
0 0.24800755208333333 0.11954305555555557 0.017890104166666664 0.029826851851851854
0 0.1015546875 0.2003189814814815 0.012484374999999999 0.039526851851851855
0 0.33734557291666667 0.46855416666666666 0.017399479166666666 0.04266388888888889
0 0.3288049479166667 0.546100925925926 0.0180265625 0.06627592592592593
0 0.170315625 0.5248601851851852 0.020839583333333335 0.03860925925925926
0 0.11320104166666667 0.6492759259259259 0.02119375 0.042996296296296296
0 0.06397630208333333 0.5984824074074074 0.0519109375 0.11733518518518518
0 0.043301562499999995 0.7727833333333334 0.019936458333333334 0.049270370370370374
0 0.03929244791666667 0.7546296296296297 0.011918229166666666 0.014814814814814815
0 0.11576562500000001 0.8240287037037037 0.008614583333333333 0.023983333333333336
0 0.09265182291666667 0.8347476851851852 0.004053645833333334 0.006532407407407407
0 0.10250963541666666 0.8451347222222222 0.017519270833333333 0.019899074074074072
0 0.09911354166666667 0.8081513888888888 0.009685416666666667 0.038525
0 0.14554010416666668 0.8390921296296296 0.009830208333333333 0.041147222222222224
0 0.043675781250000004 0.9263009259259259 0.027976562500000003 0.07852777777777778
0 0.29633984375 0.9244078703703704 0.02184635416666667 0.03955648148148148
0 0.37161145833333337 0.9708958333333334 0.05363958333333333 0.058458333333333334
0 0.35485911458333336 0.9729425925925926 0.0180515625 0.025514814814814817
0 0.5740130208333334 0.952862962962963 0.009484375 0.022392592592592592
0 0.6308984375000001 0.8915898148148148 0.015963541666666668 0.020216666666666668
0 0.6028687500000001 0.8455513888888889 0.014070833333333333 0.02628796296296296
0 0.5988229166666666 0.7191861111111111 0.027854166666666666 0.08466851851851852
0 0.5749046875 0.6515814814814814 0.021684375 0.055014814814814815
0 0.4910919270833333 0.5483962962962963 0.020725520833333334 0.046792592592592594
0 0.4822315104166667 0.47198194444444447 0.019671354166666665 0.02544537037037037
0 0.5470830729166667 0.3973986111111111 0.018124479166666665 0.06701944444444445
0 0.48537578125 0.2745712962962963 0.02491822916666667 0.02506851851851852
0 0.5210466145833333 0.20296203703703705 0.008759895833333333 0.017035185185185184
0 0.5677861979166666 0.007498148148148149 0.013697395833333332 0.014996296296296297
0 0.7145080729166666 0.006549074074074074 0.0144328125 0.013098148148148149
0 0.7235005208333334 0.12288842592592594 0.017834375 0.016147222222222223
0 0.7381934895833333 0.006858796296296296 0.008678645833333333 0.013717592592592592
0 0.6907411458333333 0.08052546296296297 0.012732291666666668 0.029569444444444443
0 0.6391669270833333 0.11842083333333332 0.0085421875 0.01832314814814815
0 0.6478111979166666 0.08132546296296297 0.0122890625 0.020058333333333334
0 0.6943903645833333 0.2086597222222222 0.016905729166666668 0.03954166666666666
0 0.7306895833333333 0.18570185185185184 0.0072125 0.013996296296296297
0 0.7490322916666667 0.25497824074074077 0.01473125 0.024771296296296295
0 0.7621916666666666 0.07252685185185186 0.024383333333333333 0.06172037037037037
0 0.6702911458333334 0.2762148148148148 0.024957291666666666 0.033911111111111114
0 0.6363901041666666 0.46939166666666665 0.011321875 0.023968518518518517
0 0.6608682291666667 0.43751944444444446 0.012361458333333334 0.019483333333333335
0 0.7857010416666667 0.9242583333333333 0.026610416666666668 0.02259074074074074
0 0.2698927083333333 0.9238310185185185 0.015827083333333335 0.01988425925925926
0 0.19993333333333335 0.8317388888888889 0.01445 0.030144444444444442
0 0.24724140625000002 0.8474976851851852 0.009066145833333334 0.011662037037037038
0 0.14960546875 0.9907986111111111 0.010669270833333333 0.01863425925925926
0 0.012918750000000001 0.4646060185185185 0.0164625 0.04402685185185185
0 0.014070052083333333 0.4650166666666667 0.012515104166666667 0.042996296296296296
0 0.17737083333333334 0.2862476851851852 0.018283333333333332 0.09286574074074075
0 0.33383723958333333 0.24941527777777775 0.008299479166666667 0.02475648148148148
0 0.7876 0.03271898148148148 0.016866666666666665 0.019141666666666664
0 0.8098526041666666 0.00732962962962963 0.016580208333333332 0.01465925925925926
0 0.8678333333333333 0.015113425925925928 0.014833333333333334 0.030226851851851855
0 0.9392815104166666 0.05090925925925926 0.006688020833333333 0.016633333333333333
0 0.9455541666666666 0.12102453703703704 0.016108333333333332 0.05686388888888889
0 0.8882703125 0.344812962962963 0.008832291666666665 0.019255555555555554
0 0.8786052083333333 0.3901981481481481 0.008252083333333333 0.039655555555555555
0 0.8699390625 0.4421759259259259 0.005503125 0.0287962962962963
0 0.9395408854166667 0.5156462962962963 0.010331770833333333 0.02944074074074074
0 0.9982239583333333 0.5943453703703704 0.003739583333333333 0.020172222222222223
0 0.867425 0.6197930555555555 0.012974999999999999 0.024771296296296295
0 0.90941796875 0.6434208333333333 0.005294270833333333 0.01832314814814815
0 0.9528315104166667 0.7119773148148149 0.0067046875 0.009139814814814816
1 0.49973958333333335 0.49953703703703706 0.9994791666666667 0.9990740740740741
0 0.7200520833333334 0.060648148148148145 0.0171875 0.028703703703703703
0 0.8708333333333333 0.10462962962962963 0.014583333333333334 0.03888888888888889
0 0.6580729166666667 0.4287037037037037 0.018229166666666668 0.040740740740740744
0 0.6744791666666666 0.5037037037037037 0.016666666666666666 0.06666666666666667
0 0.8283854166666667 0.4425925925925926 0.0203125 0.037037037037037035
0 0.8942708333333333 0.5523148148148148 0.019791666666666666 0.04537037037037037
0 0.9395833333333333 0.48703703703703705 0.04583333333333333 0.11666666666666667
0 0.9856770833333334 0.22592592592592592 0.009895833333333333 0.03518518518518519
0 0.97265625 0.6560185185185186 0.018229166666666668 0.05092592592592592
0 0.9763020833333333 0.638425925925926 0.0109375 0.01574074074074074
0 0.90625 0.725462962962963 0.008333333333333333 0.025
0 0.9296875 0.7305555555555555 0.004166666666666667 0.005555555555555556
0 0.9203125 0.7439814814814815 0.016666666666666666 0.019444444444444445
0 0.9208333333333333 0.7060185185185185 0.007291666666666667 0.03981481481481482
0 0.8770833333333333 0.7481481481481481 0.007291666666666667 0.04259259259259259
0 0.98515625 0.8092592592592592 0.022395833333333334 0.08333333333333333
0 0.734375 0.8708333333333333 0.020833333333333332 0.03981481481481482
0 0.6651041666666667 0.950925925925926 0.05416666666666667 0.09259259259259259
0 0.6809895833333334 0.9324074074074075 0.018229166666666668 0.024074074074074074
0 0.4622395833333333 0.9666666666666667 0.008854166666666666 0.022222222222222223
0 0.4010416666666667 0.9199074074074074 0.014583333333333334 0.023148148148148147
0 0.425 0.8675925925925926 0.014583333333333334 0.024074074074074074
0 0.41901041666666666 0.7430555555555556 0.0328125 0.08055555555555556
0 0.43802083333333336 0.6694444444444444 0.01875 0.05555555555555555
0 0.5127604166666667 0.5458333333333333 0.018229166666666668 0.049074074074074076
0 0.515625 0.4675925925925926 0.019791666666666666 0.027777777777777776
0 0.44557291666666665 0.40879629629629627 0.0203125 0.06574074074074074
0 0.496875 0.27314814814814814 0.026041666666666668 0.020370370370370372
0 0.45598958333333334 0.21157407407407408 0.008854166666666666 0.017592592592592594
0 0.39453125 0.018518518518518517 0.016145833333333335 0.037037037037037035
0 0.24973958333333332 0.05555555555555555 0.016145833333333335 0.03148148148148148
0 0.24869791666666666 0.1814814814814815 0.018229166666666668 0.018518518518518517
0 0.22526041666666666 0.06805555555555555 0.0078125 0.019444444444444445
0 0.27838541666666666 0.13148148148148148 0.011979166666666667 0.027777777777777776
0 0.33255208333333336 0.15694444444444444 0.008854166666666666 0.017592592592592594
0 0.32083333333333336 0.12268518518518519 0.011458333333333333 0.021296296296296296
0 0.28489583333333335 0.25925925925925924 0.014583333333333334 0.03888888888888889
0 0.246875 0.24675925925925926 0.007291666666666667 0.013888888888888888
0 0.234375 0.3194444444444444 0.014583333333333334 0.025925925925925925
0 0.20651041666666667 0.14212962962962963 0.0203125 0.06388888888888888
0 0.3143229166666667 0.32222222222222224 0.024479166666666666 0.03518518518518519
0 0.36276041666666664 0.5027777777777778 0.009895833333333333 0.024074074074074074
0 0.3359375 0.4777777777777778 0.011458333333333333 0.018518518518518517
0 0.25078125 0.9898148148148148 0.027604166666666666 0.018518518518518517
0 0.7611979166666667 0.8629629629629629 0.015104166666666667 0.020370370370370372
0 0.8231770833333333 0.7546296296296297 0.015104166666666667 0.03148148148148148
0 0.7776041666666667 0.7810185185185186 0.009375 0.012037037037037037
0 0.8856770833333333 0.9013888888888889 0.009895833333333333 0.025
0 0.97890625 0.3439814814814815 0.015104166666666667 0.04537037037037037
0 0.97734375 0.3449074074074074 0.011979166666666667 0.04537037037037037
0 0.8033854166666666 0.20972222222222223 0.015104166666666667 0.09351851851851851
0 0.6450520833333333 0.21064814814814814 0.0067708333333333336 0.025
0 0.12473958333333333 0.033796296296296297 0.018229166666666668 0.03611111111111111
0 0.17916666666666667 0.10925925925925926 0.016666666666666666 0.020370370370370372
0 0.15598958333333332 0.0824074074074074 0.019270833333333334 0.027777777777777776
0 0.09791666666666667 0.10925925925925926 0.013541666666666667 0.03518518518518519
0 0.029947916666666668 0.1638888888888889 0.005729166666666666 0.016666666666666666
0 0.028385416666666666 0.23472222222222222 0.015104166666666667 0.058333333333333334
0 0.10338541666666666 0.44212962962962965 0.008854166666666666 0.019444444444444445
0 0.11614583333333334 0.48564814814814816 0.010416666666666666 0.03796296296296296
0 0.128125 0.5342592592592592 0.005208333333333333 0.027777777777777776
0 0.06666666666666667 0.6240740740740741 0.011458333333333333 0.027777777777777776
0 0.012239583333333333 0.7166666666666667 0.0067708333333333336 0.020370370370370372
0 0.14635416666666667 0.7101851851851851 0.013541666666666667 0.025925925925925925
0 0.10598958333333333 0.7430555555555556 0.0046875 0.017592592592592594
0 0.06822916666666666 0.8222222222222222 0.007291666666666667 0.007407407407407408
1 0.5 0.5 1.0 1.0
0 0.2717184895833333 0.9254865740740741 0.0173953125 0.028750925925925923
0 0.12162526041666667 0.8723074074074074 0.014083854166666666 0.03905925925925926
0 0.34027734375 0.5613893518518519 0.0180546875 0.04129722222222222
0 0.32622734375 0.48612314814814817 0.017038020833333334 0.06669074074074073
0 0.17065755208333336 0.5372680555555556 0.020481770833333336 0.037499074074074074
0 0.10696484375 0.4233550925925926 0.020179687499999998 0.04485833333333333
0 0.06069973958333333 0.48537592592592593 0.04744114583333334 0.11704814814814815
0 0.009320572916666665 0.7435402777777778 0.010307812500000001 0.0352287037037037
0 0.030699479166666665 0.31419074074074077 0.018690625000000002 0.050603703703703706
0 0.026955989583333333 0.3318425925925926 0.011203645833333333 0.015537037037037038
0 0.09848046875000001 0.2494324074074074 0.008419270833333332 0.02479074074074074
0 0.07498958333333333 0.24272037037037034 0.004145833333333333 0.005811111111111111
0 0.08449713541666666 0.2301675925925926 0.0169109375 0.019594444444444442
0 0.08364010416666666 0.26793055555555556 0.007905208333333334 0.03956481481481481
0 0.12792916666666668 0.22856157407407407 0.007941666666666666 0.04230833333333333
0 0.021293229166666663 0.16058472222222223 0.02383645833333333 0.08228055555555555
0 0.27300130208333334 0.11528194444444445 0.021002604166666668 0.03982314814814815
0 0.34373359374999995 0.04268657407407408 0.05413385416666667 0.08537314814814816
0 0.32785911458333333 0.05668425925925926 0.018218229166666666 0.02447962962962963
0 0.5471872395833334 0.03615277777777778 0.0089578125 0.022305555555555554
0 0.6069572916666667 0.08622777777777778 0.01495625 0.022455555555555555
0 0.5822328124999999 0.13733657407407407 0.014465625000000001 0.024673148148148145
0 0.58560625 0.26216342592592595 0.03162916666666667 0.08173425925925926
0 0.5654893229166666 0.3342421296296296 0.0195203125 0.0555212962962963
0 0.48808203125 0.45299953703703705 0.018872395833333333 0.048591666666666665
0 0.48385729166666663 0.5312143518518518 0.01979791666666667 0.027243518518518518
0 0.5525221354166666 0.5941875 0.019627604166666666 0.06615277777777777
0 0.49884140625 0.7274597222222222 0.025807812500000003 0.02158611111111111
0 0.5382057291666666 0.79115 0.008703125 0.017485185185185187
0 0.5956338541666667 0.9847754629629628 0.016267708333333335 0.03066203703703704
0 0.74151953125 0.9600787037037037 0.016372395833333334 0.03126851851851852
0 0.7450192708333333 0.8339791666666666 0.018163541666666668 0.017958333333333333
0 0.7660013020833334 0.9486050925925926 0.008044270833333334 0.019432407407407405
0 0.7144283854166668 0.8817314814814815 0.012190104166666667 0.028277777777777777
0 0.6605744791666667 0.853348611111111 0.008648958333333335 0.017808333333333332
0 0.6714687500000001 0.8882902777777778 0.0116875 0.021025000000000002
0 0.7102005208333334 0.7538212962962962 0.015192708333333334 0.039124074074074075
0 0.7478690104166666 0.7689773148148148 0.007196354166666667 0.013880555555555556
0 0.7620111979166667 0.697101388888889 0.014647395833333333 0.02568425925925926
0 0.7861434895833334 0.876175462962963 0.0212453125 0.06346203703703704
0 0.6820966145833334 0.6896101851851851 0.024609895833333333 0.034775925925925925
0 0.63742734375 0.5055643518518519 0.010271354166666666 0.024091666666666664
0 0.6636653645833334 0.5323046296296297 0.011705729166666668 0.01831296296296296
0 0.7590153645833334 0.025527777777777778 0.027405729166666667 0.019574074074074074
0 0.24619817708333333 0.12109629629629629 0.015313020833333333 0.01997037037037037
0 0.18196302083333335 0.22578703703703704 0.014967708333333333 0.031203703703703706
0 0.22809479166666666 0.2013527777777778 0.009314583333333333 0.011964814814814815
0 0.12224140624999999 0.07529398148148148 0.0101078125 0.024662037037037038
0 0.018054947916666668 0.6262620370370371 0.0152765625 0.045116666666666666
0 0.019609375 0.6252069444444445 0.012135416666666668 0.04485833333333333
0 0.19110234375 0.771762962962963 0.015538020833333333 0.09352592592592592
0 0.34941666666666665 0.7800851851851851 0.007166666666666667 0.024985185185185187
0 0.8661161458333333 0.9855476851851851 0.018690625000000002 0.02850277777777778
0 0.8130611979166668 0.9109754629629631 0.016747395833333335 0.020099074074074075
0 0.8353411458333333 0.9385249999999999 0.019640625000000002 0.027049999999999998
0 0.8944393229166666 0.9155847222222222 0.013878645833333333 0.034873148148148146
0 0.9634067708333334 0.8648259259259259 0.005980208333333333 0.01668888888888889
0 0.9658296875 0.793850462962963 0.014992708333333334 0.058071296296296294
0 0.89500390625 0.5828643518518519 0.0087578125 0.019432407407407405
0 0.8835328125 0.5386726851851852 0.009773958333333332 0.03845648148148148
0 0.8718643229166666 0.48904212962962956 0.005186979166666666 0.02808425925925926
0 0.9358067708333333 0.40301157407407406 0.011196875 0.02824537037037037
0 0.99151328125 0.3138828703703704 0.006984895833333333 0.020358333333333332
0 0.85775390625 0.3119162037037037 0.013424479166666666 0.02568425925925926
0 0.8987783854166668 0.28112638888888886 0.0048484374999999994 0.017808333333333332
0 0.9379458333333334 0.2048537037037037 0.007141666666666667 0.007855555555555555
1 0.5 0.5 1.0 1.0
0 0.24800755208333333 0.11954305555555557 0.017890104166666664 0.029826851851851854
0 0.1015546875 0.2003189814814815 0.012484374999999999 0.039526851851851855
0 0.33734557291666667 0.46855416666666666 0.017399479166666666 0.04266388888888889
0 0.3288049479166667 0.546100925925926 0.0180265625 0.06627592592592593
0 0.170315625 0.5248601851851852 0.020839583333333335 0.03860925925925926
0 0.11320104166666667 0.6492759259259259 0.02119375 0.042996296296296296
0 0.06397630208333333 0.5984824074074074 0.0519109375 0.11733518518518518
0 0.043301562499999995 0.7727833333333334 0.019936458333333334 0.049270370370370374
0 0.03929244791666667 0.7546296296296297 0.011918229166666666 0.014814814814814815
0 0.11576562500000001 0.8240287037037037 0.008614583333333333 0.023983333333333336
0 0.09265182291666667 0.8347476851851852 0.004053645833333334 0.006532407407407407
0 0.10250963541666666 0.8451347222222222 0.017519270833333333 0.019899074074074072
0 0.09911354166666667 0.8081513888888888 0.009685416666666667 0.038525
0 0.14554010416666668 0.8390921296296296 0.009830208333333333 0.041147222222222224
0 0.043675781250000004 0.9263009259259259 0.027976562500000003 0.07852777777777778
0 0.29633984375 0.9244078703703704 0.02184635416666667 0.03955648148148148
0 0.37161145833333337 0.9708958333333334 0.05363958333333333 0.058458333333333334
0 0.35485911458333336 0.9729425925925926 0.0180515625 0.025514814814814817
0 0.5740130208333334 0.952862962962963 0.009484375 0.022392592592592592
0 0.6308984375000001 0.8915898148148148 0.015963541666666668 0.020216666666666668
0 0.6028687500000001 0.8455513888888889 0.014070833333333333 0.02628796296296296
0 0.5988229166666666 0.7191861111111111 0.027854166666666666 0.08466851851851852
0 0.5749046875 0.6515814814814814 0.021684375 0.055014814814814815
0 0.4910919270833333 0.5483962962962963 0.020725520833333334 0.046792592592592594
0 0.4822315104166667 0.47198194444444447 0.019671354166666665 0.02544537037037037
0 0.5470830729166667 0.3973986111111111 0.018124479166666665 0.06701944444444445
0 0.48537578125 0.2745712962962963 0.02491822916666667 0.02506851851851852
0 0.5210466145833333 0.20296203703703705 0.008759895833333333 0.017035185185185184
0 0.5677861979166666 0.007498148148148149 0.013697395833333332 0.014996296296296297
0 0.7145080729166666 0.006549074074074074 0.0144328125 0.013098148148148149
0 0.7235005208333334 0.12288842592592594 0.017834375 0.016147222222222223
0 0.7381934895833333 0.006858796296296296 0.008678645833333333 0.013717592592592592
0 0.6907411458333333 0.08052546296296297 0.012732291666666668 0.029569444444444443
0 0.6391669270833333 0.11842083333333332 0.0085421875 0.01832314814814815
0 0.6478111979166666 0.08132546296296297 0.0122890625 0.020058333333333334
0 0.6943903645833333 0.2086597222222222 0.016905729166666668 0.03954166666666666
0 0.7306895833333333 0.18570185185185184 0.0072125 0.013996296296296297
0 0.7490322916666667 0.25497824074074077 0.01473125 0.024771296296296295
0 0.7621916666666666 0.07252685185185186 0.024383333333333333 0.06172037037037037
0 0.6702911458333334 0.2762148148148148 0.024957291666666666 0.033911111111111114
0 0.6363901041666666 0.46939166666666665 0.011321875 0.023968518518518517
0 0.6608682291666667 0.43751944444444446 0.012361458333333334 0.019483333333333335
0 0.7857010416666667 0.9242583333333333 0.026610416666666668 0.02259074074074074
0 0.2698927083333333 0.9238310185185185 0.015827083333333335 0.01988425925925926
0 0.19993333333333335 0.8317388888888889 0.01445 0.030144444444444442
0 0.24724140625000002 0.8474976851851852 0.009066145833333334 0.011662037037037038
0 0.14960546875 0.9907986111111111 0.010669270833333333 0.01863425925925926
0 0.012918750000000001 0.4646060185185185 0.0164625 0.04402685185185185
0 0.014070052083333333 0.4650166666666667 0.012515104166666667 0.042996296296296296
0 0.17737083333333334 0.2862476851851852 0.018283333333333332 0.09286574074074075
0 0.33383723958333333 0.24941527777777775 0.008299479166666667 0.02475648148148148
0 0.7876 0.03271898148148148 0.016866666666666665 0.019141666666666664
0 0.8098526041666666 0.00732962962962963 0.016580208333333332 0.01465925925925926
0 0.8678333333333333 0.015113425925925928 0.014833333333333334 0.030226851851851855
0 0.9392815104166666 0.05090925925925926 0.006688020833333333 0.016633333333333333
0 0.9455541666666666 0.12102453703703704 0.016108333333333332 0.05686388888888889
0 0.8882703125 0.344812962962963 0.008832291666666665 0.019255555555555554
0 0.8786052083333333 0.3901981481481481 0.008252083333333333 0.039655555555555555
0 0.8699390625 0.4421759259259259 0.005503125 0.0287962962962963
0 0.9395408854166667 0.5156462962962963 0.010331770833333333 0.02944074074074074
0 0.9982239583333333 0.5943453703703704 0.003739583333333333 0.020172222222222223
0 0.867425 0.6197930555555555 0.012974999999999999 0.024771296296296295
0 0.90941796875 0.6434208333333333 0.005294270833333333 0.01832314814814815
0 0.9528315104166667 0.7119773148148149 0.0067046875 0.009139814814814816
1 0.49973958333333335 0.49953703703703706 0.9994791666666667 0.9990740740740741
0 0.7200520833333334 0.060648148148148145 0.0171875 0.028703703703703703
0 0.8708333333333333 0.10462962962962963 0.014583333333333334 0.03888888888888889
0 0.6580729166666667 0.4287037037037037 0.018229166666666668 0.040740740740740744
0 0.6744791666666666 0.5037037037037037 0.016666666666666666 0.06666666666666667
0 0.8283854166666667 0.4425925925925926 0.0203125 0.037037037037037035
0 0.8942708333333333 0.5523148148148148 0.019791666666666666 0.04537037037037037
0 0.9395833333333333 0.48703703703703705 0.04583333333333333 0.11666666666666667
0 0.9856770833333334 0.22592592592592592 0.009895833333333333 0.03518518518518519
0 0.97265625 0.6560185185185186 0.018229166666666668 0.05092592592592592
0 0.9763020833333333 0.638425925925926 0.0109375 0.01574074074074074
0 0.90625 0.725462962962963 0.008333333333333333 0.025
0 0.9296875 0.7305555555555555 0.004166666666666667 0.005555555555555556
0 0.9203125 0.7439814814814815 0.016666666666666666 0.019444444444444445
0 0.9208333333333333 0.7060185185185185 0.007291666666666667 0.03981481481481482
0 0.8770833333333333 0.7481481481481481 0.007291666666666667 0.04259259259259259
0 0.98515625 0.8092592592592592 0.022395833333333334 0.08333333333333333
0 0.734375 0.8708333333333333 0.020833333333333332 0.03981481481481482
0 0.6651041666666667 0.950925925925926 0.05416666666666667 0.09259259259259259
0 0.6809895833333334 0.9324074074074075 0.018229166666666668 0.024074074074074074
0 0.4622395833333333 0.9666666666666667 0.008854166666666666 0.022222222222222223
0 0.4010416666666667 0.9199074074074074 0.014583333333333334 0.023148148148148147
0 0.425 0.8675925925925926 0.014583333333333334 0.024074074074074074
0 0.41901041666666666 0.7430555555555556 0.0328125 0.08055555555555556
0 0.43802083333333336 0.6694444444444444 0.01875 0.05555555555555555
0 0.5127604166666667 0.5458333333333333 0.018229166666666668 0.049074074074074076
0 0.515625 0.4675925925925926 0.019791666666666666 0.027777777777777776
0 0.44557291666666665 0.40879629629629627 0.0203125 0.06574074074074074
0 0.496875 0.27314814814814814 0.026041666666666668 0.020370370370370372
0 0.45598958333333334 0.21157407407407408 0.008854166666666666 0.017592592592592594
0 0.39453125 0.018518518518518517 0.016145833333333335 0.037037037037037035
0 0.24973958333333332 0.05555555555555555 0.016145833333333335 0.03148148148148148
0 0.24869791666666666 0.1814814814814815 0.018229166666666668 0.018518518518518517
0 0.22526041666666666 0.06805555555555555 0.0078125 0.019444444444444445
0 0.27838541666666666 0.13148148148148148 0.011979166666666667 0.027777777777777776
0 0.33255208333333336 0.15694444444444444 0.008854166666666666 0.017592592592592594
0 0.32083333333333336 0.12268518518518519 0.011458333333333333 0.021296296296296296
0 0.28489583333333335 0.25925925925925924 0.014583333333333334 0.03888888888888889
0 0.246875 0.24675925925925926 0.007291666666666667 0.013888888888888888
0 0.234375 0.3194444444444444 0.014583333333333334 0.025925925925925925
0 0.20651041666666667 0.14212962962962963 0.0203125 0.06388888888888888
0 0.3143229166666667 0.32222222222222224 0.024479166666666666 0.03518518518518519
0 0.36276041666666664 0.5027777777777778 0.009895833333333333 0.024074074074074074
0 0.3359375 0.4777777777777778 0.011458333333333333 0.018518518518518517
0 0.25078125 0.9898148148148148 0.027604166666666666 0.018518518518518517
0 0.7611979166666667 0.8629629629629629 0.015104166666666667 0.020370370370370372
0 0.8231770833333333 0.7546296296296297 0.015104166666666667 0.03148148148148148
0 0.7776041666666667 0.7810185185185186 0.009375 0.012037037037037037
0 0.8856770833333333 0.9013888888888889 0.009895833333333333 0.025
0 0.97890625 0.3439814814814815 0.015104166666666667 0.04537037037037037
0 0.97734375 0.3449074074074074 0.011979166666666667 0.04537037037037037
0 0.8033854166666666 0.20972222222222223 0.015104166666666667 0.09351851851851851
0 0.6450520833333333 0.21064814814814814 0.0067708333333333336 0.025
0 0.12473958333333333 0.033796296296296297 0.018229166666666668 0.03611111111111111
0 0.17916666666666667 0.10925925925925926 0.016666666666666666 0.020370370370370372
0 0.15598958333333332 0.0824074074074074 0.019270833333333334 0.027777777777777776
0 0.09791666666666667 0.10925925925925926 0.013541666666666667 0.03518518518518519
0 0.029947916666666668 0.1638888888888889 0.005729166666666666 0.016666666666666666
0 0.028385416666666666 0.23472222222222222 0.015104166666666667 0.058333333333333334
0 0.10338541666666666 0.44212962962962965 0.008854166666666666 0.019444444444444445
0 0.11614583333333334 0.48564814814814816 0.010416666666666666 0.03796296296296296
0 0.128125 0.5342592592592592 0.005208333333333333 0.027777777777777776
0 0.06666666666666667 0.6240740740740741 0.011458333333333333 0.027777777777777776
0 0.012239583333333333 0.7166666666666667 0.0067708333333333336 0.020370370370370372
0 0.14635416666666667 0.7101851851851851 0.013541666666666667 0.025925925925925925
0 0.10598958333333333 0.7430555555555556 0.0046875 0.017592592592592594
0 0.06822916666666666 0.8222222222222222 0.007291666666666667 0.007407407407407408
1 0.5 0.5 1.0 1.0
0 0.2717184895833333 0.9254865740740741 0.0173953125 0.028750925925925923
0 0.12162526041666667 0.8723074074074074 0.014083854166666666 0.03905925925925926
0 0.34027734375 0.5613893518518519 0.0180546875 0.04129722222222222
0 0.32622734375 0.48612314814814817 0.017038020833333334 0.06669074074074073
0 0.17065755208333336 0.5372680555555556 0.020481770833333336 0.037499074074074074
0 0.10696484375 0.4233550925925926 0.020179687499999998 0.04485833333333333
0 0.06069973958333333 0.48537592592592593 0.04744114583333334 0.11704814814814815
0 0.009320572916666665 0.7435402777777778 0.010307812500000001 0.0352287037037037
0 0.030699479166666665 0.31419074074074077 0.018690625000000002 0.050603703703703706
0 0.026955989583333333 0.3318425925925926 0.011203645833333333 0.015537037037037038
0 0.09848046875000001 0.2494324074074074 0.008419270833333332 0.02479074074074074
0 0.07498958333333333 0.24272037037037034 0.004145833333333333 0.005811111111111111
0 0.08449713541666666 0.2301675925925926 0.0169109375 0.019594444444444442
0 0.08364010416666666 0.26793055555555556 0.007905208333333334 0.03956481481481481
0 0.12792916666666668 0.22856157407407407 0.007941666666666666 0.04230833333333333
0 0.021293229166666663 0.16058472222222223 0.02383645833333333 0.08228055555555555
0 0.27300130208333334 0.11528194444444445 0.021002604166666668 0.03982314814814815
0 0.34373359374999995 0.04268657407407408 0.05413385416666667 0.08537314814814816
0 0.32785911458333333 0.05668425925925926 0.018218229166666666 0.02447962962962963
0 0.5471872395833334 0.03615277777777778 0.0089578125 0.022305555555555554
0 0.6069572916666667 0.08622777777777778 0.01495625 0.022455555555555555
0 0.5822328124999999 0.13733657407407407 0.014465625000000001 0.024673148148148145
0 0.58560625 0.26216342592592595 0.03162916666666667 0.08173425925925926
0 0.5654893229166666 0.3342421296296296 0.0195203125 0.0555212962962963
0 0.48808203125 0.45299953703703705 0.018872395833333333 0.048591666666666665
0 0.48385729166666663 0.5312143518518518 0.01979791666666667 0.027243518518518518
0 0.5525221354166666 0.5941875 0.019627604166666666 0.06615277777777777
0 0.49884140625 0.7274597222222222 0.025807812500000003 0.02158611111111111
0 0.5382057291666666 0.79115 0.008703125 0.017485185185185187
0 0.5956338541666667 0.9847754629629628 0.016267708333333335 0.03066203703703704
0 0.74151953125 0.9600787037037037 0.016372395833333334 0.03126851851851852
0 0.7450192708333333 0.8339791666666666 0.018163541666666668 0.017958333333333333
0 0.7660013020833334 0.9486050925925926 0.008044270833333334 0.019432407407407405
0 0.7144283854166668 0.8817314814814815 0.012190104166666667 0.028277777777777777
0 0.6605744791666667 0.853348611111111 0.008648958333333335 0.017808333333333332
0 0.6714687500000001 0.8882902777777778 0.0116875 0.021025000000000002
0 0.7102005208333334 0.7538212962962962 0.015192708333333334 0.039124074074074075
0 0.7478690104166666 0.7689773148148148 0.007196354166666667 0.013880555555555556
0 0.7620111979166667 0.697101388888889 0.014647395833333333 0.02568425925925926
0 0.7861434895833334 0.876175462962963 0.0212453125 0.06346203703703704
0 0.6820966145833334 0.6896101851851851 0.024609895833333333 0.034775925925925925
0 0.63742734375 0.5055643518518519 0.010271354166666666 0.024091666666666664
0 0.6636653645833334 0.5323046296296297 0.011705729166666668 0.01831296296296296
0 0.7590153645833334 0.025527777777777778 0.027405729166666667 0.019574074074074074
0 0.24619817708333333 0.12109629629629629 0.015313020833333333 0.01997037037037037
0 0.18196302083333335 0.22578703703703704 0.014967708333333333 0.031203703703703706
0 0.22809479166666666 0.2013527777777778 0.009314583333333333 0.011964814814814815
0 0.12224140624999999 0.07529398148148148 0.0101078125 0.024662037037037038
0 0.018054947916666668 0.6262620370370371 0.0152765625 0.045116666666666666
0 0.019609375 0.6252069444444445 0.012135416666666668 0.04485833333333333
0 0.19110234375 0.771762962962963 0.015538020833333333 0.09352592592592592
0 0.34941666666666665 0.7800851851851851 0.007166666666666667 0.024985185185185187
0 0.8661161458333333 0.9855476851851851 0.018690625000000002 0.02850277777777778
0 0.8130611979166668 0.9109754629629631 0.016747395833333335 0.020099074074074075
0 0.8353411458333333 0.9385249999999999 0.019640625000000002 0.027049999999999998
0 0.8944393229166666 0.9155847222222222 0.013878645833333333 0.034873148148148146
0 0.9634067708333334 0.8648259259259259 0.005980208333333333 0.01668888888888889
0 0.9658296875 0.793850462962963 0.014992708333333334 0.058071296296296294
0 0.89500390625 0.5828643518518519 0.0087578125 0.019432407407407405
0 0.8835328125 0.5386726851851852 0.009773958333333332 0.03845648148148148
0 0.8718643229166666 0.48904212962962956 0.005186979166666666 0.02808425925925926
0 0.9358067708333333 0.40301157407407406 0.011196875 0.02824537037037037
0 0.99151328125 0.3138828703703704 0.006984895833333333 0.020358333333333332
0 0.85775390625 0.3119162037037037 0.013424479166666666 0.02568425925925926
0 0.8987783854166668 0.28112638888888886 0.0048484374999999994 0.017808333333333332
0 0.9379458333333334 0.2048537037037037 0.007141666666666667 0.007855555555555555
