1 0.5 0.49283796296296295 1.0 0.9856759259259259
0 0.5172940104166667 0.4506884259259259 0.05854635416666667 0.07915462962962963
0 0.7744044270833333 0.3139050925925926 0.0165171875 0.04447685185185185
0 0.3999770833333333 0.458125 0.019745833333333334 0.053287037037037036
0 0.254490625 0.8899138888888889 0.016272916666666668 0.01130925925925926
1 0.5 0.5193384259259259 1.0 0.960899074074074
0 0.4809658854166667 0.5477856481481482 0.05776510416666667 0.07705277777777778
0 0.22071927083333334 0.6602569444444444 0.016438541666666667 0.04458796296296296
0 0.5985346354166666 0.5518263888888889 0.018944270833333332 0.05365277777777778
0 0.756575 0.13356990740740743 0.016275 0.011584259259259258
1 0.5002604166666667 0.5337962962962963 0.9994791666666667 0.9324074074074075
0 0.4783854166666667 0.5444444444444444 0.05572916666666667 0.07222222222222222
0 0.21276041666666667 0.6074074074074074 0.016145833333333335 0.044444444444444446
0 0.04895833333333333 0.9486111111111111 0.016666666666666666 0.028703703703703703
0 0.59453125 0.5699074074074074 0.0171875 0.05462962962962963
0 0.7768229166666667 0.18287037037037038 0.016145833333333335 0.012037037037037037
1 0.5 0.49283796296296295 1.0 0.9856759259259259
0 0.5172940104166667 0.4506884259259259 0.05854635416666667 0.07915462962962963
0 0.7744044270833333 0.3139050925925926 0.0165171875 0.04447685185185185
0 0.3999770833333333 0.458125 0.019745833333333334 0.053287037037037036
0 0.254490625 0.8899138888888889 0.016272916666666668 0.01130925925925926
1 0.5 0.5193384259259259 1.0 0.960899074074074
0 0.4809658854166667 0.5477856481481482 0.05776510416666667 0.07705277777777778
0 0.22071927083333334 0.6602569444444444 0.016438541666666667 0.04458796296296296
0 0.5985346354166666 0.5518263888888889 0.018944270833333332 0.05365277777777778
0 0.756575 0.13356990740740743 0.016275 0.011584259259259258
1 0.5002604166666667 0.5337962962962963 0.9994791666666667 0.9324074074074075
0 0.4783854166666667 0.5444444444444444 0.05572916666666667 0.07222222222222222
0 0.21276041666666667 0.6074074074074074 0.016145833333333335 0.044444444444444446
0 0.04895833333333333 0.9486111111111111 0.016666666666666666 0.028703703703703703
0 0.59453125 0.5699074074074074 0.0171875 0.05462962962962963
0 0.7768229166666667 0.18287037037037038 0.016145833333333335 0.012037037037037037
