1 0.5008026041666667 0.5361449074074074 0.9984802083333334 0.9278453703703704
0 0.13401848958333332 0.10966296296296298 0.015953645833333332 0.05636296296296296
0 0.35010442708333334 0.11337268518518519 0.018958854166666667 0.02489351851851852
0 0.3967934895833333 0.2733375 0.0175453125 0.022600925925925924
0 0.62145078125 0.31675 0.03873489583333333 0.04831481481481482
0 0.21652005208333333 0.5425953703703704 0.011165104166666667 0.02407962962962963
0 0.26044036458333336 0.3924875 0.010464062500000001 0.03312314814814815
0 0.6284588541666667 0.8191800925925926 0.010042708333333334 0.0494712962962963
0 0.3362763020833333 0.9265550925925926 0.019427604166666668 0.04940648148148148
0 0.22233489583333332 0.7196763888888889 0.015503125 0.04861203703703704
0 0.25165130208333336 0.6418912037037037 0.0064276041666666665 0.02822685185185185
0 0.2779067708333333 0.5981532407407407 0.005813541666666667 0.022232407407407406
0 0.14381328125 0.8407069444444444 0.0063765625 0.0462287037037037
0 0.5966041666666667 0.9540925925925927 0.023416666666666665 0.05262962962962963
0 0.18455755208333333 0.6520125 0.0055734375 0.035506481481481486
0 0.28334453125 0.9457444444444444 0.014605729166666666 0.030377777777777778
0 0.38260390625 0.6574680555555555 0.006874479166666667 0.011232407407407408
0 0.6427190104166667 0.9155402777777778 0.006271354166666667 0.023673148148148148
0 0.6781638020833333 0.7641875 0.0084109375 0.028375
0 0.6787369791666666 0.7852333333333333 0.004348958333333333 0.014911111111111111
1 0.4973109375 0.5517342592592593 0.994621875 0.8960611111111111
0 0.8931622395833333 0.2031601851851852 0.014449479166666666 0.05817222222222222
0 0.6784958333333333 0.15508240740740742 0.01845 0.026831481481481484
0 0.6198312500000001 0.3001023148148148 0.016745833333333335 0.02242685185185185
0 0.3945973958333333 0.2914703703703704 0.041278125000000006 0.04405185185185185
0 0.7775484375 0.6119754629629629 0.011346875000000001 0.023950925925925928
0 0.7454565104166666 0.45280185185185184 0.011746354166666667 0.033381481481481484
0 0.34789296875000003 0.7844041666666667 0.010369270833333333 0.04843796296296297
0 0.6289963541666667 0.9631402777777777 0.021534374999999998 0.048502777777777784
0 0.757315625 0.7857620370370371 0.01463125 0.04745
0 0.7343007812500001 0.7015597222222222 0.007143229166666667 0.02719351851851852
0 0.7123348958333333 0.6517925925925926 0.006961458333333333 0.022103703703703705
0 0.8261411458333333 0.9251171296296296 0.009573958333333334 0.04467870370370371
0 0.3675466145833333 0.9250662037037037 0.023634895833333332 0.05198425925925926
0 0.7998859374999999 0.7293810185185186 0.003938541666666667 0.03653981481481482
0 0.6802791666666667 0.9908689814814815 0.015766666666666665 0.018775
0 0.60383671875 0.6850949074074074 0.007673437500000001 0.012782407407407407
0 0.3261544270833333 0.8763930555555556 0.0075171874999999996 0.023156481481481483
0 0.30317057291666666 0.7172240740740741 0.0073828125000000005 0.028892592592592595
0 0.3009390625 0.7380111111111112 0.005003125 0.014911111111111111
1 0.5026041666666666 0.5486111111111112 0.99375 0.9009259259259259
0 0.11953125 0.15555555555555556 0.015104166666666667 0.05740740740740741
0 0.33541666666666664 0.13333333333333333 0.01875 0.025925925925925925
0 0.38828125 0.2861111111111111 0.0171875 0.022222222222222223
0 0.6138020833333333 0.3037037037037037 0.04010416666666667 0.046296296296296294
0 0.21901041666666668 0.5777777777777777 0.0109375 0.024074074074074074
0 0.25703125 0.4222222222222222 0.0109375 0.03333333333333333
0 0.6401041666666667 0.8023148148148148 0.009375 0.049074074074074076
0 0.3533854166666667 0.9458333333333333 0.0203125 0.049074074074074076
0 0.23203125 0.7537037037037037 0.015104166666666667 0.04814814814814815
0 0.25807291666666665 0.6722222222222223 0.0067708333333333336 0.027777777777777776
0 0.28229166666666666 0.625 0.00625 0.022222222222222223
0 0.15807291666666667 0.8837962962962963 0.0078125 0.04537037037037037
0 0.61484375 0.9407407407407408 0.0234375 0.05185185185185185
0 0.19114583333333332 0.6912037037037037 0.004166666666666667 0.03611111111111111
0 0.30104166666666665 0.9717592592592592 0.015625 0.028703703703703703
0 0.3890625 0.6717592592592593 0.007291666666666667 0.012037037037037037
0 0.65859375 0.8967592592592593 0.0067708333333333336 0.023148148148148147
0 0.6877604166666667 0.7412037037037037 0.0078125 0.028703703703703703
0 0.6893229166666667 0.7621032407407408 0.0046875 0.014947222222222223
1 0.5008026041666667 0.5361449074074074 0.9984802083333334 0.9278453703703704
0 0.13401848958333332 0.10966296296296298 0.015953645833333332 0.05636296296296296
0 0.35010442708333334 0.11337268518518519 0.018958854166666667 0.02489351851851852
0 0.3967934895833333 0.2733375 0.0175453125 0.022600925925925924
0 0.62145078125 0.31675 0.03873489583333333 0.04831481481481482
0 0.21652005208333333 0.5425953703703704 0.011165104166666667 0.02407962962962963
0 0.26044036458333336 0.3924875 0.010464062500000001 0.03312314814814815
0 0.6284588541666667 0.8191800925925926 0.010042708333333334 0.0494712962962963
0 0.3362763020833333 0.9265550925925926 0.019427604166666668 0.04940648148148148
0 0.22233489583333332 0.7196763888888889 0.015503125 0.04861203703703704
0 0.25165130208333336 0.6418912037037037 0.0064276041666666665 0.02822685185185185
0 0.2779067708333333 0.5981532407407407 0.005813541666666667 0.022232407407407406
0 0.14381328125 0.8407069444444444 0.0063765625 0.0462287037037037
0 0.5966041666666667 0.9540925925925927 0.023416666666666665 0.05262962962962963
0 0.18455755208333333 0.6520125 0.0055734375 0.035506481481481486
0 0.28334453125 0.9457444444444444 0.014605729166666666 0.030377777777777778
0 0.38260390625 0.6574680555555555 0.006874479166666667 0.011232407407407408
0 0.6427190104166667 0.9155402777777778 0.006271354166666667 0.023673148148148148
0 0.6781638020833333 0.7641875 0.0084109375 0.028375
0 0.6787369791666666 0.7852333333333333 0.004348958333333333 0.014911111111111111
1 0.4973109375 0.5517342592592593 0.994621875 0.8960611111111111
0 0.8931622395833333 0.2031601851851852 0.014449479166666666 0.05817222222222222
0 0.6784958333333333 0.15508240740740742 0.01845 0.026831481481481484
0 0.6198312500000001 0.3001023148148148 0.016745833333333335 0.02242685185185185
0 0.3945973958333333 0.2914703703703704 0.041278125000000006 0.04405185185185185
0 0.7775484375 0.6119754629629629 0.011346875000000001 0.023950925925925928
0 0.7454565104166666 0.45280185185185184 0.011746354166666667 0.033381481481481484
0 0.34789296875000003 0.7844041666666667 0.010369270833333333 0.04843796296296297
0 0.6289963541666667 0.9631402777777777 0.021534374999999998 0.048502777777777784
0 0.757315625 0.7857620370370371 0.01463125 0.04745
0 0.7343007812500001 0.7015597222222222 0.007143229166666667 0.02719351851851852
0 0.7123348958333333 0.6517925925925926 0.006961458333333333 0.022103703703703705
0 0.8261411458333333 0.9251171296296296 0.009573958333333334 0.04467870370370371
0 0.3675466145833333 0.9250662037037037 0.023634895833333332 0.05198425925925926
0 0.7998859374999999 0.7293810185185186 0.003938541666666667 0.03653981481481482
0 0.6802791666666667 0.9908689814814815 0.015766666666666665 0.018775
0 0.60383671875 0.6850949074074074 0.007673437500000001 0.012782407407407407
0 0.3261544270833333 0.8763930555555556 0.0075171874999999996 0.023156481481481483
0 0.30317057291666666 0.7172240740740741 0.0073828125000000005 0.028892592592592595
0 0.3009390625 0.7380111111111112 0.005003125 0.014911111111111111
1 0.5026041666666666 0.5486111111111112 0.99375 0.9009259259259259
0 0.11953125 0.15555555555555556 0.015104166666666667 0.05740740740740741
0 0.33541666666666664 0.13333333333333333 0.01875 0.025925925925925925
0 0.38828125 0.2861111111111111 0.0171875 0.022222222222222223
0 0.6138020833333333 0.3037037037037037 0.04010416666666667 0.046296296296296294
0 0.21901041666666668 0.5777777777777777 0.0109375 0.024074074074074074
0 0.25703125 0.4222222222222222 0.0109375 0.03333333333333333
0 0.6401041666666667 0.8023148148148148 0.009375 0.049074074074074076
0 0.3533854166666667 0.9458333333333333 0.0203125 0.049074074074074076
0 0.23203125 0.7537037037037037 0.015104166666666667 0.04814814814814815
0 0.25807291666666665 0.6722222222222223 0.0067708333333333336 0.027777777777777776
0 0.28229166666666666 0.625 0.00625 0.022222222222222223
0 0.15807291666666667 0.8837962962962963 0.0078125 0.04537037037037037
0 0.61484375 0.9407407407407408 0.0234375 0.05185185185185185
0 0.19114583333333332 0.6912037037037037 0.004166666666666667 0.03611111111111111
0 0.30104166666666665 0.9717592592592592 0.015625 0.028703703703703703
0 0.3890625 0.6717592592592593 0.007291666666666667 0.012037037037037037
0 0.65859375 0.8967592592592593 0.0067708333333333336 0.023148148148148147
0 0.6877604166666667 0.7412037037037037 0.0078125 0.028703703703703703
0 0.6893229166666667 0.7621032407407408 0.0046875 0.014947222222222223
