1 0.5 0.5373824074074075 1.0 0.9247648148148148
0 0.9485932291666667 0.20390555555555556 0.028436458333333334 0.09484814814814815
0 0.9606325520833334 0.19295046296296298 0.0077234375 0.026641666666666668
0 0.902525 0.46877824074074076 0.020675 0.030149074074074075
0 0.5854802083333334 0.2826773148148148 0.030335416666666667 0.035725
0 0.6090739583333333 0.1894986111111111 0.02439791666666667 0.049367592592592595
0 0.43265234375 0.28667499999999996 0.0184296875 0.04001666666666667
0 0.5287513020833333 0.39536944444444444 0.023127604166666666 0.0555537037037037
0 0.4861942708333334 0.6509875 0.022388541666666664 0.044567592592592596
0 0.6780200520833334 0.5752615740740741 0.016456770833333335 0.02459722222222222
0 0.6120734375 0.4658587962962963 0.018938541666666666 0.03727314814814815
0 0.62223828125 0.7863064814814815 0.02051822916666667 0.030020370370370367
0 0.8432937500000001 0.7397157407407408 0.015754166666666666 0.02572777777777778
0 0.19192057291666667 0.9930962962962964 0.015091145833333335 0.013970370370370369
0 0.34458697916666664 0.4178472222222222 0.025632291666666664 0.04680555555555555
0 0.21727005208333333 0.3500037037037037 0.0272484375 0.04074814814814815
0 0.45349765625 0.4965763888888889 0.019495312499999997 0.01722685185185185
0 0.5046171875 0.47709398148148147 0.021734374999999997 0.054187962962962966
0 0.5037229166666667 0.49571527777777774 0.015779166666666667 0.01550462962962963
0 0.49877604166666667 0.24593703703703707 0.012135416666666668 0.012244444444444445
0 0.5032309895833333 0.22656064814814814 0.010628645833333334 0.019787962962962962
0 0.4578346354166667 0.43129675925925925 0.016710937500000002 0.021852777777777777
0 0.2616338541666667 0.13067916666666665 0.009726041666666666 0.01876574074074074
0 0.4763252604166667 0.3547064814814815 0.013067187499999999 0.013116666666666667
0 0.7073421875 0.35053703703703704 0.013642708333333333 0.021444444444444443
0 0.7044776041666666 0.33107499999999995 0.013121875 0.026964814814814813
0 0.53880078125 0.29853564814814815 0.0151015625 0.035960185185185185
0 0.41576171875 0.4711986111111111 0.017981770833333334 0.022026851851851853
0 0.5717291666666667 0.3911175925925926 0.012208333333333333 0.01742037037037037
0 0.9395809895833334 0.8953819444444445 0.007286979166666666 0.01483796296296296
0 0.9798638020833333 0.9312560185185185 0.007644270833333333 0.016215740740740742
0 0.9470700520833333 0.7622083333333333 0.0055984375 0.020712962962962964
0 0.6808192708333334 0.3319800925925926 0.013721875 0.04173796296296296
0 0.31999348958333335 0.4240023148148148 0.012903645833333333 0.023930555555555556
0 0.9478692708333334 0.6376365740740741 0.006155208333333333 0.028976851851851854
0 0.676028125 0.7948847222222223 0.01455625 0.021250925925925927
1 0.5 0.5373824074074075 1.0 0.9247648148148148
0 0.05171822916666667 0.20390555555555556 0.028436458333333334 0.09484814814814815
0 0.039278385416666665 0.19295046296296298 0.0077234375 0.026641666666666668
0 0.09783750000000001 0.46877824074074076 0.020675 0.030149074074074075
0 0.41464687499999997 0.2826773148148148 0.030335416666666667 0.035725
0 0.3908447916666667 0.1894986111111111 0.02439791666666667 0.049367592592592595
0 0.5670273437500001 0.28667499999999996 0.0184296875 0.04001666666666667
0 0.47145963541666663 0.39536944444444444 0.023127604166666666 0.0555537037037037
0 0.5137984375 0.6509875 0.022388541666666664 0.044567592592592596
0 0.3217700520833333 0.5752615740740741 0.016456770833333335 0.02459722222222222
0 0.38811510416666667 0.4658587962962963 0.018938541666666666 0.03727314814814815
0 0.37796744791666664 0.7863064814814815 0.02051822916666667 0.030020370370370367
0 0.15683541666666667 0.7397157407407408 0.015754166666666666 0.02572777777777778
0 0.8080664062499999 0.9930962962962964 0.015091145833333335 0.013970370370370369
0 0.6550036458333334 0.4178472222222222 0.025632291666666664 0.04680555555555555
0 0.7828950520833333 0.3500037037037037 0.0272484375 0.04074814814814815
0 0.5467268229166666 0.4965763888888889 0.019495312499999997 0.01722685185185185
0 0.4952421875 0.47709398148148147 0.021734374999999997 0.054187962962962966
0 0.49643125 0.49571527777777774 0.015779166666666667 0.01550462962962963
0 0.500859375 0.24593703703703707 0.012135416666666668 0.012244444444444445
0 0.49646015625 0.22656064814814814 0.010628645833333334 0.019787962962962962
0 0.5422096354166667 0.43129675925925925 0.016710937500000002 0.021852777777777777
0 0.7381963541666666 0.13067916666666665 0.009726041666666666 0.01876574074074074
0 0.52372109375 0.3547064814814815 0.013067187499999999 0.013116666666666667
0 0.29275885416666664 0.35053703703703704 0.013642708333333333 0.021444444444444443
0 0.2956234375 0.33107499999999995 0.013121875 0.026964814814814813
0 0.46119661458333333 0.29853564814814815 0.0151015625 0.035960185185185185
0 0.5839908854166667 0.4711986111111111 0.017981770833333334 0.022026851851851853
0 0.4285 0.3911175925925926 0.012208333333333333 0.01742037037037037
0 0.060414322916666666 0.8953819444444445 0.007286979166666666 0.01483796296296296
0 0.01996796875 0.9312560185185185 0.007644270833333333 0.016215740740740742
0 0.05279921875 0.7622083333333333 0.0055984375 0.020712962962962964
0 0.3188401041666667 0.3319800925925926 0.013721875 0.04173796296296296
0 0.6798893229166667 0.4240023148148148 0.012903645833333333 0.023930555555555556
0 0.052035937500000004 0.6376365740740741 0.006155208333333333 0.028976851851851854
0 0.32446562500000004 0.7948847222222223 0.01455625 0.021250925925925927
1 0.49973958333333335 0.5375 0.9994791666666667 0.9231481481481482
0 0.04609375 0.23148148148148148 0.0265625 0.0962962962962963
0 0.03333333333333333 0.22175925925925927 0.007291666666666667 0.026851851851851852
0 0.09739583333333333 0.49398148148148147 0.020833333333333332 0.030555555555555555
0 0.41041666666666665 0.2884259259259259 0.030208333333333334 0.03425925925925926
0 0.3848958333333333 0.19675925925925927 0.023958333333333335 0.049074074074074076
0 0.5630208333333333 0.2828703703703704 0.01875 0.03981481481481482
0 0.46953125 0.3972222222222222 0.022395833333333334 0.05555555555555555
0 0.5166666666666667 0.649537037037037 0.021875 0.04537037037037037
0 0.3234375 0.5856481481481481 0.016666666666666666 0.025
0 0.3875 0.47314814814814815 0.01875 0.037037037037037035
0 0.38359375 0.7939814814814815 0.0203125 0.030555555555555555
0 0.16171875 0.7606481481481482 0.016145833333333335 0.025
0 0.8111979166666666 0.9828703703703704 0.027604166666666666 0.032407407407407406
0 0.6533854166666667 0.4078703703703704 0.025520833333333333 0.04722222222222222
0 0.7796875 0.33240740740740743 0.027083333333333334 0.040740740740740744
0 0.5466145833333333 0.49398148148148147 0.019270833333333334 0.017592592592592594
0 0.4947916666666667 0.4777777777777778 0.021875 0.053703703703703705
0 0.49635416666666665 0.49583333333333335 0.015625 0.01574074074074074
0 0.49609375 0.2462962962962963 0.011979166666666667 0.012962962962962963
0 0.49114583333333334 0.2273148148148148 0.010416666666666666 0.019444444444444445
0 0.540625 0.4287037037037037 0.016666666666666666 0.022222222222222223
0 0.7309895833333333 0.11574074074074074 0.009895833333333333 0.018518518518518517
0 0.52109375 0.3537037037037037 0.013020833333333334 0.012962962962962963
0 0.29010416666666666 0.36342592592592593 0.013541666666666667 0.021296296296296296
0 0.29244791666666664 0.3439814814814815 0.013020833333333334 0.026851851851851852
0 0.45729166666666665 0.3013888888888889 0.014583333333333334 0.03611111111111111
0 0.58359375 0.46620370370370373 0.018229166666666668 0.021296296296296296
0 0.42630208333333336 0.3958333333333333 0.011979166666666667 0.017592592592592594
0 0.06822916666666666 0.9222222222222223 0.007291666666666667 0.014814814814814815
0 0.02890625 0.9606481481481481 0.0078125 0.01574074074074074
0 0.05859375 0.7898148148148149 0.005729166666666666 0.020370370370370372
0 0.31588541666666664 0.34305555555555556 0.013020833333333334 0.041666666666666664
0 0.6783854166666666 0.412962962962963 0.013020833333333334 0.024074074074074074
0 0.0546875 0.6652777777777777 0.00625 0.028703703703703703
0 0.3302083333333333 0.8060185185185185 0.014583333333333334 0.021296296296296296
1 0.5 0.5373824074074075 1.0 0.9247648148148148
0 0.9485932291666667 0.20390555555555556 0.028436458333333334 0.09484814814814815
0 0.9606325520833334 0.19295046296296298 0.0077234375 0.026641666666666668
0 0.902525 0.46877824074074076 0.020675 0.030149074074074075
0 0.5854802083333334 0.2826773148148148 0.030335416666666667 0.035725
0 0.6090739583333333 0.1894986111111111 0.02439791666666667 0.049367592592592595
0 0.43265234375 0.28667499999999996 0.0184296875 0.04001666666666667
0 0.5287513020833333 0.39536944444444444 0.023127604166666666 0.0555537037037037
0 0.4861942708333334 0.6509875 0.022388541666666664 0.044567592592592596
0 0.6780200520833334 0.5752615740740741 0.016456770833333335 0.02459722222222222
0 0.6120734375 0.4658587962962963 0.018938541666666666 0.03727314814814815
0 0.62223828125 0.7863064814814815 0.02051822916666667 0.030020370370370367
0 0.8432937500000001 0.7397157407407408 0.015754166666666666 0.02572777777777778
0 0.19192057291666667 0.9930962962962964 0.015091145833333335 0.013970370370370369
0 0.34458697916666664 0.4178472222222222 0.025632291666666664 0.04680555555555555
0 0.21727005208333333 0.3500037037037037 0.0272484375 0.04074814814814815
0 0.45349765625 0.4965763888888889 0.019495312499999997 0.01722685185185185
0 0.5046171875 0.47709398148148147 0.021734374999999997 0.054187962962962966
0 0.5037229166666667 0.49571527777777774 0.015779166666666667 0.01550462962962963
0 0.49877604166666667 0.24593703703703707 0.012135416666666668 0.012244444444444445
0 0.5032309895833333 0.22656064814814814 0.010628645833333334 0.019787962962962962
0 0.4578346354166667 0.43129675925925925 0.016710937500000002 0.021852777777777777
0 0.2616338541666667 0.13067916666666665 0.009726041666666666 0.01876574074074074
0 0.4763252604166667 0.3547064814814815 0.013067187499999999 0.013116666666666667
0 0.7073421875 0.35053703703703704 0.013642708333333333 0.021444444444444443
0 0.7044776041666666 0.33107499999999995 0.013121875 0.026964814814814813
0 0.53880078125 0.29853564814814815 0.0151015625 0.035960185185185185
0 0.41576171875 0.4711986111111111 0.017981770833333334 0.022026851851851853
0 0.5717291666666667 0.3911175925925926 0.012208333333333333 0.01742037037037037
0 0.9395809895833334 0.8953819444444445 0.007286979166666666 0.01483796296296296
0 0.9798638020833333 0.9312560185185185 0.007644270833333333 0.016215740740740742
0 0.9470700520833333 0.7622083333333333 0.0055984375 0.020712962962962964
0 0.6808192708333334 0.3319800925925926 0.013721875 0.04173796296296296
0 0.31999348958333335 0.4240023148148148 0.012903645833333333 0.023930555555555556
0 0.9478692708333334 0.6376365740740741 0.006155208333333333 0.028976851851851854
0 0.676028125 0.7948847222222223 0.01455625 0.021250925925925927
1 0.5 0.5373824074074075 1.0 0.9247648148148148
0 0.05171822916666667 0.20390555555555556 0.028436458333333334 0.09484814814814815
0 0.039278385416666665 0.19295046296296298 0.0077234375 0.026641666666666668
0 0.09783750000000001 0.46877824074074076 0.020675 0.030149074074074075
0 0.41464687499999997 0.2826773148148148 0.030335416666666667 0.035725
0 0.3908447916666667 0.1894986111111111 0.02439791666666667 0.049367592592592595
0 0.5670273437500001 0.28667499999999996 0.0184296875 0.04001666666666667
0 0.47145963541666663 0.39536944444444444 0.023127604166666666 0.0555537037037037
0 0.5137984375 0.6509875 0.022388541666666664 0.044567592592592596
0 0.3217700520833333 0.5752615740740741 0.016456770833333335 0.02459722222222222
0 0.38811510416666667 0.4658587962962963 0.018938541666666666 0.03727314814814815
0 0.37796744791666664 0.7863064814814815 0.02051822916666667 0.030020370370370367
0 0.15683541666666667 0.7397157407407408 0.015754166666666666 0.02572777777777778
0 0.8080664062499999 0.9930962962962964 0.015091145833333335 0.013970370370370369
0 0.6550036458333334 0.4178472222222222 0.025632291666666664 0.04680555555555555
0 0.7828950520833333 0.3500037037037037 0.0272484375 0.04074814814814815
0 0.5467268229166666 0.4965763888888889 0.019495312499999997 0.01722685185185185
0 0.4952421875 0.47709398148148147 0.021734374999999997 0.054187962962962966
0 0.49643125 0.49571527777777774 0.015779166666666667 0.01550462962962963
0 0.500859375 0.24593703703703707 0.012135416666666668 0.012244444444444445
0 0.49646015625 0.22656064814814814 0.010628645833333334 0.019787962962962962
0 0.5422096354166667 0.43129675925925925 0.016710937500000002 0.021852777777777777
0 0.7381963541666666 0.13067916666666665 0.009726041666666666 0.01876574074074074
0 0.52372109375 0.3547064814814815 0.013067187499999999 0.013116666666666667
0 0.29275885416666664 0.35053703703703704 0.013642708333333333 0.021444444444444443
0 0.2956234375 0.33107499999999995 0.013121875 0.026964814814814813
0 0.46119661458333333 0.29853564814814815 0.0151015625 0.035960185185185185
0 0.5839908854166667 0.4711986111111111 0.017981770833333334 0.022026851851851853
0 0.4285 0.3911175925925926 0.012208333333333333 0.01742037037037037
0 0.060414322916666666 0.8953819444444445 0.007286979166666666 0.01483796296296296
0 0.01996796875 0.9312560185185185 0.007644270833333333 0.016215740740740742
0 0.05279921875 0.7622083333333333 0.0055984375 0.020712962962962964
0 0.3188401041666667 0.3319800925925926 0.013721875 0.04173796296296296
0 0.6798893229166667 0.4240023148148148 0.012903645833333333 0.023930555555555556
0 0.052035937500000004 0.6376365740740741 0.006155208333333333 0.028976851851851854
0 0.32446562500000004 0.7948847222222223 0.01455625 0.021250925925925927
1 0.49973958333333335 0.5375 0.9994791666666667 0.9231481481481482
0 0.04609375 0.23148148148148148 0.0265625 0.0962962962962963
0 0.03333333333333333 0.22175925925925927 0.007291666666666667 0.026851851851851852
0 0.09739583333333333 0.49398148148148147 0.020833333333333332 0.030555555555555555
0 0.41041666666666665 0.2884259259259259 0.030208333333333334 0.03425925925925926
0 0.3848958333333333 0.19675925925925927 0.023958333333333335 0.049074074074074076
0 0.5630208333333333 0.2828703703703704 0.01875 0.03981481481481482
0 0.46953125 0.3972222222222222 0.022395833333333334 0.05555555555555555
0 0.5166666666666667 0.649537037037037 0.021875 0.04537037037037037
0 0.3234375 0.5856481481481481 0.016666666666666666 0.025
0 0.3875 0.47314814814814815 0.01875 0.037037037037037035
0 0.38359375 0.7939814814814815 0.0203125 0.030555555555555555
0 0.16171875 0.7606481481481482 0.016145833333333335 0.025
0 0.8111979166666666 0.9828703703703704 0.027604166666666666 0.032407407407407406
0 0.6533854166666667 0.4078703703703704 0.025520833333333333 0.04722222222222222
0 0.7796875 0.33240740740740743 0.027083333333333334 0.040740740740740744
0 0.5466145833333333 0.49398148148148147 0.019270833333333334 0.017592592592592594
0 0.4947916666666667 0.4777777777777778 0.021875 0.053703703703703705
0 0.49635416666666665 0.49583333333333335 0.015625 0.01574074074074074
0 0.49609375 0.2462962962962963 0.011979166666666667 0.012962962962962963
0 0.49114583333333334 0.2273148148148148 0.010416666666666666 0.019444444444444445
0 0.540625 0.4287037037037037 0.016666666666666666 0.022222222222222223
0 0.7309895833333333 0.11574074074074074 0.009895833333333333 0.018518518518518517
0 0.52109375 0.3537037037037037 0.013020833333333334 0.012962962962962963
0 0.29010416666666666 0.36342592592592593 0.013541666666666667 0.021296296296296296
0 0.29244791666666664 0.3439814814814815 0.013020833333333334 0.026851851851851852
0 0.45729166666666665 0.3013888888888889 0.014583333333333334 0.03611111111111111
0 0.58359375 0.46620370370370373 0.018229166666666668 0.021296296296296296
0 0.42630208333333336 0.3958333333333333 0.011979166666666667 0.017592592592592594
0 0.06822916666666666 0.9222222222222223 0.007291666666666667 0.014814814814814815
0 0.02890625 0.9606481481481481 0.0078125 0.01574074074074074
0 0.05859375 0.7898148148148149 0.005729166666666666 0.020370370370370372
0 0.31588541666666664 0.34305555555555556 0.013020833333333334 0.041666666666666664
0 0.6783854166666666 0.412962962962963 0.013020833333333334 0.024074074074074074
0 0.0546875 0.6652777777777777 0.00625 0.028703703703703703
0 0.3302083333333333 0.8060185185185185 0.014583333333333334 0.021296296296296296
1 0.5 0.5373824074074075 1.0 0.9247648148148148
0 0.9485932291666667 0.20390555555555556 0.028436458333333334 0.09484814814814815
0 0.9606325520833334 0.19295046296296298 0.0077234375 0.026641666666666668
0 0.902525 0.46877824074074076 0.020675 0.030149074074074075
0 0.5854802083333334 0.2826773148148148 0.030335416666666667 0.035725
0 0.6090739583333333 0.1894986111111111 0.02439791666666667 0.049367592592592595
0 0.43265234375 0.28667499999999996 0.0184296875 0.04001666666666667
0 0.5287513020833333 0.39536944444444444 0.023127604166666666 0.0555537037037037
0 0.4861942708333334 0.6509875 0.022388541666666664 0.044567592592592596
0 0.6780200520833334 0.5752615740740741 0.016456770833333335 0.02459722222222222
0 0.6120734375 0.4658587962962963 0.018938541666666666 0.03727314814814815
0 0.62223828125 0.7863064814814815 0.02051822916666667 0.030020370370370367
0 0.8432937500000001 0.7397157407407408 0.015754166666666666 0.02572777777777778
0 0.19192057291666667 0.9930962962962964 0.015091145833333335 0.013970370370370369
0 0.34458697916666664 0.4178472222222222 0.025632291666666664 0.04680555555555555
0 0.21727005208333333 0.3500037037037037 0.0272484375 0.04074814814814815
0 0.45349765625 0.4965763888888889 0.019495312499999997 0.01722685185185185
0 0.5046171875 0.47709398148148147 0.021734374999999997 0.054187962962962966
0 0.5037229166666667 0.49571527777777774 0.015779166666666667 0.01550462962962963
0 0.49877604166666667 0.24593703703703707 0.012135416666666668 0.012244444444444445
0 0.5032309895833333 0.22656064814814814 0.010628645833333334 0.019787962962962962
0 0.4578346354166667 0.43129675925925925 0.016710937500000002 0.021852777777777777
0 0.2616338541666667 0.13067916666666665 0.009726041666666666 0.01876574074074074
0 0.4763252604166667 0.3547064814814815 0.013067187499999999 0.013116666666666667
0 0.7073421875 0.35053703703703704 0.013642708333333333 0.021444444444444443
0 0.7044776041666666 0.33107499999999995 0.013121875 0.026964814814814813
0 0.53880078125 0.29853564814814815 0.0151015625 0.035960185185185185
0 0.41576171875 0.4711986111111111 0.017981770833333334 0.022026851851851853
0 0.5717291666666667 0.3911175925925926 0.012208333333333333 0.01742037037037037
0 0.9395809895833334 0.8953819444444445 0.007286979166666666 0.01483796296296296
0 0.9798638020833333 0.9312560185185185 0.007644270833333333 0.016215740740740742
0 0.9470700520833333 0.7622083333333333 0.0055984375 0.020712962962962964
0 0.6808192708333334 0.3319800925925926 0.013721875 0.04173796296296296
0 0.31999348958333335 0.4240023148148148 0.012903645833333333 0.023930555555555556
0 0.9478692708333334 0.6376365740740741 0.006155208333333333 0.028976851851851854
0 0.676028125 0.7948847222222223 0.01455625 0.021250925925925927
1 0.5 0.5373824074074075 1.0 0.9247648148148148
0 0.05171822916666667 0.20390555555555556 0.028436458333333334 0.09484814814814815
0 0.039278385416666665 0.19295046296296298 0.0077234375 0.026641666666666668
0 0.09783750000000001 0.46877824074074076 0.020675 0.030149074074074075
0 0.41464687499999997 0.2826773148148148 0.030335416666666667 0.035725
0 0.3908447916666667 0.1894986111111111 0.02439791666666667 0.049367592592592595
0 0.5670273437500001 0.28667499999999996 0.0184296875 0.04001666666666667
0 0.47145963541666663 0.39536944444444444 0.023127604166666666 0.0555537037037037
0 0.5137984375 0.6509875 0.022388541666666664 0.044567592592592596
0 0.3217700520833333 0.5752615740740741 0.016456770833333335 0.02459722222222222
0 0.38811510416666667 0.4658587962962963 0.018938541666666666 0.03727314814814815
0 0.37796744791666664 0.7863064814814815 0.02051822916666667 0.030020370370370367
0 0.15683541666666667 0.7397157407407408 0.015754166666666666 0.02572777777777778
0 0.8080664062499999 0.9930962962962964 0.015091145833333335 0.013970370370370369
0 0.6550036458333334 0.4178472222222222 0.025632291666666664 0.04680555555555555
0 0.7828950520833333 0.3500037037037037 0.0272484375 0.04074814814814815
0 0.5467268229166666 0.4965763888888889 0.019495312499999997 0.01722685185185185
0 0.4952421875 0.47709398148148147 0.021734374999999997 0.054187962962962966
0 0.49643125 0.49571527777777774 0.015779166666666667 0.01550462962962963
0 0.500859375 0.24593703703703707 0.012135416666666668 0.012244444444444445
0 0.49646015625 0.22656064814814814 0.010628645833333334 0.019787962962962962
0 0.5422096354166667 0.43129675925925925 0.016710937500000002 0.021852777777777777
0 0.7381963541666666 0.13067916666666665 0.009726041666666666 0.01876574074074074
0 0.52372109375 0.3547064814814815 0.013067187499999999 0.013116666666666667
0 0.29275885416666664 0.35053703703703704 0.013642708333333333 0.021444444444444443
0 0.2956234375 0.33107499999999995 0.013121875 0.026964814814814813
0 0.46119661458333333 0.29853564814814815 0.0151015625 0.035960185185185185
0 0.5839908854166667 0.4711986111111111 0.017981770833333334 0.022026851851851853
0 0.4285 0.3911175925925926 0.012208333333333333 0.01742037037037037
0 0.060414322916666666 0.8953819444444445 0.007286979166666666 0.01483796296296296
0 0.01996796875 0.9312560185185185 0.007644270833333333 0.016215740740740742
0 0.05279921875 0.7622083333333333 0.0055984375 0.020712962962962964
0 0.3188401041666667 0.3319800925925926 0.013721875 0.04173796296296296
0 0.6798893229166667 0.4240023148148148 0.012903645833333333 0.023930555555555556
0 0.052035937500000004 0.6376365740740741 0.006155208333333333 0.028976851851851854
0 0.32446562500000004 0.7948847222222223 0.01455625 0.021250925925925927
1 0.49973958333333335 0.5375 0.9994791666666667 0.9231481481481482
0 0.04609375 0.23148148148148148 0.0265625 0.0962962962962963
0 0.03333333333333333 0.22175925925925927 0.007291666666666667 0.026851851851851852
0 0.09739583333333333 0.49398148148148147 0.020833333333333332 0.030555555555555555
0 0.41041666666666665 0.2884259259259259 0.030208333333333334 0.03425925925925926
0 0.3848958333333333 0.19675925925925927 0.023958333333333335 0.049074074074074076
0 0.5630208333333333 0.2828703703703704 0.01875 0.03981481481481482
0 0.46953125 0.3972222222222222 0.022395833333333334 0.05555555555555555
0 0.5166666666666667 0.649537037037037 0.021875 0.04537037037037037
0 0.3234375 0.5856481481481481 0.016666666666666666 0.025
0 0.3875 0.47314814814814815 0.01875 0.037037037037037035
0 0.38359375 0.7939814814814815 0.0203125 0.030555555555555555
0 0.16171875 0.7606481481481482 0.016145833333333335 0.025
0 0.8111979166666666 0.9828703703703704 0.027604166666666666 0.032407407407407406
0 0.6533854166666667 0.4078703703703704 0.025520833333333333 0.04722222222222222
0 0.7796875 0.33240740740740743 0.027083333333333334 0.040740740740740744
0 0.5466145833333333 0.49398148148148147 0.019270833333333334 0.017592592592592594
0 0.4947916666666667 0.4777777777777778 0.021875 0.053703703703703705
0 0.49635416666666665 0.49583333333333335 0.015625 0.01574074074074074
0 0.49609375 0.2462962962962963 0.011979166666666667 0.012962962962962963
0 0.49114583333333334 0.2273148148148148 0.010416666666666666 0.019444444444444445
0 0.540625 0.4287037037037037 0.016666666666666666 0.022222222222222223
0 0.7309895833333333 0.11574074074074074 0.009895833333333333 0.018518518518518517
0 0.52109375 0.3537037037037037 0.013020833333333334 0.012962962962962963
0 0.29010416666666666 0.36342592592592593 0.013541666666666667 0.021296296296296296
0 0.29244791666666664 0.3439814814814815 0.013020833333333334 0.026851851851851852
0 0.45729166666666665 0.3013888888888889 0.014583333333333334 0.03611111111111111
0 0.58359375 0.46620370370370373 0.018229166666666668 0.021296296296296296
0 0.42630208333333336 0.3958333333333333 0.011979166666666667 0.017592592592592594
0 0.06822916666666666 0.9222222222222223 0.007291666666666667 0.014814814814814815
0 0.02890625 0.9606481481481481 0.0078125 0.01574074074074074
0 0.05859375 0.7898148148148149 0.005729166666666666 0.020370370370370372
0 0.31588541666666664 0.34305555555555556 0.013020833333333334 0.041666666666666664
0 0.6783854166666666 0.412962962962963 0.013020833333333334 0.024074074074074074
0 0.0546875 0.6652777777777777 0.00625 0.028703703703703703
0 0.3302083333333333 0.8060185185185185 0.014583333333333334 0.021296296296296296
