1 0.51328125 0.5203703703703704 0.9723958333333333 0.9574074074074074
0 0.4393229166666667 0.8328703703703704 0.024479166666666666 0.05092592592592592
0 0.97265625 0.5296296296296297 0.0140625 0.037037037037037035
0 0.83203125 0.7620370370370371 0.0109375 0.022222222222222223
0 0.8841145833333334 0.8037037037037037 0.008854166666666666 0.020370370370370372
0 0.6408854166666667 0.2462962962962963 0.016145833333333335 0.016666666666666666
0 0.17552083333333332 0.2967592592592593 0.010416666666666666 0.028703703703703703
0 0.9684895833333333 0.9810185185185185 0.0078125 0.019444444444444445
0 0.9583333333333334 0.6277777777777778 0.00625 0.018518518518518517
0 0.7372395833333333 0.8870370370370371 0.0078125 0.011111111111111112
0 0.8471354166666667 0.7731481481481481 0.005729166666666666 0.027777777777777776
0 0.9346354166666667 0.9518518518518518 0.0067708333333333336 0.022222222222222223
1 0.51301953125 0.5194319444444444 0.9739557291666666 0.9610861111111111
0 0.4329291666666667 0.8290703703703703 0.024191666666666667 0.05073333333333333
0 0.9717921875 0.5590379629629629 0.014417708333333333 0.03659444444444444
0 0.8269468750000001 0.7823037037037037 0.011185416666666666 0.022014814814814813
0 0.8778619791666666 0.8276583333333333 0.008848958333333332 0.020131481481481483
0 0.6456315104166667 0.2544953703703704 0.016263020833333332 0.016398148148148148
0 0.17947526041666664 0.2765416666666667 0.0099921875 0.02900925925925926
0 0.9552973958333334 0.6564597222222223 0.006428125000000001 0.018475
0 0.7294609375000001 0.9019777777777778 0.007880208333333335 0.011362962962962964
0 0.8419343749999999 0.7944199074074073 0.005743750000000001 0.027728703703703703
0 0.9254127604166666 0.9786648148148149 0.007075520833333334 0.022144444444444446
1 0.48737760416666664 0.520475925925926 0.9747552083333333 0.9594703703703704
0 0.55403515625 0.8368171296296296 0.024736979166666666 0.051412037037037034
0 0.0271578125 0.5003282407407408 0.013690625000000001 0.03769351851851852
0 0.16323255208333334 0.7408953703703703 0.010840104166666666 0.022531481481481482
0 0.11015364583333334 0.7797689814814814 0.008848958333333332 0.020649074074074073
0 0.36431796875 0.238200462962963 0.0161359375 0.01714166666666667
0 0.8283309895833334 0.31700787037037037 0.010828645833333334 0.028460185185185182
0 0.022133072916666666 0.9514152777777777 0.0078078125 0.01949722222222222
0 0.039608593750000004 0.5991171296296297 0.006300520833333333 0.01860462962962963
0 0.2554299479166667 0.8722833333333334 0.007734895833333334 0.011233333333333333
0 0.1476453125 0.7518759259259259 0.005707291666666667 0.027825925925925924
0 0.05692005208333333 0.925025462962963 0.0065484375000000004 0.02227314814814815
1 0.51328125 0.5203703703703704 0.9723958333333333 0.9574074074074074
0 0.4393229166666667 0.8328703703703704 0.024479166666666666 0.05092592592592592
0 0.97265625 0.5296296296296297 0.0140625 0.037037037037037035
0 0.83203125 0.7620370370370371 0.0109375 0.022222222222222223
0 0.8841145833333334 0.8037037037037037 0.008854166666666666 0.020370370370370372
0 0.6408854166666667 0.2462962962962963 0.016145833333333335 0.016666666666666666
0 0.17552083333333332 0.2967592592592593 0.010416666666666666 0.028703703703703703
0 0.9684895833333333 0.9810185185185185 0.0078125 0.019444444444444445
0 0.9583333333333334 0.6277777777777778 0.00625 0.018518518518518517
0 0.7372395833333333 0.8870370370370371 0.0078125 0.011111111111111112
0 0.8471354166666667 0.7731481481481481 0.005729166666666666 0.027777777777777776
0 0.9346354166666667 0.9518518518518518 0.0067708333333333336 0.022222222222222223
1 0.51301953125 0.5194319444444444 0.9739557291666666 0.9610861111111111
0 0.4329291666666667 0.8290703703703703 0.024191666666666667 0.05073333333333333
0 0.9717921875 0.5590379629629629 0.014417708333333333 0.03659444444444444
0 0.8269468750000001 0.7823037037037037 0.011185416666666666 0.022014814814814813
0 0.8778619791666666 0.8276583333333333 0.008848958333333332 0.020131481481481483
0 0.6456315104166667 0.2544953703703704 0.016263020833333332 0.016398148148148148
0 0.17947526041666664 0.2765416666666667 0.0099921875 0.02900925925925926
0 0.9552973958333334 0.6564597222222223 0.006428125000000001 0.018475
0 0.7294609375000001 0.9019777777777778 0.007880208333333335 0.011362962962962964
0 0.8419343749999999 0.7944199074074073 0.005743750000000001 0.027728703703703703
0 0.9254127604166666 0.9786648148148149 0.007075520833333334 0.022144444444444446
1 0.48737760416666664 0.520475925925926 0.9747552083333333 0.9594703703703704
0 0.55403515625 0.8368171296296296 0.024736979166666666 0.051412037037037034
0 0.0271578125 0.5003282407407408 0.013690625000000001 0.03769351851851852
0 0.16323255208333334 0.7408953703703703 0.010840104166666666 0.022531481481481482
0 0.11015364583333334 0.7797689814814814 0.008848958333333332 0.020649074074074073
0 0.36431796875 0.238200462962963 0.0161359375 0.01714166666666667
0 0.8283309895833334 0.31700787037037037 0.010828645833333334 0.028460185185185182
0 0.022133072916666666 0.9514152777777777 0.0078078125 0.01949722222222222
0 0.039608593750000004 0.5991171296296297 0.006300520833333333 0.01860462962962963
0 0.2554299479166667 0.8722833333333334 0.007734895833333334 0.011233333333333333
0 0.1476453125 0.7518759259259259 0.005707291666666667 0.027825925925925924
0 0.05692005208333333 0.925025462962963 0.0065484375000000004 0.02227314814814815
