1 0.5 0.5401240740740741 1.0 0.9191370370370371
0 0.023214322916666665 0.42853703703703705 0.008928645833333334 0.031148148148148147
0 0.004934114583333333 0.47256203703703703 0.0088265625 0.03956851851851852
0 0.3636020833333333 0.4544856481481481 0.008454166666666667 0.03119351851851852
0 0.09110338541666667 0.6418763888888889 0.007206770833333333 0.01708611111111111
0 0.18042708333333335 0.7361152777777777 0.004604166666666667 0.007415740740740741
0 0.84366015625 0.6676462962962962 0.012320312500000001 0.014922222222222222
0 0.8628622395833333 0.5716819444444445 0.014266145833333332 0.028549074074074074
0 0.8034848958333334 0.5885625 0.016344791666666667 0.04934722222222222
0 0.8519377604166666 0.6050837962962963 0.005958854166666667 0.021278703703703706
0 0.8061963541666667 0.515387037037037 0.004059375 0.014107407407407409
0 0.6437481770833333 0.6146708333333334 0.015621354166666665 0.03119351851851852
0 0.7143091145833333 0.6387861111111112 0.0088265625 0.01646111111111111
0 0.6574143229166667 0.658687962962963 0.020036979166666666 0.013672222222222223
0 0.5707028645833333 0.5107115740740741 0.010155729166666665 0.02142314814814815
0 0.5485403645833333 0.4628148148148148 0.007497395833333333 0.020074074074074074
0 0.48002838541666665 0.5815125 0.009015104166666668 0.011173148148148149
0 0.60579140625 0.4819273148148148 0.005332812500000001 0.006447222222222222
0 0.6890734374999999 0.1408935185185185 0.013563541666666668 0.018824074074074073
0 0.7022614583333334 0.8252708333333334 0.006606249999999999 0.015356481481481483
0 0.6349067708333334 0.7190564814814815 0.011480208333333334 0.019594444444444442
0 0.8818377604166667 0.6890532407407407 0.009508854166666667 0.020699074074074075
0 0.783884375 0.8848013888888889 0.010477083333333333 0.027010185185185186
0 0.34049453125 0.4130861111111111 0.0184890625 0.024320370370370367
0 0.7145942708333333 0.15029351851851852 0.009396875 0.015401851851851852
0 0.8917822916666667 0.8745124999999999 0.005439583333333334 0.011987962962962962
1 0.49973958333333335 0.549537037037037 0.9994791666666667 0.899074074074074
0 0.03515625 0.2962962962962963 0.0109375 0.02962962962962963
0 0.013802083333333333 0.3347222222222222 0.008854166666666666 0.03981481481481482
0 0.37005208333333334 0.4166666666666667 0.008854166666666666 0.03148148148148148
0 0.08333333333333333 0.5273148148148148 0.00625 0.017592592592592594
0 0.16354166666666667 0.6439814814814815 0.004166666666666667 0.006481481481481481
0 0.26953125 0.962037037037037 0.0046875 0.011111111111111112
0 0.82421875 0.7601851851851852 0.011979166666666667 0.014814814814814815
0 0.85234375 0.6708333333333333 0.015104166666666667 0.026851851851851852
0 0.7921875 0.6722222222222223 0.019791666666666666 0.046296296296296294
0 0.83828125 0.7018518518518518 0.0067708333333333336 0.020370370370370372
0 0.80078125 0.6 0.0046875 0.012962962962962963
0 0.63203125 0.6532407407407408 0.016145833333333335 0.030555555555555555
0 0.69921875 0.6972222222222222 0.008854166666666666 0.016666666666666666
0 0.6411458333333333 0.7027777777777777 0.019791666666666666 0.012962962962962963
0 0.56875 0.5300925925925926 0.009375 0.021296296296296296
0 0.5515625 0.47638888888888886 0.008333333333333333 0.019444444444444445
0 0.47291666666666665 0.575462962962963 0.009375 0.010185185185185186
0 0.6059895833333333 0.5111111111111111 0.005729166666666666 0.007407407407407408
0 0.7184895833333333 0.19768518518518519 0.0140625 0.017592592592592594
0 0.6716145833333333 0.8768518518518519 0.0067708333333333336 0.014814814814814815
0 0.6140625 0.7537037037037037 0.011458333333333333 0.018518518518518517
0 0.8604166666666667 0.7930555555555555 0.008333333333333333 0.021296296296296296
0 0.7466145833333333 0.9587962962962963 0.0109375 0.025
0 0.35052083333333334 0.36944444444444446 0.019791666666666666 0.020370370370370372
0 0.7424479166666667 0.21342592592592594 0.008854166666666666 0.01574074074074074
0 0.8541666666666666 0.9796296296296296 0.00625 0.011111111111111112
1 0.5 0.47008333333333335 1.0 0.9401666666666667
0 0.9473036458333334 0.8027800925925926 0.012315625 0.029634259259259263
0 0.97181328125 0.7697587962962963 0.010293229166666668 0.0395175925925926
0 0.6235434895833334 0.6104064814814815 0.010628645833333334 0.03192407407407408
0 0.91611328125 0.5630550925925927 0.006184895833333333 0.01870277777777778
0 0.8437661458333333 0.4300685185185185 0.004198958333333333 0.0064333333333333334
0 0.7603609375 0.09120694444444445 0.005096875 0.012043518518518518
0 0.19637942708333334 0.1717972222222222 0.011508854166666667 0.015816666666666666
0 0.16207057291666666 0.2551287037037037 0.0158078125 0.02507222222222222
0 0.22209244791666669 0.26600972222222224 0.022309895833333333 0.04313055555555556
0 0.17779453125 0.22632453703703703 0.007672395833333333 0.01931574074074074
0 0.20849973958333334 0.3355550925925926 0.005541145833333333 0.011850925925925926
0 0.37949375 0.31939861111111106 0.016279166666666667 0.029537962962962964
0 0.31555364583333334 0.2610490740740741 0.009232291666666666 0.01654259259259259
0 0.37369427083333334 0.26819814814814813 0.019263541666666665 0.016025925925925926
0 0.43453046875 0.4552953703703704 0.0096859375 0.02170185185185185
0 0.44712968750000004 0.5130148148148148 0.008842708333333334 0.01862222222222222
0 0.5323518229166667 0.4308675925925926 0.0094953125 0.009883333333333333
0 0.39567838541666667 0.4660518518518519 0.0059401041666666664 0.00802962962962963
0 0.2623140625 0.7526111111111111 0.014211458333333335 0.016333333333333335
0 0.35533515625 0.08900277777777778 0.0075453125 0.015042592592592592
0 0.4042192708333333 0.22349722222222224 0.011563541666666668 0.017364814814814816
0 0.16283098958333334 0.13133425925925926 0.007953645833333333 0.021927777777777775
0 0.6394013020833333 0.6617023148148148 0.020469270833333334 0.017849074074074076
0 0.24007760416666668 0.731749537037037 0.008280208333333334 0.01720277777777778
1 0.5 0.5401240740740741 1.0 0.9191370370370371
0 0.023214322916666665 0.42853703703703705 0.008928645833333334 0.031148148148148147
0 0.004934114583333333 0.47256203703703703 0.0088265625 0.03956851851851852
0 0.3636020833333333 0.4544856481481481 0.008454166666666667 0.03119351851851852
0 0.09110338541666667 0.6418763888888889 0.007206770833333333 0.01708611111111111
0 0.18042708333333335 0.7361152777777777 0.004604166666666667 0.007415740740740741
0 0.84366015625 0.6676462962962962 0.012320312500000001 0.014922222222222222
0 0.8628622395833333 0.5716819444444445 0.014266145833333332 0.028549074074074074
0 0.8034848958333334 0.5885625 0.016344791666666667 0.04934722222222222
0 0.8519377604166666 0.6050837962962963 0.005958854166666667 0.021278703703703706
0 0.8061963541666667 0.515387037037037 0.004059375 0.014107407407407409
0 0.6437481770833333 0.6146708333333334 0.015621354166666665 0.03119351851851852
0 0.7143091145833333 0.6387861111111112 0.0088265625 0.01646111111111111
0 0.6574143229166667 0.658687962962963 0.020036979166666666 0.013672222222222223
0 0.5707028645833333 0.5107115740740741 0.010155729166666665 0.02142314814814815
0 0.5485403645833333 0.4628148148148148 0.007497395833333333 0.020074074074074074
0 0.48002838541666665 0.5815125 0.009015104166666668 0.011173148148148149
0 0.60579140625 0.4819273148148148 0.005332812500000001 0.006447222222222222
0 0.6890734374999999 0.1408935185185185 0.013563541666666668 0.018824074074074073
0 0.7022614583333334 0.8252708333333334 0.006606249999999999 0.015356481481481483
0 0.6349067708333334 0.7190564814814815 0.011480208333333334 0.019594444444444442
0 0.8818377604166667 0.6890532407407407 0.009508854166666667 0.020699074074074075
0 0.783884375 0.8848013888888889 0.010477083333333333 0.027010185185185186
0 0.34049453125 0.4130861111111111 0.0184890625 0.024320370370370367
0 0.7145942708333333 0.15029351851851852 0.009396875 0.015401851851851852
0 0.8917822916666667 0.8745124999999999 0.005439583333333334 0.011987962962962962
1 0.49973958333333335 0.549537037037037 0.9994791666666667 0.899074074074074
0 0.03515625 0.2962962962962963 0.0109375 0.02962962962962963
0 0.013802083333333333 0.3347222222222222 0.008854166666666666 0.03981481481481482
0 0.37005208333333334 0.4166666666666667 0.008854166666666666 0.03148148148148148
0 0.08333333333333333 0.5273148148148148 0.00625 0.017592592592592594
0 0.16354166666666667 0.6439814814814815 0.004166666666666667 0.006481481481481481
0 0.26953125 0.962037037037037 0.0046875 0.011111111111111112
0 0.82421875 0.7601851851851852 0.011979166666666667 0.014814814814814815
0 0.85234375 0.6708333333333333 0.015104166666666667 0.026851851851851852
0 0.7921875 0.6722222222222223 0.019791666666666666 0.046296296296296294
0 0.83828125 0.7018518518518518 0.0067708333333333336 0.020370370370370372
0 0.80078125 0.6 0.0046875 0.012962962962962963
0 0.63203125 0.6532407407407408 0.016145833333333335 0.030555555555555555
0 0.69921875 0.6972222222222222 0.008854166666666666 0.016666666666666666
0 0.6411458333333333 0.7027777777777777 0.019791666666666666 0.012962962962962963
0 0.56875 0.5300925925925926 0.009375 0.021296296296296296
0 0.5515625 0.47638888888888886 0.008333333333333333 0.019444444444444445
0 0.47291666666666665 0.575462962962963 0.009375 0.010185185185185186
0 0.6059895833333333 0.5111111111111111 0.005729166666666666 0.007407407407407408
0 0.7184895833333333 0.19768518518518519 0.0140625 0.017592592592592594
0 0.6716145833333333 0.8768518518518519 0.0067708333333333336 0.014814814814814815
0 0.6140625 0.7537037037037037 0.011458333333333333 0.018518518518518517
0 0.8604166666666667 0.7930555555555555 0.008333333333333333 0.021296296296296296
0 0.7466145833333333 0.9587962962962963 0.0109375 0.025
0 0.35052083333333334 0.36944444444444446 0.019791666666666666 0.020370370370370372
0 0.7424479166666667 0.21342592592592594 0.008854166666666666 0.01574074074074074
0 0.8541666666666666 0.9796296296296296 0.00625 0.011111111111111112
1 0.5 0.47008333333333335 1.0 0.9401666666666667
0 0.9473036458333334 0.8027800925925926 0.012315625 0.029634259259259263
0 0.97181328125 0.7697587962962963 0.010293229166666668 0.0395175925925926
0 0.6235434895833334 0.6104064814814815 0.010628645833333334 0.03192407407407408
0 0.91611328125 0.5630550925925927 0.006184895833333333 0.01870277777777778
0 0.8437661458333333 0.4300685185185185 0.004198958333333333 0.0064333333333333334
0 0.7603609375 0.09120694444444445 0.005096875 0.012043518518518518
0 0.19637942708333334 0.1717972222222222 0.011508854166666667 0.015816666666666666
0 0.16207057291666666 0.2551287037037037 0.0158078125 0.02507222222222222
0 0.22209244791666669 0.26600972222222224 0.022309895833333333 0.04313055555555556
0 0.17779453125 0.22632453703703703 0.007672395833333333 0.01931574074074074
0 0.20849973958333334 0.3355550925925926 0.005541145833333333 0.011850925925925926
0 0.37949375 0.31939861111111106 0.016279166666666667 0.029537962962962964
0 0.31555364583333334 0.2610490740740741 0.009232291666666666 0.01654259259259259
0 0.37369427083333334 0.26819814814814813 0.019263541666666665 0.016025925925925926
0 0.43453046875 0.4552953703703704 0.0096859375 0.02170185185185185
0 0.44712968750000004 0.5130148148148148 0.008842708333333334 0.01862222222222222
0 0.5323518229166667 0.4308675925925926 0.0094953125 0.009883333333333333
0 0.39567838541666667 0.4660518518518519 0.0059401041666666664 0.00802962962962963
0 0.2623140625 0.7526111111111111 0.014211458333333335 0.016333333333333335
0 0.35533515625 0.08900277777777778 0.0075453125 0.015042592592592592
0 0.4042192708333333 0.22349722222222224 0.011563541666666668 0.017364814814814816
0 0.16283098958333334 0.13133425925925926 0.007953645833333333 0.021927777777777775
0 0.6394013020833333 0.6617023148148148 0.020469270833333334 0.017849074074074076
0 0.24007760416666668 0.731749537037037 0.008280208333333334 0.01720277777777778
1 0.5 0.5401240740740741 1.0 0.9191370370370371
0 0.023214322916666665 0.42853703703703705 0.008928645833333334 0.031148148148148147
0 0.004934114583333333 0.47256203703703703 0.0088265625 0.03956851851851852
0 0.3636020833333333 0.4544856481481481 0.008454166666666667 0.03119351851851852
0 0.09110338541666667 0.6418763888888889 0.007206770833333333 0.01708611111111111
0 0.18042708333333335 0.7361152777777777 0.004604166666666667 0.007415740740740741
0 0.84366015625 0.6676462962962962 0.012320312500000001 0.014922222222222222
0 0.8628622395833333 0.5716819444444445 0.014266145833333332 0.028549074074074074
0 0.8034848958333334 0.5885625 0.016344791666666667 0.04934722222222222
0 0.8519377604166666 0.6050837962962963 0.005958854166666667 0.021278703703703706
0 0.8061963541666667 0.515387037037037 0.004059375 0.014107407407407409
0 0.6437481770833333 0.6146708333333334 0.015621354166666665 0.03119351851851852
0 0.7143091145833333 0.6387861111111112 0.0088265625 0.01646111111111111
0 0.6574143229166667 0.658687962962963 0.020036979166666666 0.013672222222222223
0 0.5707028645833333 0.5107115740740741 0.010155729166666665 0.02142314814814815
0 0.5485403645833333 0.4628148148148148 0.007497395833333333 0.020074074074074074
0 0.48002838541666665 0.5815125 0.009015104166666668 0.011173148148148149
0 0.60579140625 0.4819273148148148 0.005332812500000001 0.006447222222222222
0 0.6890734374999999 0.1408935185185185 0.013563541666666668 0.018824074074074073
0 0.7022614583333334 0.8252708333333334 0.006606249999999999 0.015356481481481483
0 0.6349067708333334 0.7190564814814815 0.011480208333333334 0.019594444444444442
0 0.8818377604166667 0.6890532407407407 0.009508854166666667 0.020699074074074075
0 0.783884375 0.8848013888888889 0.010477083333333333 0.027010185185185186
0 0.34049453125 0.4130861111111111 0.0184890625 0.024320370370370367
0 0.7145942708333333 0.15029351851851852 0.009396875 0.015401851851851852
0 0.8917822916666667 0.8745124999999999 0.005439583333333334 0.011987962962962962
1 0.49973958333333335 0.549537037037037 0.9994791666666667 0.899074074074074
0 0.03515625 0.2962962962962963 0.0109375 0.02962962962962963
0 0.013802083333333333 0.3347222222222222 0.008854166666666666 0.03981481481481482
0 0.37005208333333334 0.4166666666666667 0.008854166666666666 0.03148148148148148
0 0.08333333333333333 0.5273148148148148 0.00625 0.017592592592592594
0 0.16354166666666667 0.6439814814814815 0.004166666666666667 0.006481481481481481
0 0.26953125 0.962037037037037 0.0046875 0.011111111111111112
0 0.82421875 0.7601851851851852 0.011979166666666667 0.014814814814814815
0 0.85234375 0.6708333333333333 0.015104166666666667 0.026851851851851852
0 0.7921875 0.6722222222222223 0.019791666666666666 0.046296296296296294
0 0.83828125 0.7018518518518518 0.0067708333333333336 0.020370370370370372
0 0.80078125 0.6 0.0046875 0.012962962962962963
0 0.63203125 0.6532407407407408 0.016145833333333335 0.030555555555555555
0 0.69921875 0.6972222222222222 0.008854166666666666 0.016666666666666666
0 0.6411458333333333 0.7027777777777777 0.019791666666666666 0.012962962962962963
0 0.56875 0.5300925925925926 0.009375 0.021296296296296296
0 0.5515625 0.47638888888888886 0.008333333333333333 0.019444444444444445
0 0.47291666666666665 0.575462962962963 0.009375 0.010185185185185186
0 0.6059895833333333 0.5111111111111111 0.005729166666666666 0.007407407407407408
0 0.7184895833333333 0.19768518518518519 0.0140625 0.017592592592592594
0 0.6716145833333333 0.8768518518518519 0.0067708333333333336 0.014814814814814815
0 0.6140625 0.7537037037037037 0.011458333333333333 0.018518518518518517
0 0.8604166666666667 0.7930555555555555 0.008333333333333333 0.021296296296296296
0 0.7466145833333333 0.9587962962962963 0.0109375 0.025
0 0.35052083333333334 0.36944444444444446 0.019791666666666666 0.020370370370370372
0 0.7424479166666667 0.21342592592592594 0.008854166666666666 0.01574074074074074
0 0.8541666666666666 0.9796296296296296 0.00625 0.011111111111111112
1 0.5 0.47008333333333335 1.0 0.9401666666666667
0 0.9473036458333334 0.8027800925925926 0.012315625 0.029634259259259263
0 0.97181328125 0.7697587962962963 0.010293229166666668 0.0395175925925926
0 0.6235434895833334 0.6104064814814815 0.010628645833333334 0.03192407407407408
0 0.91611328125 0.5630550925925927 0.006184895833333333 0.01870277777777778
0 0.8437661458333333 0.4300685185185185 0.004198958333333333 0.0064333333333333334
0 0.7603609375 0.09120694444444445 0.005096875 0.012043518518518518
0 0.19637942708333334 0.1717972222222222 0.011508854166666667 0.015816666666666666
0 0.16207057291666666 0.2551287037037037 0.0158078125 0.02507222222222222
0 0.22209244791666669 0.26600972222222224 0.022309895833333333 0.04313055555555556
0 0.17779453125 0.22632453703703703 0.007672395833333333 0.01931574074074074
0 0.20849973958333334 0.3355550925925926 0.005541145833333333 0.011850925925925926
0 0.37949375 0.31939861111111106 0.016279166666666667 0.029537962962962964
0 0.31555364583333334 0.2610490740740741 0.009232291666666666 0.01654259259259259
0 0.37369427083333334 0.26819814814814813 0.019263541666666665 0.016025925925925926
0 0.43453046875 0.4552953703703704 0.0096859375 0.02170185185185185
0 0.44712968750000004 0.5130148148148148 0.008842708333333334 0.01862222222222222
0 0.5323518229166667 0.4308675925925926 0.0094953125 0.009883333333333333
0 0.39567838541666667 0.4660518518518519 0.0059401041666666664 0.00802962962962963
0 0.2623140625 0.7526111111111111 0.014211458333333335 0.016333333333333335
0 0.35533515625 0.08900277777777778 0.0075453125 0.015042592592592592
0 0.4042192708333333 0.22349722222222224 0.011563541666666668 0.017364814814814816
0 0.16283098958333334 0.13133425925925926 0.007953645833333333 0.021927777777777775
0 0.6394013020833333 0.6617023148148148 0.020469270833333334 0.017849074074074076
0 0.24007760416666668 0.731749537037037 0.008280208333333334 0.01720277777777778
