1 0.5 0.5 1.0 1.0
0 0.16642473958333334 0.8046685185185185 0.028682812499999998 0.0648925925925926
0 0.16739921875 0.7713893518518519 0.010840104166666666 0.013149074074074075
0 0.21057421875000001 0.6765949074074074 0.009690104166666666 0.014300925925925927
0 0.12174739583333333 0.5913819444444445 0.019536458333333333 0.05128240740740741
0 0.35702786458333335 0.43738055555555555 0.010930729166666665 0.021057407407407407
0 0.35003255208333334 0.6392375 0.004231770833333333 0.05625277777777778
0 0.3309635416666667 0.9988050925925925 0.004635416666666667 0.0031657407407407407
0 0.15870859375000002 0.9358972222222223 0.0111671875 0.012535185185185186
0 0.38991432291666667 0.4524564814814815 0.006911979166666667 0.01232037037037037
0 0.3087078125 0.20358333333333334 0.013248958333333333 0.02383333333333333
0 0.04379270833333333 0.3022925925925926 0.009460416666666667 0.0194
0 0.6913838541666667 0.1388351851851852 0.014017708333333333 0.01655925925925926
0 0.7827666666666667 0.19347546296296295 0.012408333333333334 0.035099074074074074
0 0.7899583333333333 0.20827870370370372 0.012208333333333333 0.02026111111111111
0 0.8026171875 0.20854537037037035 0.01669270833333333 0.02820185185185185
0 0.9805278645833333 0.1524509259259259 0.025639062499999997 0.06416111111111111
0 0.9840757812500001 0.183175 0.019193229166666666 0.042275925925925925
1 0.49973958333333335 0.500462962962963 0.9994791666666667 0.9990740740740741
0 0.16067708333333333 0.2162037037037037 0.028645833333333332 0.06574074074074074
0 0.16223958333333333 0.2490740740740741 0.0109375 0.012962962962962963
0 0.20703125 0.34120370370370373 0.009895833333333333 0.013888888888888888
0 0.12005208333333334 0.43194444444444446 0.0203125 0.05092592592592592
0 0.35859375 0.5717592592592593 0.0109375 0.021296296296296296
0 0.34713541666666664 0.3699074074074074 0.0036458333333333334 0.05648148148148148
0 0.3216145833333333 0.008796296296296297 0.0067708333333333336 0.010185185185185186
0 0.15026041666666667 0.08611111111111111 0.0109375 0.012962962962962963
0 0.39088541666666665 0.5541666666666667 0.0067708333333333336 0.012037037037037037
0 0.31484375 0.8083333333333333 0.013020833333333334 0.024074074074074074
0 0.04791666666666667 0.725462962962963 0.009375 0.019444444444444445
0 0.6981770833333333 0.8490740740740741 0.0140625 0.016666666666666666
0 0.7888020833333333 0.7888888888888889 0.011979166666666667 0.03518518518518519
0 0.7955729166666666 0.7731481481481481 0.011979166666666667 0.020370370370370372
0 0.8083333333333333 0.7726851851851851 0.016666666666666666 0.028703703703703703
0 0.9869791666666666 0.8175925925925925 0.025 0.06481481481481481
0 0.9901041666666667 0.7870370370370371 0.01875 0.04259259259259259
1 0.5002604166666667 0.500462962962963 0.9994791666666667 0.9990740740740741
0 0.8393229166666667 0.2162037037037037 0.028645833333333332 0.06574074074074074
0 0.8377604166666667 0.2490740740740741 0.0109375 0.012962962962962963
0 0.79296875 0.34120370370370373 0.009895833333333333 0.013888888888888888
0 0.8799479166666667 0.43194444444444446 0.0203125 0.05092592592592592
0 0.64140625 0.5717592592592593 0.0109375 0.021296296296296296
0 0.6528645833333333 0.3699074074074074 0.0036458333333333334 0.05648148148148148
0 0.6783854166666666 0.008796296296296297 0.0067708333333333336 0.010185185185185186
0 0.8497395833333333 0.08611111111111111 0.0109375 0.012962962962962963
0 0.6091145833333333 0.5541666666666667 0.0067708333333333336 0.012037037037037037
0 0.68515625 0.8083333333333333 0.013020833333333334 0.024074074074074074
0 0.9520833333333333 0.725462962962963 0.009375 0.019444444444444445
0 0.30182291666666666 0.8490740740740741 0.0140625 0.016666666666666666
0 0.21119791666666668 0.7888888888888889 0.011979166666666667 0.03518518518518519
0 0.20442708333333334 0.7731481481481481 0.011979166666666667 0.020370370370370372
0 0.19166666666666668 0.7726851851851851 0.016666666666666666 0.028703703703703703
0 0.013020833333333334 0.8175925925925925 0.025 0.06481481481481481
0 0.009895833333333333 0.7870370370370371 0.01875 0.04259259259259259
1 0.5 0.5 1.0 1.0
0 0.16642473958333334 0.8046685185185185 0.028682812499999998 0.0648925925925926
0 0.16739921875 0.7713893518518519 0.010840104166666666 0.013149074074074075
0 0.21057421875000001 0.6765949074074074 0.009690104166666666 0.014300925925925927
0 0.12174739583333333 0.5913819444444445 0.019536458333333333 0.05128240740740741
0 0.35702786458333335 0.43738055555555555 0.010930729166666665 0.021057407407407407
0 0.35003255208333334 0.6392375 0.004231770833333333 0.05625277777777778
0 0.3309635416666667 0.9988050925925925 0.004635416666666667 0.0031657407407407407
0 0.15870859375000002 0.9358972222222223 0.0111671875 0.012535185185185186
0 0.38991432291666667 0.4524564814814815 0.006911979166666667 0.01232037037037037
0 0.3087078125 0.20358333333333334 0.013248958333333333 0.02383333333333333
0 0.04379270833333333 0.3022925925925926 0.009460416666666667 0.0194
0 0.6913838541666667 0.1388351851851852 0.014017708333333333 0.01655925925925926
0 0.7827666666666667 0.19347546296296295 0.012408333333333334 0.035099074074074074
0 0.7899583333333333 0.20827870370370372 0.012208333333333333 0.02026111111111111
0 0.8026171875 0.20854537037037035 0.01669270833333333 0.02820185185185185
0 0.9805278645833333 0.1524509259259259 0.025639062499999997 0.06416111111111111
0 0.9840757812500001 0.183175 0.019193229166666666 0.042275925925925925
1 0.49973958333333335 0.500462962962963 0.9994791666666667 0.9990740740740741
0 0.16067708333333333 0.2162037037037037 0.028645833333333332 0.06574074074074074
0 0.16223958333333333 0.2490740740740741 0.0109375 0.012962962962962963
0 0.20703125 0.34120370370370373 0.009895833333333333 0.013888888888888888
0 0.12005208333333334 0.43194444444444446 0.0203125 0.05092592592592592
0 0.35859375 0.5717592592592593 0.0109375 0.021296296296296296
0 0.34713541666666664 0.3699074074074074 0.0036458333333333334 0.05648148148148148
0 0.3216145833333333 0.008796296296296297 0.0067708333333333336 0.010185185185185186
0 0.15026041666666667 0.08611111111111111 0.0109375 0.012962962962962963
0 0.39088541666666665 0.5541666666666667 0.0067708333333333336 0.012037037037037037
0 0.31484375 0.8083333333333333 0.013020833333333334 0.024074074074074074
0 0.04791666666666667 0.725462962962963 0.009375 0.019444444444444445
0 0.6981770833333333 0.8490740740740741 0.0140625 0.016666666666666666
0 0.7888020833333333 0.7888888888888889 0.011979166666666667 0.03518518518518519
0 0.7955729166666666 0.7731481481481481 0.011979166666666667 0.020370370370370372
0 0.8083333333333333 0.7726851851851851 0.016666666666666666 0.028703703703703703
0 0.9869791666666666 0.8175925925925925 0.025 0.06481481481481481
0 0.9901041666666667 0.7870370370370371 0.01875 0.04259259259259259
1 0.5002604166666667 0.500462962962963 0.9994791666666667 0.9990740740740741
0 0.8393229166666667 0.2162037037037037 0.028645833333333332 0.06574074074074074
0 0.8377604166666667 0.2490740740740741 0.0109375 0.012962962962962963
0 0.79296875 0.34120370370370373 0.009895833333333333 0.013888888888888888
0 0.8799479166666667 0.43194444444444446 0.0203125 0.05092592592592592
0 0.64140625 0.5717592592592593 0.0109375 0.021296296296296296
0 0.6528645833333333 0.3699074074074074 0.0036458333333333334 0.05648148148148148
0 0.6783854166666666 0.008796296296296297 0.0067708333333333336 0.010185185185185186
0 0.8497395833333333 0.08611111111111111 0.0109375 0.012962962962962963
0 0.6091145833333333 0.5541666666666667 0.0067708333333333336 0.012037037037037037
0 0.68515625 0.8083333333333333 0.013020833333333334 0.024074074074074074
0 0.9520833333333333 0.725462962962963 0.009375 0.019444444444444445
0 0.30182291666666666 0.8490740740740741 0.0140625 0.016666666666666666
0 0.21119791666666668 0.7888888888888889 0.011979166666666667 0.03518518518518519
0 0.20442708333333334 0.7731481481481481 0.011979166666666667 0.020370370370370372
0 0.19166666666666668 0.7726851851851851 0.016666666666666666 0.028703703703703703
0 0.013020833333333334 0.8175925925925925 0.025 0.06481481481481481
0 0.009895833333333333 0.7870370370370371 0.01875 0.04259259259259259
1 0.5 0.5 1.0 1.0
0 0.16642473958333334 0.8046685185185185 0.028682812499999998 0.0648925925925926
0 0.16739921875 0.7713893518518519 0.010840104166666666 0.013149074074074075
0 0.21057421875000001 0.6765949074074074 0.009690104166666666 0.014300925925925927
0 0.12174739583333333 0.5913819444444445 0.019536458333333333 0.05128240740740741
0 0.35702786458333335 0.43738055555555555 0.010930729166666665 0.021057407407407407
0 0.35003255208333334 0.6392375 0.004231770833333333 0.05625277777777778
0 0.3309635416666667 0.9988050925925925 0.004635416666666667 0.0031657407407407407
0 0.15870859375000002 0.9358972222222223 0.0111671875 0.012535185185185186
0 0.38991432291666667 0.4524564814814815 0.006911979166666667 0.01232037037037037
0 0.3087078125 0.20358333333333334 0.013248958333333333 0.02383333333333333
0 0.04379270833333333 0.3022925925925926 0.009460416666666667 0.0194
0 0.6913838541666667 0.1388351851851852 0.014017708333333333 0.01655925925925926
0 0.7827666666666667 0.19347546296296295 0.012408333333333334 0.035099074074074074
0 0.7899583333333333 0.20827870370370372 0.012208333333333333 0.02026111111111111
0 0.8026171875 0.20854537037037035 0.01669270833333333 0.02820185185185185
0 0.9805278645833333 0.1524509259259259 0.025639062499999997 0.06416111111111111
0 0.9840757812500001 0.183175 0.019193229166666666 0.042275925925925925
1 0.49973958333333335 0.500462962962963 0.9994791666666667 0.9990740740740741
0 0.16067708333333333 0.2162037037037037 0.028645833333333332 0.06574074074074074
0 0.16223958333333333 0.2490740740740741 0.0109375 0.012962962962962963
0 0.20703125 0.34120370370370373 0.009895833333333333 0.013888888888888888
0 0.12005208333333334 0.43194444444444446 0.0203125 0.05092592592592592
0 0.35859375 0.5717592592592593 0.0109375 0.021296296296296296
0 0.34713541666666664 0.3699074074074074 0.0036458333333333334 0.05648148148148148
0 0.3216145833333333 0.008796296296296297 0.0067708333333333336 0.010185185185185186
0 0.15026041666666667 0.08611111111111111 0.0109375 0.012962962962962963
0 0.39088541666666665 0.5541666666666667 0.0067708333333333336 0.012037037037037037
0 0.31484375 0.8083333333333333 0.013020833333333334 0.024074074074074074
0 0.04791666666666667 0.725462962962963 0.009375 0.019444444444444445
0 0.6981770833333333 0.8490740740740741 0.0140625 0.016666666666666666
0 0.7888020833333333 0.7888888888888889 0.011979166666666667 0.03518518518518519
0 0.7955729166666666 0.7731481481481481 0.011979166666666667 0.020370370370370372
0 0.8083333333333333 0.7726851851851851 0.016666666666666666 0.028703703703703703
0 0.9869791666666666 0.8175925925925925 0.025 0.06481481481481481
0 0.9901041666666667 0.7870370370370371 0.01875 0.04259259259259259
1 0.5002604166666667 0.500462962962963 0.9994791666666667 0.9990740740740741
0 0.8393229166666667 0.2162037037037037 0.028645833333333332 0.06574074074074074
0 0.8377604166666667 0.2490740740740741 0.0109375 0.012962962962962963
0 0.79296875 0.34120370370370373 0.009895833333333333 0.013888888888888888
0 0.8799479166666667 0.43194444444444446 0.0203125 0.05092592592592592
0 0.64140625 0.5717592592592593 0.0109375 0.021296296296296296
0 0.6528645833333333 0.3699074074074074 0.0036458333333333334 0.05648148148148148
0 0.6783854166666666 0.008796296296296297 0.0067708333333333336 0.010185185185185186
0 0.8497395833333333 0.08611111111111111 0.0109375 0.012962962962962963
0 0.6091145833333333 0.5541666666666667 0.0067708333333333336 0.012037037037037037
0 0.68515625 0.8083333333333333 0.013020833333333334 0.024074074074074074
0 0.9520833333333333 0.725462962962963 0.009375 0.019444444444444445
0 0.30182291666666666 0.8490740740740741 0.0140625 0.016666666666666666
0 0.21119791666666668 0.7888888888888889 0.011979166666666667 0.03518518518518519
0 0.20442708333333334 0.7731481481481481 0.011979166666666667 0.020370370370370372
0 0.19166666666666668 0.7726851851851851 0.016666666666666666 0.028703703703703703
0 0.013020833333333334 0.8175925925925925 0.025 0.06481481481481481
0 0.009895833333333333 0.7870370370370371 0.01875 0.04259259259259259
