1 0.49973958333333335 0.5486111111111112 0.9994791666666667 0.9009259259259259
0 0.21666666666666667 0.8166666666666667 0.026041666666666668 0.05925925925925926
0 0.84140625 0.2851851851851852 0.016145833333333335 0.03888888888888889
0 0.8731770833333333 0.32731481481481484 0.018229166666666668 0.04351851851851852
0 0.8677083333333333 0.8134259259259259 0.026041666666666668 0.08796296296296297
0 0.29713541666666665 0.8851851851851852 0.033854166666666664 0.04259259259259259
0 0.79609375 0.9462962962962963 0.028645833333333332 0.08888888888888889
0 0.94375 0.37916666666666665 0.0125 0.03981481481481482
0 0.17708333333333334 0.5995370370370371 0.010416666666666666 0.041666666666666664
1 0.5 0.4559652777777778 1.0 0.9119305555555556
0 0.20727369791666667 0.20994537037037037 0.026005729166666665 0.06063148148148148
0 0.8472333333333334 0.6824777777777778 0.016341666666666668 0.03902962962962963
0 0.8776611979166666 0.6380032407407408 0.017822395833333334 0.044525
0 0.85776640625 0.1520365740740741 0.025949479166666668 0.08740648148148149
0 0.28553125 0.1336675925925926 0.0335625 0.04326111111111111
0 0.78227421875 0.035465740740740735 0.029131770833333334 0.07093148148148147
0 0.9469890625 0.5793574074074074 0.012728125 0.04019629629629629
0 0.17499296874999998 0.43020925925925924 0.010402604166666666 0.0419
1 0.5 0.5466310185185185 1.0 0.906225
0 0.2104088541666667 0.7995407407407408 0.026026041666666666 0.06019259259259259
0 0.8451197916666667 0.30653425925925926 0.01628125 0.03899444444444444
0 0.8761692708333333 0.3508050925925926 0.01796354166666667 0.04420277777777778
0 0.86134453125 0.8364018518518518 0.025814062500000002 0.08761851851851851
0 0.28923072916666664 0.8733773148148147 0.033669791666666664 0.04305092592592592
0 0.78705859375 0.9603087962962962 0.029325520833333334 0.07987685185185185
0 0.9459111979166667 0.40707777777777776 0.012655729166666666 0.04008148148148148
0 0.17551770833333336 0.579250925925926 0.010410416666666667 0.04183518518518519
1 0.49973958333333335 0.5486111111111112 0.9994791666666667 0.9009259259259259
0 0.21666666666666667 0.8166666666666667 0.026041666666666668 0.05925925925925926
0 0.84140625 0.2851851851851852 0.016145833333333335 0.03888888888888889
0 0.8731770833333333 0.32731481481481484 0.018229166666666668 0.04351851851851852
0 0.8677083333333333 0.8134259259259259 0.026041666666666668 0.08796296296296297
0 0.29713541666666665 0.8851851851851852 0.033854166666666664 0.04259259259259259
0 0.79609375 0.9462962962962963 0.028645833333333332 0.08888888888888889
0 0.94375 0.37916666666666665 0.0125 0.03981481481481482
0 0.17708333333333334 0.5995370370370371 0.010416666666666666 0.041666666666666664
1 0.5 0.4559652777777778 1.0 0.9119305555555556
0 0.20727369791666667 0.20994537037037037 0.026005729166666665 0.06063148148148148
0 0.8472333333333334 0.6824777777777778 0.016341666666666668 0.03902962962962963
0 0.8776611979166666 0.6380032407407408 0.017822395833333334 0.044525
0 0.85776640625 0.1520365740740741 0.025949479166666668 0.08740648148148149
0 0.28553125 0.1336675925925926 0.0335625 0.04326111111111111
0 0.78227421875 0.035465740740740735 0.029131770833333334 0.07093148148148147
0 0.9469890625 0.5793574074074074 0.012728125 0.04019629629629629
0 0.17499296874999998 0.43020925925925924 0.010402604166666666 0.0419
1 0.5 0.5466310185185185 1.0 0.906225
0 0.2104088541666667 0.7995407407407408 0.026026041666666666 0.06019259259259259
0 0.8451197916666667 0.30653425925925926 0.01628125 0.03899444444444444
0 0.8761692708333333 0.3508050925925926 0.01796354166666667 0.04420277777777778
0 0.86134453125 0.8364018518518518 0.025814062500000002 0.08761851851851851
0 0.28923072916666664 0.8733773148148147 0.033669791666666664 0.04305092592592592
0 0.78705859375 0.9603087962962962 0.029325520833333334 0.07987685185185185
0 0.9459111979166667 0.40707777777777776 0.012655729166666666 0.04008148148148148
0 0.17551770833333336 0.579250925925926 0.010410416666666667 0.04183518518518519
