1 0.5 0.5288328703703704 1.0 0.9428509259259259
0 0.89135 0.7677027777777778 0.023325 0.04096111111111111
0 0.16457135416666666 0.25037638888888886 0.021851041666666668 0.07853055555555556
0 0.4650486979166667 0.8074203703703704 0.013430729166666665 0.042618518518518514
0 0.35756848958333337 0.3002912037037037 0.0234703125 0.026508333333333335
0 0.7680260416666667 0.3330449074074074 0.02355208333333333 0.04016388888888889
0 0.95756328125 0.5420106481481481 0.0151265625 0.07846574074074074
0 0.4515606770833333 0.32780046296296295 0.02499635416666667 0.02041574074074074
0 0.5830723958333334 0.29680694444444444 0.005728125 0.010280555555555555
0 0.7921591145833333 0.6528736111111112 0.013484895833333333 0.01315462962962963
0 0.8599135416666667 0.6375634259259259 0.007327083333333333 0.015867592592592593
0 0.8442921875 0.5796444444444444 0.018792708333333335 0.014844444444444445
0 0.0416796875 0.8726837962962963 0.009401041666666667 0.015737962962962964
0 0.08051692708333333 0.9943449074074073 0.0068671875 0.010912037037037038
1 0.49973958333333335 0.5296296296296297 0.9994791666666667 0.9388888888888889
0 0.11119791666666666 0.7796296296296297 0.0234375 0.040740740740740744
0 0.8330729166666667 0.24027777777777778 0.021354166666666667 0.0787037037037037
0 0.5380208333333333 0.8064814814814815 0.013541666666666667 0.04259259259259259
0 0.6403645833333333 0.29583333333333334 0.0234375 0.026851851851851852
0 0.23046875 0.34120370370370373 0.0234375 0.03981481481481482
0 0.042708333333333334 0.5560185185185185 0.014583333333333334 0.0787037037037037
0 0.546875 0.32592592592592595 0.025 0.020370370370370372
0 0.41484375 0.29953703703703705 0.005729166666666666 0.010185185185185186
0 0.209375 0.6620370370370371 0.013541666666666667 0.012962962962962963
0 0.14166666666666666 0.6486111111111111 0.007291666666666667 0.01574074074074074
0 0.15625 0.5898148148148148 0.01875 0.014814814814814815
0 0.9619791666666667 0.8587962962962963 0.009375 0.01574074074074074
0 0.9223958333333333 0.9875 0.010416666666666666 0.023148148148148147
1 0.5 0.48592407407407406 1.0 0.9718481481481481
0 0.90098515625 0.2819689814814815 0.022803645833333334 0.04171574074074074
0 0.15563489583333334 0.7082430555555556 0.023769791666666665 0.07759722222222223
0 0.47702500000000003 0.18888842592592595 0.013425 0.04259166666666667
0 0.3497856770833333 0.6819717592592592 0.0235296875 0.02505462962962963
0 0.7604067708333333 0.700349074074074 0.023938541666666667 0.041438888888888886
0 0.95862578125 0.5154888888888889 0.017251562499999998 0.07727407407407408
0 0.44474401041666667 0.6658231481481482 0.0249046875 0.020535185185185188
0 0.5752494791666667 0.7127226851851852 0.005707291666666667 0.010630555555555556
0 0.7977546875 0.3837930555555556 0.013217708333333333 0.013882407407407408
0 0.8641393229166667 0.40723750000000003 0.0074453125 0.01632685185185185
0 0.84643203125 0.46348240740740737 0.018905729166666666 0.015853703703703703
0 0.057341927083333334 0.07080324074074074 0.009475520833333334 0.015680555555555555
1 0.5 0.5288328703703704 1.0 0.9428509259259259
0 0.89135 0.7677027777777778 0.023325 0.04096111111111111
0 0.16457135416666666 0.25037638888888886 0.021851041666666668 0.07853055555555556
0 0.4650486979166667 0.8074203703703704 0.013430729166666665 0.042618518518518514
0 0.35756848958333337 0.3002912037037037 0.0234703125 0.026508333333333335
0 0.7680260416666667 0.3330449074074074 0.02355208333333333 0.04016388888888889
0 0.95756328125 0.5420106481481481 0.0151265625 0.07846574074074074
0 0.4515606770833333 0.32780046296296295 0.02499635416666667 0.02041574074074074
0 0.5830723958333334 0.29680694444444444 0.005728125 0.010280555555555555
0 0.7921591145833333 0.6528736111111112 0.013484895833333333 0.01315462962962963
0 0.8599135416666667 0.6375634259259259 0.007327083333333333 0.015867592592592593
0 0.8442921875 0.5796444444444444 0.018792708333333335 0.014844444444444445
0 0.0416796875 0.8726837962962963 0.009401041666666667 0.015737962962962964
0 0.08051692708333333 0.9943449074074073 0.0068671875 0.010912037037037038
1 0.49973958333333335 0.5296296296296297 0.9994791666666667 0.9388888888888889
0 0.11119791666666666 0.7796296296296297 0.0234375 0.040740740740740744
0 0.8330729166666667 0.24027777777777778 0.021354166666666667 0.0787037037037037
0 0.5380208333333333 0.8064814814814815 0.013541666666666667 0.04259259259259259
0 0.6403645833333333 0.29583333333333334 0.0234375 0.026851851851851852
0 0.23046875 0.34120370370370373 0.0234375 0.03981481481481482
0 0.042708333333333334 0.5560185185185185 0.014583333333333334 0.0787037037037037
0 0.546875 0.32592592592592595 0.025 0.020370370370370372
0 0.41484375 0.29953703703703705 0.005729166666666666 0.010185185185185186
0 0.209375 0.6620370370370371 0.013541666666666667 0.012962962962962963
0 0.14166666666666666 0.6486111111111111 0.007291666666666667 0.01574074074074074
0 0.15625 0.5898148148148148 0.01875 0.014814814814814815
0 0.9619791666666667 0.8587962962962963 0.009375 0.01574074074074074
0 0.9223958333333333 0.9875 0.010416666666666666 0.023148148148148147
1 0.5 0.48592407407407406 1.0 0.9718481481481481
0 0.90098515625 0.2819689814814815 0.022803645833333334 0.04171574074074074
0 0.15563489583333334 0.7082430555555556 0.023769791666666665 0.07759722222222223
0 0.47702500000000003 0.18888842592592595 0.013425 0.04259166666666667
0 0.3497856770833333 0.6819717592592592 0.0235296875 0.02505462962962963
0 0.7604067708333333 0.700349074074074 0.023938541666666667 0.041438888888888886
0 0.95862578125 0.5154888888888889 0.017251562499999998 0.07727407407407408
0 0.44474401041666667 0.6658231481481482 0.0249046875 0.020535185185185188
0 0.5752494791666667 0.7127226851851852 0.005707291666666667 0.010630555555555556
0 0.7977546875 0.3837930555555556 0.013217708333333333 0.013882407407407408
0 0.8641393229166667 0.40723750000000003 0.0074453125 0.01632685185185185
0 0.84643203125 0.46348240740740737 0.018905729166666666 0.015853703703703703
0 0.057341927083333334 0.07080324074074074 0.009475520833333334 0.015680555555555555
