1 0.49973958333333335 0.5462962962962963 0.9994791666666667 0.9055555555555556
0 0.6986979166666667 0.4837962962962963 0.025520833333333333 0.062037037037037036
0 0.6731770833333334 0.33425925925925926 0.013020833333333334 0.025925925925925925
0 0.83359375 0.31203703703703706 0.0078125 0.014814814814814815
0 0.8908854166666667 0.3638888888888889 0.0109375 0.018518518518518517
0 0.16848958333333333 0.5615740740740741 0.009895833333333333 0.030555555555555555
0 0.02734375 0.7342592592592593 0.013020833333333334 0.025925925925925925
0 0.04791666666666667 0.3625 0.009375 0.025
0 0.04791666666666667 0.425462962962963 0.010416666666666666 0.017592592592592594
0 0.5190104166666667 0.4222222222222222 0.011979166666666667 0.025925925925925925
0 0.5822916666666667 0.40046296296296297 0.014583333333333334 0.05277777777777778
0 0.54296875 0.29907407407407405 0.0109375 0.018518518518518517
0 0.51796875 0.3384259259259259 0.008854166666666666 0.032407407407407406
1 0.5 0.519724537037037 1.0 0.9598194444444444
0 0.6985393229166666 0.5270754629629629 0.025203645833333333 0.06155833333333334
0 0.6827846354166667 0.37265648148148145 0.0134859375 0.024942592592592593
0 0.8443752604166667 0.38588657407407406 0.007500520833333333 0.014365740740740741
0 0.8976153645833332 0.4500208333333333 0.010855729166666666 0.020412037037037038
0 0.1668453125 0.4891814814814815 0.010773958333333333 0.030214814814814812
0 0.014808333333333335 0.6298481481481482 0.011908333333333333 0.028214814814814818
0 0.06055911458333333 0.26627962962962964 0.010701562500000001 0.025151851851851852
0 0.05597994791666667 0.32815185185185186 0.0098765625 0.019266666666666668
0 0.5241236979166667 0.4266111111111111 0.010747395833333334 0.027296296296296298
0 0.5887078124999999 0.4197356481481482 0.011790625 0.05428611111111111
0 0.5565013020833334 0.3098902777777778 0.010919270833333333 0.017928703703703704
0 0.5289815104166666 0.34383749999999996 0.007963020833333332 0.0339712962962963
1 0.5 0.4910259259259259 1.0 0.9820518518518518
0 0.3021052083333334 0.46038842592592594 0.02504375 0.06151759259259259
0 0.31467812500000003 0.616 0.01373125 0.024592592592592593
0 0.15369531250000001 0.5922842592592593 0.007390625 0.014198148148148147
0 0.10123463541666666 0.5252638888888889 0.010802604166666667 0.02089814814814815
0 0.8325815104166666 0.5308800925925926 0.010996354166666666 0.030278703703703704
0 0.98754921875 0.40050787037037033 0.011556770833333334 0.02879351851851852
0 0.9346927083333333 0.7607115740740741 0.011052083333333332 0.02512685185185185
0 0.9404130208333333 0.6987356481481481 0.009992708333333333 0.019693518518518516
0 0.4744533854166667 0.5722726851851851 0.010365104166666667 0.027878703703703704
0 0.40979505208333333 0.5755652777777778 0.011256770833333334 0.054834259259259256
0 0.4398171875 0.6866333333333333 0.010884375 0.01771111111111111
0 0.46790546875 0.6542 0.0076859375 0.034325925925925926
1 0.49973958333333335 0.5462962962962963 0.9994791666666667 0.9055555555555556
0 0.6986979166666667 0.4837962962962963 0.025520833333333333 0.062037037037037036
0 0.6731770833333334 0.33425925925925926 0.013020833333333334 0.025925925925925925
0 0.83359375 0.31203703703703706 0.0078125 0.014814814814814815
0 0.8908854166666667 0.3638888888888889 0.0109375 0.018518518518518517
0 0.16848958333333333 0.5615740740740741 0.009895833333333333 0.030555555555555555
0 0.02734375 0.7342592592592593 0.013020833333333334 0.025925925925925925
0 0.04791666666666667 0.3625 0.009375 0.025
0 0.04791666666666667 0.425462962962963 0.010416666666666666 0.017592592592592594
0 0.5190104166666667 0.4222222222222222 0.011979166666666667 0.025925925925925925
0 0.5822916666666667 0.40046296296296297 0.014583333333333334 0.05277777777777778
0 0.54296875 0.29907407407407405 0.0109375 0.018518518518518517
0 0.51796875 0.3384259259259259 0.008854166666666666 0.032407407407407406
1 0.5 0.519724537037037 1.0 0.9598194444444444
0 0.6985393229166666 0.5270754629629629 0.025203645833333333 0.06155833333333334
0 0.6827846354166667 0.37265648148148145 0.0134859375 0.024942592592592593
0 0.8443752604166667 0.38588657407407406 0.007500520833333333 0.014365740740740741
0 0.8976153645833332 0.4500208333333333 0.010855729166666666 0.020412037037037038
0 0.1668453125 0.4891814814814815 0.010773958333333333 0.030214814814814812
0 0.014808333333333335 0.6298481481481482 0.011908333333333333 0.028214814814814818
0 0.06055911458333333 0.26627962962962964 0.010701562500000001 0.025151851851851852
0 0.05597994791666667 0.32815185185185186 0.0098765625 0.019266666666666668
0 0.5241236979166667 0.4266111111111111 0.010747395833333334 0.027296296296296298
0 0.5887078124999999 0.4197356481481482 0.011790625 0.05428611111111111
0 0.5565013020833334 0.3098902777777778 0.010919270833333333 0.017928703703703704
0 0.5289815104166666 0.34383749999999996 0.007963020833333332 0.0339712962962963
1 0.5 0.4910259259259259 1.0 0.9820518518518518
0 0.3021052083333334 0.46038842592592594 0.02504375 0.06151759259259259
0 0.31467812500000003 0.616 0.01373125 0.024592592592592593
0 0.15369531250000001 0.5922842592592593 0.007390625 0.014198148148148147
0 0.10123463541666666 0.5252638888888889 0.010802604166666667 0.02089814814814815
0 0.8325815104166666 0.5308800925925926 0.010996354166666666 0.030278703703703704
0 0.98754921875 0.40050787037037033 0.011556770833333334 0.02879351851851852
0 0.9346927083333333 0.7607115740740741 0.011052083333333332 0.02512685185185185
0 0.9404130208333333 0.6987356481481481 0.009992708333333333 0.019693518518518516
0 0.4744533854166667 0.5722726851851851 0.010365104166666667 0.027878703703703704
0 0.40979505208333333 0.5755652777777778 0.011256770833333334 0.054834259259259256
0 0.4398171875 0.6866333333333333 0.010884375 0.01771111111111111
0 0.46790546875 0.6542 0.0076859375 0.034325925925925926
