1 0.5 0.4777736111111111 1.0 0.9555472222222222
0 0.6323755208333334 0.7522972222222222 0.015792708333333332 0.030520370370370375
0 0.3925466145833333 0.5768421296296297 0.0215515625 0.044425
0 0.8679351562500001 0.3892273148148148 0.005661979166666667 0.013639814814814815
0 0.09252031250000001 0.5804412037037037 0.013165624999999999 0.07199351851851851
0 0.01090078125 0.32184537037037036 0.0124265625 0.030727777777777777
0 0.9756333333333332 0.14020046296296296 0.007516666666666667 0.01928981481481481
1 0.49973958333333335 0.5333333333333333 0.9994791666666667 0.9314814814814815
0 0.3807291666666667 0.22824074074074074 0.015625 0.030555555555555555
0 0.6106770833333334 0.44074074074074077 0.0203125 0.046296296296296294
0 0.12838541666666667 0.5537037037037037 0.005729166666666666 0.012962962962962963
0 0.9104166666666667 0.4837962962962963 0.0125 0.0712962962962963
0 0.97890625 0.7537037037037037 0.013020833333333334 0.02962962962962963
0 0.00859375 0.7847222222222222 0.0067708333333333336 0.019444444444444445
1 0.5 0.4892976851851852 1.0 0.9785953703703704
0 0.6391677083333334 0.7401935185185186 0.015835416666666668 0.030387037037037035
0 0.3949625 0.5858305555555555 0.022216666666666666 0.04388333333333333
0 0.8642588541666666 0.3551462962962963 0.0056010416666666665 0.013996296296296297
0 0.09576927083333334 0.6184819444444445 0.014455208333333334 0.07214907407407407
0 0.006012239583333333 0.36748888888888886 0.012024479166666666 0.03127407407407408
0 0.96438515625 0.0966 0.007936979166666667 0.019125925925925925
1 0.5 0.4777736111111111 1.0 0.9555472222222222
0 0.6323755208333334 0.7522972222222222 0.015792708333333332 0.030520370370370375
0 0.3925466145833333 0.5768421296296297 0.0215515625 0.044425
0 0.8679351562500001 0.3892273148148148 0.005661979166666667 0.013639814814814815
0 0.09252031250000001 0.5804412037037037 0.013165624999999999 0.07199351851851851
0 0.01090078125 0.32184537037037036 0.0124265625 0.030727777777777777
0 0.9756333333333332 0.14020046296296296 0.007516666666666667 0.01928981481481481
1 0.49973958333333335 0.5333333333333333 0.9994791666666667 0.9314814814814815
0 0.3807291666666667 0.22824074074074074 0.015625 0.030555555555555555
0 0.6106770833333334 0.44074074074074077 0.0203125 0.046296296296296294
0 0.12838541666666667 0.5537037037037037 0.005729166666666666 0.012962962962962963
0 0.9104166666666667 0.4837962962962963 0.0125 0.0712962962962963
0 0.97890625 0.7537037037037037 0.013020833333333334 0.02962962962962963
0 0.00859375 0.7847222222222222 0.0067708333333333336 0.019444444444444445
1 0.5 0.4892976851851852 1.0 0.9785953703703704
0 0.6391677083333334 0.7401935185185186 0.015835416666666668 0.030387037037037035
0 0.3949625 0.5858305555555555 0.022216666666666666 0.04388333333333333
0 0.8642588541666666 0.3551462962962963 0.0056010416666666665 0.013996296296296297
0 0.09576927083333334 0.6184819444444445 0.014455208333333334 0.07214907407407407
0 0.006012239583333333 0.36748888888888886 0.012024479166666666 0.03127407407407408
0 0.96438515625 0.0966 0.007936979166666667 0.019125925925925925
