1 0.5 0.520887037037037 1.0 0.9584407407407407
0 0.21532708333333334 0.6031574074074074 0.016070833333333333 0.03038888888888889
0 0.29324531249999997 0.7966194444444444 0.028157291666666664 0.03397962962962963
0 0.14737265624999998 0.7986907407407408 0.0072453125 0.0159
0 0.13648046875 0.7458476851851852 0.009419270833333333 0.025028703703703702
0 0.1049609375 0.6069902777777777 0.007838541666666667 0.03620277777777777
0 0.3296364583333334 0.6464152777777779 0.013439583333333333 0.031719444444444446
0 0.6551252604166666 0.6244902777777778 0.016500520833333334 0.03231388888888889
0 0.8656424479166667 0.9833078703703705 0.009409895833333333 0.018467592592592594
0 0.7902575520833334 0.527837962962963 0.014890104166666666 0.05752777777777778
0 0.6692960937500001 0.3861569444444445 0.025050520833333333 0.03527685185185185
0 0.6836111979166667 0.43704166666666666 0.009930729166666668 0.048157407407407406
0 0.491734375 0.32546157407407406 0.007427083333333333 0.017589814814814815
0 0.7523705729166666 0.3657472222222222 0.006824479166666666 0.020383333333333333
0 0.78403671875 0.3736337962962963 0.007656770833333334 0.021341666666666665
0 0.5478479166666667 0.10742962962962962 0.008195833333333334 0.02411851851851852
0 0.45072552083333334 0.3816574074074074 0.016034375 0.02627777777777778
0 0.623796875 0.8721796296296296 0.015302083333333332 0.0313962962962963
1 0.5 0.4709462962962963 1.0 0.9418925925925926
0 0.7682078125 0.3028865740740741 0.016623958333333334 0.031699074074074074
0 0.6712309895833334 0.13796064814814815 0.027878645833333333 0.03888425925925926
0 0.8135533854166667 0.08746064814814815 0.008356770833333334 0.015662037037037037
0 0.8309291666666667 0.1356189814814815 0.009775 0.024941666666666668
0 0.8766864583333334 0.2613800925925926 0.009622916666666667 0.03572314814814815
0 0.6514510416666667 0.2975875 0.014360416666666665 0.030360185185185188
0 0.3345416666666667 0.4298046296296297 0.018041666666666668 0.033683333333333336
0 0.08948177083333334 0.14965694444444444 0.009171875 0.01968425925925926
0 0.21097734375000002 0.5712083333333333 0.014663020833333333 0.05723148148148148
0 0.345484375 0.6701032407407408 0.025343749999999998 0.034650925925925925
0 0.32654973958333333 0.6235861111111111 0.0114328125 0.049024074074074074
0 0.5266645833333333 0.6695712962962962 0.0085375 0.01877222222222222
0 0.2672 0.7162291666666667 0.006275 0.021347222222222222
0 0.23482395833333333 0.7207782407407408 0.00923125 0.02118611111111111
0 0.4943799479166667 0.9018296296296296 0.009593229166666667 0.02402962962962963
0 0.5609833333333333 0.5989601851851851 0.0178 0.021994444444444445
0 0.33862031249999996 0.17749722222222222 0.013698958333333334 0.03277222222222222
1 0.49973958333333335 0.5236111111111111 0.9994791666666667 0.950925925925926
0 0.21640625 0.611574074074074 0.016145833333333335 0.030555555555555555
0 0.29635416666666664 0.8032407407407407 0.028125 0.03425925925925926
0 0.15052083333333333 0.8097222222222222 0.007291666666666667 0.01574074074074074
0 0.1390625 0.7569444444444444 0.009375 0.025
0 0.10598958333333333 0.6189814814814815 0.0078125 0.03611111111111111
0 0.33125 0.6518518518518519 0.013541666666666667 0.03148148148148148
0 0.65625 0.6199074074074075 0.016666666666666666 0.032407407407407406
0 0.8703125 0.9722222222222222 0.009375 0.018518518518518517
0 0.790625 0.5185185185185185 0.014583333333333334 0.05740740740740741
0 0.6682291666666667 0.38055555555555554 0.025 0.03518518518518519
0 0.6830729166666667 0.43148148148148147 0.009895833333333333 0.04814814814814815
0 0.4901041666666667 0.32546296296296295 0.007291666666666667 0.017592592592592594
0 0.75078125 0.35833333333333334 0.0067708333333333336 0.020370370370370372
0 0.7825520833333334 0.36435185185185187 0.0078125 0.021296296296296296
0 0.5442708333333334 0.10648148148148148 0.008333333333333333 0.024074074074074074
0 0.44973958333333336 0.38333333333333336 0.016145833333333335 0.025925925925925925
0 0.62734375 0.8685185185185185 0.015104166666666667 0.03148148148148148
1 0.5 0.520887037037037 1.0 0.9584407407407407
0 0.21532708333333334 0.6031574074074074 0.016070833333333333 0.03038888888888889
0 0.29324531249999997 0.7966194444444444 0.028157291666666664 0.03397962962962963
0 0.14737265624999998 0.7986907407407408 0.0072453125 0.0159
0 0.13648046875 0.7458476851851852 0.009419270833333333 0.025028703703703702
0 0.1049609375 0.6069902777777777 0.007838541666666667 0.03620277777777777
0 0.3296364583333334 0.6464152777777779 0.013439583333333333 0.031719444444444446
0 0.6551252604166666 0.6244902777777778 0.016500520833333334 0.03231388888888889
0 0.8656424479166667 0.9833078703703705 0.009409895833333333 0.018467592592592594
0 0.7902575520833334 0.527837962962963 0.014890104166666666 0.05752777777777778
0 0.6692960937500001 0.3861569444444445 0.025050520833333333 0.03527685185185185
0 0.6836111979166667 0.43704166666666666 0.009930729166666668 0.048157407407407406
0 0.491734375 0.32546157407407406 0.007427083333333333 0.017589814814814815
0 0.7523705729166666 0.3657472222222222 0.006824479166666666 0.020383333333333333
0 0.78403671875 0.3736337962962963 0.007656770833333334 0.021341666666666665
0 0.5478479166666667 0.10742962962962962 0.008195833333333334 0.02411851851851852
0 0.45072552083333334 0.3816574074074074 0.016034375 0.02627777777777778
0 0.623796875 0.8721796296296296 0.015302083333333332 0.0313962962962963
1 0.5 0.4709462962962963 1.0 0.9418925925925926
0 0.7682078125 0.3028865740740741 0.016623958333333334 0.031699074074074074
0 0.6712309895833334 0.13796064814814815 0.027878645833333333 0.03888425925925926
0 0.8135533854166667 0.08746064814814815 0.008356770833333334 0.015662037037037037
0 0.8309291666666667 0.1356189814814815 0.009775 0.024941666666666668
0 0.8766864583333334 0.2613800925925926 0.009622916666666667 0.03572314814814815
0 0.6514510416666667 0.2975875 0.014360416666666665 0.030360185185185188
0 0.3345416666666667 0.4298046296296297 0.018041666666666668 0.033683333333333336
0 0.08948177083333334 0.14965694444444444 0.009171875 0.01968425925925926
0 0.21097734375000002 0.5712083333333333 0.014663020833333333 0.05723148148148148
0 0.345484375 0.6701032407407408 0.025343749999999998 0.034650925925925925
0 0.32654973958333333 0.6235861111111111 0.0114328125 0.049024074074074074
0 0.5266645833333333 0.6695712962962962 0.0085375 0.01877222222222222
0 0.2672 0.7162291666666667 0.006275 0.021347222222222222
0 0.23482395833333333 0.7207782407407408 0.00923125 0.02118611111111111
0 0.4943799479166667 0.9018296296296296 0.009593229166666667 0.02402962962962963
0 0.5609833333333333 0.5989601851851851 0.0178 0.021994444444444445
0 0.33862031249999996 0.17749722222222222 0.013698958333333334 0.03277222222222222
1 0.49973958333333335 0.5236111111111111 0.9994791666666667 0.950925925925926
0 0.21640625 0.611574074074074 0.016145833333333335 0.030555555555555555
0 0.29635416666666664 0.8032407407407407 0.028125 0.03425925925925926
0 0.15052083333333333 0.8097222222222222 0.007291666666666667 0.01574074074074074
0 0.1390625 0.7569444444444444 0.009375 0.025
0 0.10598958333333333 0.6189814814814815 0.0078125 0.03611111111111111
0 0.33125 0.6518518518518519 0.013541666666666667 0.03148148148148148
0 0.65625 0.6199074074074075 0.016666666666666666 0.032407407407407406
0 0.8703125 0.9722222222222222 0.009375 0.018518518518518517
0 0.790625 0.5185185185185185 0.014583333333333334 0.05740740740740741
0 0.6682291666666667 0.38055555555555554 0.025 0.03518518518518519
0 0.6830729166666667 0.43148148148148147 0.009895833333333333 0.04814814814814815
0 0.4901041666666667 0.32546296296296295 0.007291666666666667 0.017592592592592594
0 0.75078125 0.35833333333333334 0.0067708333333333336 0.020370370370370372
0 0.7825520833333334 0.36435185185185187 0.0078125 0.021296296296296296
0 0.5442708333333334 0.10648148148148148 0.008333333333333333 0.024074074074074074
0 0.44973958333333336 0.38333333333333336 0.016145833333333335 0.025925925925925925
0 0.62734375 0.8685185185185185 0.015104166666666667 0.03148148148148148
