1 0.5 0.5315930555555556 1.0 0.9372601851851852
0 0.2319421875 0.7783245370370371 0.008676041666666667 0.01961203703703704
0 0.24775625 0.7240273148148147 0.013220833333333333 0.068425
0 0.2281203125 0.5317833333333334 0.008323958333333333 0.022825925925925927
0 0.29867473958333335 0.31730648148148144 0.014016145833333334 0.025353703703703705
0 0.3101044270833333 0.24853981481481482 0.0160421875 0.03041296296296296
0 0.9194401041666667 0.8605180555555556 0.011796875 0.045110185185185184
0 0.7956018229166666 0.5214722222222222 0.0109953125 0.02627777777777778
0 0.7811703125 0.5017069444444444 0.016507291666666667 0.031191666666666666
0 0.7574614583333333 0.18807037037037036 0.012839583333333333 0.020585185185185186
0 0.84976328125 0.5137375 0.006818229166666666 0.03673425925925926
0 0.7983729166666667 0.5839245370370371 0.014454166666666666 0.025256481481481484
0 0.9131502604166666 0.6556115740740741 0.0117171875 0.02418611111111111
0 0.62468671875 0.3349662037037037 0.013956770833333333 0.07178425925925926
1 0.49973958333333335 0.524074074074074 0.9994791666666667 0.9518518518518518
0 0.22395833333333334 0.7532407407407408 0.008333333333333333 0.019444444444444445
0 0.24192708333333332 0.7 0.013020833333333334 0.06851851851851852
0 0.22734375 0.5069134259259259 0.008854166666666666 0.02308611111111111
0 0.30442708333333335 0.2986111111111111 0.0140625 0.025
0 0.31796875 0.23148148148148148 0.016145833333333335 0.02962962962962963
0 0.9083333333333333 0.899074074074074 0.0125 0.044444444444444446
0 0.79453125 0.549074074074074 0.0109375 0.025925925925925925
0 0.7807291666666667 0.5273148148148148 0.016666666666666666 0.030555555555555555
0 0.76640625 0.21203703703703702 0.013020833333333334 0.020370370370370372
0 0.8484375 0.5469115740740741 0.007291666666666667 0.03641574074074074
0 0.7958333333333333 0.611574074074074 0.014583333333333334 0.025
0 0.9080729166666667 0.6944444444444444 0.011979166666666667 0.024074074074074074
0 0.6291666666666667 0.34629629629629627 0.013541666666666667 0.07222222222222222
1 0.5 0.5 1.0 1.0
0 0.20869166666666666 0.690600462962963 0.008008333333333333 0.020089814814814814
0 0.23029817708333333 0.642337037037037 0.013721354166666666 0.0680074074074074
0 0.22895546875 0.4478337962962963 0.009994270833333334 0.023445370370370373
0 0.3196013020833333 0.25748703703703707 0.014202604166666665 0.024233333333333332
0 0.3377955729166667 0.19430092592592593 0.016216145833333334 0.027490740740740743
0 0.8782427083333334 0.9813125000000001 0.01481875 0.03669907407407407
0 0.7888458333333334 0.6137921296296296 0.011025 0.02573240740740741
0 0.7766591145833334 0.5875222222222222 0.016859895833333336 0.028748148148148148
0 0.7842565104166667 0.2718643518518518 0.0133046875 0.01965462962962963
0 0.84217890625 0.6217421296296296 0.008316145833333333 0.03607685185185185
0 0.7860372395833333 0.6750314814814815 0.014782812499999999 0.024137037037037037
0 0.8917377604166667 0.7816175925925927 0.0126421875 0.024346296296296296
0 0.6394388020833334 0.375125925925926 0.0153359375 0.07247407407407408
1 0.5 0.5315930555555556 1.0 0.9372601851851852
0 0.2319421875 0.7783245370370371 0.008676041666666667 0.01961203703703704
0 0.24775625 0.7240273148148147 0.013220833333333333 0.068425
0 0.2281203125 0.5317833333333334 0.008323958333333333 0.022825925925925927
0 0.29867473958333335 0.31730648148148144 0.014016145833333334 0.025353703703703705
0 0.3101044270833333 0.24853981481481482 0.0160421875 0.03041296296296296
0 0.9194401041666667 0.8605180555555556 0.011796875 0.045110185185185184
0 0.7956018229166666 0.5214722222222222 0.0109953125 0.02627777777777778
0 0.7811703125 0.5017069444444444 0.016507291666666667 0.031191666666666666
0 0.7574614583333333 0.18807037037037036 0.012839583333333333 0.020585185185185186
0 0.84976328125 0.5137375 0.006818229166666666 0.03673425925925926
0 0.7983729166666667 0.5839245370370371 0.014454166666666666 0.025256481481481484
0 0.9131502604166666 0.6556115740740741 0.0117171875 0.02418611111111111
0 0.62468671875 0.3349662037037037 0.013956770833333333 0.07178425925925926
1 0.49973958333333335 0.524074074074074 0.9994791666666667 0.9518518518518518
0 0.22395833333333334 0.7532407407407408 0.008333333333333333 0.019444444444444445
0 0.24192708333333332 0.7 0.013020833333333334 0.06851851851851852
0 0.22734375 0.5069134259259259 0.008854166666666666 0.02308611111111111
0 0.30442708333333335 0.2986111111111111 0.0140625 0.025
0 0.31796875 0.23148148148148148 0.016145833333333335 0.02962962962962963
0 0.9083333333333333 0.899074074074074 0.0125 0.044444444444444446
0 0.79453125 0.549074074074074 0.0109375 0.025925925925925925
0 0.7807291666666667 0.5273148148148148 0.016666666666666666 0.030555555555555555
0 0.76640625 0.21203703703703702 0.013020833333333334 0.020370370370370372
0 0.8484375 0.5469115740740741 0.007291666666666667 0.03641574074074074
0 0.7958333333333333 0.611574074074074 0.014583333333333334 0.025
0 0.9080729166666667 0.6944444444444444 0.011979166666666667 0.024074074074074074
0 0.6291666666666667 0.34629629629629627 0.013541666666666667 0.07222222222222222
1 0.5 0.5 1.0 1.0
0 0.20869166666666666 0.690600462962963 0.008008333333333333 0.020089814814814814
0 0.23029817708333333 0.642337037037037 0.013721354166666666 0.0680074074074074
0 0.22895546875 0.4478337962962963 0.009994270833333334 0.023445370370370373
0 0.3196013020833333 0.25748703703703707 0.014202604166666665 0.024233333333333332
0 0.3377955729166667 0.19430092592592593 0.016216145833333334 0.027490740740740743
0 0.8782427083333334 0.9813125000000001 0.01481875 0.03669907407407407
0 0.7888458333333334 0.6137921296296296 0.011025 0.02573240740740741
0 0.7766591145833334 0.5875222222222222 0.016859895833333336 0.028748148148148148
0 0.7842565104166667 0.2718643518518518 0.0133046875 0.01965462962962963
0 0.84217890625 0.6217421296296296 0.008316145833333333 0.03607685185185185
0 0.7860372395833333 0.6750314814814815 0.014782812499999999 0.024137037037037037
0 0.8917377604166667 0.7816175925925927 0.0126421875 0.024346296296296296
0 0.6394388020833334 0.375125925925926 0.0153359375 0.07247407407407408
1 0.5 0.5315930555555556 1.0 0.9372601851851852
0 0.2319421875 0.7783245370370371 0.008676041666666667 0.01961203703703704
0 0.24775625 0.7240273148148147 0.013220833333333333 0.068425
0 0.2281203125 0.5317833333333334 0.008323958333333333 0.022825925925925927
0 0.29867473958333335 0.31730648148148144 0.014016145833333334 0.025353703703703705
0 0.3101044270833333 0.24853981481481482 0.0160421875 0.03041296296296296
0 0.9194401041666667 0.8605180555555556 0.011796875 0.045110185185185184
0 0.7956018229166666 0.5214722222222222 0.0109953125 0.02627777777777778
0 0.7811703125 0.5017069444444444 0.016507291666666667 0.031191666666666666
0 0.7574614583333333 0.18807037037037036 0.012839583333333333 0.020585185185185186
0 0.84976328125 0.5137375 0.006818229166666666 0.03673425925925926
0 0.7983729166666667 0.5839245370370371 0.014454166666666666 0.025256481481481484
0 0.9131502604166666 0.6556115740740741 0.0117171875 0.02418611111111111
0 0.62468671875 0.3349662037037037 0.013956770833333333 0.07178425925925926
1 0.49973958333333335 0.524074074074074 0.9994791666666667 0.9518518518518518
0 0.22395833333333334 0.7532407407407408 0.008333333333333333 0.019444444444444445
0 0.24192708333333332 0.7 0.013020833333333334 0.06851851851851852
0 0.22734375 0.5069134259259259 0.008854166666666666 0.02308611111111111
0 0.30442708333333335 0.2986111111111111 0.0140625 0.025
0 0.31796875 0.23148148148148148 0.016145833333333335 0.02962962962962963
0 0.9083333333333333 0.899074074074074 0.0125 0.044444444444444446
0 0.79453125 0.549074074074074 0.0109375 0.025925925925925925
0 0.7807291666666667 0.5273148148148148 0.016666666666666666 0.030555555555555555
0 0.76640625 0.21203703703703702 0.013020833333333334 0.020370370370370372
0 0.8484375 0.5469115740740741 0.007291666666666667 0.03641574074074074
0 0.7958333333333333 0.611574074074074 0.014583333333333334 0.025
0 0.9080729166666667 0.6944444444444444 0.011979166666666667 0.024074074074074074
0 0.6291666666666667 0.34629629629629627 0.013541666666666667 0.07222222222222222
1 0.5 0.5 1.0 1.0
0 0.20869166666666666 0.690600462962963 0.008008333333333333 0.020089814814814814
0 0.23029817708333333 0.642337037037037 0.013721354166666666 0.0680074074074074
0 0.22895546875 0.4478337962962963 0.009994270833333334 0.023445370370370373
0 0.3196013020833333 0.25748703703703707 0.014202604166666665 0.024233333333333332
0 0.3377955729166667 0.19430092592592593 0.016216145833333334 0.027490740740740743
0 0.8782427083333334 0.9813125000000001 0.01481875 0.03669907407407407
0 0.7888458333333334 0.6137921296296296 0.011025 0.02573240740740741
0 0.7766591145833334 0.5875222222222222 0.016859895833333336 0.028748148148148148
0 0.7842565104166667 0.2718643518518518 0.0133046875 0.01965462962962963
0 0.84217890625 0.6217421296296296 0.008316145833333333 0.03607685185185185
0 0.7860372395833333 0.6750314814814815 0.014782812499999999 0.024137037037037037
0 0.8917377604166667 0.7816175925925927 0.0126421875 0.024346296296296296
0 0.6394388020833334 0.375125925925926 0.0153359375 0.07247407407407408
