1 0.49973958333333335 0.5282407407407408 0.9994791666666667 0.9416666666666667
0 0.3921875 0.0912037037037037 0.011458333333333333 0.01574074074074074
0 0.40078125 0.12222222222222222 0.009895833333333333 0.02962962962962963
0 0.6197916666666666 0.30092592592592593 0.009375 0.014814814814814815
0 0.2708333333333333 0.6101851851851852 0.014583333333333334 0.025925925925925925
0 0.5369791666666667 0.8875 0.03125 0.058333333333333334
0 0.5755208333333334 0.9939814814814815 0.008333333333333333 0.010185185185185186
0 0.6046875 0.7962962962962963 0.00625 0.020370370370370372
0 0.37395833333333334 0.861574074074074 0.017708333333333333 0.041666666666666664
0 0.9026041666666667 0.24537037037037038 0.005208333333333333 0.011111111111111112
0 0.9247395833333333 0.27870370370370373 0.005729166666666666 0.020370370370370372
0 0.9515625 0.39675925925925926 0.009375 0.017592592592592594
1 0.5 0.5230967592592592 1.0 0.9536009259259258
0 0.5994575520833333 0.08466898148148148 0.011415104166666667 0.01563425925925926
0 0.591796875 0.1158287037037037 0.009635416666666667 0.029805555555555554
0 0.37659609374999997 0.3083449074074074 0.009442187500000001 0.01483796296296296
0 0.7312091145833333 0.5963208333333334 0.0145015625 0.025975
0 0.4708966145833333 0.889038425925926 0.0313765625 0.059558333333333324
0 0.4345028645833333 0.996799537037037 0.007547395833333333 0.006562037037037037
0 0.40120338541666667 0.8026263888888889 0.0065734375 0.02006759259259259
0 0.63310078125 0.8533898148148149 0.017243229166666665 0.041964814814814816
0 0.09269765625 0.2704800925925926 0.005186979166666666 0.011330555555555556
0 0.07099192708333332 0.3056787037037037 0.005525520833333334 0.020616666666666665
0 0.04681770833333333 0.42534444444444447 0.009260416666666667 0.017355555555555555
1 0.5 0.4681564814814815 1.0 0.936312962962963
0 0.38438958333333334 0.9016425925925926 0.011487500000000001 0.016248148148148147
0 0.39361380208333335 0.8713194444444444 0.010144270833333333 0.02967592592592592
0 0.61565859375 0.7064606481481481 0.009442187500000001 0.014773148148148148
0 0.2729486979166667 0.3758856481481482 0.014647395833333333 0.02584537037037037
0 0.54449765625 0.11536296296296296 0.031703645833333335 0.058503703703703704
0 0.5854140624999999 0.010855092592592592 0.008328125 0.010599074074074073
0 0.6102510416666667 0.21032453703703702 0.00591875 0.020649074074074073
0 0.3809510416666667 0.13084444444444446 0.018152083333333333 0.04131851851851852
0 0.8974033854166666 0.779512962962963 0.0052234375 0.010877777777777778
0 0.9202229166666667 0.7480125000000001 0.0060708333333333335 0.020099074074074075
0 0.9495307291666666 0.6311263888888888 0.009478125 0.017808333333333332
1 0.49973958333333335 0.5282407407407408 0.9994791666666667 0.9416666666666667
0 0.3921875 0.0912037037037037 0.011458333333333333 0.01574074074074074
0 0.40078125 0.12222222222222222 0.009895833333333333 0.02962962962962963
0 0.6197916666666666 0.30092592592592593 0.009375 0.014814814814814815
0 0.2708333333333333 0.6101851851851852 0.014583333333333334 0.025925925925925925
0 0.5369791666666667 0.8875 0.03125 0.058333333333333334
0 0.5755208333333334 0.9939814814814815 0.008333333333333333 0.010185185185185186
0 0.6046875 0.7962962962962963 0.00625 0.020370370370370372
0 0.37395833333333334 0.861574074074074 0.017708333333333333 0.041666666666666664
0 0.9026041666666667 0.24537037037037038 0.005208333333333333 0.011111111111111112
0 0.9247395833333333 0.27870370370370373 0.005729166666666666 0.020370370370370372
0 0.9515625 0.39675925925925926 0.009375 0.017592592592592594
1 0.5 0.5230967592592592 1.0 0.9536009259259258
0 0.5994575520833333 0.08466898148148148 0.011415104166666667 0.01563425925925926
0 0.591796875 0.1158287037037037 0.009635416666666667 0.029805555555555554
0 0.37659609374999997 0.3083449074074074 0.009442187500000001 0.01483796296296296
0 0.7312091145833333 0.5963208333333334 0.0145015625 0.025975
0 0.4708966145833333 0.889038425925926 0.0313765625 0.059558333333333324
0 0.4345028645833333 0.996799537037037 0.007547395833333333 0.006562037037037037
0 0.40120338541666667 0.8026263888888889 0.0065734375 0.02006759259259259
0 0.63310078125 0.8533898148148149 0.017243229166666665 0.041964814814814816
0 0.09269765625 0.2704800925925926 0.005186979166666666 0.011330555555555556
0 0.07099192708333332 0.3056787037037037 0.005525520833333334 0.020616666666666665
0 0.04681770833333333 0.42534444444444447 0.009260416666666667 0.017355555555555555
1 0.5 0.4681564814814815 1.0 0.936312962962963
0 0.38438958333333334 0.9016425925925926 0.011487500000000001 0.016248148148148147
0 0.39361380208333335 0.8713194444444444 0.010144270833333333 0.02967592592592592
0 0.61565859375 0.7064606481481481 0.009442187500000001 0.014773148148148148
0 0.2729486979166667 0.3758856481481482 0.014647395833333333 0.02584537037037037
0 0.54449765625 0.11536296296296296 0.031703645833333335 0.058503703703703704
0 0.5854140624999999 0.010855092592592592 0.008328125 0.010599074074074073
0 0.6102510416666667 0.21032453703703702 0.00591875 0.020649074074074073
0 0.3809510416666667 0.13084444444444446 0.018152083333333333 0.04131851851851852
0 0.8974033854166666 0.779512962962963 0.0052234375 0.010877777777777778
0 0.9202229166666667 0.7480125000000001 0.0060708333333333335 0.020099074074074075
0 0.9495307291666666 0.6311263888888888 0.009478125 0.017808333333333332
