1 0.5 0.5 1.0 1.0
0 0.8686861979166667 0.35381666666666667 0.008205729166666667 0.020596296296296297
0 0.8817567708333333 0.34070787037037037 0.019763541666666665 0.04993425925925926
0 0.79228046875 0.42496666666666666 0.017894270833333333 0.05363703703703703
0 0.7462703125 0.7017833333333334 0.020665625 0.0406037037037037
0 0.6641408854166666 0.8069837962962964 0.011615104166666666 0.01952314814814815
0 0.41496015625000005 0.562475925925926 0.020545312500000003 0.04532222222222222
0 0.3838265625 0.5291060185185185 0.015569791666666666 0.035989814814814815
0 0.38861171875 0.7945375 0.014723437499999999 0.03722314814814815
0 0.5955997395833333 0.9896412037037037 0.018282812500000002 0.020023148148148148
0 0.08742942708333333 0.6591847222222222 0.009233854166666666 0.020221296296296296
0 0.018881510416666667 0.6605226851851852 0.0106796875 0.03030462962962963
0 0.11403958333333333 0.17277175925925928 0.018704166666666668 0.041839814814814816
0 0.06949218750000001 0.05668425925925926 0.010859375000000001 0.03373888888888889
0 0.5928455729166667 0.20619027777777776 0.03569114583333333 0.06238055555555555
0 0.536784375 0.12399722222222222 0.015235416666666666 0.027624074074074075
0 0.49733125 0.04565740740740741 0.012370833333333333 0.022796296296296297
0 0.6763682291666666 0.19063472222222222 0.015236458333333334 0.03126944444444445
0 0.9563270833333333 0.6604546296296296 0.015779166666666667 0.03202037037037037
1 0.5 0.4781106481481482 1.0 0.9562212962962964
0 0.84385390625 0.7793060185185184 0.006457812499999999 0.019723148148148146
0 0.8543872395833334 0.7959106481481482 0.022316145833333335 0.045525
0 0.7762989583333333 0.6813847222222222 0.021347916666666668 0.05165833333333333
0 0.7645656249999999 0.3927736111111111 0.017672916666666667 0.04295462962962963
0 0.6962177083333334 0.2600504629629629 0.011185416666666666 0.018249074074074074
0 0.42471510416666663 0.40721666666666667 0.020263541666666666 0.04221111111111111
0 0.38945390625 0.4277833333333333 0.017449479166666667 0.035196296296296295
0 0.4253921875 0.17102685185185185 0.015367708333333334 0.03464629629629629
0 0.6501187500000001 0.055887962962962966 0.016904166666666668 0.022887037037037036
0 0.11499479166666667 0.19164444444444445 0.011239583333333332 0.020325925925925928
0 0.04849817708333334 0.16482175925925927 0.009496354166666667 0.02964351851851852
0 0.08426041666666667 0.6770324074074074 0.017479166666666667 0.04480555555555556
0 0.0266296875 0.7754523148148148 0.007426041666666666 0.03423796296296296
0 0.55574296875 0.8216111111111112 0.0333609375 0.06174074074074075
0 0.49206510416666666 0.882000462962963 0.013296875000000001 0.02881574074074074
0 0.4446364583333333 0.9449004629629629 0.01323125 0.023134259259259257
0 0.63615703125 0.867712962962963 0.015022395833333334 0.02987037037037037
0 0.96655625 0.5119189814814814 0.015404166666666667 0.03494907407407407
1 0.49973958333333335 0.5194444444444445 0.9994791666666667 0.9592592592592593
0 0.84921875 0.24212962962962964 0.0067708333333333336 0.019444444444444445
0 0.8598958333333333 0.22592592592592592 0.021875 0.046296296296296294
0 0.7796875 0.33611111111111114 0.020833333333333332 0.05185185185185185
0 0.7622395833333333 0.6231481481481481 0.018229166666666668 0.04259259259259259
0 0.69140625 0.7518518518518519 0.0109375 0.018518518518518517
0 0.42265625 0.5879629629629629 0.0203125 0.04259259259259259
0 0.38828125 0.5648148148148148 0.0171875 0.03518518518518519
0 0.41901041666666666 0.8240740740740741 0.015104166666666667 0.03518518518518519
0 0.64140625 0.9527777777777777 0.0171875 0.022222222222222223
0 0.10911458333333333 0.7842592592592592 0.0109375 0.020370370370370372
0 0.0421875 0.8064814814814815 0.009375 0.02962962962962963
0 0.08802083333333334 0.2972222222222222 0.017708333333333333 0.044444444444444446
0 0.032552083333333336 0.19583333333333333 0.0078125 0.03425925925925926
0 0.5622395833333333 0.18194444444444444 0.033854166666666664 0.062037037037037036
0 0.49947916666666664 0.11805555555555555 0.013541666666666667 0.028703703703703703
0 0.45338541666666665 0.052314814814814814 0.013020833333333334 0.023148148148148147
0 0.6434895833333333 0.14166666666666666 0.015104166666666667 0.02962962962962963
0 0.96640625 0.5171296296296296 0.015104166666666667 0.03425925925925926
1 0.5 0.5 1.0 1.0
0 0.8686861979166667 0.35381666666666667 0.008205729166666667 0.020596296296296297
0 0.8817567708333333 0.34070787037037037 0.019763541666666665 0.04993425925925926
0 0.79228046875 0.42496666666666666 0.017894270833333333 0.05363703703703703
0 0.7462703125 0.7017833333333334 0.020665625 0.0406037037037037
0 0.6641408854166666 0.8069837962962964 0.011615104166666666 0.01952314814814815
0 0.41496015625000005 0.562475925925926 0.020545312500000003 0.04532222222222222
0 0.3838265625 0.5291060185185185 0.015569791666666666 0.035989814814814815
0 0.38861171875 0.7945375 0.014723437499999999 0.03722314814814815
0 0.5955997395833333 0.9896412037037037 0.018282812500000002 0.020023148148148148
0 0.08742942708333333 0.6591847222222222 0.009233854166666666 0.020221296296296296
0 0.018881510416666667 0.6605226851851852 0.0106796875 0.03030462962962963
0 0.11403958333333333 0.17277175925925928 0.018704166666666668 0.041839814814814816
0 0.06949218750000001 0.05668425925925926 0.010859375000000001 0.03373888888888889
0 0.5928455729166667 0.20619027777777776 0.03569114583333333 0.06238055555555555
0 0.536784375 0.12399722222222222 0.015235416666666666 0.027624074074074075
0 0.49733125 0.04565740740740741 0.012370833333333333 0.022796296296296297
0 0.6763682291666666 0.19063472222222222 0.015236458333333334 0.03126944444444445
0 0.9563270833333333 0.6604546296296296 0.015779166666666667 0.03202037037037037
1 0.5 0.4781106481481482 1.0 0.9562212962962964
0 0.84385390625 0.7793060185185184 0.006457812499999999 0.019723148148148146
0 0.8543872395833334 0.7959106481481482 0.022316145833333335 0.045525
0 0.7762989583333333 0.6813847222222222 0.021347916666666668 0.05165833333333333
0 0.7645656249999999 0.3927736111111111 0.017672916666666667 0.04295462962962963
0 0.6962177083333334 0.2600504629629629 0.011185416666666666 0.018249074074074074
0 0.42471510416666663 0.40721666666666667 0.020263541666666666 0.04221111111111111
0 0.38945390625 0.4277833333333333 0.017449479166666667 0.035196296296296295
0 0.4253921875 0.17102685185185185 0.015367708333333334 0.03464629629629629
0 0.6501187500000001 0.055887962962962966 0.016904166666666668 0.022887037037037036
0 0.11499479166666667 0.19164444444444445 0.011239583333333332 0.020325925925925928
0 0.04849817708333334 0.16482175925925927 0.009496354166666667 0.02964351851851852
0 0.08426041666666667 0.6770324074074074 0.017479166666666667 0.04480555555555556
0 0.0266296875 0.7754523148148148 0.007426041666666666 0.03423796296296296
0 0.55574296875 0.8216111111111112 0.0333609375 0.06174074074074075
0 0.49206510416666666 0.882000462962963 0.013296875000000001 0.02881574074074074
0 0.4446364583333333 0.9449004629629629 0.01323125 0.023134259259259257
0 0.63615703125 0.867712962962963 0.015022395833333334 0.02987037037037037
0 0.96655625 0.5119189814814814 0.015404166666666667 0.03494907407407407
1 0.49973958333333335 0.5194444444444445 0.9994791666666667 0.9592592592592593
0 0.84921875 0.24212962962962964 0.0067708333333333336 0.019444444444444445
0 0.8598958333333333 0.22592592592592592 0.021875 0.046296296296296294
0 0.7796875 0.33611111111111114 0.020833333333333332 0.05185185185185185
0 0.7622395833333333 0.6231481481481481 0.018229166666666668 0.04259259259259259
0 0.69140625 0.7518518518518519 0.0109375 0.018518518518518517
0 0.42265625 0.5879629629629629 0.0203125 0.04259259259259259
0 0.38828125 0.5648148148148148 0.0171875 0.03518518518518519
0 0.41901041666666666 0.8240740740740741 0.015104166666666667 0.03518518518518519
0 0.64140625 0.9527777777777777 0.0171875 0.022222222222222223
0 0.10911458333333333 0.7842592592592592 0.0109375 0.020370370370370372
0 0.0421875 0.8064814814814815 0.009375 0.02962962962962963
0 0.08802083333333334 0.2972222222222222 0.017708333333333333 0.044444444444444446
0 0.032552083333333336 0.19583333333333333 0.0078125 0.03425925925925926
0 0.5622395833333333 0.18194444444444444 0.033854166666666664 0.062037037037037036
0 0.49947916666666664 0.11805555555555555 0.013541666666666667 0.028703703703703703
0 0.45338541666666665 0.052314814814814814 0.013020833333333334 0.023148148148148147
0 0.6434895833333333 0.14166666666666666 0.015104166666666667 0.02962962962962963
0 0.96640625 0.5171296296296296 0.015104166666666667 0.03425925925925926
