1 0.48264843749999997 0.42965972222222226 0.9652968749999999 0.8593194444444445
0 0.80752734375 0.39733842592592594 0.009846354166666666 0.037269444444444445
0 0.6947700520833333 0.49142500000000006 0.0072484375 0.03099814814814815
0 0.3701611979166667 0.5977675925925925 0.019489062499999998 0.030720370370370367
0 0.14325338541666666 0.33423055555555553 0.011506770833333334 0.049942592592592594
0 0.38427812499999997 0.40854444444444443 0.019597916666666666 0.039311111111111116
0 0.23719635416666665 0.07413425925925926 0.016059375 0.02234259259259259
0 0.4281596354166667 0.31156481481481485 0.007360937499999999 0.03424074074074074
0 0.5682151041666667 0.14508935185185187 0.011430208333333334 0.017956481481481483
0 0.5051098958333333 0.6789851851851851 0.006053125 0.00797037037037037
1 0.48427786458333333 0.56225 0.9685557291666667 0.8763518518518519
0 0.8094591145833333 0.5844 0.009543229166666667 0.03731851851851852
0 0.6946223958333333 0.49706249999999996 0.006953125 0.031162037037037037
0 0.36850520833333333 0.4100490740740741 0.019302083333333334 0.031209259259259263
0 0.14677083333333335 0.687874537037037 0.012291666666666668 0.049823148148148144
0 0.3862953125 0.5984287037037037 0.019465625 0.03945
0 0.2456236979166667 0.9419680555555556 0.016247395833333334 0.022825
0 0.4315559895833333 0.6930101851851852 0.007903645833333334 0.03416851851851852
0 0.5749684895833334 0.850487962962963 0.011395312500000001 0.01764259259259259
0 0.501409375 0.3207856481481482 0.00594375 0.008237962962962963
1 0.5200520833333333 0.5805555555555556 0.9588541666666667 0.837037037037037
0 0.196875 0.6407407407407407 0.010416666666666666 0.037037037037037035
0 0.3065104166666667 0.5328703703703703 0.0078125 0.030555555555555555
0 0.6260416666666667 0.3861111111111111 0.019791666666666666 0.02962962962962963
0 0.8622395833333333 0.6212962962962963 0.009895833333333333 0.05
0 0.6192708333333333 0.5768518518518518 0.019791666666666666 0.03888888888888889
0 0.7791666666666667 0.8921296296296296 0.015625 0.021296296296296296
0 0.5791666666666667 0.6791666666666667 0.00625 0.03425925925925926
0 0.44583333333333336 0.8629629629629629 0.011458333333333333 0.018518518518518517
0 0.48802083333333335 0.32222222222222224 0.00625 0.007407407407407408
1 0.48264843749999997 0.42965972222222226 0.9652968749999999 0.8593194444444445
0 0.80752734375 0.39733842592592594 0.009846354166666666 0.037269444444444445
0 0.6947700520833333 0.49142500000000006 0.0072484375 0.03099814814814815
0 0.3701611979166667 0.5977675925925925 0.019489062499999998 0.030720370370370367
0 0.14325338541666666 0.33423055555555553 0.011506770833333334 0.049942592592592594
0 0.38427812499999997 0.40854444444444443 0.019597916666666666 0.039311111111111116
0 0.23719635416666665 0.07413425925925926 0.016059375 0.02234259259259259
0 0.4281596354166667 0.31156481481481485 0.007360937499999999 0.03424074074074074
0 0.5682151041666667 0.14508935185185187 0.011430208333333334 0.017956481481481483
0 0.5051098958333333 0.6789851851851851 0.006053125 0.00797037037037037
1 0.48427786458333333 0.56225 0.9685557291666667 0.8763518518518519
0 0.8094591145833333 0.5844 0.009543229166666667 0.03731851851851852
0 0.6946223958333333 0.49706249999999996 0.006953125 0.031162037037037037
0 0.36850520833333333 0.4100490740740741 0.019302083333333334 0.031209259259259263
0 0.14677083333333335 0.687874537037037 0.012291666666666668 0.049823148148148144
0 0.3862953125 0.5984287037037037 0.019465625 0.03945
0 0.2456236979166667 0.9419680555555556 0.016247395833333334 0.022825
0 0.4315559895833333 0.6930101851851852 0.007903645833333334 0.03416851851851852
0 0.5749684895833334 0.850487962962963 0.011395312500000001 0.01764259259259259
0 0.501409375 0.3207856481481482 0.00594375 0.008237962962962963
1 0.5200520833333333 0.5805555555555556 0.9588541666666667 0.837037037037037
0 0.196875 0.6407407407407407 0.010416666666666666 0.037037037037037035
0 0.3065104166666667 0.5328703703703703 0.0078125 0.030555555555555555
0 0.6260416666666667 0.3861111111111111 0.019791666666666666 0.02962962962962963
0 0.8622395833333333 0.6212962962962963 0.009895833333333333 0.05
0 0.6192708333333333 0.5768518518518518 0.019791666666666666 0.03888888888888889
0 0.7791666666666667 0.8921296296296296 0.015625 0.021296296296296296
0 0.5791666666666667 0.6791666666666667 0.00625 0.03425925925925926
0 0.44583333333333336 0.8629629629629629 0.011458333333333333 0.018518518518518517
0 0.48802083333333335 0.32222222222222224 0.00625 0.007407407407407408
1 0.48264843749999997 0.42965972222222226 0.9652968749999999 0.8593194444444445
0 0.80752734375 0.39733842592592594 0.009846354166666666 0.037269444444444445
0 0.6947700520833333 0.49142500000000006 0.0072484375 0.03099814814814815
0 0.3701611979166667 0.5977675925925925 0.019489062499999998 0.030720370370370367
0 0.14325338541666666 0.33423055555555553 0.011506770833333334 0.049942592592592594
0 0.38427812499999997 0.40854444444444443 0.019597916666666666 0.039311111111111116
0 0.23719635416666665 0.07413425925925926 0.016059375 0.02234259259259259
0 0.4281596354166667 0.31156481481481485 0.007360937499999999 0.03424074074074074
0 0.5682151041666667 0.14508935185185187 0.011430208333333334 0.017956481481481483
0 0.5051098958333333 0.6789851851851851 0.006053125 0.00797037037037037
1 0.48427786458333333 0.56225 0.9685557291666667 0.8763518518518519
0 0.8094591145833333 0.5844 0.009543229166666667 0.03731851851851852
0 0.6946223958333333 0.49706249999999996 0.006953125 0.031162037037037037
0 0.36850520833333333 0.4100490740740741 0.019302083333333334 0.031209259259259263
0 0.14677083333333335 0.687874537037037 0.012291666666666668 0.049823148148148144
0 0.3862953125 0.5984287037037037 0.019465625 0.03945
0 0.2456236979166667 0.9419680555555556 0.016247395833333334 0.022825
0 0.4315559895833333 0.6930101851851852 0.007903645833333334 0.03416851851851852
0 0.5749684895833334 0.850487962962963 0.011395312500000001 0.01764259259259259
0 0.501409375 0.3207856481481482 0.00594375 0.008237962962962963
1 0.5200520833333333 0.5805555555555556 0.9588541666666667 0.837037037037037
0 0.196875 0.6407407407407407 0.010416666666666666 0.037037037037037035
0 0.3065104166666667 0.5328703703703703 0.0078125 0.030555555555555555
0 0.6260416666666667 0.3861111111111111 0.019791666666666666 0.02962962962962963
0 0.8622395833333333 0.6212962962962963 0.009895833333333333 0.05
0 0.6192708333333333 0.5768518518518518 0.019791666666666666 0.03888888888888889
0 0.7791666666666667 0.8921296296296296 0.015625 0.021296296296296296
0 0.5791666666666667 0.6791666666666667 0.00625 0.03425925925925926
0 0.44583333333333336 0.8629629629629629 0.011458333333333333 0.018518518518518517
0 0.48802083333333335 0.32222222222222224 0.00625 0.007407407407407408
