1 0.49973958333333335 0.524537037037037 0.9994791666666667 0.9490740740740741
0 0.45390625 0.41574074074074074 0.0390625 0.06666666666666667
0 0.7971354166666667 0.5143518518518518 0.018229166666666668 0.032407407407407406
0 0.6559895833333333 0.7324074074074074 0.0234375 0.02962962962962963
0 0.99453125 0.5768518518518518 0.009895833333333333 0.03148148148148148
0 0.8903645833333333 0.17962962962962964 0.0078125 0.018518518518518517
0 0.9645833333333333 0.6476851851851851 0.013541666666666667 0.028703703703703703
1 0.5 0.5 1.0 1.0
0 0.445865625 0.5685722222222223 0.03756458333333333 0.07047777777777778
0 0.7939856770833333 0.577711574074074 0.017138020833333333 0.033200925925925925
0 0.67607890625 0.31881157407407407 0.022991145833333334 0.0357712962962963
0 0.9945528645833334 0.5774972222222222 0.010980729166666666 0.03277222222222222
0 0.8526914062500001 0.9352050925925925 0.0085078125 0.018558333333333333
0 0.9717268229166667 0.4976277777777778 0.0132453125 0.02858888888888889
1 0.5 0.47452129629629625 1.0 0.9490425925925925
0 0.45499036458333336 0.5858634259259259 0.039147395833333334 0.0661712962962963
0 0.797175 0.476337962962963 0.018308333333333333 0.03230555555555555
0 0.65348359375 0.2627425925925926 0.02363385416666667 0.02918888888888889
0 0.993584375 0.40734861111111115 0.010085416666666668 0.031363888888888886
0 0.8935072916666668 0.8083967592592592 0.007847916666666666 0.01864537037037037
0 0.96302421875 0.3375462962962963 0.013548437500000001 0.0287962962962963
1 0.49973958333333335 0.524537037037037 0.9994791666666667 0.9490740740740741
0 0.45390625 0.41574074074074074 0.0390625 0.06666666666666667
0 0.7971354166666667 0.5143518518518518 0.018229166666666668 0.032407407407407406
0 0.6559895833333333 0.7324074074074074 0.0234375 0.02962962962962963
0 0.99453125 0.5768518518518518 0.009895833333333333 0.03148148148148148
0 0.8903645833333333 0.17962962962962964 0.0078125 0.018518518518518517
0 0.9645833333333333 0.6476851851851851 0.013541666666666667 0.028703703703703703
1 0.5 0.5 1.0 1.0
0 0.445865625 0.5685722222222223 0.03756458333333333 0.07047777777777778
0 0.7939856770833333 0.577711574074074 0.017138020833333333 0.033200925925925925
0 0.67607890625 0.31881157407407407 0.022991145833333334 0.0357712962962963
0 0.9945528645833334 0.5774972222222222 0.010980729166666666 0.03277222222222222
0 0.8526914062500001 0.9352050925925925 0.0085078125 0.018558333333333333
0 0.9717268229166667 0.4976277777777778 0.0132453125 0.02858888888888889
1 0.5 0.47452129629629625 1.0 0.9490425925925925
0 0.45499036458333336 0.5858634259259259 0.039147395833333334 0.0661712962962963
0 0.797175 0.476337962962963 0.018308333333333333 0.03230555555555555
0 0.65348359375 0.2627425925925926 0.02363385416666667 0.02918888888888889
0 0.993584375 0.40734861111111115 0.010085416666666668 0.031363888888888886
0 0.8935072916666668 0.8083967592592592 0.007847916666666666 0.01864537037037037
0 0.96302421875 0.3375462962962963 0.013548437500000001 0.0287962962962963
