1 0.49973958333333335 0.5486111111111112 0.9994791666666667 0.9009259259259259
0 0.6765625 0.14722222222222223 0.029166666666666667 0.046296296296296294
0 0.9401041666666666 0.4203703703703704 0.009375 0.022222222222222223
0 0.8744791666666667 0.26944444444444443 0.00625 0.020370370370370372
0 0.9174479166666667 0.7828703703703703 0.009895833333333333 0.028703703703703703
0 0.9096354166666667 0.937962962962963 0.0046875 0.027777777777777776
0 0.9765625 0.8212962962962963 0.004166666666666667 0.009259259259259259
0 0.7536458333333333 0.8532407407407407 0.008333333333333333 0.013888888888888888
0 0.64921875 0.7518518518518519 0.018229166666666668 0.03148148148148148
0 0.6442708333333333 0.8449074074074074 0.011458333333333333 0.019444444444444445
0 0.48828125 0.8296296296296296 0.011979166666666667 0.016666666666666666
0 0.5127604166666667 0.7245370370370371 0.008854166666666666 0.01574074074074074
0 0.24296875 0.625462962962963 0.005729166666666666 0.008333333333333333
0 0.17630208333333333 0.8157407407407408 0.0140625 0.03333333333333333
0 0.09296875 0.8564814814814815 0.0067708333333333336 0.009259259259259259
0 0.05755208333333333 0.5444444444444444 0.008854166666666666 0.018518518518518517
0 0.41770833333333335 0.8185185185185185 0.011458333333333333 0.016666666666666666
0 0.58515625 0.825462962962963 0.008854166666666666 0.01574074074074074
0 0.575 0.799074074074074 0.011458333333333333 0.016666666666666666
0 0.5346354166666667 0.8314814814814815 0.013020833333333334 0.022222222222222223
0 0.5518229166666667 0.8240740740740741 0.0046875 0.012962962962962963
0 0.6604166666666667 0.5939814814814814 0.015625 0.021296296296296296
0 0.6213541666666667 0.487962962962963 0.004166666666666667 0.04259259259259259
0 0.5393229166666667 0.15555555555555556 0.005729166666666666 0.011111111111111112
0 0.57109375 0.4212962962962963 0.005729166666666666 0.012962962962962963
1 0.5 0.5510930555555555 1.0 0.8984824074074074
0 0.66559140625 0.13106203703703703 0.029099479166666668 0.04545740740740741
0 0.93715 0.3797111111111111 0.009716666666666667 0.022385185185185185
0 0.8669651041666667 0.23517129629629632 0.005805208333333334 0.020342592592592593
0 0.92500546875 0.7437921296296296 0.010427604166666667 0.028325
0 0.9220203125 0.8990310185185185 0.005498958333333333 0.027691666666666667
0 0.9852776041666667 0.7761134259259259 0.003888541666666667 0.009634259259259259
0 0.76350859375 0.8293509259259259 0.0082671875 0.014257407407407408
0 0.6564979166666667 0.7374759259259259 0.018204166666666667 0.03235925925925926
0 0.6544752604166667 0.8306125 0.011033854166666666 0.02048425925925926
0 0.49785260416666666 0.8306148148148148 0.012371875000000001 0.016785185185185184
0 0.5190997395833333 0.7226986111111111 0.0090328125 0.015767592592592593
0 0.24721328125 0.6488236111111111 0.005884895833333333 0.008758333333333333
0 0.18595364583333335 0.8453231481481481 0.014615625 0.033238888888888894
0 0.10402421875 0.8936819444444445 0.007006770833333333 0.009586111111111111
0 0.05956119791666667 0.5853421296296296 0.008705729166666667 0.018832407407407405
0 0.42721171874999997 0.8261569444444444 0.011715104166666665 0.0171287037037037
0 0.5949369791666667 0.8172643518518519 0.008623958333333332 0.016010185185185186
0 0.583928125 0.7916796296296297 0.01160625 0.016692592592592592
0 0.5443859375 0.8279078703703704 0.012730208333333333 0.022482407407407406
0 0.5611947916666666 0.8184125 0.00468125 0.012750925925925926
0 0.6631872395833334 0.5791037037037037 0.015957812499999998 0.02117037037037037
0 0.6209372395833334 0.47667731481481485 0.004374479166666666 0.042243518518518514
0 0.52890234375 0.15191712962962964 0.005721354166666666 0.011241666666666667
0 0.56884296875 0.41497546296296295 0.005394270833333333 0.01328425925925926
1 0.5 0.4589814814814815 1.0 0.917962962962963
0 0.3098783854166667 0.8300898148148148 0.029131770833333334 0.047216666666666664
0 0.05813489583333333 0.5251023148148148 0.008978125 0.02242685185185185
0 0.11747057291666667 0.6833083333333333 0.006816145833333333 0.02032037037037037
0 0.09467682291666667 0.16639490740740742 0.0091453125 0.02908611111111111
0 0.10879817708333334 0.013224999999999999 0.0040546875 0.026449999999999998
0 0.037155729166666665 0.12010092592592593 0.004519791666666667 0.00872037037037037
0 0.2609638020833333 0.11592824074074073 0.0083859375 0.013337962962962963
0 0.36117578125 0.2299037037037037 0.018184895833333332 0.030177777777777776
0 0.36963828125000003 0.13795 0.012193229166666668 0.018492592592592595
0 0.5247794270833334 0.1731277777777778 0.012058854166666666 0.016625925925925926
0 0.4959557291666667 0.27448564814814813 0.008578124999999999 0.01563796296296296
0 0.7612453124999999 0.40693425925925925 0.005823958333333334 0.008312962962962963
0 0.8354729166666667 0.22499166666666665 0.013654166666666667 0.03331666666666667
0 0.91988046875 0.19545601851851852 0.0064276041666666665 0.009430555555555557
0 0.9430486979166666 0.511088425925926 0.0090140625 0.018473148148148148
0 0.5947414062499999 0.19260462962962963 0.0113578125 0.016690740740740742
0 0.42799921875 0.16465555555555556 0.0091234375 0.016348148148148146
0 0.43685625 0.19253981481481483 0.011212499999999999 0.01656111111111111
0 0.4785513020833333 0.16485231481481483 0.013352604166666667 0.022297222222222222
0 0.46087109374999996 0.17048379629629629 0.005075520833333333 0.013189814814814814
0 0.34371276041666665 0.3856865740740741 0.015550520833333333 0.021373148148148148
0 0.37823489583333336 0.4973638888888889 0.005428125000000001 0.04287592592592592
0 0.44712838541666666 0.8391337962962963 0.005715104166666667 0.011600925925925926
0 0.4259921875 0.5701287037037037 0.006151041666666667 0.012479629629629629
1 0.49973958333333335 0.5486111111111112 0.9994791666666667 0.9009259259259259
0 0.6765625 0.14722222222222223 0.029166666666666667 0.046296296296296294
0 0.9401041666666666 0.4203703703703704 0.009375 0.022222222222222223
0 0.8744791666666667 0.26944444444444443 0.00625 0.020370370370370372
0 0.9174479166666667 0.7828703703703703 0.009895833333333333 0.028703703703703703
0 0.9096354166666667 0.937962962962963 0.0046875 0.027777777777777776
0 0.9765625 0.8212962962962963 0.004166666666666667 0.009259259259259259
0 0.7536458333333333 0.8532407407407407 0.008333333333333333 0.013888888888888888
0 0.64921875 0.7518518518518519 0.018229166666666668 0.03148148148148148
0 0.6442708333333333 0.8449074074074074 0.011458333333333333 0.019444444444444445
0 0.48828125 0.8296296296296296 0.011979166666666667 0.016666666666666666
0 0.5127604166666667 0.7245370370370371 0.008854166666666666 0.01574074074074074
0 0.24296875 0.625462962962963 0.005729166666666666 0.008333333333333333
0 0.17630208333333333 0.8157407407407408 0.0140625 0.03333333333333333
0 0.09296875 0.8564814814814815 0.0067708333333333336 0.009259259259259259
0 0.05755208333333333 0.5444444444444444 0.008854166666666666 0.018518518518518517
0 0.41770833333333335 0.8185185185185185 0.011458333333333333 0.016666666666666666
0 0.58515625 0.825462962962963 0.008854166666666666 0.01574074074074074
0 0.575 0.799074074074074 0.011458333333333333 0.016666666666666666
0 0.5346354166666667 0.8314814814814815 0.013020833333333334 0.022222222222222223
0 0.5518229166666667 0.8240740740740741 0.0046875 0.012962962962962963
0 0.6604166666666667 0.5939814814814814 0.015625 0.021296296296296296
0 0.6213541666666667 0.487962962962963 0.004166666666666667 0.04259259259259259
0 0.5393229166666667 0.15555555555555556 0.005729166666666666 0.011111111111111112
0 0.57109375 0.4212962962962963 0.005729166666666666 0.012962962962962963
1 0.5 0.5510930555555555 1.0 0.8984824074074074
0 0.66559140625 0.13106203703703703 0.029099479166666668 0.04545740740740741
0 0.93715 0.3797111111111111 0.009716666666666667 0.022385185185185185
0 0.8669651041666667 0.23517129629629632 0.005805208333333334 0.020342592592592593
0 0.92500546875 0.7437921296296296 0.010427604166666667 0.028325
0 0.9220203125 0.8990310185185185 0.005498958333333333 0.027691666666666667
0 0.9852776041666667 0.7761134259259259 0.003888541666666667 0.009634259259259259
0 0.76350859375 0.8293509259259259 0.0082671875 0.014257407407407408
0 0.6564979166666667 0.7374759259259259 0.018204166666666667 0.03235925925925926
0 0.6544752604166667 0.8306125 0.011033854166666666 0.02048425925925926
0 0.49785260416666666 0.8306148148148148 0.012371875000000001 0.016785185185185184
0 0.5190997395833333 0.7226986111111111 0.0090328125 0.015767592592592593
0 0.24721328125 0.6488236111111111 0.005884895833333333 0.008758333333333333
0 0.18595364583333335 0.8453231481481481 0.014615625 0.033238888888888894
0 0.10402421875 0.8936819444444445 0.007006770833333333 0.009586111111111111
0 0.05956119791666667 0.5853421296296296 0.008705729166666667 0.018832407407407405
0 0.42721171874999997 0.8261569444444444 0.011715104166666665 0.0171287037037037
0 0.5949369791666667 0.8172643518518519 0.008623958333333332 0.016010185185185186
0 0.583928125 0.7916796296296297 0.01160625 0.016692592592592592
0 0.5443859375 0.8279078703703704 0.012730208333333333 0.022482407407407406
0 0.5611947916666666 0.8184125 0.00468125 0.012750925925925926
0 0.6631872395833334 0.5791037037037037 0.015957812499999998 0.02117037037037037
0 0.6209372395833334 0.47667731481481485 0.004374479166666666 0.042243518518518514
0 0.52890234375 0.15191712962962964 0.005721354166666666 0.011241666666666667
0 0.56884296875 0.41497546296296295 0.005394270833333333 0.01328425925925926
1 0.5 0.4589814814814815 1.0 0.917962962962963
0 0.3098783854166667 0.8300898148148148 0.029131770833333334 0.047216666666666664
0 0.05813489583333333 0.5251023148148148 0.008978125 0.02242685185185185
0 0.11747057291666667 0.6833083333333333 0.006816145833333333 0.02032037037037037
0 0.09467682291666667 0.16639490740740742 0.0091453125 0.02908611111111111
0 0.10879817708333334 0.013224999999999999 0.0040546875 0.026449999999999998
0 0.037155729166666665 0.12010092592592593 0.004519791666666667 0.00872037037037037
0 0.2609638020833333 0.11592824074074073 0.0083859375 0.013337962962962963
0 0.36117578125 0.2299037037037037 0.018184895833333332 0.030177777777777776
0 0.36963828125000003 0.13795 0.012193229166666668 0.018492592592592595
0 0.5247794270833334 0.1731277777777778 0.012058854166666666 0.016625925925925926
0 0.4959557291666667 0.27448564814814813 0.008578124999999999 0.01563796296296296
0 0.7612453124999999 0.40693425925925925 0.005823958333333334 0.008312962962962963
0 0.8354729166666667 0.22499166666666665 0.013654166666666667 0.03331666666666667
0 0.91988046875 0.19545601851851852 0.0064276041666666665 0.009430555555555557
0 0.9430486979166666 0.511088425925926 0.0090140625 0.018473148148148148
0 0.5947414062499999 0.19260462962962963 0.0113578125 0.016690740740740742
0 0.42799921875 0.16465555555555556 0.0091234375 0.016348148148148146
0 0.43685625 0.19253981481481483 0.011212499999999999 0.01656111111111111
0 0.4785513020833333 0.16485231481481483 0.013352604166666667 0.022297222222222222
0 0.46087109374999996 0.17048379629629629 0.005075520833333333 0.013189814814814814
0 0.34371276041666665 0.3856865740740741 0.015550520833333333 0.021373148148148148
0 0.37823489583333336 0.4973638888888889 0.005428125000000001 0.04287592592592592
0 0.44712838541666666 0.8391337962962963 0.005715104166666667 0.011600925925925926
0 0.4259921875 0.5701287037037037 0.006151041666666667 0.012479629629629629
