1 0.49973958333333335 0.5152777777777777 0.9994791666666667 0.9675925925925926
0 0.17916666666666667 0.6476851851851851 0.014583333333333334 0.030555555555555555
0 0.27890625 0.9203703703703704 0.0078125 0.04259259259259259
0 0.4786458333333333 0.5689814814814815 0.009375 0.030555555555555555
0 0.23567708333333334 0.5652777777777778 0.008854166666666666 0.05277777777777778
0 0.32317708333333334 0.8833333333333333 0.009895833333333333 0.025925925925925925
0 0.66640625 0.9828703703703704 0.0140625 0.026851851851851852
0 0.7552083333333334 0.7421296296296296 0.008333333333333333 0.01574074074074074
0 0.7916666666666666 0.29444444444444445 0.01875 0.04259259259259259
0 0.95234375 0.38425925925925924 0.0067708333333333336 0.012962962962962963
0 0.9510416666666667 0.3592592592592593 0.007291666666666667 0.027777777777777776
0 0.4705729166666667 0.2884259259259259 0.016145833333333335 0.019444444444444445
0 0.540625 0.055092592592592596 0.015625 0.03611111111111111
0 0.023697916666666666 0.5527777777777778 0.005729166666666666 0.020370370370370372
1 0.5 0.5 1.0 1.0
0 0.17084010416666665 0.44359166666666666 0.014596875 0.031627777777777775
0 0.24471015625 0.14619444444444443 0.006086979166666667 0.04424074074074074
0 0.472346875 0.4381083333333333 0.01031875 0.03177222222222222
0 0.23274843750000002 0.5085592592592593 0.006121875 0.054155555555555554
0 0.29173515624999996 0.1701537037037037 0.0084703125 0.027344444444444446
0 0.7307505208333333 0.18941527777777778 0.007334375000000001 0.017719444444444444
0 0.8060578125000001 0.6225805555555555 0.020448958333333333 0.039605555555555554
0 0.9568354166666667 0.48815740740740743 0.007420833333333333 0.0115
0 0.9584666666666667 0.5133712962962963 0.007558333333333334 0.028594444444444447
0 0.4894591145833333 0.7178222222222223 0.0153765625 0.02268148148148148
0 0.5797135416666667 0.9283805555555555 0.015677083333333335 0.03639074074074074
0 0.02482890625 0.5809217592592593 0.0059078125 0.019250925925925925
1 0.49973958333333335 0.4847222222222222 0.9994791666666667 0.9675925925925926
0 0.17916666666666667 0.3523148148148148 0.014583333333333334 0.030555555555555555
0 0.27890625 0.07962962962962963 0.0078125 0.04259259259259259
0 0.4786458333333333 0.4310185185185185 0.009375 0.030555555555555555
0 0.23567708333333334 0.43472222222222223 0.008854166666666666 0.05277777777777778
0 0.32317708333333334 0.11666666666666667 0.009895833333333333 0.025925925925925925
0 0.66640625 0.01712962962962963 0.0140625 0.026851851851851852
0 0.7552083333333334 0.25787037037037036 0.008333333333333333 0.01574074074074074
0 0.7916666666666666 0.7055555555555556 0.01875 0.04259259259259259
0 0.95234375 0.6157407407407407 0.0067708333333333336 0.012962962962962963
0 0.9510416666666667 0.6407407407407407 0.007291666666666667 0.027777777777777776
0 0.4705729166666667 0.711574074074074 0.016145833333333335 0.019444444444444445
0 0.540625 0.9449074074074074 0.015625 0.03611111111111111
0 0.023697916666666666 0.44722222222222224 0.005729166666666666 0.020370370370370372
1 0.49973958333333335 0.5152777777777777 0.9994791666666667 0.9675925925925926
0 0.17916666666666667 0.6476851851851851 0.014583333333333334 0.030555555555555555
0 0.27890625 0.9203703703703704 0.0078125 0.04259259259259259
0 0.4786458333333333 0.5689814814814815 0.009375 0.030555555555555555
0 0.23567708333333334 0.5652777777777778 0.008854166666666666 0.05277777777777778
0 0.32317708333333334 0.8833333333333333 0.009895833333333333 0.025925925925925925
0 0.66640625 0.9828703703703704 0.0140625 0.026851851851851852
0 0.7552083333333334 0.7421296296296296 0.008333333333333333 0.01574074074074074
0 0.7916666666666666 0.29444444444444445 0.01875 0.04259259259259259
0 0.95234375 0.38425925925925924 0.0067708333333333336 0.012962962962962963
0 0.9510416666666667 0.3592592592592593 0.007291666666666667 0.027777777777777776
0 0.4705729166666667 0.2884259259259259 0.016145833333333335 0.019444444444444445
0 0.540625 0.055092592592592596 0.015625 0.03611111111111111
0 0.023697916666666666 0.5527777777777778 0.005729166666666666 0.020370370370370372
1 0.5 0.5 1.0 1.0
0 0.17084010416666665 0.44359166666666666 0.014596875 0.031627777777777775
0 0.24471015625 0.14619444444444443 0.006086979166666667 0.04424074074074074
0 0.472346875 0.4381083333333333 0.01031875 0.03177222222222222
0 0.23274843750000002 0.5085592592592593 0.006121875 0.054155555555555554
0 0.29173515624999996 0.1701537037037037 0.0084703125 0.027344444444444446
0 0.7307505208333333 0.18941527777777778 0.007334375000000001 0.017719444444444444
0 0.8060578125000001 0.6225805555555555 0.020448958333333333 0.039605555555555554
0 0.9568354166666667 0.48815740740740743 0.007420833333333333 0.0115
0 0.9584666666666667 0.5133712962962963 0.007558333333333334 0.028594444444444447
0 0.4894591145833333 0.7178222222222223 0.0153765625 0.02268148148148148
0 0.5797135416666667 0.9283805555555555 0.015677083333333335 0.03639074074074074
0 0.02482890625 0.5809217592592593 0.0059078125 0.019250925925925925
1 0.49973958333333335 0.4847222222222222 0.9994791666666667 0.9675925925925926
0 0.17916666666666667 0.3523148148148148 0.014583333333333334 0.030555555555555555
0 0.27890625 0.07962962962962963 0.0078125 0.04259259259259259
0 0.4786458333333333 0.4310185185185185 0.009375 0.030555555555555555
0 0.23567708333333334 0.43472222222222223 0.008854166666666666 0.05277777777777778
0 0.32317708333333334 0.11666666666666667 0.009895833333333333 0.025925925925925925
0 0.66640625 0.01712962962962963 0.0140625 0.026851851851851852
0 0.7552083333333334 0.25787037037037036 0.008333333333333333 0.01574074074074074
0 0.7916666666666666 0.7055555555555556 0.01875 0.04259259259259259
0 0.95234375 0.6157407407407407 0.0067708333333333336 0.012962962962962963
0 0.9510416666666667 0.6407407407407407 0.007291666666666667 0.027777777777777776
0 0.4705729166666667 0.711574074074074 0.016145833333333335 0.019444444444444445
0 0.540625 0.9449074074074074 0.015625 0.03611111111111111
0 0.023697916666666666 0.44722222222222224 0.005729166666666666 0.020370370370370372
1 0.49973958333333335 0.5152777777777777 0.9994791666666667 0.9675925925925926
0 0.17916666666666667 0.6476851851851851 0.014583333333333334 0.030555555555555555
0 0.27890625 0.9203703703703704 0.0078125 0.04259259259259259
0 0.4786458333333333 0.5689814814814815 0.009375 0.030555555555555555
0 0.23567708333333334 0.5652777777777778 0.008854166666666666 0.05277777777777778
0 0.32317708333333334 0.8833333333333333 0.009895833333333333 0.025925925925925925
0 0.66640625 0.9828703703703704 0.0140625 0.026851851851851852
0 0.7552083333333334 0.7421296296296296 0.008333333333333333 0.01574074074074074
0 0.7916666666666666 0.29444444444444445 0.01875 0.04259259259259259
0 0.95234375 0.38425925925925924 0.0067708333333333336 0.012962962962962963
0 0.9510416666666667 0.3592592592592593 0.007291666666666667 0.027777777777777776
0 0.4705729166666667 0.2884259259259259 0.016145833333333335 0.019444444444444445
0 0.540625 0.055092592592592596 0.015625 0.03611111111111111
0 0.023697916666666666 0.5527777777777778 0.005729166666666666 0.020370370370370372
1 0.5 0.5 1.0 1.0
0 0.17084010416666665 0.44359166666666666 0.014596875 0.031627777777777775
0 0.24471015625 0.14619444444444443 0.006086979166666667 0.04424074074074074
0 0.472346875 0.4381083333333333 0.01031875 0.03177222222222222
0 0.23274843750000002 0.5085592592592593 0.006121875 0.054155555555555554
0 0.29173515624999996 0.1701537037037037 0.0084703125 0.027344444444444446
0 0.7307505208333333 0.18941527777777778 0.007334375000000001 0.017719444444444444
0 0.8060578125000001 0.6225805555555555 0.020448958333333333 0.039605555555555554
0 0.9568354166666667 0.48815740740740743 0.007420833333333333 0.0115
0 0.9584666666666667 0.5133712962962963 0.007558333333333334 0.028594444444444447
0 0.4894591145833333 0.7178222222222223 0.0153765625 0.02268148148148148
0 0.5797135416666667 0.9283805555555555 0.015677083333333335 0.03639074074074074
0 0.02482890625 0.5809217592592593 0.0059078125 0.019250925925925925
1 0.49973958333333335 0.4847222222222222 0.9994791666666667 0.9675925925925926
0 0.17916666666666667 0.3523148148148148 0.014583333333333334 0.030555555555555555
0 0.27890625 0.07962962962962963 0.0078125 0.04259259259259259
0 0.4786458333333333 0.4310185185185185 0.009375 0.030555555555555555
0 0.23567708333333334 0.43472222222222223 0.008854166666666666 0.05277777777777778
0 0.32317708333333334 0.11666666666666667 0.009895833333333333 0.025925925925925925
0 0.66640625 0.01712962962962963 0.0140625 0.026851851851851852
0 0.7552083333333334 0.25787037037037036 0.008333333333333333 0.01574074074074074
0 0.7916666666666666 0.7055555555555556 0.01875 0.04259259259259259
0 0.95234375 0.6157407407407407 0.0067708333333333336 0.012962962962962963
0 0.9510416666666667 0.6407407407407407 0.007291666666666667 0.027777777777777776
0 0.4705729166666667 0.711574074074074 0.016145833333333335 0.019444444444444445
0 0.540625 0.9449074074074074 0.015625 0.03611111111111111
0 0.023697916666666666 0.44722222222222224 0.005729166666666666 0.020370370370370372
