1 0.49973958333333335 0.5347222222222222 0.9994791666666667 0.9287037037037037
1 0.06067708333333333 0.20324074074074075 0.027604166666666666 0.028703703703703703
0 0.5901041666666667 0.33287037037037037 0.017708333333333333 0.021296296296296296
1 0.5 0.5338935185185185 1.0 0.9326018518518518
1 0.05762265625 0.21708703703703705 0.0277453125 0.02861851851851852
0 0.5885312500000001 0.3302685185185185 0.017687500000000002 0.021648148148148146
1 0.5 0.5354851851851853 1.0 0.9283777777777777
1 0.06677317708333333 0.17646111111111112 0.027296354166666665 0.028848148148148147
0 0.5932419270833333 0.3386134259259259 0.017733854166666667 0.021671296296296296
1 0.49973958333333335 0.5347222222222222 0.9994791666666667 0.9287037037037037
1 0.06067708333333333 0.20324074074074075 0.027604166666666666 0.028703703703703703
0 0.5901041666666667 0.33287037037037037 0.017708333333333333 0.021296296296296296
1 0.5 0.5338935185185185 1.0 0.9326018518518518
1 0.05762265625 0.21708703703703705 0.0277453125 0.02861851851851852
0 0.5885312500000001 0.3302685185185185 0.017687500000000002 0.021648148148148146
1 0.5 0.5354851851851853 1.0 0.9283777777777777
1 0.06677317708333333 0.17646111111111112 0.027296354166666665 0.028848148148148147
0 0.5932419270833333 0.3386134259259259 0.017733854166666667 0.021671296296296296
1 0.49973958333333335 0.5347222222222222 0.9994791666666667 0.9287037037037037
1 0.06067708333333333 0.20324074074074075 0.027604166666666666 0.028703703703703703
0 0.5901041666666667 0.33287037037037037 0.017708333333333333 0.021296296296296296
1 0.5 0.5338935185185185 1.0 0.9326018518518518
1 0.05762265625 0.21708703703703705 0.0277453125 0.02861851851851852
0 0.5885312500000001 0.3302685185185185 0.017687500000000002 0.021648148148148146
1 0.5 0.5354851851851853 1.0 0.9283777777777777
1 0.06677317708333333 0.17646111111111112 0.027296354166666665 0.028848148148148147
0 0.5932419270833333 0.3386134259259259 0.017733854166666667 0.021671296296296296
