1 0.49973958333333335 0.549537037037037 0.9994791666666667 0.899074074074074
0 0.73125 0.29583333333333334 0.009375 0.026851851851851852
0 0.8705729166666667 0.8851851851851852 0.0067708333333333336 0.011111111111111112
0 0.5143229166666666 0.7296296296296296 0.013020833333333334 0.02962962962962963
0 0.22083333333333333 0.8208333333333333 0.011458333333333333 0.021296296296296296
0 0.33098958333333334 0.8976851851851851 0.013020833333333334 0.017592592592592594
0 0.3026041666666667 0.5430555555555555 0.010416666666666666 0.013888888888888888
0 0.22005208333333334 0.4652777777777778 0.0078125 0.01574074074074074
0 0.014322916666666666 0.43842592592592594 0.028645833333333332 0.013888888888888888
0 0.03828125 0.40370370370370373 0.0046875 0.03888888888888889
0 0.15807291666666667 0.3439814814814815 0.0078125 0.013888888888888888
0 0.8723958333333334 0.9407407407407408 0.027083333333333334 0.07962962962962963
0 0.9234375 0.7916666666666666 0.007291666666666667 0.025925925925925925
0 0.6963541666666667 0.7416666666666667 0.007291666666666667 0.018518518518518517
0 0.9856770833333334 0.2662037037037037 0.0046875 0.013888888888888888
0 0.9122395833333333 0.3902777777777778 0.005729166666666666 0.013888888888888888
1 0.49973958333333335 0.45046296296296295 0.9994791666666667 0.899074074074074
0 0.73125 0.7041666666666667 0.009375 0.026851851851851852
0 0.8705729166666667 0.11481481481481481 0.0067708333333333336 0.011111111111111112
0 0.5143229166666666 0.27037037037037037 0.013020833333333334 0.02962962962962963
0 0.22083333333333333 0.17916666666666667 0.011458333333333333 0.021296296296296296
0 0.33098958333333334 0.10231481481481482 0.013020833333333334 0.017592592592592594
0 0.3026041666666667 0.45694444444444443 0.010416666666666666 0.013888888888888888
0 0.22005208333333334 0.5347222222222222 0.0078125 0.01574074074074074
0 0.014322916666666666 0.5615740740740741 0.028645833333333332 0.013888888888888888
0 0.03828125 0.5962962962962963 0.0046875 0.03888888888888889
0 0.15807291666666667 0.6560185185185186 0.0078125 0.013888888888888888
0 0.8723958333333334 0.05925925925925926 0.027083333333333334 0.07962962962962963
0 0.9234375 0.20833333333333334 0.007291666666666667 0.025925925925925925
0 0.6963541666666667 0.25833333333333336 0.007291666666666667 0.018518518518518517
0 0.9856770833333334 0.7337962962962963 0.0046875 0.013888888888888888
0 0.9122395833333333 0.6097222222222223 0.005729166666666666 0.013888888888888888
1 0.5 0.45082916666666667 1.0 0.9016583333333333
0 0.27960286458333333 0.739300925925926 0.010247395833333334 0.02675
0 0.11175130208333334 0.17364953703703706 0.0068359375 0.010262037037037037
0 0.4747375 0.27325324074074075 0.013016666666666668 0.029839814814814812
0 0.7621390625 0.1368162037037037 0.011778125 0.021780555555555556
0 0.6489682291666666 0.07778657407407408 0.013561458333333333 0.016684259259259256
0 0.6944098958333333 0.4263625 0.010694791666666667 0.013836111111111112
0 0.7807489583333334 0.4906893518518518 0.008372916666666667 0.014712037037037036
0 0.9862309895833333 0.4857384259259259 0.027670312500000002 0.010365740740740741
0 0.96435078125 0.5246837962962962 0.005784895833333333 0.03825648148148148
0 0.8484572916666667 0.6022884259259259 0.008372916666666667 0.013836111111111112
0 0.10778125 0.11804861111111112 0.0249375 0.08239351851851852
0 0.06348567708333333 0.27474907407407406 0.0071796875 0.02542407407407407
0 0.29249010416666665 0.28994120370370374 0.006855208333333334 0.018771296296296296
0 0.027651302083333332 0.8078842592592592 0.0042609375 0.013916666666666666
0 0.09490494791666666 0.672699074074074 0.005434895833333333 0.013916666666666666
1 0.49973958333333335 0.549537037037037 0.9994791666666667 0.899074074074074
0 0.73125 0.29583333333333334 0.009375 0.026851851851851852
0 0.8705729166666667 0.8851851851851852 0.0067708333333333336 0.011111111111111112
0 0.5143229166666666 0.7296296296296296 0.013020833333333334 0.02962962962962963
0 0.22083333333333333 0.8208333333333333 0.011458333333333333 0.021296296296296296
0 0.33098958333333334 0.8976851851851851 0.013020833333333334 0.017592592592592594
0 0.3026041666666667 0.5430555555555555 0.010416666666666666 0.013888888888888888
0 0.22005208333333334 0.4652777777777778 0.0078125 0.01574074074074074
0 0.014322916666666666 0.43842592592592594 0.028645833333333332 0.013888888888888888
0 0.03828125 0.40370370370370373 0.0046875 0.03888888888888889
0 0.15807291666666667 0.3439814814814815 0.0078125 0.013888888888888888
0 0.8723958333333334 0.9407407407407408 0.027083333333333334 0.07962962962962963
0 0.9234375 0.7916666666666666 0.007291666666666667 0.025925925925925925
0 0.6963541666666667 0.7416666666666667 0.007291666666666667 0.018518518518518517
0 0.9856770833333334 0.2662037037037037 0.0046875 0.013888888888888888
0 0.9122395833333333 0.3902777777777778 0.005729166666666666 0.013888888888888888
1 0.49973958333333335 0.45046296296296295 0.9994791666666667 0.899074074074074
0 0.73125 0.7041666666666667 0.009375 0.026851851851851852
0 0.8705729166666667 0.11481481481481481 0.0067708333333333336 0.011111111111111112
0 0.5143229166666666 0.27037037037037037 0.013020833333333334 0.02962962962962963
0 0.22083333333333333 0.17916666666666667 0.011458333333333333 0.021296296296296296
0 0.33098958333333334 0.10231481481481482 0.013020833333333334 0.017592592592592594
0 0.3026041666666667 0.45694444444444443 0.010416666666666666 0.013888888888888888
0 0.22005208333333334 0.5347222222222222 0.0078125 0.01574074074074074
0 0.014322916666666666 0.5615740740740741 0.028645833333333332 0.013888888888888888
0 0.03828125 0.5962962962962963 0.0046875 0.03888888888888889
0 0.15807291666666667 0.6560185185185186 0.0078125 0.013888888888888888
0 0.8723958333333334 0.05925925925925926 0.027083333333333334 0.07962962962962963
0 0.9234375 0.20833333333333334 0.007291666666666667 0.025925925925925925
0 0.6963541666666667 0.25833333333333336 0.007291666666666667 0.018518518518518517
0 0.9856770833333334 0.7337962962962963 0.0046875 0.013888888888888888
0 0.9122395833333333 0.6097222222222223 0.005729166666666666 0.013888888888888888
1 0.5 0.45082916666666667 1.0 0.9016583333333333
0 0.27960286458333333 0.739300925925926 0.010247395833333334 0.02675
0 0.11175130208333334 0.17364953703703706 0.0068359375 0.010262037037037037
0 0.4747375 0.27325324074074075 0.013016666666666668 0.029839814814814812
0 0.7621390625 0.1368162037037037 0.011778125 0.021780555555555556
0 0.6489682291666666 0.07778657407407408 0.013561458333333333 0.016684259259259256
0 0.6944098958333333 0.4263625 0.010694791666666667 0.013836111111111112
0 0.7807489583333334 0.4906893518518518 0.008372916666666667 0.014712037037037036
0 0.9862309895833333 0.4857384259259259 0.027670312500000002 0.010365740740740741
0 0.96435078125 0.5246837962962962 0.005784895833333333 0.03825648148148148
0 0.8484572916666667 0.6022884259259259 0.008372916666666667 0.013836111111111112
0 0.10778125 0.11804861111111112 0.0249375 0.08239351851851852
0 0.06348567708333333 0.27474907407407406 0.0071796875 0.02542407407407407
0 0.29249010416666665 0.28994120370370374 0.006855208333333334 0.018771296296296296
0 0.027651302083333332 0.8078842592592592 0.0042609375 0.013916666666666666
0 0.09490494791666666 0.672699074074074 0.005434895833333333 0.013916666666666666
1 0.49973958333333335 0.549537037037037 0.9994791666666667 0.899074074074074
0 0.73125 0.29583333333333334 0.009375 0.026851851851851852
0 0.8705729166666667 0.8851851851851852 0.0067708333333333336 0.011111111111111112
0 0.5143229166666666 0.7296296296296296 0.013020833333333334 0.02962962962962963
0 0.22083333333333333 0.8208333333333333 0.011458333333333333 0.021296296296296296
0 0.33098958333333334 0.8976851851851851 0.013020833333333334 0.017592592592592594
0 0.3026041666666667 0.5430555555555555 0.010416666666666666 0.013888888888888888
0 0.22005208333333334 0.4652777777777778 0.0078125 0.01574074074074074
0 0.014322916666666666 0.43842592592592594 0.028645833333333332 0.013888888888888888
0 0.03828125 0.40370370370370373 0.0046875 0.03888888888888889
0 0.15807291666666667 0.3439814814814815 0.0078125 0.013888888888888888
0 0.8723958333333334 0.9407407407407408 0.027083333333333334 0.07962962962962963
0 0.9234375 0.7916666666666666 0.007291666666666667 0.025925925925925925
0 0.6963541666666667 0.7416666666666667 0.007291666666666667 0.018518518518518517
0 0.9856770833333334 0.2662037037037037 0.0046875 0.013888888888888888
0 0.9122395833333333 0.3902777777777778 0.005729166666666666 0.013888888888888888
1 0.49973958333333335 0.45046296296296295 0.9994791666666667 0.899074074074074
0 0.73125 0.7041666666666667 0.009375 0.026851851851851852
0 0.8705729166666667 0.11481481481481481 0.0067708333333333336 0.011111111111111112
0 0.5143229166666666 0.27037037037037037 0.013020833333333334 0.02962962962962963
0 0.22083333333333333 0.17916666666666667 0.011458333333333333 0.021296296296296296
0 0.33098958333333334 0.10231481481481482 0.013020833333333334 0.017592592592592594
0 0.3026041666666667 0.45694444444444443 0.010416666666666666 0.013888888888888888
0 0.22005208333333334 0.5347222222222222 0.0078125 0.01574074074074074
0 0.014322916666666666 0.5615740740740741 0.028645833333333332 0.013888888888888888
0 0.03828125 0.5962962962962963 0.0046875 0.03888888888888889
0 0.15807291666666667 0.6560185185185186 0.0078125 0.013888888888888888
0 0.8723958333333334 0.05925925925925926 0.027083333333333334 0.07962962962962963
0 0.9234375 0.20833333333333334 0.007291666666666667 0.025925925925925925
0 0.6963541666666667 0.25833333333333336 0.007291666666666667 0.018518518518518517
0 0.9856770833333334 0.7337962962962963 0.0046875 0.013888888888888888
0 0.9122395833333333 0.6097222222222223 0.005729166666666666 0.013888888888888888
1 0.5 0.45082916666666667 1.0 0.9016583333333333
0 0.27960286458333333 0.739300925925926 0.010247395833333334 0.02675
0 0.11175130208333334 0.17364953703703706 0.0068359375 0.010262037037037037
0 0.4747375 0.27325324074074075 0.013016666666666668 0.029839814814814812
0 0.7621390625 0.1368162037037037 0.011778125 0.021780555555555556
0 0.6489682291666666 0.07778657407407408 0.013561458333333333 0.016684259259259256
0 0.6944098958333333 0.4263625 0.010694791666666667 0.013836111111111112
0 0.7807489583333334 0.4906893518518518 0.008372916666666667 0.014712037037037036
0 0.9862309895833333 0.4857384259259259 0.027670312500000002 0.010365740740740741
0 0.96435078125 0.5246837962962962 0.005784895833333333 0.03825648148148148
0 0.8484572916666667 0.6022884259259259 0.008372916666666667 0.013836111111111112
0 0.10778125 0.11804861111111112 0.0249375 0.08239351851851852
0 0.06348567708333333 0.27474907407407406 0.0071796875 0.02542407407407407
0 0.29249010416666665 0.28994120370370374 0.006855208333333334 0.018771296296296296
0 0.027651302083333332 0.8078842592592592 0.0042609375 0.013916666666666666
0 0.09490494791666666 0.672699074074074 0.005434895833333333 0.013916666666666666
