1 0.49973958333333335 0.549537037037037 0.9994791666666667 0.899074074074074
0 0.2046875 0.2152777777777778 0.015625 0.06388888888888888
0 0.17578125 0.1597222222222222 0.013020833333333334 0.03611111111111111
0 0.23541666666666666 0.4300925925925926 0.021875 0.05277777777777778
0 0.06302083333333333 0.337037037037037 0.013541666666666667 0.024074074074074074
0 0.7361979166666667 0.4759259259259259 0.0234375 0.046296296296296294
0 0.8270833333333333 0.3138888888888889 0.010416666666666666 0.03148148148148148
0 0.0013020833333333333 0.8055555555555556 0.0026041666666666665 0.014814814814814815
0 0.0026041666666666665 0.8189814814814815 0.005208333333333333 0.008333333333333333
0 0.01015625 0.8481481481481481 0.0109375 0.040740740740740744
0 0.46041666666666664 0.9726851851851852 0.021875 0.017592592592592594
0 0.7432291666666667 0.8138888888888889 0.016666666666666666 0.02962962962962963
0 0.9471354166666667 0.27037037037037037 0.011979166666666667 0.02962962962962963
0 0.8033854166666666 0.29074074074074074 0.0067708333333333336 0.02962962962962963
0 0.8533854166666667 0.2814814814814815 0.0109375 0.025925925925925925
0 0.6606770833333333 0.5337962962962963 0.0067708333333333336 0.019444444444444445
1 0.5 0.5491842592592593 1.0 0.9020722222222223
0 0.20752682291666666 0.20597314814814816 0.0160953125 0.06379814814814815
0 0.17904166666666665 0.14939675925925927 0.013291666666666667 0.03583055555555556
0 0.23596302083333331 0.4217148148148148 0.021926041666666667 0.05268888888888889
0 0.06468229166666667 0.3239592592592592 0.013739583333333333 0.023844444444444442
0 0.73658515625 0.483499537037037 0.0231703125 0.04662870370370371
0 0.828590625 0.3241361111111111 0.01030625 0.03160555555555555
0 0.0010557291666666668 0.8044476851851852 0.0021114583333333337 0.007043518518518518
0 0.006848697916666666 0.8325416666666666 0.010572395833333333 0.04100925925925926
0 0.45569114583333337 0.9710662037037038 0.021798958333333333 0.018058333333333332
0 0.7400166666666668 0.8215282407407407 0.01649166666666667 0.030093518518518516
0 0.9492723958333333 0.28425694444444444 0.012086458333333333 0.029625000000000002
0 0.8055408854166667 0.29994907407407406 0.006915104166666667 0.029527777777777778
0 0.8555588541666667 0.2925907407407407 0.011117708333333334 0.02592222222222222
0 0.6602057291666666 0.5384245370370371 0.006869791666666666 0.019441666666666666
1 0.5 0.55 1.0 0.9
0 0.19428203125000001 0.25251805555555557 0.014605729166666666 0.06429537037037036
0 0.16324114583333332 0.20096805555555555 0.011898958333333333 0.0371212962962963
0 0.2330583333333333 0.462887962962963 0.022366666666666667 0.05355370370370371
0 0.05761432291666667 0.3914541666666667 0.0131453125 0.025500925925925927
0 0.734721875 0.4464875 0.024652083333333335 0.04482685185185185
0 0.8189552083333334 0.2737773148148148 0.010827083333333333 0.030887962962962964
0 0.014610416666666666 0.8667453703703704 0.0031791666666666665 0.014972222222222224
0 0.016302864583333333 0.8799208333333333 0.005522395833333333 0.007989814814814814
0 0.02493203125 0.9077347222222223 0.0123640625 0.03954351851851852
0 0.4787645833333333 0.9768736111111112 0.0221125 0.016710185185185186
0 0.75517578125 0.782812962962963 0.017643229166666666 0.02858888888888889
0 0.93700703125 0.21570462962962964 0.0115140625 0.029557407407407407
0 0.794753125 0.25386157407407406 0.006172916666666667 0.029945370370370372
0 0.8441546875 0.23838333333333334 0.010184374999999999 0.026766666666666668
0 0.6617468750000001 0.5134023148148148 0.0068270833333333334 0.019397222222222225
1 0.49973958333333335 0.549537037037037 0.9994791666666667 0.899074074074074
0 0.2046875 0.2152777777777778 0.015625 0.06388888888888888
0 0.17578125 0.1597222222222222 0.013020833333333334 0.03611111111111111
0 0.23541666666666666 0.4300925925925926 0.021875 0.05277777777777778
0 0.06302083333333333 0.337037037037037 0.013541666666666667 0.024074074074074074
0 0.7361979166666667 0.4759259259259259 0.0234375 0.046296296296296294
0 0.8270833333333333 0.3138888888888889 0.010416666666666666 0.03148148148148148
0 0.0013020833333333333 0.8055555555555556 0.0026041666666666665 0.014814814814814815
0 0.0026041666666666665 0.8189814814814815 0.005208333333333333 0.008333333333333333
0 0.01015625 0.8481481481481481 0.0109375 0.040740740740740744
0 0.46041666666666664 0.9726851851851852 0.021875 0.017592592592592594
0 0.7432291666666667 0.8138888888888889 0.016666666666666666 0.02962962962962963
0 0.9471354166666667 0.27037037037037037 0.011979166666666667 0.02962962962962963
0 0.8033854166666666 0.29074074074074074 0.0067708333333333336 0.02962962962962963
0 0.8533854166666667 0.2814814814814815 0.0109375 0.025925925925925925
0 0.6606770833333333 0.5337962962962963 0.0067708333333333336 0.019444444444444445
1 0.5 0.5491842592592593 1.0 0.9020722222222223
0 0.20752682291666666 0.20597314814814816 0.0160953125 0.06379814814814815
0 0.17904166666666665 0.14939675925925927 0.013291666666666667 0.03583055555555556
0 0.23596302083333331 0.4217148148148148 0.021926041666666667 0.05268888888888889
0 0.06468229166666667 0.3239592592592592 0.013739583333333333 0.023844444444444442
0 0.73658515625 0.483499537037037 0.0231703125 0.04662870370370371
0 0.828590625 0.3241361111111111 0.01030625 0.03160555555555555
0 0.0010557291666666668 0.8044476851851852 0.0021114583333333337 0.007043518518518518
0 0.006848697916666666 0.8325416666666666 0.010572395833333333 0.04100925925925926
0 0.45569114583333337 0.9710662037037038 0.021798958333333333 0.018058333333333332
0 0.7400166666666668 0.8215282407407407 0.01649166666666667 0.030093518518518516
0 0.9492723958333333 0.28425694444444444 0.012086458333333333 0.029625000000000002
0 0.8055408854166667 0.29994907407407406 0.006915104166666667 0.029527777777777778
0 0.8555588541666667 0.2925907407407407 0.011117708333333334 0.02592222222222222
0 0.6602057291666666 0.5384245370370371 0.006869791666666666 0.019441666666666666
1 0.5 0.55 1.0 0.9
0 0.19428203125000001 0.25251805555555557 0.014605729166666666 0.06429537037037036
0 0.16324114583333332 0.20096805555555555 0.011898958333333333 0.0371212962962963
0 0.2330583333333333 0.462887962962963 0.022366666666666667 0.05355370370370371
0 0.05761432291666667 0.3914541666666667 0.0131453125 0.025500925925925927
0 0.734721875 0.4464875 0.024652083333333335 0.04482685185185185
0 0.8189552083333334 0.2737773148148148 0.010827083333333333 0.030887962962962964
0 0.014610416666666666 0.8667453703703704 0.0031791666666666665 0.014972222222222224
0 0.016302864583333333 0.8799208333333333 0.005522395833333333 0.007989814814814814
0 0.02493203125 0.9077347222222223 0.0123640625 0.03954351851851852
0 0.4787645833333333 0.9768736111111112 0.0221125 0.016710185185185186
0 0.75517578125 0.782812962962963 0.017643229166666666 0.02858888888888889
0 0.93700703125 0.21570462962962964 0.0115140625 0.029557407407407407
0 0.794753125 0.25386157407407406 0.006172916666666667 0.029945370370370372
0 0.8441546875 0.23838333333333334 0.010184374999999999 0.026766666666666668
0 0.6617468750000001 0.5134023148148148 0.0068270833333333334 0.019397222222222225
