1 0.5 0.4883333333333333 1.0 0.9766666666666666
0 0.25655651041666666 0.6701935185185185 0.0204046875 0.03297962962962963
0 0.47385807291666665 0.696062037037037 0.011257812499999999 0.03286481481481481
0 0.3317817708333333 0.19522314814814815 0.016688541666666667 0.05340925925925926
0 0.09760442708333333 0.4196074074074074 0.013958854166666666 0.04477037037037037
0 0.03865364583333333 0.7817476851851852 0.012723958333333334 0.028310185185185185
1 0.5 0.5275171296296296 1.0 0.945775
0 0.24932864583333333 0.36725277777777776 0.020532291666666664 0.0326537037037037
0 0.46415104166666665 0.3089194444444444 0.011635416666666667 0.0326537037037037
0 0.34739765625 0.8299819444444444 0.015628645833333333 0.05255648148148148
0 0.10299270833333334 0.6424148148148148 0.015360416666666666 0.044088888888888886
0 0.026292708333333335 0.29052638888888893 0.011960416666666666 0.029200925925925925
1 0.49973958333333335 0.5314814814814814 0.9994791666666667 0.9351851851851852
0 0.24583333333333332 0.3902777777777778 0.020833333333333332 0.032407407407407406
0 0.45859375 0.3125 0.011979166666666667 0.032407407407407406
0 0.3575520833333333 0.8435185185185186 0.015104166666666667 0.05185185185185185
0 0.10755208333333334 0.6791666666666667 0.016145833333333335 0.04351851851851852
0 0.020833333333333332 0.3351851851851852 0.011458333333333333 0.02962962962962963
1 0.5 0.4883333333333333 1.0 0.9766666666666666
0 0.25655651041666666 0.6701935185185185 0.0204046875 0.03297962962962963
0 0.47385807291666665 0.696062037037037 0.011257812499999999 0.03286481481481481
0 0.3317817708333333 0.19522314814814815 0.016688541666666667 0.05340925925925926
0 0.09760442708333333 0.4196074074074074 0.013958854166666666 0.04477037037037037
0 0.03865364583333333 0.7817476851851852 0.012723958333333334 0.028310185185185185
1 0.5 0.5275171296296296 1.0 0.945775
0 0.24932864583333333 0.36725277777777776 0.020532291666666664 0.0326537037037037
0 0.46415104166666665 0.3089194444444444 0.011635416666666667 0.0326537037037037
0 0.34739765625 0.8299819444444444 0.015628645833333333 0.05255648148148148
0 0.10299270833333334 0.6424148148148148 0.015360416666666666 0.044088888888888886
0 0.026292708333333335 0.29052638888888893 0.011960416666666666 0.029200925925925925
1 0.49973958333333335 0.5314814814814814 0.9994791666666667 0.9351851851851852
0 0.24583333333333332 0.3902777777777778 0.020833333333333332 0.032407407407407406
0 0.45859375 0.3125 0.011979166666666667 0.032407407407407406
0 0.3575520833333333 0.8435185185185186 0.015104166666666667 0.05185185185185185
0 0.10755208333333334 0.6791666666666667 0.016145833333333335 0.04351851851851852
0 0.020833333333333332 0.3351851851851852 0.011458333333333333 0.02962962962962963
1 0.5 0.4883333333333333 1.0 0.9766666666666666
0 0.25655651041666666 0.6701935185185185 0.0204046875 0.03297962962962963
0 0.47385807291666665 0.696062037037037 0.011257812499999999 0.03286481481481481
0 0.3317817708333333 0.19522314814814815 0.016688541666666667 0.05340925925925926
0 0.09760442708333333 0.4196074074074074 0.013958854166666666 0.04477037037037037
0 0.03865364583333333 0.7817476851851852 0.012723958333333334 0.028310185185185185
1 0.5 0.5275171296296296 1.0 0.945775
0 0.24932864583333333 0.36725277777777776 0.020532291666666664 0.0326537037037037
0 0.46415104166666665 0.3089194444444444 0.011635416666666667 0.0326537037037037
0 0.34739765625 0.8299819444444444 0.015628645833333333 0.05255648148148148
0 0.10299270833333334 0.6424148148148148 0.015360416666666666 0.044088888888888886
0 0.026292708333333335 0.29052638888888893 0.011960416666666666 0.029200925925925925
1 0.49973958333333335 0.5314814814814814 0.9994791666666667 0.9351851851851852
0 0.24583333333333332 0.3902777777777778 0.020833333333333332 0.032407407407407406
0 0.45859375 0.3125 0.011979166666666667 0.032407407407407406
0 0.3575520833333333 0.8435185185185186 0.015104166666666667 0.05185185185185185
0 0.10755208333333334 0.6791666666666667 0.016145833333333335 0.04351851851851852
0 0.020833333333333332 0.3351851851851852 0.011458333333333333 0.02962962962962963
