1 0.5 0.5428509259259259 1.0 0.9134796296296296
0 0.4754833333333333 0.13733657407407407 0.05200833333333333 0.07652500000000001
0 0.38991276041666667 0.20082916666666667 0.0183671875 0.02943611111111111
0 0.38044088541666665 0.5740416666666667 0.0400484375 0.04437962962962963
0 0.7771276041666667 0.651212037037037 0.017796875 0.022794444444444444
0 0.2679458333333333 0.2780287037037037 0.011933333333333332 0.01716851851851852
0 0.28678463541666666 0.4148361111111111 0.013152604166666667 0.022264814814814814
1 0.5 0.474387037037037 1.0 0.948774074074074
0 0.5009505208333334 0.8678439814814816 0.049817708333333335 0.07642870370370371
0 0.41130755208333336 0.8205550925925925 0.01740677083333333 0.029999074074074074
0 0.37554218749999996 0.4521013888888889 0.038584375 0.048647222222222224
0 0.7643901041666666 0.2906212962962963 0.018363541666666667 0.020131481481481483
0 0.28463177083333335 0.7702523148148147 0.011971875 0.016430555555555556
0 0.29390026041666667 0.6305324074074075 0.0138421875 0.022175925925925925
1 0.49973958333333335 0.5328703703703703 0.9994791666666667 0.9324074074074075
0 0.4934895833333333 0.13333333333333333 0.050520833333333334 0.07592592592592592
0 0.40520833333333334 0.18518518518518517 0.017708333333333333 0.02962962962962963
0 0.3768229166666667 0.5560185185185185 0.0390625 0.04722222222222222
0 0.7684895833333333 0.6935185185185185 0.018229166666666668 0.020370370370370372
0 0.2794270833333333 0.24351851851851852 0.011979166666666667 0.016666666666666666
0 0.2916666666666667 0.3824074074074074 0.013541666666666667 0.022222222222222223
1 0.5 0.5428509259259259 1.0 0.9134796296296296
0 0.4754833333333333 0.13733657407407407 0.05200833333333333 0.07652500000000001
0 0.38991276041666667 0.20082916666666667 0.0183671875 0.02943611111111111
0 0.38044088541666665 0.5740416666666667 0.0400484375 0.04437962962962963
0 0.7771276041666667 0.651212037037037 0.017796875 0.022794444444444444
0 0.2679458333333333 0.2780287037037037 0.011933333333333332 0.01716851851851852
0 0.28678463541666666 0.4148361111111111 0.013152604166666667 0.022264814814814814
1 0.5 0.474387037037037 1.0 0.948774074074074
0 0.5009505208333334 0.8678439814814816 0.049817708333333335 0.07642870370370371
0 0.41130755208333336 0.8205550925925925 0.01740677083333333 0.029999074074074074
0 0.37554218749999996 0.4521013888888889 0.038584375 0.048647222222222224
0 0.7643901041666666 0.2906212962962963 0.018363541666666667 0.020131481481481483
0 0.28463177083333335 0.7702523148148147 0.011971875 0.016430555555555556
0 0.29390026041666667 0.6305324074074075 0.0138421875 0.022175925925925925
1 0.49973958333333335 0.5328703703703703 0.9994791666666667 0.9324074074074075
0 0.4934895833333333 0.13333333333333333 0.050520833333333334 0.07592592592592592
0 0.40520833333333334 0.18518518518518517 0.017708333333333333 0.02962962962962963
0 0.3768229166666667 0.5560185185185185 0.0390625 0.04722222222222222
0 0.7684895833333333 0.6935185185185185 0.018229166666666668 0.020370370370370372
0 0.2794270833333333 0.24351851851851852 0.011979166666666667 0.016666666666666666
0 0.2916666666666667 0.3824074074074074 0.013541666666666667 0.022222222222222223
