1 0.49973958333333335 0.537962962962963 0.9994791666666667 0.9222222222222223
0 0.1734375 0.4060185185185185 0.015625 0.028703703703703703
0 0.62890625 0.6453703703703704 0.018229166666666668 0.04814814814814815
0 0.53515625 0.1412037037037037 0.0234375 0.03425925925925926
0 0.06041666666666667 0.8592592592592593 0.03958333333333333 0.07592592592592592
1 0.5 0.46746944444444444 1.0 0.9349388888888889
0 0.8193914062500001 0.6537009259259259 0.015866145833333335 0.027772222222222222
0 0.38022109375 0.33227546296296295 0.0198171875 0.047884259259259265
0 0.44408515625 0.8501861111111111 0.0225453125 0.03740925925925926
0 0.9584028645833332 0.22326481481481483 0.03555572916666667 0.07986296296296296
1 0.5 0.46425694444444443 1.0 0.9285138888888889
0 0.17126171874999999 0.5636 0.015440104166666666 0.029051851851851853
0 0.6331588541666666 0.3666337962962963 0.017359375 0.04808240740740741
0 0.5250096354166667 0.8615023148148149 0.023977604166666666 0.03411574074074074
0 0.07176015625 0.10087916666666667 0.041436979166666665 0.07398055555555556
1 0.49973958333333335 0.537962962962963 0.9994791666666667 0.9222222222222223
0 0.1734375 0.4060185185185185 0.015625 0.028703703703703703
0 0.62890625 0.6453703703703704 0.018229166666666668 0.04814814814814815
0 0.53515625 0.1412037037037037 0.0234375 0.03425925925925926
0 0.06041666666666667 0.8592592592592593 0.03958333333333333 0.07592592592592592
1 0.5 0.46746944444444444 1.0 0.9349388888888889
0 0.8193914062500001 0.6537009259259259 0.015866145833333335 0.027772222222222222
0 0.38022109375 0.33227546296296295 0.0198171875 0.047884259259259265
0 0.44408515625 0.8501861111111111 0.0225453125 0.03740925925925926
0 0.9584028645833332 0.22326481481481483 0.03555572916666667 0.07986296296296296
1 0.5 0.46425694444444443 1.0 0.9285138888888889
0 0.17126171874999999 0.5636 0.015440104166666666 0.029051851851851853
0 0.6331588541666666 0.3666337962962963 0.017359375 0.04808240740740741
0 0.5250096354166667 0.8615023148148149 0.023977604166666666 0.03411574074074074
0 0.07176015625 0.10087916666666667 0.041436979166666665 0.07398055555555556
1 0.49973958333333335 0.537962962962963 0.9994791666666667 0.9222222222222223
0 0.1734375 0.4060185185185185 0.015625 0.028703703703703703
0 0.62890625 0.6453703703703704 0.018229166666666668 0.04814814814814815
0 0.53515625 0.1412037037037037 0.0234375 0.03425925925925926
0 0.06041666666666667 0.8592592592592593 0.03958333333333333 0.07592592592592592
1 0.5 0.46746944444444444 1.0 0.9349388888888889
0 0.8193914062500001 0.6537009259259259 0.015866145833333335 0.027772222222222222
0 0.38022109375 0.33227546296296295 0.0198171875 0.047884259259259265
0 0.44408515625 0.8501861111111111 0.0225453125 0.03740925925925926
0 0.9584028645833332 0.22326481481481483 0.03555572916666667 0.07986296296296296
1 0.5 0.46425694444444443 1.0 0.9285138888888889
0 0.17126171874999999 0.5636 0.015440104166666666 0.029051851851851853
0 0.6331588541666666 0.3666337962962963 0.017359375 0.04808240740740741
0 0.5250096354166667 0.8615023148148149 0.023977604166666666 0.03411574074074074
0 0.07176015625 0.10087916666666667 0.041436979166666665 0.07398055555555556
