1 0.5127604166666667 0.5208333333333334 0.9734375 0.9564814814814815
0 0.4234375 0.3449074074074074 0.008333333333333333 0.021296296296296296
0 0.33619791666666665 0.29953703703703705 0.008854166666666666 0.013888888888888888
0 0.2390625 0.40324074074074073 0.01875 0.03611111111111111
0 0.321875 0.5847222222222223 0.03229166666666667 0.058333333333333334
0 0.3184895833333333 0.587037037037037 0.024479166666666666 0.053703703703703705
0 0.29453125 0.5467592592592593 0.0140625 0.025
0 0.2708333333333333 0.637962962962963 0.011458333333333333 0.024074074074074074
0 0.3765625 0.48935185185185187 0.009375 0.041666666666666664
0 0.41380208333333335 0.43333333333333335 0.0067708333333333336 0.012962962962962963
0 0.4453125 0.425462962962963 0.008333333333333333 0.017592592592592594
0 0.371875 0.36157407407407405 0.009375 0.021296296296296296
0 0.3768229166666667 0.1300925925925926 0.0265625 0.023148148148148147
0 0.45 0.05555555555555555 0.008333333333333333 0.03148148148148148
0 0.4515625 0.300462962962963 0.014583333333333334 0.03796296296296296
0 0.4109375 0.6018518518518519 0.011458333333333333 0.022222222222222223
0 0.5565104166666667 0.8490740740740741 0.018229166666666668 0.027777777777777776
0 0.49244791666666665 0.9657407407407408 0.050520833333333334 0.037037037037037035
0 0.40703125 0.924074074074074 0.03697916666666667 0.04259259259259259
0 0.41640625 0.9337962962962963 0.0109375 0.021296296296296296
0 0.303125 0.8587962962962963 0.009375 0.012037037037037037
0 0.5776041666666667 0.7620370370370371 0.015625 0.024074074074074074
0 0.5622395833333333 0.9796296296296296 0.0203125 0.03888888888888889
0 0.3419270833333333 0.6148148148148148 0.0078125 0.014814814814814815
0 0.19973958333333333 0.600462962962963 0.0140625 0.041666666666666664
0 0.23203125 0.575462962962963 0.0078125 0.017592592592592594
0 0.2596354166666667 0.6111111111111112 0.0078125 0.009259259259259259
0 0.8348958333333333 0.34953703703703703 0.005208333333333333 0.013888888888888888
0 0.8072916666666666 0.4273148148148148 0.009375 0.012037037037037037
0 0.84609375 0.4842592592592593 0.0234375 0.007407407407407408
0 0.9200520833333333 0.552574537037037 0.009895833333333333 0.04033425925925926
0 0.9450520833333333 0.5449074074074074 0.019270833333333334 0.03981481481481482
0 0.9471354166666667 0.5277777777777778 0.0234375 0.07592592592592592
0 0.9455729166666667 0.5439814814814815 0.0203125 0.041666666666666664
0 0.9158854166666667 0.6560185185185186 0.005729166666666666 0.012037037037037037
0 0.9390625 0.5282407407407408 0.009375 0.006481481481481481
0 0.91328125 0.7435185185185185 0.008854166666666666 0.012962962962962963
0 0.8955729166666667 0.9203703703703704 0.019270833333333334 0.03888888888888889
1 0.5130666666666667 0.5209416666666666 0.97405 0.9585499999999999
0 0.42503124999999997 0.3421523148148148 0.008395833333333333 0.021341666666666665
0 0.33828046875 0.2940773148148148 0.008852604166666667 0.014080555555555556
0 0.24025729166666665 0.3947509259259259 0.01905625 0.03579814814814815
0 0.32138359375000003 0.579137962962963 0.032350520833333334 0.058275925925925925
0 0.31789869791666664 0.5815824074074074 0.0243390625 0.05390555555555556
0 0.2939276041666667 0.5404453703703704 0.013896875 0.025335185185185183
0 0.26928359375 0.6305296296296297 0.011483854166666667 0.024022222222222223
0 0.376684375 0.48558055555555557 0.00961875 0.04153148148148148
0 0.41438151041666665 0.4304736111111111 0.006888020833333333 0.012799074074074074
0 0.44635364583333337 0.4237148148148148 0.008332291666666667 0.0178
0 0.37335963541666667 0.35787685185185186 0.009219270833333333 0.021309259259259257
0 0.38057578125 0.12599907407407407 0.0267765625 0.02236851851851852
0 0.4543158854166667 0.0536287037037037 0.008631770833333333 0.03133148148148148
0 0.4535221354166667 0.29878611111111114 0.0143359375 0.038312962962962965
0 0.40981328125 0.5992337962962964 0.011293229166666667 0.022541666666666665
0 0.5529132812499999 0.850923611111111 0.018326562499999997 0.027773148148148148
0 0.4876611979166666 0.9655925925925926 0.05032239583333333 0.03674074074074074
0 0.4028390625 0.9214143518518519 0.036928125 0.04282870370370371
0 0.41230234375 0.931025 0.011063020833333333 0.021309259259259257
0 0.29947838541666666 0.8522328703703704 0.0093734375 0.011873148148148148
0 0.5749986979166667 0.7648050925925927 0.015622395833333334 0.024054629629629627
0 0.5576596354166666 0.9810018518518518 0.020527604166666664 0.037929629629629626
0 0.34082578125 0.6101921296296297 0.007693229166666667 0.014828703703703705
0 0.19856041666666666 0.5914023148148149 0.013787500000000001 0.042063888888888894
0 0.23143697916666667 0.5672495370370371 0.007665625 0.017832407407407408
0 0.2585703125 0.6038162037037037 0.007765625 0.00948425925925926
0 0.83638984375 0.3598018518518519 0.005071354166666667 0.014048148148148148
0 0.8078526041666667 0.4365731481481482 0.009455208333333333 0.012035185185185185
0 0.8460919270833334 0.4951837962962963 0.023433854166666667 0.00703425925925926
0 0.9196622395833334 0.5664333333333333 0.0101578125 0.04027407407407407
0 0.9446661458333333 0.5586074074074074 0.019540625 0.039437037037037034
0 0.9467174479166667 0.5413944444444445 0.02364322916666667 0.0753814814814815
0 0.9450596354166667 0.557875462962963 0.02032760416666667 0.041676851851851854
0 0.9143453125 0.6689564814814815 0.005773958333333333 0.011987037037037037
0 0.9385591145833333 0.5421615740740741 0.009409895833333333 0.006545370370370371
0 0.9106174479166668 0.756512962962963 0.008734895833333334 0.013025925925925925
0 0.89158203125 0.9321944444444444 0.01962239583333333 0.03846296296296296
1 0.4887328125 0.4839657407407407 0.977465625 0.9679314814814814
0 0.5839518229166667 0.6428939814814815 0.008528645833333333 0.020973148148148147
0 0.67316015625 0.6740689814814815 0.0088203125 0.014804629629629631
0 0.76484140625 0.5557907407407408 0.018224479166666665 0.03750740740740741
0 0.6739877604166666 0.38843611111111115 0.032350520833333334 0.0583537037037037
0 0.6765291666666666 0.3854842592592592 0.025975 0.052450000000000004
0 0.7022046875 0.4218134259259259 0.014826041666666668 0.023256481481481482
0 0.72132265625 0.32737083333333333 0.011395312500000001 0.025112037037037037
0 0.6233859375 0.49181018518518516 0.008230208333333332 0.04287962962962963
0 0.5890151041666667 0.5531564814814814 0.006155208333333333 0.01372037037037037
0 0.5583174479166666 0.5663143518518519 0.0083015625 0.01781388888888889
0 0.6342221354166667 0.6179745370370371 0.0101109375 0.02113425925925926
0 0.6409018229166666 0.8495777777777778 0.025553645833333336 0.026933333333333333
0 0.5716309895833334 0.9345625 0.006803645833333333 0.032087962962962964
0 0.5580583333333333 0.6911699074074074 0.016116666666666665 0.036043518518518516
0 0.5837200520833333 0.38526203703703704 0.012231770833333332 0.020524074074074073
0 0.42657421875 0.16037453703703702 0.017731770833333334 0.02815648148148148
0 0.4844950520833333 0.03676712962962963 0.05128177083333333 0.03834907407407408
0 0.5721786458333333 0.06361157407407408 0.037065625 0.042037962962962964
0 0.5619010416666667 0.055011574074074074 0.010260416666666666 0.02113425925925926
0 0.6786281249999999 0.11195462962962963 0.009339583333333333 0.012798148148148147
0 0.4098661458333333 0.25184629629629635 0.015565625 0.024062962962962963
0 0.414409375 0.031087037037037035 0.01944375 0.039951851851851856
0 0.6515822916666667 0.3606814814814815 0.008372916666666667 0.015807407407407405
0 0.7944161458333333 0.3530787037037037 0.015915625 0.039490740740740736
0 0.7631768229166667 0.3834398148148148 0.0086453125 0.01687962962962963
0 0.7336924479166667 0.35219537037037035 0.008009895833333332 0.008094444444444446
0 0.17376796875 0.7022481481481482 0.005869270833333333 0.013755555555555556
0 0.19717369791666667 0.6198847222222222 0.008930729166666667 0.011991666666666668
0 0.1559450520833333 0.5685064814814814 0.0233484375 0.009235185185185185
0 0.07878567708333332 0.5128175925925925 0.008613020833333334 0.04045
0 0.054751302083333335 0.5244634259259259 0.0178359375 0.04151944444444444
0 0.05296796875 0.5419277777777778 0.022602604166666665 0.0783
0 0.05434296875 0.524924537037037 0.020144270833333332 0.04244166666666667
0 0.0782609375 0.40889444444444445 0.0054802083333333335 0.012233333333333334
0 0.06134973958333333 0.5406287037037038 0.0091578125 0.007183333333333333
0 0.07658020833333333 0.32111018518518514 0.009410416666666668 0.012590740740740741
0 0.08527604166666666 0.14296435185185186 0.017427083333333333 0.041484259259259255
1 0.5127604166666667 0.5208333333333334 0.9734375 0.9564814814814815
0 0.4234375 0.3449074074074074 0.008333333333333333 0.021296296296296296
0 0.33619791666666665 0.29953703703703705 0.008854166666666666 0.013888888888888888
0 0.2390625 0.40324074074074073 0.01875 0.03611111111111111
0 0.321875 0.5847222222222223 0.03229166666666667 0.058333333333333334
0 0.3184895833333333 0.587037037037037 0.024479166666666666 0.053703703703703705
0 0.29453125 0.5467592592592593 0.0140625 0.025
0 0.2708333333333333 0.637962962962963 0.011458333333333333 0.024074074074074074
0 0.3765625 0.48935185185185187 0.009375 0.041666666666666664
0 0.41380208333333335 0.43333333333333335 0.0067708333333333336 0.012962962962962963
0 0.4453125 0.425462962962963 0.008333333333333333 0.017592592592592594
0 0.371875 0.36157407407407405 0.009375 0.021296296296296296
0 0.3768229166666667 0.1300925925925926 0.0265625 0.023148148148148147
0 0.45 0.05555555555555555 0.008333333333333333 0.03148148148148148
0 0.4515625 0.300462962962963 0.014583333333333334 0.03796296296296296
0 0.4109375 0.6018518518518519 0.011458333333333333 0.022222222222222223
0 0.5565104166666667 0.8490740740740741 0.018229166666666668 0.027777777777777776
0 0.49244791666666665 0.9657407407407408 0.050520833333333334 0.037037037037037035
0 0.40703125 0.924074074074074 0.03697916666666667 0.04259259259259259
0 0.41640625 0.9337962962962963 0.0109375 0.021296296296296296
0 0.303125 0.8587962962962963 0.009375 0.012037037037037037
0 0.5776041666666667 0.7620370370370371 0.015625 0.024074074074074074
0 0.5622395833333333 0.9796296296296296 0.0203125 0.03888888888888889
0 0.3419270833333333 0.6148148148148148 0.0078125 0.014814814814814815
0 0.19973958333333333 0.600462962962963 0.0140625 0.041666666666666664
0 0.23203125 0.575462962962963 0.0078125 0.017592592592592594
0 0.2596354166666667 0.6111111111111112 0.0078125 0.009259259259259259
0 0.8348958333333333 0.34953703703703703 0.005208333333333333 0.013888888888888888
0 0.8072916666666666 0.4273148148148148 0.009375 0.012037037037037037
0 0.84609375 0.4842592592592593 0.0234375 0.007407407407407408
0 0.9200520833333333 0.552574537037037 0.009895833333333333 0.04033425925925926
0 0.9450520833333333 0.5449074074074074 0.019270833333333334 0.03981481481481482
0 0.9471354166666667 0.5277777777777778 0.0234375 0.07592592592592592
0 0.9455729166666667 0.5439814814814815 0.0203125 0.041666666666666664
0 0.9158854166666667 0.6560185185185186 0.005729166666666666 0.012037037037037037
0 0.9390625 0.5282407407407408 0.009375 0.006481481481481481
0 0.91328125 0.7435185185185185 0.008854166666666666 0.012962962962962963
0 0.8955729166666667 0.9203703703703704 0.019270833333333334 0.03888888888888889
1 0.5130666666666667 0.5209416666666666 0.97405 0.9585499999999999
0 0.42503124999999997 0.3421523148148148 0.008395833333333333 0.021341666666666665
0 0.33828046875 0.2940773148148148 0.008852604166666667 0.014080555555555556
0 0.24025729166666665 0.3947509259259259 0.01905625 0.03579814814814815
0 0.32138359375000003 0.579137962962963 0.032350520833333334 0.058275925925925925
0 0.31789869791666664 0.5815824074074074 0.0243390625 0.05390555555555556
0 0.2939276041666667 0.5404453703703704 0.013896875 0.025335185185185183
0 0.26928359375 0.6305296296296297 0.011483854166666667 0.024022222222222223
0 0.376684375 0.48558055555555557 0.00961875 0.04153148148148148
0 0.41438151041666665 0.4304736111111111 0.006888020833333333 0.012799074074074074
0 0.44635364583333337 0.4237148148148148 0.008332291666666667 0.0178
0 0.37335963541666667 0.35787685185185186 0.009219270833333333 0.021309259259259257
0 0.38057578125 0.12599907407407407 0.0267765625 0.02236851851851852
0 0.4543158854166667 0.0536287037037037 0.008631770833333333 0.03133148148148148
0 0.4535221354166667 0.29878611111111114 0.0143359375 0.038312962962962965
0 0.40981328125 0.5992337962962964 0.011293229166666667 0.022541666666666665
0 0.5529132812499999 0.850923611111111 0.018326562499999997 0.027773148148148148
0 0.4876611979166666 0.9655925925925926 0.05032239583333333 0.03674074074074074
0 0.4028390625 0.9214143518518519 0.036928125 0.04282870370370371
0 0.41230234375 0.931025 0.011063020833333333 0.021309259259259257
0 0.29947838541666666 0.8522328703703704 0.0093734375 0.011873148148148148
0 0.5749986979166667 0.7648050925925927 0.015622395833333334 0.024054629629629627
0 0.5576596354166666 0.9810018518518518 0.020527604166666664 0.037929629629629626
0 0.34082578125 0.6101921296296297 0.007693229166666667 0.014828703703703705
0 0.19856041666666666 0.5914023148148149 0.013787500000000001 0.042063888888888894
0 0.23143697916666667 0.5672495370370371 0.007665625 0.017832407407407408
0 0.2585703125 0.6038162037037037 0.007765625 0.00948425925925926
0 0.83638984375 0.3598018518518519 0.005071354166666667 0.014048148148148148
0 0.8078526041666667 0.4365731481481482 0.009455208333333333 0.012035185185185185
0 0.8460919270833334 0.4951837962962963 0.023433854166666667 0.00703425925925926
0 0.9196622395833334 0.5664333333333333 0.0101578125 0.04027407407407407
0 0.9446661458333333 0.5586074074074074 0.019540625 0.039437037037037034
0 0.9467174479166667 0.5413944444444445 0.02364322916666667 0.0753814814814815
0 0.9450596354166667 0.557875462962963 0.02032760416666667 0.041676851851851854
0 0.9143453125 0.6689564814814815 0.005773958333333333 0.011987037037037037
0 0.9385591145833333 0.5421615740740741 0.009409895833333333 0.006545370370370371
0 0.9106174479166668 0.756512962962963 0.008734895833333334 0.013025925925925925
0 0.89158203125 0.9321944444444444 0.01962239583333333 0.03846296296296296
1 0.4887328125 0.4839657407407407 0.977465625 0.9679314814814814
0 0.5839518229166667 0.6428939814814815 0.008528645833333333 0.020973148148148147
0 0.67316015625 0.6740689814814815 0.0088203125 0.014804629629629631
0 0.76484140625 0.5557907407407408 0.018224479166666665 0.03750740740740741
0 0.6739877604166666 0.38843611111111115 0.032350520833333334 0.0583537037037037
0 0.6765291666666666 0.3854842592592592 0.025975 0.052450000000000004
0 0.7022046875 0.4218134259259259 0.014826041666666668 0.023256481481481482
0 0.72132265625 0.32737083333333333 0.011395312500000001 0.025112037037037037
0 0.6233859375 0.49181018518518516 0.008230208333333332 0.04287962962962963
0 0.5890151041666667 0.5531564814814814 0.006155208333333333 0.01372037037037037
0 0.5583174479166666 0.5663143518518519 0.0083015625 0.01781388888888889
0 0.6342221354166667 0.6179745370370371 0.0101109375 0.02113425925925926
0 0.6409018229166666 0.8495777777777778 0.025553645833333336 0.026933333333333333
0 0.5716309895833334 0.9345625 0.006803645833333333 0.032087962962962964
0 0.5580583333333333 0.6911699074074074 0.016116666666666665 0.036043518518518516
0 0.5837200520833333 0.38526203703703704 0.012231770833333332 0.020524074074074073
0 0.42657421875 0.16037453703703702 0.017731770833333334 0.02815648148148148
0 0.4844950520833333 0.03676712962962963 0.05128177083333333 0.03834907407407408
0 0.5721786458333333 0.06361157407407408 0.037065625 0.042037962962962964
0 0.5619010416666667 0.055011574074074074 0.010260416666666666 0.02113425925925926
0 0.6786281249999999 0.11195462962962963 0.009339583333333333 0.012798148148148147
0 0.4098661458333333 0.25184629629629635 0.015565625 0.024062962962962963
0 0.414409375 0.031087037037037035 0.01944375 0.039951851851851856
0 0.6515822916666667 0.3606814814814815 0.008372916666666667 0.015807407407407405
0 0.7944161458333333 0.3530787037037037 0.015915625 0.039490740740740736
0 0.7631768229166667 0.3834398148148148 0.0086453125 0.01687962962962963
0 0.7336924479166667 0.35219537037037035 0.008009895833333332 0.008094444444444446
0 0.17376796875 0.7022481481481482 0.005869270833333333 0.013755555555555556
0 0.19717369791666667 0.6198847222222222 0.008930729166666667 0.011991666666666668
0 0.1559450520833333 0.5685064814814814 0.0233484375 0.009235185185185185
0 0.07878567708333332 0.5128175925925925 0.008613020833333334 0.04045
0 0.054751302083333335 0.5244634259259259 0.0178359375 0.04151944444444444
0 0.05296796875 0.5419277777777778 0.022602604166666665 0.0783
0 0.05434296875 0.524924537037037 0.020144270833333332 0.04244166666666667
0 0.0782609375 0.40889444444444445 0.0054802083333333335 0.012233333333333334
0 0.06134973958333333 0.5406287037037038 0.0091578125 0.007183333333333333
0 0.07658020833333333 0.32111018518518514 0.009410416666666668 0.012590740740740741
0 0.08527604166666666 0.14296435185185186 0.017427083333333333 0.041484259259259255
