1 0.49973958333333335 0.49953703703703706 0.9994791666666667 0.9990740740740741
0 0.7684895833333333 0.43425925925925923 0.024479166666666666 0.018518518518518517
0 0.7658854166666667 0.5189814814814815 0.015104166666666667 0.03425925925925926
0 0.7208333333333333 0.5435185185185185 0.023958333333333335 0.027777777777777776
0 0.6989583333333333 0.6615740740740741 0.03333333333333333 0.06759259259259259
0 0.84140625 0.5597222222222222 0.011979166666666667 0.041666666666666664
0 0.8973958333333333 0.5152777777777777 0.0125 0.025
0 0.8263020833333333 0.487962962962963 0.0171875 0.03333333333333333
0 0.3221354166666667 0.35462962962962963 0.018229166666666668 0.053703703703703705
0 0.27291666666666664 0.4148148148148148 0.019791666666666666 0.05
0 0.2864583333333333 0.39814814814814814 0.007291666666666667 0.012962962962962963
0 0.22161458333333334 0.4888888888888889 0.018229166666666668 0.044444444444444446
0 0.3450520833333333 0.8592592592592593 0.0234375 0.040740740740740744
0 0.13203125 0.7962962962962963 0.013020833333333334 0.044444444444444446
0 0.059375 0.687037037037037 0.007291666666666667 0.022222222222222223
0 0.09739583333333333 0.8083333333333333 0.010416666666666666 0.022222222222222223
0 0.14375 0.9282407407407407 0.004166666666666667 0.006481481481481481
0 0.15078125 0.736574074074074 0.0067708333333333336 0.008333333333333333
0 0.4674479166666667 0.9532407407407407 0.021354166666666667 0.041666666666666664
0 0.9005208333333333 0.8148148148148148 0.016666666666666666 0.04259259259259259
0 0.9908854166666666 0.7875 0.0171875 0.11018518518518519
0 0.73046875 0.03194444444444444 0.019270833333333334 0.026851851851851852
0 0.6947916666666667 0.1726851851851852 0.019791666666666666 0.030555555555555555
0 0.5953125 0.05648148148148148 0.010416666666666666 0.020370370370370372
0 0.4765625 0.03796296296296296 0.004166666666666667 0.007407407407407408
0 0.3932291666666667 0.1037037037037037 0.00625 0.007407407407407408
0 0.16927083333333334 0.08657407407407407 0.010416666666666666 0.04537037037037037
0 0.16354166666666667 0.1550925925925926 0.0125 0.04537037037037037
0 0.22317708333333333 0.06157407407407407 0.0171875 0.021296296296296296
0 0.045572916666666664 0.37037037037037035 0.0109375 0.07407407407407407
0 0.032552083333333336 0.3712962962962963 0.0078125 0.025925925925925925
1 0.5 0.5 1.0 1.0
0 0.7705036458333333 0.5235185185185185 0.024340625 0.021111111111111112
0 0.7637065104166666 0.44041435185185185 0.0159546875 0.03453240740740741
0 0.7177307291666666 0.42180833333333334 0.024003125 0.028801851851851853
0 0.6902247395833334 0.30991435185185184 0.0356578125 0.066125
0 0.8369898437500001 0.3874611111111111 0.0114796875 0.041588888888888884
0 0.8950174479166667 0.4230791666666667 0.012951562500000001 0.02393611111111111
0 0.82568046875 0.46145138888888887 0.0169859375 0.034013888888888885
0 0.32955 0.6728060185185185 0.017433333333333335 0.0548712962962963
0 0.27832473958333337 0.6196319444444445 0.0181078125 0.050375
0 0.2922190104166667 0.6340962962962963 0.0073546875 0.012637037037037037
0 0.22307552083333335 0.5540226851851853 0.019067708333333332 0.045082407407407404
0 0.32815807291666665 0.16618796296296295 0.021941145833333335 0.041635185185185185
0 0.11916484375 0.26147037037037035 0.011246354166666667 0.04516296296296297
0 0.05245416666666667 0.3814796296296296 0.006991666666666666 0.022218518518518516
0 0.08372083333333333 0.2554324074074074 0.01015 0.021975925925925927
0 0.12406380208333333 0.12851064814814817 0.004377604166666666 0.007021296296296296
0 0.1406682291666667 0.3185643518518519 0.006336458333333334 0.009350925925925926
0 0.444896875 0.054052777777777776 0.020002083333333334 0.041438888888888886
0 0.8832132812500001 0.12451527777777777 0.018509895833333335 0.04162314814814815
0 0.9750067708333333 0.1365236111111111 0.021888541666666667 0.10823240740740742
0 0.7533260416666666 0.9315958333333334 0.019152083333333333 0.028006481481481483
0 0.710559375 0.7960578703703703 0.01903541666666667 0.03100462962962963
0 0.6165559895833332 0.9274587962962962 0.0101953125 0.021584259259259258
0 0.49897317708333333 0.9638749999999999 0.004196354166666667 0.007379629629629629
0 0.41296354166666666 0.9119421296296296 0.006135416666666667 0.007217592592592592
0 0.1910375 0.9628555555555556 0.012283333333333334 0.04422962962962963
0 0.18168125 0.8961888888888889 0.014404166666666666 0.04422962962962963
0 0.2462783854166667 0.979124074074074 0.017556770833333336 0.01935925925925926
0 0.05343515625 0.6998592592592592 0.0131203125 0.07379259259259259
0 0.04078098958333333 0.7008763888888889 0.0086453125 0.02582685185185185
1 0.5 0.5 1.0 1.0
0 0.7653528645833333 0.4012046296296296 0.024455729166666666 0.020927777777777778
0 0.7657398437499999 0.4863708333333333 0.014813020833333333 0.03385277777777778
0 0.72193671875 0.5155453703703704 0.024081770833333335 0.027387037037037036
0 0.7052283854166668 0.6379023148148147 0.031290104166666666 0.06839722222222222
0 0.8431359374999999 0.5170467592592592 0.012313541666666667 0.04150092592592593
0 0.8971807291666667 0.4665606481481481 0.012069791666666666 0.02571388888888889
0 0.8249911458333333 0.44778472222222226 0.017690625 0.032606481481481486
0 0.3167533854166667 0.37716342592592594 0.019965104166666667 0.052475
0 0.26991875000000004 0.4432314814814815 0.0210875 0.04942592592592593
0 0.2829671875 0.42511342592592594 0.0076010416666666665 0.013189814814814814
0 0.22218593749999999 0.5241490740740741 0.018330208333333334 0.044594444444444443
0 0.35964921874999994 0.8773083333333334 0.024506770833333334 0.03980185185185185
0 0.14468489583333335 0.8412574074074074 0.014369791666666666 0.04362592592592592
0 0.0672875 0.7406814814814815 0.0074916666666666664 0.022103703703703705
0 0.11049479166666668 0.8576708333333333 0.010572916666666666 0.022749074074074074
0 0.16145338541666668 0.9717837962962962 0.0041567708333333335 0.006530555555555555
0 0.16083229166666665 0.7790597222222222 0.00708125 0.008119444444444445
0 0.4856388020833334 0.9561291666666667 0.022319270833333335 0.04188796296296296
0 0.9119166666666667 0.7645796296296297 0.015500000000000002 0.04397407407407407
0 0.9972453125 0.7425175925925925 0.005948958333333334 0.07207222222222222
0 0.7121864583333333 0.009255092592592593 0.018122916666666666 0.018510185185185185
0 0.6814984375 0.1492736111111111 0.020288541666666667 0.0300287037037037
0 0.5776640625 0.04575462962962963 0.010536458333333333 0.019287037037037037
0 0.45845546875000004 0.041883796296296294 0.0044109375 0.007841666666666667
0 0.37815364583333333 0.11787407407407408 0.006307291666666667 0.00797037037037037
0 0.15354348958333333 0.12857314814814816 0.0091703125 0.046035185185185186
0 0.15094791666666665 0.19744675925925925 0.011270833333333334 0.04674537037037037
0 0.20638046875 0.09655 0.016927604166666665 0.022729629629629627
0 0.041151302083333334 0.4269875 0.010427604166666667 0.07434537037037038
0 0.02852135416666667 0.4295981481481482 0.008084375 0.025862962962962963
1 0.49973958333333335 0.49953703703703706 0.9994791666666667 0.9990740740740741
0 0.7684895833333333 0.43425925925925923 0.024479166666666666 0.018518518518518517
0 0.7658854166666667 0.5189814814814815 0.015104166666666667 0.03425925925925926
0 0.7208333333333333 0.5435185185185185 0.023958333333333335 0.027777777777777776
0 0.6989583333333333 0.6615740740740741 0.03333333333333333 0.06759259259259259
0 0.84140625 0.5597222222222222 0.011979166666666667 0.041666666666666664
0 0.8973958333333333 0.5152777777777777 0.0125 0.025
0 0.8263020833333333 0.487962962962963 0.0171875 0.03333333333333333
0 0.3221354166666667 0.35462962962962963 0.018229166666666668 0.053703703703703705
0 0.27291666666666664 0.4148148148148148 0.019791666666666666 0.05
0 0.2864583333333333 0.39814814814814814 0.007291666666666667 0.012962962962962963
0 0.22161458333333334 0.4888888888888889 0.018229166666666668 0.044444444444444446
0 0.3450520833333333 0.8592592592592593 0.0234375 0.040740740740740744
0 0.13203125 0.7962962962962963 0.013020833333333334 0.044444444444444446
0 0.059375 0.687037037037037 0.007291666666666667 0.022222222222222223
0 0.09739583333333333 0.8083333333333333 0.010416666666666666 0.022222222222222223
0 0.14375 0.9282407407407407 0.004166666666666667 0.006481481481481481
0 0.15078125 0.736574074074074 0.0067708333333333336 0.008333333333333333
0 0.4674479166666667 0.9532407407407407 0.021354166666666667 0.041666666666666664
0 0.9005208333333333 0.8148148148148148 0.016666666666666666 0.04259259259259259
0 0.9908854166666666 0.7875 0.0171875 0.11018518518518519
0 0.73046875 0.03194444444444444 0.019270833333333334 0.026851851851851852
0 0.6947916666666667 0.1726851851851852 0.019791666666666666 0.030555555555555555
0 0.5953125 0.05648148148148148 0.010416666666666666 0.020370370370370372
0 0.4765625 0.03796296296296296 0.004166666666666667 0.007407407407407408
0 0.3932291666666667 0.1037037037037037 0.00625 0.007407407407407408
0 0.16927083333333334 0.08657407407407407 0.010416666666666666 0.04537037037037037
0 0.16354166666666667 0.1550925925925926 0.0125 0.04537037037037037
0 0.22317708333333333 0.06157407407407407 0.0171875 0.021296296296296296
0 0.045572916666666664 0.37037037037037035 0.0109375 0.07407407407407407
0 0.032552083333333336 0.3712962962962963 0.0078125 0.025925925925925925
1 0.5 0.5 1.0 1.0
0 0.7705036458333333 0.5235185185185185 0.024340625 0.021111111111111112
0 0.7637065104166666 0.44041435185185185 0.0159546875 0.03453240740740741
0 0.7177307291666666 0.42180833333333334 0.024003125 0.028801851851851853
0 0.6902247395833334 0.30991435185185184 0.0356578125 0.066125
0 0.8369898437500001 0.3874611111111111 0.0114796875 0.041588888888888884
0 0.8950174479166667 0.4230791666666667 0.012951562500000001 0.02393611111111111
0 0.82568046875 0.46145138888888887 0.0169859375 0.034013888888888885
0 0.32955 0.6728060185185185 0.017433333333333335 0.0548712962962963
0 0.27832473958333337 0.6196319444444445 0.0181078125 0.050375
0 0.2922190104166667 0.6340962962962963 0.0073546875 0.012637037037037037
0 0.22307552083333335 0.5540226851851853 0.019067708333333332 0.045082407407407404
0 0.32815807291666665 0.16618796296296295 0.021941145833333335 0.041635185185185185
0 0.11916484375 0.26147037037037035 0.011246354166666667 0.04516296296296297
0 0.05245416666666667 0.3814796296296296 0.006991666666666666 0.022218518518518516
0 0.08372083333333333 0.2554324074074074 0.01015 0.021975925925925927
0 0.12406380208333333 0.12851064814814817 0.004377604166666666 0.007021296296296296
0 0.1406682291666667 0.3185643518518519 0.006336458333333334 0.009350925925925926
0 0.444896875 0.054052777777777776 0.020002083333333334 0.041438888888888886
0 0.8832132812500001 0.12451527777777777 0.018509895833333335 0.04162314814814815
0 0.9750067708333333 0.1365236111111111 0.021888541666666667 0.10823240740740742
0 0.7533260416666666 0.9315958333333334 0.019152083333333333 0.028006481481481483
0 0.710559375 0.7960578703703703 0.01903541666666667 0.03100462962962963
0 0.6165559895833332 0.9274587962962962 0.0101953125 0.021584259259259258
0 0.49897317708333333 0.9638749999999999 0.004196354166666667 0.007379629629629629
0 0.41296354166666666 0.9119421296296296 0.006135416666666667 0.007217592592592592
0 0.1910375 0.9628555555555556 0.012283333333333334 0.04422962962962963
0 0.18168125 0.8961888888888889 0.014404166666666666 0.04422962962962963
0 0.2462783854166667 0.979124074074074 0.017556770833333336 0.01935925925925926
0 0.05343515625 0.6998592592592592 0.0131203125 0.07379259259259259
0 0.04078098958333333 0.7008763888888889 0.0086453125 0.02582685185185185
1 0.5 0.5 1.0 1.0
0 0.7653528645833333 0.4012046296296296 0.024455729166666666 0.020927777777777778
0 0.7657398437499999 0.4863708333333333 0.014813020833333333 0.03385277777777778
0 0.72193671875 0.5155453703703704 0.024081770833333335 0.027387037037037036
0 0.7052283854166668 0.6379023148148147 0.031290104166666666 0.06839722222222222
0 0.8431359374999999 0.5170467592592592 0.012313541666666667 0.04150092592592593
0 0.8971807291666667 0.4665606481481481 0.012069791666666666 0.02571388888888889
0 0.8249911458333333 0.44778472222222226 0.017690625 0.032606481481481486
0 0.3167533854166667 0.37716342592592594 0.019965104166666667 0.052475
0 0.26991875000000004 0.4432314814814815 0.0210875 0.04942592592592593
0 0.2829671875 0.42511342592592594 0.0076010416666666665 0.013189814814814814
0 0.22218593749999999 0.5241490740740741 0.018330208333333334 0.044594444444444443
0 0.35964921874999994 0.8773083333333334 0.024506770833333334 0.03980185185185185
0 0.14468489583333335 0.8412574074074074 0.014369791666666666 0.04362592592592592
0 0.0672875 0.7406814814814815 0.0074916666666666664 0.022103703703703705
0 0.11049479166666668 0.8576708333333333 0.010572916666666666 0.022749074074074074
0 0.16145338541666668 0.9717837962962962 0.0041567708333333335 0.006530555555555555
0 0.16083229166666665 0.7790597222222222 0.00708125 0.008119444444444445
0 0.4856388020833334 0.9561291666666667 0.022319270833333335 0.04188796296296296
0 0.9119166666666667 0.7645796296296297 0.015500000000000002 0.04397407407407407
0 0.9972453125 0.7425175925925925 0.005948958333333334 0.07207222222222222
0 0.7121864583333333 0.009255092592592593 0.018122916666666666 0.018510185185185185
0 0.6814984375 0.1492736111111111 0.020288541666666667 0.0300287037037037
0 0.5776640625 0.04575462962962963 0.010536458333333333 0.019287037037037037
0 0.45845546875000004 0.041883796296296294 0.0044109375 0.007841666666666667
0 0.37815364583333333 0.11787407407407408 0.006307291666666667 0.00797037037037037
0 0.15354348958333333 0.12857314814814816 0.0091703125 0.046035185185185186
0 0.15094791666666665 0.19744675925925925 0.011270833333333334 0.04674537037037037
0 0.20638046875 0.09655 0.016927604166666665 0.022729629629629627
0 0.041151302083333334 0.4269875 0.010427604166666667 0.07434537037037038
0 0.02852135416666667 0.4295981481481482 0.008084375 0.025862962962962963
1 0.49973958333333335 0.49953703703703706 0.9994791666666667 0.9990740740740741
0 0.7684895833333333 0.43425925925925923 0.024479166666666666 0.018518518518518517
0 0.7658854166666667 0.5189814814814815 0.015104166666666667 0.03425925925925926
0 0.7208333333333333 0.5435185185185185 0.023958333333333335 0.027777777777777776
0 0.6989583333333333 0.6615740740740741 0.03333333333333333 0.06759259259259259
0 0.84140625 0.5597222222222222 0.011979166666666667 0.041666666666666664
0 0.8973958333333333 0.5152777777777777 0.0125 0.025
0 0.8263020833333333 0.487962962962963 0.0171875 0.03333333333333333
0 0.3221354166666667 0.35462962962962963 0.018229166666666668 0.053703703703703705
0 0.27291666666666664 0.4148148148148148 0.019791666666666666 0.05
0 0.2864583333333333 0.39814814814814814 0.007291666666666667 0.012962962962962963
0 0.22161458333333334 0.4888888888888889 0.018229166666666668 0.044444444444444446
0 0.3450520833333333 0.8592592592592593 0.0234375 0.040740740740740744
0 0.13203125 0.7962962962962963 0.013020833333333334 0.044444444444444446
0 0.059375 0.687037037037037 0.007291666666666667 0.022222222222222223
0 0.09739583333333333 0.8083333333333333 0.010416666666666666 0.022222222222222223
0 0.14375 0.9282407407407407 0.004166666666666667 0.006481481481481481
0 0.15078125 0.736574074074074 0.0067708333333333336 0.008333333333333333
0 0.4674479166666667 0.9532407407407407 0.021354166666666667 0.041666666666666664
0 0.9005208333333333 0.8148148148148148 0.016666666666666666 0.04259259259259259
0 0.9908854166666666 0.7875 0.0171875 0.11018518518518519
0 0.73046875 0.03194444444444444 0.019270833333333334 0.026851851851851852
0 0.6947916666666667 0.1726851851851852 0.019791666666666666 0.030555555555555555
0 0.5953125 0.05648148148148148 0.010416666666666666 0.020370370370370372
0 0.4765625 0.03796296296296296 0.004166666666666667 0.007407407407407408
0 0.3932291666666667 0.1037037037037037 0.00625 0.007407407407407408
0 0.16927083333333334 0.08657407407407407 0.010416666666666666 0.04537037037037037
0 0.16354166666666667 0.1550925925925926 0.0125 0.04537037037037037
0 0.22317708333333333 0.06157407407407407 0.0171875 0.021296296296296296
0 0.045572916666666664 0.37037037037037035 0.0109375 0.07407407407407407
0 0.032552083333333336 0.3712962962962963 0.0078125 0.025925925925925925
1 0.5 0.5 1.0 1.0
0 0.7705036458333333 0.5235185185185185 0.024340625 0.021111111111111112
0 0.7637065104166666 0.44041435185185185 0.0159546875 0.03453240740740741
0 0.7177307291666666 0.42180833333333334 0.024003125 0.028801851851851853
0 0.6902247395833334 0.30991435185185184 0.0356578125 0.066125
0 0.8369898437500001 0.3874611111111111 0.0114796875 0.041588888888888884
0 0.8950174479166667 0.4230791666666667 0.012951562500000001 0.02393611111111111
0 0.82568046875 0.46145138888888887 0.0169859375 0.034013888888888885
0 0.32955 0.6728060185185185 0.017433333333333335 0.0548712962962963
0 0.27832473958333337 0.6196319444444445 0.0181078125 0.050375
0 0.2922190104166667 0.6340962962962963 0.0073546875 0.012637037037037037
0 0.22307552083333335 0.5540226851851853 0.019067708333333332 0.045082407407407404
0 0.32815807291666665 0.16618796296296295 0.021941145833333335 0.041635185185185185
0 0.11916484375 0.26147037037037035 0.011246354166666667 0.04516296296296297
0 0.05245416666666667 0.3814796296296296 0.006991666666666666 0.022218518518518516
0 0.08372083333333333 0.2554324074074074 0.01015 0.021975925925925927
0 0.12406380208333333 0.12851064814814817 0.004377604166666666 0.007021296296296296
0 0.1406682291666667 0.3185643518518519 0.006336458333333334 0.009350925925925926
0 0.444896875 0.054052777777777776 0.020002083333333334 0.041438888888888886
0 0.8832132812500001 0.12451527777777777 0.018509895833333335 0.04162314814814815
0 0.9750067708333333 0.1365236111111111 0.021888541666666667 0.10823240740740742
0 0.7533260416666666 0.9315958333333334 0.019152083333333333 0.028006481481481483
0 0.710559375 0.7960578703703703 0.01903541666666667 0.03100462962962963
0 0.6165559895833332 0.9274587962962962 0.0101953125 0.021584259259259258
0 0.49897317708333333 0.9638749999999999 0.004196354166666667 0.007379629629629629
0 0.41296354166666666 0.9119421296296296 0.006135416666666667 0.007217592592592592
0 0.1910375 0.9628555555555556 0.012283333333333334 0.04422962962962963
0 0.18168125 0.8961888888888889 0.014404166666666666 0.04422962962962963
0 0.2462783854166667 0.979124074074074 0.017556770833333336 0.01935925925925926
0 0.05343515625 0.6998592592592592 0.0131203125 0.07379259259259259
0 0.04078098958333333 0.7008763888888889 0.0086453125 0.02582685185185185
1 0.5 0.5 1.0 1.0
0 0.7653528645833333 0.4012046296296296 0.024455729166666666 0.020927777777777778
0 0.7657398437499999 0.4863708333333333 0.014813020833333333 0.03385277777777778
0 0.72193671875 0.5155453703703704 0.024081770833333335 0.027387037037037036
0 0.7052283854166668 0.6379023148148147 0.031290104166666666 0.06839722222222222
0 0.8431359374999999 0.5170467592592592 0.012313541666666667 0.04150092592592593
0 0.8971807291666667 0.4665606481481481 0.012069791666666666 0.02571388888888889
0 0.8249911458333333 0.44778472222222226 0.017690625 0.032606481481481486
0 0.3167533854166667 0.37716342592592594 0.019965104166666667 0.052475
0 0.26991875000000004 0.4432314814814815 0.0210875 0.04942592592592593
0 0.2829671875 0.42511342592592594 0.0076010416666666665 0.013189814814814814
0 0.22218593749999999 0.5241490740740741 0.018330208333333334 0.044594444444444443
0 0.35964921874999994 0.8773083333333334 0.024506770833333334 0.03980185185185185
0 0.14468489583333335 0.8412574074074074 0.014369791666666666 0.04362592592592592
0 0.0672875 0.7406814814814815 0.0074916666666666664 0.022103703703703705
0 0.11049479166666668 0.8576708333333333 0.010572916666666666 0.022749074074074074
0 0.16145338541666668 0.9717837962962962 0.0041567708333333335 0.006530555555555555
0 0.16083229166666665 0.7790597222222222 0.00708125 0.008119444444444445
0 0.4856388020833334 0.9561291666666667 0.022319270833333335 0.04188796296296296
0 0.9119166666666667 0.7645796296296297 0.015500000000000002 0.04397407407407407
0 0.9972453125 0.7425175925925925 0.005948958333333334 0.07207222222222222
0 0.7121864583333333 0.009255092592592593 0.018122916666666666 0.018510185185185185
0 0.6814984375 0.1492736111111111 0.020288541666666667 0.0300287037037037
0 0.5776640625 0.04575462962962963 0.010536458333333333 0.019287037037037037
0 0.45845546875000004 0.041883796296296294 0.0044109375 0.007841666666666667
0 0.37815364583333333 0.11787407407407408 0.006307291666666667 0.00797037037037037
0 0.15354348958333333 0.12857314814814816 0.0091703125 0.046035185185185186
0 0.15094791666666665 0.19744675925925925 0.011270833333333334 0.04674537037037037
0 0.20638046875 0.09655 0.016927604166666665 0.022729629629629627
0 0.041151302083333334 0.4269875 0.010427604166666667 0.07434537037037038
0 0.02852135416666667 0.4295981481481482 0.008084375 0.025862962962962963
