1 0.5 0.44866990740740736 1.0 0.8973398148148147
0 0.24007083333333332 0.4861833333333333 0.012433333333333333 0.020514814814814812
0 0.22207005208333333 0.595375462962963 0.008723437499999999 0.022232407407407406
0 0.30761510416666665 0.6397606481481481 0.007938541666666667 0.04433611111111111
0 0.10375130208333333 0.6003768518518519 0.007502604166666666 0.01742037037037037
0 0.2984572916666667 0.7657782407407407 0.01358125 0.022297222222222222
0 0.6721403645833333 0.6736037037037037 0.010947395833333333 0.013874074074074073
0 0.7297744791666666 0.7314162037037036 0.013715625 0.03505462962962963
0 0.8656375 0.35765694444444446 0.023983333333333336 0.04494351851851852
0 0.9237093749999999 0.42315324074074073 0.00991875 0.022232407407407406
0 0.4740372395833334 0.040702314814814816 0.008491145833333333 0.04992314814814815
1 0.5 0.519075 1.0 0.9622240740740741
0 0.01951067708333333 0.8812777777777777 0.014021354166666666 0.03477777777777778
0 0.24321432291666667 0.4256009259259259 0.0124703125 0.021572222222222222
0 0.23678098958333335 0.3124055555555556 0.008978645833333333 0.02295925925925926
0 0.3266640625 0.29798240740740745 0.010619791666666666 0.044112962962962965
0 0.12157239583333333 0.2662509259259259 0.008769791666666667 0.017687037037037036
0 0.33067421874999997 0.17110046296296297 0.013431770833333334 0.021830555555555558
0 0.6871671875 0.3877717592592593 0.010792708333333335 0.01628425925925926
0 0.7495322916666667 0.35117453703703705 0.012606250000000001 0.03753425925925926
0 0.8435710937500001 0.763437962962963 0.02568385416666667 0.03798703703703704
0 0.9076653645833334 0.7193050925925927 0.011164062499999999 0.02194351851851852
0 0.42512083333333334 0.9420263888888889 0.012741666666666667 0.04701574074074074
1 0.49973958333333335 0.5462962962962963 0.9994791666666667 0.9055555555555556
0 0.04895833333333333 0.9824074074074074 0.014583333333333334 0.03333333333333333
0 0.24010416666666667 0.48148148148148145 0.0125 0.020370370370370372
0 0.22630208333333332 0.37037037037037035 0.008854166666666666 0.022222222222222223
0 0.3140625 0.337037037037037 0.008333333333333333 0.044444444444444446
0 0.10859375 0.350462962962963 0.0078125 0.017592592592592594
0 0.309375 0.2101851851851852 0.013541666666666667 0.022222222222222223
0 0.6783854166666666 0.34814814814814815 0.0109375 0.014814814814814815
0 0.7377604166666667 0.29768518518518516 0.013020833333333334 0.03611111111111111
0 0.8591145833333333 0.687037037037037 0.024479166666666666 0.04259259259259259
0 0.9197916666666667 0.6296296296296297 0.010416666666666666 0.022222222222222223
0 0.45598958333333334 0.9550925925925926 0.009895833333333333 0.049074074074074076
1 0.5 0.44866990740740736 1.0 0.8973398148148147
0 0.24007083333333332 0.4861833333333333 0.012433333333333333 0.020514814814814812
0 0.22207005208333333 0.595375462962963 0.008723437499999999 0.022232407407407406
0 0.30761510416666665 0.6397606481481481 0.007938541666666667 0.04433611111111111
0 0.10375130208333333 0.6003768518518519 0.007502604166666666 0.01742037037037037
0 0.2984572916666667 0.7657782407407407 0.01358125 0.022297222222222222
0 0.6721403645833333 0.6736037037037037 0.010947395833333333 0.013874074074074073
0 0.7297744791666666 0.7314162037037036 0.013715625 0.03505462962962963
0 0.8656375 0.35765694444444446 0.023983333333333336 0.04494351851851852
0 0.9237093749999999 0.42315324074074073 0.00991875 0.022232407407407406
0 0.4740372395833334 0.040702314814814816 0.008491145833333333 0.04992314814814815
1 0.5 0.519075 1.0 0.9622240740740741
0 0.01951067708333333 0.8812777777777777 0.014021354166666666 0.03477777777777778
0 0.24321432291666667 0.4256009259259259 0.0124703125 0.021572222222222222
0 0.23678098958333335 0.3124055555555556 0.008978645833333333 0.02295925925925926
0 0.3266640625 0.29798240740740745 0.010619791666666666 0.044112962962962965
0 0.12157239583333333 0.2662509259259259 0.008769791666666667 0.017687037037037036
0 0.33067421874999997 0.17110046296296297 0.013431770833333334 0.021830555555555558
0 0.6871671875 0.3877717592592593 0.010792708333333335 0.01628425925925926
0 0.7495322916666667 0.35117453703703705 0.012606250000000001 0.03753425925925926
0 0.8435710937500001 0.763437962962963 0.02568385416666667 0.03798703703703704
0 0.9076653645833334 0.7193050925925927 0.011164062499999999 0.02194351851851852
0 0.42512083333333334 0.9420263888888889 0.012741666666666667 0.04701574074074074
1 0.49973958333333335 0.5462962962962963 0.9994791666666667 0.9055555555555556
0 0.04895833333333333 0.9824074074074074 0.014583333333333334 0.03333333333333333
0 0.24010416666666667 0.48148148148148145 0.0125 0.020370370370370372
0 0.22630208333333332 0.37037037037037035 0.008854166666666666 0.022222222222222223
0 0.3140625 0.337037037037037 0.008333333333333333 0.044444444444444446
0 0.10859375 0.350462962962963 0.0078125 0.017592592592592594
0 0.309375 0.2101851851851852 0.013541666666666667 0.022222222222222223
0 0.6783854166666666 0.34814814814814815 0.0109375 0.014814814814814815
0 0.7377604166666667 0.29768518518518516 0.013020833333333334 0.03611111111111111
0 0.8591145833333333 0.687037037037037 0.024479166666666666 0.04259259259259259
0 0.9197916666666667 0.6296296296296297 0.010416666666666666 0.022222222222222223
0 0.45598958333333334 0.9550925925925926 0.009895833333333333 0.049074074074074076
