1 0.5 0.532026388888889 1.0 0.936275
0 0.14862291666666666 0.2693347222222222 0.0076625 0.03681759259259259
0 0.719015625 0.4593597222222222 0.025531250000000002 0.05020092592592593
0 0.7637080729166666 0.6261134259259259 0.0128328125 0.031856481481481486
0 0.8237703125 0.6425236111111111 0.015248958333333333 0.02208425925925926
0 0.5048755208333333 0.9090796296296296 0.019126041666666666 0.03297407407407408
0 0.6067567708333333 0.7570453703703705 0.011430208333333334 0.02335
0 0.32745078125 0.8528527777777778 0.012193229166666668 0.026075925925925926
0 0.36148203124999995 0.8489777777777777 0.010464062500000001 0.025733333333333334
0 0.5707893229166667 0.47649398148148153 0.030120312500000003 0.04928425925925926
0 0.5863312500000001 0.19995185185185185 0.0101625 0.012866666666666667
0 0.7073684895833333 0.11641759259259259 0.011611979166666668 0.010612962962962963
1 0.49973958333333335 0.538425925925926 0.9994791666666667 0.9212962962962963
0 0.15859375 0.22592592592592592 0.0078125 0.037037037037037035
0 0.7203125 0.4861111111111111 0.026041666666666668 0.05
0 0.7580729166666667 0.6583333333333333 0.013020833333333334 0.03148148148148148
0 0.8174479166666667 0.6828703703703703 0.015104166666666667 0.021296296296296296
0 0.48854166666666665 0.9087962962962963 0.019791666666666666 0.032407407407407406
0 0.596875 0.7699074074074074 0.011458333333333333 0.023148148148148147
0 0.3140625 0.8310185185185185 0.011458333333333333 0.026851851851851852
0 0.34817708333333336 0.8314814814814815 0.0109375 0.025925925925925925
0 0.5716145833333334 0.48518518518518516 0.03177083333333333 0.046296296296296294
0 0.59765625 0.21203703703703702 0.009895833333333333 0.012962962962962963
0 0.721875 0.14305555555555555 0.011458333333333333 0.010185185185185186
1 0.5 0.4638583333333333 1.0 0.9277166666666666
0 0.17006666666666667 0.8157601851851851 0.008883333333333333 0.03707592592592593
0 0.7202322916666667 0.48710509259259255 0.026922916666666668 0.05013611111111111
0 0.7511104166666667 0.3099208333333333 0.013679166666666666 0.03095277777777778
0 0.8096716145833334 0.27839907407407405 0.015176562499999999 0.021612962962962962
0 0.47268046875 0.09361898148148147 0.020360937500000002 0.03168240740740741
0 0.5864752604166666 0.2188240740740741 0.0114921875 0.022833333333333334
0 0.30168802083333335 0.1924523148148148 0.010667708333333333 0.02749722222222222
0 0.3353791666666667 0.18825416666666667 0.011383333333333334 0.026508333333333335
0 0.5718544270833333 0.5060268518518518 0.0332921875 0.043535185185185184
0 0.6087270833333334 0.7750166666666667 0.0101625 0.012996296296296296
0 0.7353119791666667 0.828486574074074 0.011248958333333333 0.010676851851851852
1 0.5 0.532026388888889 1.0 0.936275
0 0.14862291666666666 0.2693347222222222 0.0076625 0.03681759259259259
0 0.719015625 0.4593597222222222 0.025531250000000002 0.05020092592592593
0 0.7637080729166666 0.6261134259259259 0.0128328125 0.031856481481481486
0 0.8237703125 0.6425236111111111 0.015248958333333333 0.02208425925925926
0 0.5048755208333333 0.9090796296296296 0.019126041666666666 0.03297407407407408
0 0.6067567708333333 0.7570453703703705 0.011430208333333334 0.02335
0 0.32745078125 0.8528527777777778 0.012193229166666668 0.026075925925925926
0 0.36148203124999995 0.8489777777777777 0.010464062500000001 0.025733333333333334
0 0.5707893229166667 0.47649398148148153 0.030120312500000003 0.04928425925925926
0 0.5863312500000001 0.19995185185185185 0.0101625 0.012866666666666667
0 0.7073684895833333 0.11641759259259259 0.011611979166666668 0.010612962962962963
1 0.49973958333333335 0.538425925925926 0.9994791666666667 0.9212962962962963
0 0.15859375 0.22592592592592592 0.0078125 0.037037037037037035
0 0.7203125 0.4861111111111111 0.026041666666666668 0.05
0 0.7580729166666667 0.6583333333333333 0.013020833333333334 0.03148148148148148
0 0.8174479166666667 0.6828703703703703 0.015104166666666667 0.021296296296296296
0 0.48854166666666665 0.9087962962962963 0.019791666666666666 0.032407407407407406
0 0.596875 0.7699074074074074 0.011458333333333333 0.023148148148148147
0 0.3140625 0.8310185185185185 0.011458333333333333 0.026851851851851852
0 0.34817708333333336 0.8314814814814815 0.0109375 0.025925925925925925
0 0.5716145833333334 0.48518518518518516 0.03177083333333333 0.046296296296296294
0 0.59765625 0.21203703703703702 0.009895833333333333 0.012962962962962963
0 0.721875 0.14305555555555555 0.011458333333333333 0.010185185185185186
1 0.5 0.4638583333333333 1.0 0.9277166666666666
0 0.17006666666666667 0.8157601851851851 0.008883333333333333 0.03707592592592593
0 0.7202322916666667 0.48710509259259255 0.026922916666666668 0.05013611111111111
0 0.7511104166666667 0.3099208333333333 0.013679166666666666 0.03095277777777778
0 0.8096716145833334 0.27839907407407405 0.015176562499999999 0.021612962962962962
0 0.47268046875 0.09361898148148147 0.020360937500000002 0.03168240740740741
0 0.5864752604166666 0.2188240740740741 0.0114921875 0.022833333333333334
0 0.30168802083333335 0.1924523148148148 0.010667708333333333 0.02749722222222222
0 0.3353791666666667 0.18825416666666667 0.011383333333333334 0.026508333333333335
0 0.5718544270833333 0.5060268518518518 0.0332921875 0.043535185185185184
0 0.6087270833333334 0.7750166666666667 0.0101625 0.012996296296296296
0 0.7353119791666667 0.828486574074074 0.011248958333333333 0.010676851851851852
