1 0.5135416666666667 0.5217592592592593 0.9729166666666667 0.9564814814814815
0 0.9794270833333333 0.9143518518518519 0.025520833333333333 0.06759259259259259
0 0.98125 0.7597222222222222 0.0125 0.019444444444444445
0 0.49114583333333334 0.8675925925925926 0.035416666666666666 0.05
0 0.5434895833333333 0.6416666666666667 0.0140625 0.03148148148148148
0 0.6361979166666667 0.5652777777777778 0.0359375 0.03796296296296296
0 0.6567708333333333 0.5967592592592592 0.03229166666666667 0.03796296296296296
0 0.5356770833333333 0.4949074074074074 0.018229166666666668 0.05462962962962963
0 0.17786458333333333 0.8212962962962963 0.016145833333333335 0.03518518518518519
0 0.47265625 0.7824074074074074 0.015104166666666667 0.027777777777777776
0 0.48333333333333334 0.36944444444444446 0.014583333333333334 0.05555555555555555
0 0.3489583333333333 0.7388888888888889 0.0125 0.037037037037037035
0 0.2950520833333333 0.7625 0.0234375 0.04722222222222222
0 0.10598958333333333 0.28379629629629627 0.0109375 0.028703703703703703
0 0.3625 0.08333333333333333 0.029166666666666667 0.05
0 0.4015625 0.11851851851851852 0.0125 0.03333333333333333
0 0.47890625 0.22175925925925927 0.04114583333333333 0.03611111111111111
0 0.678125 0.09212962962962963 0.017708333333333333 0.03425925925925926
0 0.14114583333333333 0.6949074074074074 0.011458333333333333 0.026851851851851852
0 0.096875 0.7685185185185185 0.011458333333333333 0.04259259259259259
0 0.5026041666666666 0.975925925925926 0.014583333333333334 0.040740740740740744
0 0.7721354166666666 0.7680555555555556 0.027604166666666666 0.03796296296296296
0 0.7872395833333333 0.3101851851851852 0.0140625 0.018518518518518517
0 0.6169270833333333 0.725462962962963 0.021354166666666667 0.01574074074074074
0 0.8786458333333333 0.7791666666666667 0.0125 0.032407407407407406
0 0.7192708333333333 0.975 0.028125 0.02962962962962963
0 0.8369791666666667 0.7625 0.011458333333333333 0.03981481481481482
0 0.8604166666666667 0.44675925925925924 0.009375 0.03981481481481482
0 0.51875 0.22870370370370371 0.0125 0.024074074074074074
0 0.2828125 0.27175925925925926 0.015625 0.012037037037037037
1 0.5091442708333334 0.48563750000000006 0.9818302083333333 0.9712750000000001
0 0.9945674479166667 0.1729541666666667 0.011009895833333333 0.06072314814814815
0 0.9939098958333333 0.33118240740740745 0.011778125 0.019772222222222222
0 0.51311796875 0.13216712962962962 0.03456927083333334 0.0513712962962963
0 0.5512872395833334 0.36779675925925925 0.015074479166666667 0.031889814814814815
0 0.6394695312500001 0.4601861111111111 0.03623072916666667 0.04259444444444445
0 0.6613971354166667 0.43309305555555555 0.03216927083333333 0.034704629629629634
0 0.53553828125 0.5124472222222222 0.020034895833333333 0.05452407407407408
0 0.19867734375 0.12134490740740742 0.017146354166666666 0.0352824074074074
0 0.48911822916666664 0.21337083333333332 0.014694791666666667 0.028593518518518518
0 0.4755140625 0.6269351851851852 0.016653125 0.057574074074074076
0 0.363765625 0.23498703703703705 0.012947916666666667 0.036640740740740745
0 0.31214453125 0.2012662037037037 0.0242890625 0.045125
0 0.09584244791666667 0.6414638888888888 0.0114765625 0.029224074074074076
0 0.33867578125000003 0.8889754629629629 0.030476562500000002 0.04832129629629629
0 0.37981302083333335 0.8606263888888889 0.013792708333333332 0.03421574074074074
0 0.4628515625 0.7745819444444444 0.041328125 0.03620092592592593
0 0.6536546875 0.9388578703703704 0.016684374999999998 0.036975
0 0.15418619791666668 0.23952685185185188 0.0125390625 0.02535
0 0.11476614583333333 0.15782962962962963 0.012865625 0.04158518518518518
0 0.5304640625 0.027327314814814815 0.016136458333333333 0.039839814814814814
0 0.78618046875 0.2840666666666667 0.026527604166666666 0.04220740740740741
0 0.7746466145833334 0.7421481481481481 0.0138765625 0.01948148148148148
0 0.6293958333333334 0.2972486111111111 0.021291666666666667 0.016719444444444443
0 0.8931265625000001 0.2921861111111111 0.012294791666666667 0.03252037037037037
0 0.74641328125 0.06794675925925925 0.028243229166666665 0.030337962962962962
0 0.85045859375 0.3017152777777778 0.012375520833333332 0.04046759259259259
0 0.85517890625 0.619411111111111 0.0103578125 0.038822222222222216
0 0.5029510416666667 0.7735175925925926 0.01319375 0.02481296296296296
0 0.27032421875 0.6864861111111111 0.0156484375 0.013712962962962963
1 0.5135416666666667 0.5217592592592593 0.9729166666666667 0.9564814814814815
0 0.9794270833333333 0.9143518518518519 0.025520833333333333 0.06759259259259259
0 0.98125 0.7597222222222222 0.0125 0.019444444444444445
0 0.49114583333333334 0.8675925925925926 0.035416666666666666 0.05
0 0.5434895833333333 0.6416666666666667 0.0140625 0.03148148148148148
0 0.6361979166666667 0.5652777777777778 0.0359375 0.03796296296296296
0 0.6567708333333333 0.5967592592592592 0.03229166666666667 0.03796296296296296
0 0.5356770833333333 0.4949074074074074 0.018229166666666668 0.05462962962962963
0 0.17786458333333333 0.8212962962962963 0.016145833333333335 0.03518518518518519
0 0.47265625 0.7824074074074074 0.015104166666666667 0.027777777777777776
0 0.48333333333333334 0.36944444444444446 0.014583333333333334 0.05555555555555555
0 0.3489583333333333 0.7388888888888889 0.0125 0.037037037037037035
0 0.2950520833333333 0.7625 0.0234375 0.04722222222222222
0 0.10598958333333333 0.28379629629629627 0.0109375 0.028703703703703703
0 0.3625 0.08333333333333333 0.029166666666666667 0.05
0 0.4015625 0.11851851851851852 0.0125 0.03333333333333333
0 0.47890625 0.22175925925925927 0.04114583333333333 0.03611111111111111
0 0.678125 0.09212962962962963 0.017708333333333333 0.03425925925925926
0 0.14114583333333333 0.6949074074074074 0.011458333333333333 0.026851851851851852
0 0.096875 0.7685185185185185 0.011458333333333333 0.04259259259259259
0 0.5026041666666666 0.975925925925926 0.014583333333333334 0.040740740740740744
0 0.7721354166666666 0.7680555555555556 0.027604166666666666 0.03796296296296296
0 0.7872395833333333 0.3101851851851852 0.0140625 0.018518518518518517
0 0.6169270833333333 0.725462962962963 0.021354166666666667 0.01574074074074074
0 0.8786458333333333 0.7791666666666667 0.0125 0.032407407407407406
0 0.7192708333333333 0.975 0.028125 0.02962962962962963
0 0.8369791666666667 0.7625 0.011458333333333333 0.03981481481481482
0 0.8604166666666667 0.44675925925925924 0.009375 0.03981481481481482
0 0.51875 0.22870370370370371 0.0125 0.024074074074074074
0 0.2828125 0.27175925925925926 0.015625 0.012037037037037037
1 0.5135416666666667 0.5217592592592593 0.9729166666666667 0.9564814814814815
0 0.9794270833333333 0.9143518518518519 0.025520833333333333 0.06759259259259259
0 0.98125 0.7597222222222222 0.0125 0.019444444444444445
0 0.49114583333333334 0.8675925925925926 0.035416666666666666 0.05
0 0.5434895833333333 0.6416666666666667 0.0140625 0.03148148148148148
0 0.6361979166666667 0.5652777777777778 0.0359375 0.03796296296296296
0 0.6567708333333333 0.5967592592592592 0.03229166666666667 0.03796296296296296
0 0.5356770833333333 0.4949074074074074 0.018229166666666668 0.05462962962962963
0 0.17786458333333333 0.8212962962962963 0.016145833333333335 0.03518518518518519
0 0.47265625 0.7824074074074074 0.015104166666666667 0.027777777777777776
0 0.48333333333333334 0.36944444444444446 0.014583333333333334 0.05555555555555555
0 0.3489583333333333 0.7388888888888889 0.0125 0.037037037037037035
0 0.2950520833333333 0.7625 0.0234375 0.04722222222222222
0 0.10598958333333333 0.28379629629629627 0.0109375 0.028703703703703703
0 0.3625 0.08333333333333333 0.029166666666666667 0.05
0 0.4015625 0.11851851851851852 0.0125 0.03333333333333333
0 0.47890625 0.22175925925925927 0.04114583333333333 0.03611111111111111
0 0.678125 0.09212962962962963 0.017708333333333333 0.03425925925925926
0 0.14114583333333333 0.6949074074074074 0.011458333333333333 0.026851851851851852
0 0.096875 0.7685185185185185 0.011458333333333333 0.04259259259259259
0 0.5026041666666666 0.975925925925926 0.014583333333333334 0.040740740740740744
0 0.7721354166666666 0.7680555555555556 0.027604166666666666 0.03796296296296296
0 0.7872395833333333 0.3101851851851852 0.0140625 0.018518518518518517
0 0.6169270833333333 0.725462962962963 0.021354166666666667 0.01574074074074074
0 0.8786458333333333 0.7791666666666667 0.0125 0.032407407407407406
0 0.7192708333333333 0.975 0.028125 0.02962962962962963
0 0.8369791666666667 0.7625 0.011458333333333333 0.03981481481481482
0 0.8604166666666667 0.44675925925925924 0.009375 0.03981481481481482
0 0.51875 0.22870370370370371 0.0125 0.024074074074074074
0 0.2828125 0.27175925925925926 0.015625 0.012037037037037037
1 0.5091442708333334 0.48563750000000006 0.9818302083333333 0.9712750000000001
0 0.9945674479166667 0.1729541666666667 0.011009895833333333 0.06072314814814815
0 0.9939098958333333 0.33118240740740745 0.011778125 0.019772222222222222
0 0.51311796875 0.13216712962962962 0.03456927083333334 0.0513712962962963
0 0.5512872395833334 0.36779675925925925 0.015074479166666667 0.031889814814814815
0 0.6394695312500001 0.4601861111111111 0.03623072916666667 0.04259444444444445
0 0.6613971354166667 0.43309305555555555 0.03216927083333333 0.034704629629629634
0 0.53553828125 0.5124472222222222 0.020034895833333333 0.05452407407407408
0 0.19867734375 0.12134490740740742 0.017146354166666666 0.0352824074074074
0 0.48911822916666664 0.21337083333333332 0.014694791666666667 0.028593518518518518
0 0.4755140625 0.6269351851851852 0.016653125 0.057574074074074076
0 0.363765625 0.23498703703703705 0.012947916666666667 0.036640740740740745
0 0.31214453125 0.2012662037037037 0.0242890625 0.045125
0 0.09584244791666667 0.6414638888888888 0.0114765625 0.029224074074074076
0 0.33867578125000003 0.8889754629629629 0.030476562500000002 0.04832129629629629
0 0.37981302083333335 0.8606263888888889 0.013792708333333332 0.03421574074074074
0 0.4628515625 0.7745819444444444 0.041328125 0.03620092592592593
0 0.6536546875 0.9388578703703704 0.016684374999999998 0.036975
0 0.15418619791666668 0.23952685185185188 0.0125390625 0.02535
0 0.11476614583333333 0.15782962962962963 0.012865625 0.04158518518518518
0 0.5304640625 0.027327314814814815 0.016136458333333333 0.039839814814814814
0 0.78618046875 0.2840666666666667 0.026527604166666666 0.04220740740740741
0 0.7746466145833334 0.7421481481481481 0.0138765625 0.01948148148148148
0 0.6293958333333334 0.2972486111111111 0.021291666666666667 0.016719444444444443
0 0.8931265625000001 0.2921861111111111 0.012294791666666667 0.03252037037037037
0 0.74641328125 0.06794675925925925 0.028243229166666665 0.030337962962962962
0 0.85045859375 0.3017152777777778 0.012375520833333332 0.04046759259259259
0 0.85517890625 0.619411111111111 0.0103578125 0.038822222222222216
0 0.5029510416666667 0.7735175925925926 0.01319375 0.02481296296296296
0 0.27032421875 0.6864861111111111 0.0156484375 0.013712962962962963
1 0.5135416666666667 0.5217592592592593 0.9729166666666667 0.9564814814814815
0 0.9794270833333333 0.9143518518518519 0.025520833333333333 0.06759259259259259
0 0.98125 0.7597222222222222 0.0125 0.019444444444444445
0 0.49114583333333334 0.8675925925925926 0.035416666666666666 0.05
0 0.5434895833333333 0.6416666666666667 0.0140625 0.03148148148148148
0 0.6361979166666667 0.5652777777777778 0.0359375 0.03796296296296296
0 0.6567708333333333 0.5967592592592592 0.03229166666666667 0.03796296296296296
0 0.5356770833333333 0.4949074074074074 0.018229166666666668 0.05462962962962963
0 0.17786458333333333 0.8212962962962963 0.016145833333333335 0.03518518518518519
0 0.47265625 0.7824074074074074 0.015104166666666667 0.027777777777777776
0 0.48333333333333334 0.36944444444444446 0.014583333333333334 0.05555555555555555
0 0.3489583333333333 0.7388888888888889 0.0125 0.037037037037037035
0 0.2950520833333333 0.7625 0.0234375 0.04722222222222222
0 0.10598958333333333 0.28379629629629627 0.0109375 0.028703703703703703
0 0.3625 0.08333333333333333 0.029166666666666667 0.05
0 0.4015625 0.11851851851851852 0.0125 0.03333333333333333
0 0.47890625 0.22175925925925927 0.04114583333333333 0.03611111111111111
0 0.678125 0.09212962962962963 0.017708333333333333 0.03425925925925926
0 0.14114583333333333 0.6949074074074074 0.011458333333333333 0.026851851851851852
0 0.096875 0.7685185185185185 0.011458333333333333 0.04259259259259259
0 0.5026041666666666 0.975925925925926 0.014583333333333334 0.040740740740740744
0 0.7721354166666666 0.7680555555555556 0.027604166666666666 0.03796296296296296
0 0.7872395833333333 0.3101851851851852 0.0140625 0.018518518518518517
0 0.6169270833333333 0.725462962962963 0.021354166666666667 0.01574074074074074
0 0.8786458333333333 0.7791666666666667 0.0125 0.032407407407407406
0 0.7192708333333333 0.975 0.028125 0.02962962962962963
0 0.8369791666666667 0.7625 0.011458333333333333 0.03981481481481482
0 0.8604166666666667 0.44675925925925924 0.009375 0.03981481481481482
0 0.51875 0.22870370370370371 0.0125 0.024074074074074074
0 0.2828125 0.27175925925925926 0.015625 0.012037037037037037
