1 0.49973958333333335 0.538425925925926 0.9994791666666667 0.9212962962962963
0 0.14453125 0.5277777777777778 0.0203125 0.022222222222222223
0 0.22942708333333334 0.34074074074074073 0.0140625 0.027777777777777776
0 0.08125 0.8300925925925926 0.011458333333333333 0.019444444444444445
0 0.5705729166666667 0.4166666666666667 0.0296875 0.07037037037037037
0 0.5309895833333333 0.3435185185185185 0.009895833333333333 0.016666666666666666
0 0.5466145833333333 0.29305555555555557 0.022395833333333334 0.03796296296296296
0 0.44765625 0.19490740740740742 0.019270833333333334 0.03425925925925926
0 0.434375 0.32592592592592595 0.0125 0.018518518518518517
0 0.6119791666666666 0.6324074074074074 0.03125 0.03518518518518519
0 0.7833333333333333 0.5185185185185185 0.016666666666666666 0.053703703703703705
0 0.7739583333333333 0.7754629629629629 0.010416666666666666 0.04537037037037037
0 0.4708333333333333 0.5550925925925926 0.029166666666666667 0.049074074074074076
0 0.48046875 0.12407407407407407 0.0109375 0.03333333333333333
0 0.6052083333333333 0.29953703703703705 0.008333333333333333 0.032407407407407406
0 0.6966145833333334 0.44074074074074077 0.009895833333333333 0.018518518518518517
0 0.05963541666666667 0.7245370370370371 0.016145833333333335 0.062037037037037036
1 0.5 0.4850699074074074 1.0 0.9701398148148148
0 0.8489075520833332 0.3735597222222222 0.0217734375 0.019341666666666667
0 0.7814239583333333 0.5825986111111111 0.013889583333333334 0.028160185185185184
0 0.8842723958333334 0.05790694444444445 0.012294791666666667 0.017665740740740742
0 0.4379721354166667 0.5997842592592593 0.0301109375 0.0699388888888889
0 0.48297994791666665 0.6634967592592592 0.0107515625 0.015882407407407408
0 0.47208776041666667 0.7174439814814815 0.0233421875 0.03488796296296297
0 0.5790231770833334 0.7865805555555555 0.018463020833333333 0.034272222222222225
0 0.5802041666666666 0.6542912037037037 0.01145 0.019693518518518516
0 0.3777888020833334 0.40011990740740744 0.0295359375 0.040980555555555555
0 0.21810338541666668 0.5613444444444444 0.018498437500000003 0.052318518518518514
0 0.20544062500000002 0.3037694444444445 0.011922916666666667 0.04457592592592593
0 0.5238330729166667 0.43785972222222225 0.03204114583333333 0.04238611111111111
0 0.5526924479166666 0.866388888888889 0.012676562499999999 0.032777777777777774
0 0.4132484375 0.7278962962962964 0.007746875 0.03171851851851852
0 0.31097395833333336 0.6124300925925925 0.009447916666666667 0.01930462962962963
0 0.9163075520833334 0.15504166666666666 0.019073437500000002 0.05823148148148148
1 0.5 0.5187875 1.0 0.961649074074074
0 0.14988098958333335 0.615398611111111 0.021636979166666667 0.01968611111111111
0 0.21946276041666665 0.40852037037037037 0.013925520833333333 0.02815185185185185
0 0.11131666666666667 0.9301356481481482 0.012216666666666666 0.017678703703703703
0 0.5629380208333333 0.4017027777777778 0.030042708333333334 0.07007222222222222
0 0.5183554687499999 0.3376240740740741 0.010669270833333333 0.01598888888888889
0 0.52986171875 0.2833777777777778 0.023265104166666665 0.03527407407407407
0 0.42387135416666666 0.21160046296296298 0.018576041666666664 0.03431203703703704
0 0.4208947916666667 0.34400092592592596 0.01158125 0.019483333333333335
0 0.6211067708333334 0.6035254629629629 0.029713541666666666 0.04038425925925926
0 0.7820750000000001 0.4475648148148148 0.018316666666666665 0.05253703703703704
0 0.7922557291666668 0.7055898148148149 0.011594791666666666 0.04451296296296296
0 0.47574661458333334 0.5614069444444444 0.031701562499999995 0.04318425925925926
0 0.4510408854166667 0.13218055555555555 0.012498437499999999 0.03287962962962963
0 0.5892528645833334 0.2751763888888889 0.007672395833333333 0.03183425925925926
0 0.6901713541666666 0.3929537037037037 0.009509374999999999 0.019240740740740742
0 0.08016041666666668 0.8312152777777777 0.01865416666666667 0.05872685185185185
1 0.49973958333333335 0.538425925925926 0.9994791666666667 0.9212962962962963
0 0.14453125 0.5277777777777778 0.0203125 0.022222222222222223
0 0.22942708333333334 0.34074074074074073 0.0140625 0.027777777777777776
0 0.08125 0.8300925925925926 0.011458333333333333 0.019444444444444445
0 0.5705729166666667 0.4166666666666667 0.0296875 0.07037037037037037
0 0.5309895833333333 0.3435185185185185 0.009895833333333333 0.016666666666666666
0 0.5466145833333333 0.29305555555555557 0.022395833333333334 0.03796296296296296
0 0.44765625 0.19490740740740742 0.019270833333333334 0.03425925925925926
0 0.434375 0.32592592592592595 0.0125 0.018518518518518517
0 0.6119791666666666 0.6324074074074074 0.03125 0.03518518518518519
0 0.7833333333333333 0.5185185185185185 0.016666666666666666 0.053703703703703705
0 0.7739583333333333 0.7754629629629629 0.010416666666666666 0.04537037037037037
0 0.4708333333333333 0.5550925925925926 0.029166666666666667 0.049074074074074076
0 0.48046875 0.12407407407407407 0.0109375 0.03333333333333333
0 0.6052083333333333 0.29953703703703705 0.008333333333333333 0.032407407407407406
0 0.6966145833333334 0.44074074074074077 0.009895833333333333 0.018518518518518517
0 0.05963541666666667 0.7245370370370371 0.016145833333333335 0.062037037037037036
1 0.5 0.4850699074074074 1.0 0.9701398148148148
0 0.8489075520833332 0.3735597222222222 0.0217734375 0.019341666666666667
0 0.7814239583333333 0.5825986111111111 0.013889583333333334 0.028160185185185184
0 0.8842723958333334 0.05790694444444445 0.012294791666666667 0.017665740740740742
0 0.4379721354166667 0.5997842592592593 0.0301109375 0.0699388888888889
0 0.48297994791666665 0.6634967592592592 0.0107515625 0.015882407407407408
0 0.47208776041666667 0.7174439814814815 0.0233421875 0.03488796296296297
0 0.5790231770833334 0.7865805555555555 0.018463020833333333 0.034272222222222225
0 0.5802041666666666 0.6542912037037037 0.01145 0.019693518518518516
0 0.3777888020833334 0.40011990740740744 0.0295359375 0.040980555555555555
0 0.21810338541666668 0.5613444444444444 0.018498437500000003 0.052318518518518514
0 0.20544062500000002 0.3037694444444445 0.011922916666666667 0.04457592592592593
0 0.5238330729166667 0.43785972222222225 0.03204114583333333 0.04238611111111111
0 0.5526924479166666 0.866388888888889 0.012676562499999999 0.032777777777777774
0 0.4132484375 0.7278962962962964 0.007746875 0.03171851851851852
0 0.31097395833333336 0.6124300925925925 0.009447916666666667 0.01930462962962963
0 0.9163075520833334 0.15504166666666666 0.019073437500000002 0.05823148148148148
1 0.5 0.5187875 1.0 0.961649074074074
0 0.14988098958333335 0.615398611111111 0.021636979166666667 0.01968611111111111
0 0.21946276041666665 0.40852037037037037 0.013925520833333333 0.02815185185185185
0 0.11131666666666667 0.9301356481481482 0.012216666666666666 0.017678703703703703
0 0.5629380208333333 0.4017027777777778 0.030042708333333334 0.07007222222222222
0 0.5183554687499999 0.3376240740740741 0.010669270833333333 0.01598888888888889
0 0.52986171875 0.2833777777777778 0.023265104166666665 0.03527407407407407
0 0.42387135416666666 0.21160046296296298 0.018576041666666664 0.03431203703703704
0 0.4208947916666667 0.34400092592592596 0.01158125 0.019483333333333335
0 0.6211067708333334 0.6035254629629629 0.029713541666666666 0.04038425925925926
0 0.7820750000000001 0.4475648148148148 0.018316666666666665 0.05253703703703704
0 0.7922557291666668 0.7055898148148149 0.011594791666666666 0.04451296296296296
0 0.47574661458333334 0.5614069444444444 0.031701562499999995 0.04318425925925926
0 0.4510408854166667 0.13218055555555555 0.012498437499999999 0.03287962962962963
0 0.5892528645833334 0.2751763888888889 0.007672395833333333 0.03183425925925926
0 0.6901713541666666 0.3929537037037037 0.009509374999999999 0.019240740740740742
0 0.08016041666666668 0.8312152777777777 0.01865416666666667 0.05872685185185185
