1 0.5038572916666666 0.4525962962962963 0.9920895833333333 0.9051925925925925
0 0.2094921875 0.6605430555555555 0.011692708333333333 0.022937962962962962
0 0.14200520833333333 0.7136157407407407 0.020468749999999997 0.008712962962962962
0 0.19471901041666667 0.42010462962962963 0.0279796875 0.04946851851851852
0 0.24456927083333332 0.48099861111111114 0.012055208333333334 0.030515740740740743
0 0.39477213541666667 0.054966203703703705 0.019752604166666667 0.05067314814814815
0 0.3457388020833333 0.16641435185185185 0.017519270833333333 0.05134722222222222
0 0.25773723958333333 0.18368703703703704 0.0144328125 0.019225925925925924
0 0.38233359375000003 0.7613907407407408 0.014667187500000001 0.03574444444444445
0 0.5642419270833333 0.5626101851851852 0.025358854166666667 0.058553703703703705
0 0.8173169270833333 0.6874013888888889 0.028383854166666667 0.08776574074074074
0 0.6429424479166667 0.7020518518518518 0.03171822916666667 0.044844444444444444
0 0.6033760416666667 0.6638481481481482 0.015085416666666665 0.012881481481481482
0 0.5129296875 0.4891921296296296 0.02169270833333333 0.048754629629629634
0 0.7309869791666667 0.5470675925925925 0.011973958333333333 0.033024074074074074
0 0.62076171875 0.44244675925925925 0.010273437500000001 0.031189814814814816
0 0.7676666666666667 0.3530875 0.017625000000000002 0.04136018518518518
0 0.7160268229166667 0.35325833333333334 0.010178645833333333 0.021331481481481483
0 0.6764856770833333 0.3010138888888889 0.016513020833333333 0.03350925925925926
0 0.6680502604166667 0.3614777777777778 0.013183854166666667 0.021103703703703704
0 0.5808291666666666 0.29428518518518515 0.005408333333333334 0.04412592592592592
0 0.5614127604166667 0.2415152777777778 0.009283854166666666 0.014512037037037037
0 0.6168536458333332 0.2822722222222222 0.006623958333333333 0.027507407407407408
0 0.6282578125 0.08861898148148148 0.012765625000000001 0.025386111111111113
0 0.58226796875 0.09758888888888889 0.0114109375 0.021103703703703704
0 0.8445505208333334 0.14547361111111112 0.010976041666666667 0.018725
0 0.6365578125 0.4552439814814815 0.009573958333333334 0.010487962962962963
1 0.5049479166666667 0.549074074074074 0.9890625 0.9018518518518519
0 0.225 0.26944444444444443 0.010416666666666666 0.024074074074074074
0 0.1625 0.2 0.019791666666666666 0.012962962962962963
0 0.19140625 0.5041666666666667 0.027604166666666666 0.049074074074074076
0 0.24583333333333332 0.4550925925925926 0.010416666666666666 0.030555555555555555
0 0.1359375 0.9486111111111111 0.06145833333333333 0.10092592592592593
0 0.35989583333333336 0.9138888888888889 0.020833333333333332 0.05
0 0.3223958333333333 0.7925925925925926 0.016666666666666666 0.05185185185185185
0 0.23567708333333334 0.7532407407407408 0.0140625 0.017592592592592594
0 0.40390625 0.2125 0.015104166666666667 0.03611111111111111
0 0.5684895833333333 0.4546296296296296 0.022395833333333334 0.05925925925925926
0 0.8302083333333333 0.39166666666666666 0.030208333333333334 0.08888888888888889
0 0.65703125 0.3365740740740741 0.0296875 0.049074074074074076
0 0.6153645833333333 0.36342592592592593 0.0140625 0.01574074074074074
0 0.5111979166666667 0.5143518518518518 0.019270833333333334 0.05092592592592592
0 0.7325520833333333 0.5106481481481482 0.009895833333333333 0.03425925925925926
0 0.6153645833333333 0.5875 0.008854166666666666 0.032407407407407406
0 0.7536458333333333 0.7125 0.01875 0.03981481481481482
0 0.7018229166666666 0.6981481481481482 0.0109375 0.020370370370370372
0 0.6596354166666667 0.7402777777777778 0.0171875 0.03425925925925926
0 0.65546875 0.6787037037037037 0.013020833333333334 0.022222222222222223
0 0.5643229166666667 0.7245370370370371 0.0078125 0.04351851851851852
0 0.5411458333333333 0.7712962962962963 0.009375 0.012962962962962963
0 0.59921875 0.7444444444444445 0.0078125 0.027777777777777776
0 0.59453125 0.9398148148148148 0.0140625 0.024074074074074074
0 0.5502604166666667 0.9194444444444444 0.0109375 0.022222222222222223
0 0.81328125 0.9361111111111111 0.0109375 0.018518518518518517
0 0.6317708333333333 0.5777777777777777 0.009375 0.011111111111111112
0 0.045572916666666664 0.9101851851851852 0.005729166666666666 0.011111111111111112
1 0.49647578125 0.5240611111111111 0.9929515625 0.9518259259259259
0 0.7574200520833333 0.21234212962962962 0.009631770833333332 0.02468425925925926
0 0.8142875 0.1286087962962963 0.0192 0.016476851851851854
0 0.8065671875 0.43805046296296296 0.02980104166666667 0.050175
0 0.7491994791666666 0.40080046296296296 0.008815624999999999 0.031230555555555557
0 0.8938906249999999 0.8665912037037037 0.05757291666666667 0.11281203703703704
0 0.6676997395833334 0.8809898148148149 0.022899479166666667 0.05086851851851852
0 0.69678671875 0.7516587962962963 0.0185734375 0.05146574074074074
0 0.7793700520833333 0.6941819444444445 0.013948437499999999 0.01799351851851852
0 0.5759380208333333 0.19424166666666667 0.015417708333333334 0.03663148148148148
0 0.4288489583333333 0.4702060185185185 0.020197916666666666 0.058930555555555555
0 0.16455859374999998 0.46274444444444446 0.03328385416666667 0.08845185185185185
0 0.33300703125000003 0.3724560185185185 0.0285140625 0.052319444444444446
0 0.3762627604166667 0.38955231481481484 0.0129421875 0.01799351851851852
0 0.4901919270833333 0.5176731481481481 0.0168421875 0.05201296296296296
0 0.270490625 0.5609152777777778 0.00973125 0.034793518518518515
0 0.3909606770833333 0.6113736111111111 0.007963020833333332 0.03385833333333333
0 0.26284270833333334 0.7661347222222222 0.019435416666666667 0.037825
0 0.31361666666666665 0.7411162037037037 0.011608333333333333 0.021121296296296298
0 0.357959375 0.7731217592592593 0.018002083333333332 0.035132407407407404
0 0.35789739583333335 0.7114231481481481 0.012669791666666668 0.022846296296296295
0 0.45162760416666664 0.7368865740740741 0.010546875 0.042291666666666665
0 0.47791822916666665 0.7770856481481482 0.010003125 0.013430555555555557
0 0.4179583333333333 0.7637851851851852 0.008833333333333334 0.02757037037037037
0 0.43613255208333335 0.9568662037037038 0.014973437499999999 0.022991666666666667
0 0.47861171874999997 0.9271638888888889 0.0103484375 0.022846296296296295
0 0.21868645833333333 0.9959226851851852 0.01133125 0.008512037037037037
0 0.3743171875 0.6059657407407407 0.009051041666666667 0.01193148148148148
0 0.9792471354166667 0.8088226851851852 0.005369270833333333 0.010237962962962963
1 0.5038572916666666 0.4525962962962963 0.9920895833333333 0.9051925925925925
0 0.2094921875 0.6605430555555555 0.011692708333333333 0.022937962962962962
0 0.14200520833333333 0.7136157407407407 0.020468749999999997 0.008712962962962962
0 0.19471901041666667 0.42010462962962963 0.0279796875 0.04946851851851852
0 0.24456927083333332 0.48099861111111114 0.012055208333333334 0.030515740740740743
0 0.39477213541666667 0.054966203703703705 0.019752604166666667 0.05067314814814815
0 0.3457388020833333 0.16641435185185185 0.017519270833333333 0.05134722222222222
0 0.25773723958333333 0.18368703703703704 0.0144328125 0.019225925925925924
0 0.38233359375000003 0.7613907407407408 0.014667187500000001 0.03574444444444445
0 0.5642419270833333 0.5626101851851852 0.025358854166666667 0.058553703703703705
0 0.8173169270833333 0.6874013888888889 0.028383854166666667 0.08776574074074074
0 0.6429424479166667 0.7020518518518518 0.03171822916666667 0.044844444444444444
0 0.6033760416666667 0.6638481481481482 0.015085416666666665 0.012881481481481482
0 0.5129296875 0.4891921296296296 0.02169270833333333 0.048754629629629634
0 0.7309869791666667 0.5470675925925925 0.011973958333333333 0.033024074074074074
0 0.62076171875 0.44244675925925925 0.010273437500000001 0.031189814814814816
0 0.7676666666666667 0.3530875 0.017625000000000002 0.04136018518518518
0 0.7160268229166667 0.35325833333333334 0.010178645833333333 0.021331481481481483
0 0.6764856770833333 0.3010138888888889 0.016513020833333333 0.03350925925925926
0 0.6680502604166667 0.3614777777777778 0.013183854166666667 0.021103703703703704
0 0.5808291666666666 0.29428518518518515 0.005408333333333334 0.04412592592592592
0 0.5614127604166667 0.2415152777777778 0.009283854166666666 0.014512037037037037
0 0.6168536458333332 0.2822722222222222 0.006623958333333333 0.027507407407407408
0 0.6282578125 0.08861898148148148 0.012765625000000001 0.025386111111111113
0 0.58226796875 0.09758888888888889 0.0114109375 0.021103703703703704
0 0.8445505208333334 0.14547361111111112 0.010976041666666667 0.018725
0 0.6365578125 0.4552439814814815 0.009573958333333334 0.010487962962962963
1 0.5049479166666667 0.549074074074074 0.9890625 0.9018518518518519
0 0.225 0.26944444444444443 0.010416666666666666 0.024074074074074074
0 0.1625 0.2 0.019791666666666666 0.012962962962962963
0 0.19140625 0.5041666666666667 0.027604166666666666 0.049074074074074076
0 0.24583333333333332 0.4550925925925926 0.010416666666666666 0.030555555555555555
0 0.1359375 0.9486111111111111 0.06145833333333333 0.10092592592592593
0 0.35989583333333336 0.9138888888888889 0.020833333333333332 0.05
0 0.3223958333333333 0.7925925925925926 0.016666666666666666 0.05185185185185185
0 0.23567708333333334 0.7532407407407408 0.0140625 0.017592592592592594
0 0.40390625 0.2125 0.015104166666666667 0.03611111111111111
0 0.5684895833333333 0.4546296296296296 0.022395833333333334 0.05925925925925926
0 0.8302083333333333 0.39166666666666666 0.030208333333333334 0.08888888888888889
0 0.65703125 0.3365740740740741 0.0296875 0.049074074074074076
0 0.6153645833333333 0.36342592592592593 0.0140625 0.01574074074074074
0 0.5111979166666667 0.5143518518518518 0.019270833333333334 0.05092592592592592
0 0.7325520833333333 0.5106481481481482 0.009895833333333333 0.03425925925925926
0 0.6153645833333333 0.5875 0.008854166666666666 0.032407407407407406
0 0.7536458333333333 0.7125 0.01875 0.03981481481481482
0 0.7018229166666666 0.6981481481481482 0.0109375 0.020370370370370372
0 0.6596354166666667 0.7402777777777778 0.0171875 0.03425925925925926
0 0.65546875 0.6787037037037037 0.013020833333333334 0.022222222222222223
0 0.5643229166666667 0.7245370370370371 0.0078125 0.04351851851851852
0 0.5411458333333333 0.7712962962962963 0.009375 0.012962962962962963
0 0.59921875 0.7444444444444445 0.0078125 0.027777777777777776
0 0.59453125 0.9398148148148148 0.0140625 0.024074074074074074
0 0.5502604166666667 0.9194444444444444 0.0109375 0.022222222222222223
0 0.81328125 0.9361111111111111 0.0109375 0.018518518518518517
0 0.6317708333333333 0.5777777777777777 0.009375 0.011111111111111112
0 0.045572916666666664 0.9101851851851852 0.005729166666666666 0.011111111111111112
1 0.49647578125 0.5240611111111111 0.9929515625 0.9518259259259259
0 0.7574200520833333 0.21234212962962962 0.009631770833333332 0.02468425925925926
0 0.8142875 0.1286087962962963 0.0192 0.016476851851851854
0 0.8065671875 0.43805046296296296 0.02980104166666667 0.050175
0 0.7491994791666666 0.40080046296296296 0.008815624999999999 0.031230555555555557
0 0.8938906249999999 0.8665912037037037 0.05757291666666667 0.11281203703703704
0 0.6676997395833334 0.8809898148148149 0.022899479166666667 0.05086851851851852
0 0.69678671875 0.7516587962962963 0.0185734375 0.05146574074074074
0 0.7793700520833333 0.6941819444444445 0.013948437499999999 0.01799351851851852
0 0.5759380208333333 0.19424166666666667 0.015417708333333334 0.03663148148148148
0 0.4288489583333333 0.4702060185185185 0.020197916666666666 0.058930555555555555
0 0.16455859374999998 0.46274444444444446 0.03328385416666667 0.08845185185185185
0 0.33300703125000003 0.3724560185185185 0.0285140625 0.052319444444444446
0 0.3762627604166667 0.38955231481481484 0.0129421875 0.01799351851851852
0 0.4901919270833333 0.5176731481481481 0.0168421875 0.05201296296296296
0 0.270490625 0.5609152777777778 0.00973125 0.034793518518518515
0 0.3909606770833333 0.6113736111111111 0.007963020833333332 0.03385833333333333
0 0.26284270833333334 0.7661347222222222 0.019435416666666667 0.037825
0 0.31361666666666665 0.7411162037037037 0.011608333333333333 0.021121296296296298
0 0.357959375 0.7731217592592593 0.018002083333333332 0.035132407407407404
0 0.35789739583333335 0.7114231481481481 0.012669791666666668 0.022846296296296295
0 0.45162760416666664 0.7368865740740741 0.010546875 0.042291666666666665
0 0.47791822916666665 0.7770856481481482 0.010003125 0.013430555555555557
0 0.4179583333333333 0.7637851851851852 0.008833333333333334 0.02757037037037037
0 0.43613255208333335 0.9568662037037038 0.014973437499999999 0.022991666666666667
0 0.47861171874999997 0.9271638888888889 0.0103484375 0.022846296296296295
0 0.21868645833333333 0.9959226851851852 0.01133125 0.008512037037037037
0 0.3743171875 0.6059657407407407 0.009051041666666667 0.01193148148148148
0 0.9792471354166667 0.8088226851851852 0.005369270833333333 0.010237962962962963
1 0.5038572916666666 0.4525962962962963 0.9920895833333333 0.9051925925925925
0 0.2094921875 0.6605430555555555 0.011692708333333333 0.022937962962962962
0 0.14200520833333333 0.7136157407407407 0.020468749999999997 0.008712962962962962
0 0.19471901041666667 0.42010462962962963 0.0279796875 0.04946851851851852
0 0.24456927083333332 0.48099861111111114 0.012055208333333334 0.030515740740740743
0 0.39477213541666667 0.054966203703703705 0.019752604166666667 0.05067314814814815
0 0.3457388020833333 0.16641435185185185 0.017519270833333333 0.05134722222222222
0 0.25773723958333333 0.18368703703703704 0.0144328125 0.019225925925925924
0 0.38233359375000003 0.7613907407407408 0.014667187500000001 0.03574444444444445
0 0.5642419270833333 0.5626101851851852 0.025358854166666667 0.058553703703703705
0 0.8173169270833333 0.6874013888888889 0.028383854166666667 0.08776574074074074
0 0.6429424479166667 0.7020518518518518 0.03171822916666667 0.044844444444444444
0 0.6033760416666667 0.6638481481481482 0.015085416666666665 0.012881481481481482
0 0.5129296875 0.4891921296296296 0.02169270833333333 0.048754629629629634
0 0.7309869791666667 0.5470675925925925 0.011973958333333333 0.033024074074074074
0 0.62076171875 0.44244675925925925 0.010273437500000001 0.031189814814814816
0 0.7676666666666667 0.3530875 0.017625000000000002 0.04136018518518518
0 0.7160268229166667 0.35325833333333334 0.010178645833333333 0.021331481481481483
0 0.6764856770833333 0.3010138888888889 0.016513020833333333 0.03350925925925926
0 0.6680502604166667 0.3614777777777778 0.013183854166666667 0.021103703703703704
0 0.5808291666666666 0.29428518518518515 0.005408333333333334 0.04412592592592592
0 0.5614127604166667 0.2415152777777778 0.009283854166666666 0.014512037037037037
0 0.6168536458333332 0.2822722222222222 0.006623958333333333 0.027507407407407408
0 0.6282578125 0.08861898148148148 0.012765625000000001 0.025386111111111113
0 0.58226796875 0.09758888888888889 0.0114109375 0.021103703703703704
0 0.8445505208333334 0.14547361111111112 0.010976041666666667 0.018725
0 0.6365578125 0.4552439814814815 0.009573958333333334 0.010487962962962963
1 0.5049479166666667 0.549074074074074 0.9890625 0.9018518518518519
0 0.225 0.26944444444444443 0.010416666666666666 0.024074074074074074
0 0.1625 0.2 0.019791666666666666 0.012962962962962963
0 0.19140625 0.5041666666666667 0.027604166666666666 0.049074074074074076
0 0.24583333333333332 0.4550925925925926 0.010416666666666666 0.030555555555555555
0 0.1359375 0.9486111111111111 0.06145833333333333 0.10092592592592593
0 0.35989583333333336 0.9138888888888889 0.020833333333333332 0.05
0 0.3223958333333333 0.7925925925925926 0.016666666666666666 0.05185185185185185
0 0.23567708333333334 0.7532407407407408 0.0140625 0.017592592592592594
0 0.40390625 0.2125 0.015104166666666667 0.03611111111111111
0 0.5684895833333333 0.4546296296296296 0.022395833333333334 0.05925925925925926
0 0.8302083333333333 0.39166666666666666 0.030208333333333334 0.08888888888888889
0 0.65703125 0.3365740740740741 0.0296875 0.049074074074074076
0 0.6153645833333333 0.36342592592592593 0.0140625 0.01574074074074074
0 0.5111979166666667 0.5143518518518518 0.019270833333333334 0.05092592592592592
0 0.7325520833333333 0.5106481481481482 0.009895833333333333 0.03425925925925926
0 0.6153645833333333 0.5875 0.008854166666666666 0.032407407407407406
0 0.7536458333333333 0.7125 0.01875 0.03981481481481482
0 0.7018229166666666 0.6981481481481482 0.0109375 0.020370370370370372
0 0.6596354166666667 0.7402777777777778 0.0171875 0.03425925925925926
0 0.65546875 0.6787037037037037 0.013020833333333334 0.022222222222222223
0 0.5643229166666667 0.7245370370370371 0.0078125 0.04351851851851852
0 0.5411458333333333 0.7712962962962963 0.009375 0.012962962962962963
0 0.59921875 0.7444444444444445 0.0078125 0.027777777777777776
0 0.59453125 0.9398148148148148 0.0140625 0.024074074074074074
0 0.5502604166666667 0.9194444444444444 0.0109375 0.022222222222222223
0 0.81328125 0.9361111111111111 0.0109375 0.018518518518518517
0 0.6317708333333333 0.5777777777777777 0.009375 0.011111111111111112
0 0.045572916666666664 0.9101851851851852 0.005729166666666666 0.011111111111111112
1 0.49647578125 0.5240611111111111 0.9929515625 0.9518259259259259
0 0.7574200520833333 0.21234212962962962 0.009631770833333332 0.02468425925925926
0 0.8142875 0.1286087962962963 0.0192 0.016476851851851854
0 0.8065671875 0.43805046296296296 0.02980104166666667 0.050175
0 0.7491994791666666 0.40080046296296296 0.008815624999999999 0.031230555555555557
0 0.8938906249999999 0.8665912037037037 0.05757291666666667 0.11281203703703704
0 0.6676997395833334 0.8809898148148149 0.022899479166666667 0.05086851851851852
0 0.69678671875 0.7516587962962963 0.0185734375 0.05146574074074074
0 0.7793700520833333 0.6941819444444445 0.013948437499999999 0.01799351851851852
0 0.5759380208333333 0.19424166666666667 0.015417708333333334 0.03663148148148148
0 0.4288489583333333 0.4702060185185185 0.020197916666666666 0.058930555555555555
0 0.16455859374999998 0.46274444444444446 0.03328385416666667 0.08845185185185185
0 0.33300703125000003 0.3724560185185185 0.0285140625 0.052319444444444446
0 0.3762627604166667 0.38955231481481484 0.0129421875 0.01799351851851852
0 0.4901919270833333 0.5176731481481481 0.0168421875 0.05201296296296296
0 0.270490625 0.5609152777777778 0.00973125 0.034793518518518515
0 0.3909606770833333 0.6113736111111111 0.007963020833333332 0.03385833333333333
0 0.26284270833333334 0.7661347222222222 0.019435416666666667 0.037825
0 0.31361666666666665 0.7411162037037037 0.011608333333333333 0.021121296296296298
0 0.357959375 0.7731217592592593 0.018002083333333332 0.035132407407407404
0 0.35789739583333335 0.7114231481481481 0.012669791666666668 0.022846296296296295
0 0.45162760416666664 0.7368865740740741 0.010546875 0.042291666666666665
0 0.47791822916666665 0.7770856481481482 0.010003125 0.013430555555555557
0 0.4179583333333333 0.7637851851851852 0.008833333333333334 0.02757037037037037
0 0.43613255208333335 0.9568662037037038 0.014973437499999999 0.022991666666666667
0 0.47861171874999997 0.9271638888888889 0.0103484375 0.022846296296296295
0 0.21868645833333333 0.9959226851851852 0.01133125 0.008512037037037037
0 0.3743171875 0.6059657407407407 0.009051041666666667 0.01193148148148148
0 0.9792471354166667 0.8088226851851852 0.005369270833333333 0.010237962962962963
