1 0.49973958333333335 0.5365740740740741 0.9994791666666667 0.925
0 0.2916666666666667 0.5851851851851851 0.013541666666666667 0.025925925925925925
0 0.50859375 0.5962962962962963 0.011979166666666667 0.024074074074074074
0 0.5604166666666667 0.5532407407407407 0.013541666666666667 0.05092592592592592
0 0.6142651041666666 0.38328194444444447 0.03998854166666667 0.07952685185185185
0 0.37447916666666664 0.4583333333333333 0.016666666666666666 0.06296296296296296
0 0.4674479166666667 0.24583333333333332 0.0109375 0.049074074074074076
0 0.5723958333333333 0.6458333333333334 0.027083333333333334 0.05648148148148148
0 0.5934895833333333 0.6527777777777778 0.013020833333333334 0.044444444444444446
0 0.6640625 0.36527777777777776 0.020833333333333332 0.019444444444444445
0 0.68671875 0.34444444444444444 0.0140625 0.037037037037037035
0 0.41744791666666664 0.4060185185185185 0.013020833333333334 0.028703703703703703
0 0.49635416666666665 0.36157407407407405 0.017708333333333333 0.028703703703703703
0 0.055989583333333336 0.8837962962962963 0.0140625 0.019444444444444445
0 0.69140625 0.875 0.011979166666666667 0.02962962962962963
0 0.9259838541666666 0.4324074074074074 0.010301041666666667 0.024074074074074074
0 0.6747395833333333 0.43703703703703706 0.0140625 0.03148148148148148
0 0.73125 0.16898148148148148 0.010416666666666666 0.032407407407407406
0 0.5518229166666667 0.66785 0.015104166666666667 0.02644074074074074
0 0.6065104166666667 0.5481481481481482 0.0140625 0.03148148148148148
0 0.6208333333333333 0.9398148148148148 0.011458333333333333 0.02962962962962963
0 0.7440104166666667 0.9361111111111111 0.011979166666666667 0.020370370370370372
0 0.6796875 0.9421296296296297 0.010416666666666666 0.01574074074074074
1 0.49973958333333335 0.5365740740740741 0.9994791666666667 0.925
0 0.2916666666666667 0.5851851851851851 0.013541666666666667 0.025925925925925925
0 0.50859375 0.5962962962962963 0.011979166666666667 0.024074074074074074
0 0.5604166666666667 0.5532407407407407 0.013541666666666667 0.05092592592592592
0 0.6142651041666666 0.38328194444444447 0.03998854166666667 0.07952685185185185
0 0.37447916666666664 0.4583333333333333 0.016666666666666666 0.06296296296296296
0 0.4674479166666667 0.24583333333333332 0.0109375 0.049074074074074076
0 0.5723958333333333 0.6458333333333334 0.027083333333333334 0.05648148148148148
0 0.5934895833333333 0.6527777777777778 0.013020833333333334 0.044444444444444446
0 0.6640625 0.36527777777777776 0.020833333333333332 0.019444444444444445
0 0.68671875 0.34444444444444444 0.0140625 0.037037037037037035
0 0.41744791666666664 0.4060185185185185 0.013020833333333334 0.028703703703703703
0 0.49635416666666665 0.36157407407407405 0.017708333333333333 0.028703703703703703
0 0.055989583333333336 0.8837962962962963 0.0140625 0.019444444444444445
0 0.69140625 0.875 0.011979166666666667 0.02962962962962963
0 0.9259838541666666 0.4324074074074074 0.010301041666666667 0.024074074074074074
0 0.6747395833333333 0.43703703703703706 0.0140625 0.03148148148148148
0 0.73125 0.16898148148148148 0.010416666666666666 0.032407407407407406
0 0.5518229166666667 0.66785 0.015104166666666667 0.02644074074074074
0 0.6065104166666667 0.5481481481481482 0.0140625 0.03148148148148148
0 0.6208333333333333 0.9398148148148148 0.011458333333333333 0.02962962962962963
0 0.7440104166666667 0.9361111111111111 0.011979166666666667 0.020370370370370372
0 0.6796875 0.9421296296296297 0.010416666666666666 0.01574074074074074
1 0.5 0.48161944444444443 1.0 0.9632388888888889
0 0.7126122395833333 0.4539166666666667 0.013766145833333333 0.028203703703703703
0 0.49759609375 0.402712037037037 0.011858854166666665 0.02394259259259259
0 0.44248671874999995 0.4359925925925926 0.015181770833333334 0.051614814814814815
0 0.37887968749999995 0.5933740740740742 0.042134374999999995 0.07748888888888888
0 0.622315625 0.5642550925925925 0.018589583333333333 0.06184351851851851
0 0.5169200520833334 0.7585652777777777 0.011965104166666666 0.04861203703703704
0 0.4361419270833334 0.3408425925925926 0.025408854166666665 0.05946296296296296
0 0.41644869791666667 0.3309240740740741 0.014147395833333333 0.04332962962962963
0 0.3288375 0.6032777777777777 0.020175 0.02137037037037037
0 0.30545390625 0.6204138888888889 0.015074479166666667 0.03712407407407407
0 0.5761708333333334 0.608662962962963 0.012758333333333333 0.030288888888888893
0 0.49584296875 0.6378990740740741 0.0166859375 0.0313537037037037
0 0.964284375 0.20108703703703704 0.013985416666666667 0.020692592592592592
0 0.33196770833333333 0.09139212962962963 0.01289375 0.029080555555555554
0 0.0724609375 0.48848425925925926 0.010546875 0.023264814814814815
0 0.32251250000000004 0.5303662037037037 0.012733333333333334 0.03295462962962963
0 0.24977734375 0.7852208333333334 0.011013020833333333 0.03155277777777778
0 0.45811328125 0.32351574074074074 0.015184895833333333 0.02666111111111111
0 0.39638541666666666 0.43299861111111115 0.013604166666666667 0.03266388888888889
0 0.40539114583333336 0.039981944444444445 0.012865625 0.028112037037037036
0 0.2831078125 0.020508333333333333 0.012048958333333333 0.020646296296296295
0 0.34725833333333334 0.026587962962962963 0.010141666666666667 0.01613888888888889
1 0.49973958333333335 0.5365740740740741 0.9994791666666667 0.925
0 0.2916666666666667 0.5851851851851851 0.013541666666666667 0.025925925925925925
0 0.50859375 0.5962962962962963 0.011979166666666667 0.024074074074074074
0 0.5604166666666667 0.5532407407407407 0.013541666666666667 0.05092592592592592
0 0.6142651041666666 0.38328194444444447 0.03998854166666667 0.07952685185185185
0 0.37447916666666664 0.4583333333333333 0.016666666666666666 0.06296296296296296
0 0.4674479166666667 0.24583333333333332 0.0109375 0.049074074074074076
0 0.5723958333333333 0.6458333333333334 0.027083333333333334 0.05648148148148148
0 0.5934895833333333 0.6527777777777778 0.013020833333333334 0.044444444444444446
0 0.6640625 0.36527777777777776 0.020833333333333332 0.019444444444444445
0 0.68671875 0.34444444444444444 0.0140625 0.037037037037037035
0 0.41744791666666664 0.4060185185185185 0.013020833333333334 0.028703703703703703
0 0.49635416666666665 0.36157407407407405 0.017708333333333333 0.028703703703703703
0 0.055989583333333336 0.8837962962962963 0.0140625 0.019444444444444445
0 0.69140625 0.875 0.011979166666666667 0.02962962962962963
0 0.9259838541666666 0.4324074074074074 0.010301041666666667 0.024074074074074074
0 0.6747395833333333 0.43703703703703706 0.0140625 0.03148148148148148
0 0.73125 0.16898148148148148 0.010416666666666666 0.032407407407407406
0 0.5518229166666667 0.66785 0.015104166666666667 0.02644074074074074
0 0.6065104166666667 0.5481481481481482 0.0140625 0.03148148148148148
0 0.6208333333333333 0.9398148148148148 0.011458333333333333 0.02962962962962963
0 0.7440104166666667 0.9361111111111111 0.011979166666666667 0.020370370370370372
0 0.6796875 0.9421296296296297 0.010416666666666666 0.01574074074074074
1 0.49973958333333335 0.5365740740740741 0.9994791666666667 0.925
0 0.2916666666666667 0.5851851851851851 0.013541666666666667 0.025925925925925925
0 0.50859375 0.5962962962962963 0.011979166666666667 0.024074074074074074
0 0.5604166666666667 0.5532407407407407 0.013541666666666667 0.05092592592592592
0 0.6142651041666666 0.38328194444444447 0.03998854166666667 0.07952685185185185
0 0.37447916666666664 0.4583333333333333 0.016666666666666666 0.06296296296296296
0 0.4674479166666667 0.24583333333333332 0.0109375 0.049074074074074076
0 0.5723958333333333 0.6458333333333334 0.027083333333333334 0.05648148148148148
0 0.5934895833333333 0.6527777777777778 0.013020833333333334 0.044444444444444446
0 0.6640625 0.36527777777777776 0.020833333333333332 0.019444444444444445
0 0.68671875 0.34444444444444444 0.0140625 0.037037037037037035
0 0.41744791666666664 0.4060185185185185 0.013020833333333334 0.028703703703703703
0 0.49635416666666665 0.36157407407407405 0.017708333333333333 0.028703703703703703
0 0.055989583333333336 0.8837962962962963 0.0140625 0.019444444444444445
0 0.69140625 0.875 0.011979166666666667 0.02962962962962963
0 0.9259838541666666 0.4324074074074074 0.010301041666666667 0.024074074074074074
0 0.6747395833333333 0.43703703703703706 0.0140625 0.03148148148148148
0 0.73125 0.16898148148148148 0.010416666666666666 0.032407407407407406
0 0.5518229166666667 0.66785 0.015104166666666667 0.02644074074074074
0 0.6065104166666667 0.5481481481481482 0.0140625 0.03148148148148148
0 0.6208333333333333 0.9398148148148148 0.011458333333333333 0.02962962962962963
0 0.7440104166666667 0.9361111111111111 0.011979166666666667 0.020370370370370372
0 0.6796875 0.9421296296296297 0.010416666666666666 0.01574074074074074
1 0.5 0.48161944444444443 1.0 0.9632388888888889
0 0.7126122395833333 0.4539166666666667 0.013766145833333333 0.028203703703703703
0 0.49759609375 0.402712037037037 0.011858854166666665 0.02394259259259259
0 0.44248671874999995 0.4359925925925926 0.015181770833333334 0.051614814814814815
0 0.37887968749999995 0.5933740740740742 0.042134374999999995 0.07748888888888888
0 0.622315625 0.5642550925925925 0.018589583333333333 0.06184351851851851
0 0.5169200520833334 0.7585652777777777 0.011965104166666666 0.04861203703703704
0 0.4361419270833334 0.3408425925925926 0.025408854166666665 0.05946296296296296
0 0.41644869791666667 0.3309240740740741 0.014147395833333333 0.04332962962962963
0 0.3288375 0.6032777777777777 0.020175 0.02137037037037037
0 0.30545390625 0.6204138888888889 0.015074479166666667 0.03712407407407407
0 0.5761708333333334 0.608662962962963 0.012758333333333333 0.030288888888888893
0 0.49584296875 0.6378990740740741 0.0166859375 0.0313537037037037
0 0.964284375 0.20108703703703704 0.013985416666666667 0.020692592592592592
0 0.33196770833333333 0.09139212962962963 0.01289375 0.029080555555555554
0 0.0724609375 0.48848425925925926 0.010546875 0.023264814814814815
0 0.32251250000000004 0.5303662037037037 0.012733333333333334 0.03295462962962963
0 0.24977734375 0.7852208333333334 0.011013020833333333 0.03155277777777778
0 0.45811328125 0.32351574074074074 0.015184895833333333 0.02666111111111111
0 0.39638541666666666 0.43299861111111115 0.013604166666666667 0.03266388888888889
0 0.40539114583333336 0.039981944444444445 0.012865625 0.028112037037037036
0 0.2831078125 0.020508333333333333 0.012048958333333333 0.020646296296296295
0 0.34725833333333334 0.026587962962962963 0.010141666666666667 0.01613888888888889
1 0.49973958333333335 0.5365740740740741 0.9994791666666667 0.925
0 0.2916666666666667 0.5851851851851851 0.013541666666666667 0.025925925925925925
0 0.50859375 0.5962962962962963 0.011979166666666667 0.024074074074074074
0 0.5604166666666667 0.5532407407407407 0.013541666666666667 0.05092592592592592
0 0.6142651041666666 0.38328194444444447 0.03998854166666667 0.07952685185185185
0 0.37447916666666664 0.4583333333333333 0.016666666666666666 0.06296296296296296
0 0.4674479166666667 0.24583333333333332 0.0109375 0.049074074074074076
0 0.5723958333333333 0.6458333333333334 0.027083333333333334 0.05648148148148148
0 0.5934895833333333 0.6527777777777778 0.013020833333333334 0.044444444444444446
0 0.6640625 0.36527777777777776 0.020833333333333332 0.019444444444444445
0 0.68671875 0.34444444444444444 0.0140625 0.037037037037037035
0 0.41744791666666664 0.4060185185185185 0.013020833333333334 0.028703703703703703
0 0.49635416666666665 0.36157407407407405 0.017708333333333333 0.028703703703703703
0 0.055989583333333336 0.8837962962962963 0.0140625 0.019444444444444445
0 0.69140625 0.875 0.011979166666666667 0.02962962962962963
0 0.9259838541666666 0.4324074074074074 0.010301041666666667 0.024074074074074074
0 0.6747395833333333 0.43703703703703706 0.0140625 0.03148148148148148
0 0.73125 0.16898148148148148 0.010416666666666666 0.032407407407407406
0 0.5518229166666667 0.66785 0.015104166666666667 0.02644074074074074
0 0.6065104166666667 0.5481481481481482 0.0140625 0.03148148148148148
0 0.6208333333333333 0.9398148148148148 0.011458333333333333 0.02962962962962963
0 0.7440104166666667 0.9361111111111111 0.011979166666666667 0.020370370370370372
0 0.6796875 0.9421296296296297 0.010416666666666666 0.01574074074074074
1 0.49973958333333335 0.5365740740740741 0.9994791666666667 0.925
0 0.2916666666666667 0.5851851851851851 0.013541666666666667 0.025925925925925925
0 0.50859375 0.5962962962962963 0.011979166666666667 0.024074074074074074
0 0.5604166666666667 0.5532407407407407 0.013541666666666667 0.05092592592592592
0 0.6142651041666666 0.38328194444444447 0.03998854166666667 0.07952685185185185
0 0.37447916666666664 0.4583333333333333 0.016666666666666666 0.06296296296296296
0 0.4674479166666667 0.24583333333333332 0.0109375 0.049074074074074076
0 0.5723958333333333 0.6458333333333334 0.027083333333333334 0.05648148148148148
0 0.5934895833333333 0.6527777777777778 0.013020833333333334 0.044444444444444446
0 0.6640625 0.36527777777777776 0.020833333333333332 0.019444444444444445
0 0.68671875 0.34444444444444444 0.0140625 0.037037037037037035
0 0.41744791666666664 0.4060185185185185 0.013020833333333334 0.028703703703703703
0 0.49635416666666665 0.36157407407407405 0.017708333333333333 0.028703703703703703
0 0.055989583333333336 0.8837962962962963 0.0140625 0.019444444444444445
0 0.69140625 0.875 0.011979166666666667 0.02962962962962963
0 0.9259838541666666 0.4324074074074074 0.010301041666666667 0.024074074074074074
0 0.6747395833333333 0.43703703703703706 0.0140625 0.03148148148148148
0 0.73125 0.16898148148148148 0.010416666666666666 0.032407407407407406
0 0.5518229166666667 0.66785 0.015104166666666667 0.02644074074074074
0 0.6065104166666667 0.5481481481481482 0.0140625 0.03148148148148148
0 0.6208333333333333 0.9398148148148148 0.011458333333333333 0.02962962962962963
0 0.7440104166666667 0.9361111111111111 0.011979166666666667 0.020370370370370372
0 0.6796875 0.9421296296296297 0.010416666666666666 0.01574074074074074
1 0.5 0.48161944444444443 1.0 0.9632388888888889
0 0.7126122395833333 0.4539166666666667 0.013766145833333333 0.028203703703703703
0 0.49759609375 0.402712037037037 0.011858854166666665 0.02394259259259259
0 0.44248671874999995 0.4359925925925926 0.015181770833333334 0.051614814814814815
0 0.37887968749999995 0.5933740740740742 0.042134374999999995 0.07748888888888888
0 0.622315625 0.5642550925925925 0.018589583333333333 0.06184351851851851
0 0.5169200520833334 0.7585652777777777 0.011965104166666666 0.04861203703703704
0 0.4361419270833334 0.3408425925925926 0.025408854166666665 0.05946296296296296
0 0.41644869791666667 0.3309240740740741 0.014147395833333333 0.04332962962962963
0 0.3288375 0.6032777777777777 0.020175 0.02137037037037037
0 0.30545390625 0.6204138888888889 0.015074479166666667 0.03712407407407407
0 0.5761708333333334 0.608662962962963 0.012758333333333333 0.030288888888888893
0 0.49584296875 0.6378990740740741 0.0166859375 0.0313537037037037
0 0.964284375 0.20108703703703704 0.013985416666666667 0.020692592592592592
0 0.33196770833333333 0.09139212962962963 0.01289375 0.029080555555555554
0 0.0724609375 0.48848425925925926 0.010546875 0.023264814814814815
0 0.32251250000000004 0.5303662037037037 0.012733333333333334 0.03295462962962963
0 0.24977734375 0.7852208333333334 0.011013020833333333 0.03155277777777778
0 0.45811328125 0.32351574074074074 0.015184895833333333 0.02666111111111111
0 0.39638541666666666 0.43299861111111115 0.013604166666666667 0.03266388888888889
0 0.40539114583333336 0.039981944444444445 0.012865625 0.028112037037037036
0 0.2831078125 0.020508333333333333 0.012048958333333333 0.020646296296296295
0 0.34725833333333334 0.026587962962962963 0.010141666666666667 0.01613888888888889
