1 0.49973958333333335 0.5472222222222223 0.9994791666666667 0.9037037037037037
0 0.14973958333333334 0.6087962962962963 0.0140625 0.03611111111111111
0 0.61796875 0.5597222222222222 0.019270833333333334 0.05092592592592592
0 0.7140625 0.5314814814814814 0.015625 0.05925925925925926
0 0.5755208333333334 0.6694444444444444 0.015625 0.053703703703703705
0 0.09010416666666667 0.6087962962962963 0.010416666666666666 0.026851851851851852
0 0.25364583333333335 0.9296296296296296 0.011458333333333333 0.03518518518518519
0 0.31692708333333336 0.12638888888888888 0.018229166666666668 0.01574074074074074
0 0.27734375 0.23842592592592593 0.0109375 0.01574074074074074
0 0.36015625 0.2796296296296296 0.011979166666666667 0.037037037037037035
0 0.030208333333333334 0.3819444444444444 0.005208333333333333 0.017592592592592594
0 0.08541666666666667 0.8759259259259259 0.011458333333333333 0.009259259259259259
0 0.04921875 0.8245370370370371 0.008854166666666666 0.01574074074074074
0 0.3184895833333333 0.9412037037037037 0.018229166666666668 0.010185185185185186
0 0.9231770833333334 0.5879629629629629 0.008854166666666666 0.044444444444444446
1 0.5 0.4807231481481482 1.0 0.9614462962962964
0 0.14417473958333332 0.4900555555555555 0.013349479166666667 0.03566666666666667
0 0.6115856770833333 0.40825 0.0221296875 0.04798148148148148
0 0.7092557291666667 0.41005324074074073 0.017469791666666668 0.060847222222222226
0 0.5607190104166667 0.31135972222222225 0.015188020833333335 0.05420092592592592
0 0.08527994791666667 0.5064324074074074 0.011184895833333335 0.027679629629629627
0 0.2192690104166667 0.14351898148148148 0.0114546875 0.035186111111111106
0 0.3519143229166667 0.9208430555555556 0.018411979166666665 0.013908333333333333
0 0.3029921875 0.8207518518518518 0.010151041666666666 0.01742962962962963
0 0.3807080729166667 0.7566 0.0124578125 0.03542222222222222
0 0.046453125 0.7470699074074074 0.006447916666666667 0.016362037037037036
0 0.057375260416666664 0.24383935185185185 0.010583854166666667 0.011752777777777777
0 0.026125260416666667 0.3048509259259259 0.008500520833333334 0.015257407407407409
0 0.28191901041666667 0.1150787037037037 0.0180046875 0.01349074074074074
0 0.9100872395833334 0.29558796296296297 0.011841145833333334 0.043027777777777776
1 0.5 0.46674166666666667 1.0 0.9334833333333333
0 0.14531666666666665 0.4568453703703704 0.01355 0.035912962962962966
0 0.6137419270833333 0.4189935185185185 0.021233854166666667 0.049098148148148155
0 0.7115752604166666 0.42931574074074075 0.01690052083333333 0.06048333333333333
0 0.5660213541666667 0.3169064814814815 0.015376041666666666 0.05418333333333333
0 0.0856875 0.46744305555555554 0.010958333333333332 0.027478703703703703
0 0.22961484375 0.11856712962962963 0.011313020833333333 0.0352824074074074
0 0.33992994791666664 0.9061990740740741 0.018401562500000003 0.01425
0 0.29376276041666666 0.801975 0.0104421875 0.016912962962962963
0 0.3737872395833334 0.7458078703703703 0.0121578125 0.03606018518518519
0 0.0400046875 0.7047055555555556 0.006051041666666667 0.01681851851851852
0 0.06534869791666667 0.2026976851851852 0.010905729166666666 0.010950925925925926
0 0.03244609375 0.2614342592592592 0.0086421875 0.015461111111111111
0 0.2934395833333333 0.09587083333333332 0.018129166666666665 0.012112037037037036
0 0.91585390625 0.33384722222222224 0.010874479166666668 0.04362037037037037
1 0.49973958333333335 0.5472222222222223 0.9994791666666667 0.9037037037037037
0 0.14973958333333334 0.6087962962962963 0.0140625 0.03611111111111111
0 0.61796875 0.5597222222222222 0.019270833333333334 0.05092592592592592
0 0.7140625 0.5314814814814814 0.015625 0.05925925925925926
0 0.5755208333333334 0.6694444444444444 0.015625 0.053703703703703705
0 0.09010416666666667 0.6087962962962963 0.010416666666666666 0.026851851851851852
0 0.25364583333333335 0.9296296296296296 0.011458333333333333 0.03518518518518519
0 0.31692708333333336 0.12638888888888888 0.018229166666666668 0.01574074074074074
0 0.27734375 0.23842592592592593 0.0109375 0.01574074074074074
0 0.36015625 0.2796296296296296 0.011979166666666667 0.037037037037037035
0 0.030208333333333334 0.3819444444444444 0.005208333333333333 0.017592592592592594
0 0.08541666666666667 0.8759259259259259 0.011458333333333333 0.009259259259259259
0 0.04921875 0.8245370370370371 0.008854166666666666 0.01574074074074074
0 0.3184895833333333 0.9412037037037037 0.018229166666666668 0.010185185185185186
0 0.9231770833333334 0.5879629629629629 0.008854166666666666 0.044444444444444446
1 0.5 0.4807231481481482 1.0 0.9614462962962964
0 0.14417473958333332 0.4900555555555555 0.013349479166666667 0.03566666666666667
0 0.6115856770833333 0.40825 0.0221296875 0.04798148148148148
0 0.7092557291666667 0.41005324074074073 0.017469791666666668 0.060847222222222226
0 0.5607190104166667 0.31135972222222225 0.015188020833333335 0.05420092592592592
0 0.08527994791666667 0.5064324074074074 0.011184895833333335 0.027679629629629627
0 0.2192690104166667 0.14351898148148148 0.0114546875 0.035186111111111106
0 0.3519143229166667 0.9208430555555556 0.018411979166666665 0.013908333333333333
0 0.3029921875 0.8207518518518518 0.010151041666666666 0.01742962962962963
0 0.3807080729166667 0.7566 0.0124578125 0.03542222222222222
0 0.046453125 0.7470699074074074 0.006447916666666667 0.016362037037037036
0 0.057375260416666664 0.24383935185185185 0.010583854166666667 0.011752777777777777
0 0.026125260416666667 0.3048509259259259 0.008500520833333334 0.015257407407407409
0 0.28191901041666667 0.1150787037037037 0.0180046875 0.01349074074074074
0 0.9100872395833334 0.29558796296296297 0.011841145833333334 0.043027777777777776
1 0.5 0.46674166666666667 1.0 0.9334833333333333
0 0.14531666666666665 0.4568453703703704 0.01355 0.035912962962962966
0 0.6137419270833333 0.4189935185185185 0.021233854166666667 0.049098148148148155
0 0.7115752604166666 0.42931574074074075 0.01690052083333333 0.06048333333333333
0 0.5660213541666667 0.3169064814814815 0.015376041666666666 0.05418333333333333
0 0.0856875 0.46744305555555554 0.010958333333333332 0.027478703703703703
0 0.22961484375 0.11856712962962963 0.011313020833333333 0.0352824074074074
0 0.33992994791666664 0.9061990740740741 0.018401562500000003 0.01425
0 0.29376276041666666 0.801975 0.0104421875 0.016912962962962963
0 0.3737872395833334 0.7458078703703703 0.0121578125 0.03606018518518519
0 0.0400046875 0.7047055555555556 0.006051041666666667 0.01681851851851852
0 0.06534869791666667 0.2026976851851852 0.010905729166666666 0.010950925925925926
0 0.03244609375 0.2614342592592592 0.0086421875 0.015461111111111111
0 0.2934395833333333 0.09587083333333332 0.018129166666666665 0.012112037037037036
0 0.91585390625 0.33384722222222224 0.010874479166666668 0.04362037037037037
1 0.49973958333333335 0.5472222222222223 0.9994791666666667 0.9037037037037037
0 0.14973958333333334 0.6087962962962963 0.0140625 0.03611111111111111
0 0.61796875 0.5597222222222222 0.019270833333333334 0.05092592592592592
0 0.7140625 0.5314814814814814 0.015625 0.05925925925925926
0 0.5755208333333334 0.6694444444444444 0.015625 0.053703703703703705
0 0.09010416666666667 0.6087962962962963 0.010416666666666666 0.026851851851851852
0 0.25364583333333335 0.9296296296296296 0.011458333333333333 0.03518518518518519
0 0.31692708333333336 0.12638888888888888 0.018229166666666668 0.01574074074074074
0 0.27734375 0.23842592592592593 0.0109375 0.01574074074074074
0 0.36015625 0.2796296296296296 0.011979166666666667 0.037037037037037035
0 0.030208333333333334 0.3819444444444444 0.005208333333333333 0.017592592592592594
0 0.08541666666666667 0.8759259259259259 0.011458333333333333 0.009259259259259259
0 0.04921875 0.8245370370370371 0.008854166666666666 0.01574074074074074
0 0.3184895833333333 0.9412037037037037 0.018229166666666668 0.010185185185185186
0 0.9231770833333334 0.5879629629629629 0.008854166666666666 0.044444444444444446
1 0.5 0.4807231481481482 1.0 0.9614462962962964
0 0.14417473958333332 0.4900555555555555 0.013349479166666667 0.03566666666666667
0 0.6115856770833333 0.40825 0.0221296875 0.04798148148148148
0 0.7092557291666667 0.41005324074074073 0.017469791666666668 0.060847222222222226
0 0.5607190104166667 0.31135972222222225 0.015188020833333335 0.05420092592592592
0 0.08527994791666667 0.5064324074074074 0.011184895833333335 0.027679629629629627
0 0.2192690104166667 0.14351898148148148 0.0114546875 0.035186111111111106
0 0.3519143229166667 0.9208430555555556 0.018411979166666665 0.013908333333333333
0 0.3029921875 0.8207518518518518 0.010151041666666666 0.01742962962962963
0 0.3807080729166667 0.7566 0.0124578125 0.03542222222222222
0 0.046453125 0.7470699074074074 0.006447916666666667 0.016362037037037036
0 0.057375260416666664 0.24383935185185185 0.010583854166666667 0.011752777777777777
0 0.026125260416666667 0.3048509259259259 0.008500520833333334 0.015257407407407409
0 0.28191901041666667 0.1150787037037037 0.0180046875 0.01349074074074074
0 0.9100872395833334 0.29558796296296297 0.011841145833333334 0.043027777777777776
1 0.5 0.46674166666666667 1.0 0.9334833333333333
0 0.14531666666666665 0.4568453703703704 0.01355 0.035912962962962966
0 0.6137419270833333 0.4189935185185185 0.021233854166666667 0.049098148148148155
0 0.7115752604166666 0.42931574074074075 0.01690052083333333 0.06048333333333333
0 0.5660213541666667 0.3169064814814815 0.015376041666666666 0.05418333333333333
0 0.0856875 0.46744305555555554 0.010958333333333332 0.027478703703703703
0 0.22961484375 0.11856712962962963 0.011313020833333333 0.0352824074074074
0 0.33992994791666664 0.9061990740740741 0.018401562500000003 0.01425
0 0.29376276041666666 0.801975 0.0104421875 0.016912962962962963
0 0.3737872395833334 0.7458078703703703 0.0121578125 0.03606018518518519
0 0.0400046875 0.7047055555555556 0.006051041666666667 0.01681851851851852
0 0.06534869791666667 0.2026976851851852 0.010905729166666666 0.010950925925925926
0 0.03244609375 0.2614342592592592 0.0086421875 0.015461111111111111
0 0.2934395833333333 0.09587083333333332 0.018129166666666665 0.012112037037037036
0 0.91585390625 0.33384722222222224 0.010874479166666668 0.04362037037037037
