0 0.452524658203125 0.5425394965277778 0.90504931640625 0.9149401041666666
1 0.451968505859375 0.5426167534722223 0.90393701171875 0.9150946180555556
0 0.09331884765625 0.651859375 0.0089033203125 0.05024652777777778
0 0.04106298828125 0.7031180555555555 0.0040009765625 0.010402777777777778
0 0.00244384765625 0.7887387152777777 0.0048876953125 0.013241319444444444
0 0.082767822265625 0.7521493055555556 0.00537939453125 0.011243055555555555
0 0.012266845703125 0.9141223958333333 0.00500244140625 0.010536458333333333
0 0.42110986328125 0.7103250868055555 0.0121416015625 0.01092795138888889
0 0.069010986328125 0.6046371527777779 0.01790478515625 0.023510416666666666
0 0.035273193359374996 0.5510933159722222 0.01683544921875 0.03621440972222222
0 0.004791259765625 0.4654739583333333 0.00860595703125 0.022961805555555558
0 0.02029296875 0.439828125 0.018125 0.04979513888888889
0 0.218922119140625 0.3790221354166667 0.02378173828125 0.03755815972222223
0 0.10617919921875 0.23843012152777776 0.0121630859375 0.032415798611111116
0 0.142057861328125 0.3000711805555556 0.01556103515625 0.02028125
0 0.062984375 0.37475911458333333 0.0058515625 0.008198784722222222
0 0.0373076171875 0.16943750000000002 0.006255859375 0.009013888888888889
0 0.466070068359375 0.28089930555555553 0.03077294921875 0.023604166666666666
0 0.499970703125 0.4241232638888889 0.00970703125 0.025329861111111112
0 0.324765869140625 0.39440885416666666 0.01867236328125 0.01624826388888889
0 0.518052490234375 0.2230959201388889 0.00387841796875 0.0069557291666666665
0 0.484316162109375 0.9203776041666667 0.01160107421875 0.023046875
0 0.46584716796875 0.6806740451388889 0.0059130859375 0.008917534722222223
0 0.5845234375 0.6615121527777778 0.0040078125 0.010524305555555556
0 0.44925927734375 0.4475099826388889 0.8985185546875 0.8950199652777778
1 0.44925927734375 0.4474010416666666 0.8985185546875 0.8948020833333332
0 0.114648193359375 0.22494053819444446 0.01347607421875 0.04710329861111111
0 0.067593505859375 0.15812239583333335 0.00432763671875 0.010689236111111111
0 0.03639013671875 0.06272222222222222 0.0083271484375 0.012597222222222223
0 0.113937744140625 0.12294531250000001 0.00619580078125 0.00977951388888889
0 0.442839111328125 0.26758680555555553 0.01165478515625 0.012604166666666666
0 0.086114501953125 0.26488194444444446 0.01890869140625 0.024555555555555556
0 0.0478876953125 0.3068615451388889 0.016673828125 0.03559809027777778
0 0.008089599609375001 0.38089149305555553 0.00934326171875 0.02219965277777778
0 0.022650390625000003 0.41061588541666666 0.02088671875 0.04692621527777777
0 0.211676513671875 0.5324835069444445 0.02003271484375 0.044133680555555554
0 0.08676904296875 0.6360199652777778 0.0094755859375 0.034192708333333335
0 0.12773291015625 0.5874188368055555 0.0162080078125 0.018587673611111112
0 0.057611572265625 0.4890876736111111 0.00584814453125 0.009425347222222222
0 0.011844970703124999 0.6824639756944444 0.00611181640625 0.00902517361111111
0 0.4452939453125 0.7044019097222223 0.031212890625 0.016442708333333333
0 0.492595458984375 0.573453125 0.00765185546875 0.027114583333333334
0 0.317212890625 0.5497708333333333 0.01919140625 0.014472222222222223
0 0.49033251953125 0.7780607638888889 0.0041025390625 0.007510416666666666
0 0.525919921875 0.08103211805555556 0.01277734375 0.02143923611111111
0 0.484115478515625 0.3122387152777778 0.00534033203125 0.009894097222222223
0 0.598874267578125 0.3667986111111111 0.00438916015625 0.011375
0 0.4517578125 0.5453125000000001 0.903515625 0.9083333333333334
1 0.4509765625 0.5453125000000001 0.901953125 0.9083333333333334
0 0.09501953125 0.6647569444444444 0.009375 0.05
0 0.04296875 0.7178819444444444 0.00390625 0.010416666666666666
0 0.00390625 0.8034722222222223 0.0078125 0.013194444444444444
0 0.08525390625 0.7651041666666667 0.00546875 0.011111111111111112
0 0.0162109375 0.9288194444444444 0.005078125 0.010416666666666666
0 0.423046875 0.7130208333333333 0.012109375 0.011111111111111112
0 0.0705078125 0.6177083333333333 0.01796875 0.02361111111111111
0 0.03623046875 0.5649305555555555 0.016796875 0.036111111111111115
0 0.004296875 0.48107638888888893 0.00859375 0.022916666666666665
0 0.019921875 0.45434027777777775 0.018359375 0.049305555555555554
0 0.2177734375 0.3880208333333333 0.0234375 0.03819444444444445
0 0.103611083984375 0.25069444444444444 0.01190966796875 0.03263888888888889
0 0.14013671875 0.3104166666666667 0.015625 0.020138888888888887
0 0.06201171875 0.38784722222222223 0.005859375 0.008333333333333333
0 0.03388671875 0.18333333333333332 0.00625 0.009027777777777779
0 0.463671875 0.28229166666666666 0.030859375 0.022916666666666665
0 0.499385009765625 0.42423046875000003 0.00951220703125 0.025544270833333334
0 0.323828125 0.39947916666666666 0.01875 0.01597222222222222
0 0.51513671875 0.2222222222222222 0.00390625 0.006944444444444444
0 0.48876953125 0.9203125000000001 0.01171875 0.022916666666666665
0 0.4677734375 0.6815972222222223 0.005859375 0.009027777777777779
0 0.5859375 0.6588541666666666 0.00390625 0.010416666666666666
0 0.452524658203125 0.5425394965277778 0.90504931640625 0.9149401041666666
1 0.451968505859375 0.5426167534722223 0.90393701171875 0.9150946180555556
0 0.09331884765625 0.651859375 0.0089033203125 0.05024652777777778
0 0.04106298828125 0.7031180555555555 0.0040009765625 0.010402777777777778
0 0.00244384765625 0.7887387152777777 0.0048876953125 0.013241319444444444
0 0.082767822265625 0.7521493055555556 0.00537939453125 0.011243055555555555
0 0.012266845703125 0.9141223958333333 0.00500244140625 0.010536458333333333
0 0.42110986328125 0.7103250868055555 0.0121416015625 0.01092795138888889
0 0.069010986328125 0.6046371527777779 0.01790478515625 0.023510416666666666
0 0.035273193359374996 0.5510933159722222 0.01683544921875 0.03621440972222222
0 0.004791259765625 0.4654739583333333 0.00860595703125 0.022961805555555558
0 0.02029296875 0.439828125 0.018125 0.04979513888888889
0 0.218922119140625 0.3790221354166667 0.02378173828125 0.03755815972222223
0 0.10617919921875 0.23843012152777776 0.0121630859375 0.032415798611111116
0 0.142057861328125 0.3000711805555556 0.01556103515625 0.02028125
0 0.062984375 0.37475911458333333 0.0058515625 0.008198784722222222
0 0.0373076171875 0.16943750000000002 0.006255859375 0.009013888888888889
0 0.466070068359375 0.28089930555555553 0.03077294921875 0.023604166666666666
0 0.499970703125 0.4241232638888889 0.00970703125 0.025329861111111112
0 0.324765869140625 0.39440885416666666 0.01867236328125 0.01624826388888889
0 0.518052490234375 0.2230959201388889 0.00387841796875 0.0069557291666666665
0 0.484316162109375 0.9203776041666667 0.01160107421875 0.023046875
0 0.46584716796875 0.6806740451388889 0.0059130859375 0.008917534722222223
0 0.5845234375 0.6615121527777778 0.0040078125 0.010524305555555556
0 0.44925927734375 0.4475099826388889 0.8985185546875 0.8950199652777778
1 0.44925927734375 0.4474010416666666 0.8985185546875 0.8948020833333332
0 0.114648193359375 0.22494053819444446 0.01347607421875 0.04710329861111111
0 0.067593505859375 0.15812239583333335 0.00432763671875 0.010689236111111111
0 0.03639013671875 0.06272222222222222 0.0083271484375 0.012597222222222223
0 0.113937744140625 0.12294531250000001 0.00619580078125 0.00977951388888889
0 0.442839111328125 0.26758680555555553 0.01165478515625 0.012604166666666666
0 0.086114501953125 0.26488194444444446 0.01890869140625 0.024555555555555556
0 0.0478876953125 0.3068615451388889 0.016673828125 0.03559809027777778
0 0.008089599609375001 0.38089149305555553 0.00934326171875 0.02219965277777778
0 0.022650390625000003 0.41061588541666666 0.02088671875 0.04692621527777777
0 0.211676513671875 0.5324835069444445 0.02003271484375 0.044133680555555554
0 0.08676904296875 0.6360199652777778 0.0094755859375 0.034192708333333335
0 0.12773291015625 0.5874188368055555 0.0162080078125 0.018587673611111112
0 0.057611572265625 0.4890876736111111 0.00584814453125 0.009425347222222222
0 0.011844970703124999 0.6824639756944444 0.00611181640625 0.00902517361111111
0 0.4452939453125 0.7044019097222223 0.031212890625 0.016442708333333333
0 0.492595458984375 0.573453125 0.00765185546875 0.027114583333333334
0 0.317212890625 0.5497708333333333 0.01919140625 0.014472222222222223
0 0.49033251953125 0.7780607638888889 0.0041025390625 0.007510416666666666
0 0.525919921875 0.08103211805555556 0.01277734375 0.02143923611111111
0 0.484115478515625 0.3122387152777778 0.00534033203125 0.009894097222222223
0 0.598874267578125 0.3667986111111111 0.00438916015625 0.011375
0 0.4517578125 0.5453125000000001 0.903515625 0.9083333333333334
1 0.4509765625 0.5453125000000001 0.901953125 0.9083333333333334
0 0.09501953125 0.6647569444444444 0.009375 0.05
0 0.04296875 0.7178819444444444 0.00390625 0.010416666666666666
0 0.00390625 0.8034722222222223 0.0078125 0.013194444444444444
0 0.08525390625 0.7651041666666667 0.00546875 0.011111111111111112
0 0.0162109375 0.9288194444444444 0.005078125 0.010416666666666666
0 0.423046875 0.7130208333333333 0.012109375 0.011111111111111112
0 0.0705078125 0.6177083333333333 0.01796875 0.02361111111111111
0 0.03623046875 0.5649305555555555 0.016796875 0.036111111111111115
0 0.004296875 0.48107638888888893 0.00859375 0.022916666666666665
0 0.019921875 0.45434027777777775 0.018359375 0.049305555555555554
0 0.2177734375 0.3880208333333333 0.0234375 0.03819444444444445
0 0.103611083984375 0.25069444444444444 0.01190966796875 0.03263888888888889
0 0.14013671875 0.3104166666666667 0.015625 0.020138888888888887
0 0.06201171875 0.38784722222222223 0.005859375 0.008333333333333333
0 0.03388671875 0.18333333333333332 0.00625 0.009027777777777779
0 0.463671875 0.28229166666666666 0.030859375 0.022916666666666665
0 0.499385009765625 0.42423046875000003 0.00951220703125 0.025544270833333334
0 0.323828125 0.39947916666666666 0.01875 0.01597222222222222
0 0.51513671875 0.2222222222222222 0.00390625 0.006944444444444444
0 0.48876953125 0.9203125000000001 0.01171875 0.022916666666666665
0 0.4677734375 0.6815972222222223 0.005859375 0.009027777777777779
0 0.5859375 0.6588541666666666 0.00390625 0.010416666666666666
0 0.452524658203125 0.5425394965277778 0.90504931640625 0.9149401041666666
1 0.451968505859375 0.5426167534722223 0.90393701171875 0.9150946180555556
0 0.09331884765625 0.651859375 0.0089033203125 0.05024652777777778
0 0.04106298828125 0.7031180555555555 0.0040009765625 0.010402777777777778
0 0.00244384765625 0.7887387152777777 0.0048876953125 0.013241319444444444
0 0.082767822265625 0.7521493055555556 0.00537939453125 0.011243055555555555
0 0.012266845703125 0.9141223958333333 0.00500244140625 0.010536458333333333
0 0.42110986328125 0.7103250868055555 0.0121416015625 0.01092795138888889
0 0.069010986328125 0.6046371527777779 0.01790478515625 0.023510416666666666
0 0.035273193359374996 0.5510933159722222 0.01683544921875 0.03621440972222222
0 0.004791259765625 0.4654739583333333 0.00860595703125 0.022961805555555558
0 0.02029296875 0.439828125 0.018125 0.04979513888888889
0 0.218922119140625 0.3790221354166667 0.02378173828125 0.03755815972222223
0 0.10617919921875 0.23843012152777776 0.0121630859375 0.032415798611111116
0 0.142057861328125 0.3000711805555556 0.01556103515625 0.02028125
0 0.062984375 0.37475911458333333 0.0058515625 0.008198784722222222
0 0.0373076171875 0.16943750000000002 0.006255859375 0.009013888888888889
0 0.466070068359375 0.28089930555555553 0.03077294921875 0.023604166666666666
0 0.499970703125 0.4241232638888889 0.00970703125 0.025329861111111112
0 0.324765869140625 0.39440885416666666 0.01867236328125 0.01624826388888889
0 0.518052490234375 0.2230959201388889 0.00387841796875 0.0069557291666666665
0 0.484316162109375 0.9203776041666667 0.01160107421875 0.023046875
0 0.46584716796875 0.6806740451388889 0.0059130859375 0.008917534722222223
0 0.5845234375 0.6615121527777778 0.0040078125 0.010524305555555556
0 0.44925927734375 0.4475099826388889 0.8985185546875 0.8950199652777778
1 0.44925927734375 0.4474010416666666 0.8985185546875 0.8948020833333332
0 0.114648193359375 0.22494053819444446 0.01347607421875 0.04710329861111111
0 0.067593505859375 0.15812239583333335 0.00432763671875 0.010689236111111111
0 0.03639013671875 0.06272222222222222 0.0083271484375 0.012597222222222223
0 0.113937744140625 0.12294531250000001 0.00619580078125 0.00977951388888889
0 0.442839111328125 0.26758680555555553 0.01165478515625 0.012604166666666666
0 0.086114501953125 0.26488194444444446 0.01890869140625 0.024555555555555556
0 0.0478876953125 0.3068615451388889 0.016673828125 0.03559809027777778
0 0.008089599609375001 0.38089149305555553 0.00934326171875 0.02219965277777778
0 0.022650390625000003 0.41061588541666666 0.02088671875 0.04692621527777777
0 0.211676513671875 0.5324835069444445 0.02003271484375 0.044133680555555554
0 0.08676904296875 0.6360199652777778 0.0094755859375 0.034192708333333335
0 0.12773291015625 0.5874188368055555 0.0162080078125 0.018587673611111112
0 0.057611572265625 0.4890876736111111 0.00584814453125 0.009425347222222222
0 0.011844970703124999 0.6824639756944444 0.00611181640625 0.00902517361111111
0 0.4452939453125 0.7044019097222223 0.031212890625 0.016442708333333333
0 0.492595458984375 0.573453125 0.00765185546875 0.027114583333333334
0 0.317212890625 0.5497708333333333 0.01919140625 0.014472222222222223
0 0.49033251953125 0.7780607638888889 0.0041025390625 0.007510416666666666
0 0.525919921875 0.08103211805555556 0.01277734375 0.02143923611111111
0 0.484115478515625 0.3122387152777778 0.00534033203125 0.009894097222222223
0 0.598874267578125 0.3667986111111111 0.00438916015625 0.011375
0 0.4517578125 0.5453125000000001 0.903515625 0.9083333333333334
1 0.4509765625 0.5453125000000001 0.901953125 0.9083333333333334
0 0.09501953125 0.6647569444444444 0.009375 0.05
0 0.04296875 0.7178819444444444 0.00390625 0.010416666666666666
0 0.00390625 0.8034722222222223 0.0078125 0.013194444444444444
0 0.08525390625 0.7651041666666667 0.00546875 0.011111111111111112
0 0.0162109375 0.9288194444444444 0.005078125 0.010416666666666666
0 0.423046875 0.7130208333333333 0.012109375 0.011111111111111112
0 0.0705078125 0.6177083333333333 0.01796875 0.02361111111111111
0 0.03623046875 0.5649305555555555 0.016796875 0.036111111111111115
0 0.004296875 0.48107638888888893 0.00859375 0.022916666666666665
0 0.019921875 0.45434027777777775 0.018359375 0.049305555555555554
0 0.2177734375 0.3880208333333333 0.0234375 0.03819444444444445
0 0.103611083984375 0.25069444444444444 0.01190966796875 0.03263888888888889
0 0.14013671875 0.3104166666666667 0.015625 0.020138888888888887
0 0.06201171875 0.38784722222222223 0.005859375 0.008333333333333333
0 0.03388671875 0.18333333333333332 0.00625 0.009027777777777779
0 0.463671875 0.28229166666666666 0.030859375 0.022916666666666665
0 0.499385009765625 0.42423046875000003 0.00951220703125 0.025544270833333334
0 0.323828125 0.39947916666666666 0.01875 0.01597222222222222
0 0.51513671875 0.2222222222222222 0.00390625 0.006944444444444444
0 0.48876953125 0.9203125000000001 0.01171875 0.022916666666666665
0 0.4677734375 0.6815972222222223 0.005859375 0.009027777777777779
0 0.5859375 0.6588541666666666 0.00390625 0.010416666666666666
