1 0.5 0.4633203703703704 1.0 0.9266407407407408
0 0.49159401041666667 0.2927666666666667 0.021729687499999997 0.04664444444444444
0 0.5951893229166667 0.28485416666666663 0.026836979166666667 0.0437824074074074
0 0.70321640625 0.4870569444444444 0.028307812499999998 0.040780555555555556
0 0.14675364583333333 0.25098333333333334 0.010173958333333333 0.024188888888888888
0 0.49689791666666666 0.0963050925925926 0.014629166666666667 0.024091666666666664
0 0.7336796875 0.005416666666666666 0.017359375 0.010833333333333332
0 0.7639356770833333 0.7619337962962963 0.009121354166666668 0.02016388888888889
0 0.12747760416666667 0.7124939814814815 0.008080208333333333 0.019432407407407405
0 0.767759375 0.5841472222222223 0.030310416666666666 0.034961111111111116
0 0.8592031250000001 0.3930513888888889 0.007989583333333333 0.013880555555555556
1 0.49973958333333335 0.5351851851851852 0.9994791666666667 0.924074074074074
0 0.49583333333333335 0.7078703703703704 0.020833333333333332 0.04722222222222222
0 0.59921875 0.7087962962962963 0.0265625 0.04351851851851852
0 0.7036458333333333 0.5 0.028125 0.040740740740740744
0 0.15208333333333332 0.7703703703703704 0.010416666666666666 0.024074074074074074
0 0.5046875 0.9037037037037037 0.014583333333333334 0.024074074074074074
0 0.7421875 0.986574074074074 0.019791666666666666 0.025
0 0.75859375 0.2222222222222222 0.008854166666666666 0.020370370370370372
0 0.12369791666666667 0.3106481481481482 0.0078125 0.019444444444444445
0 0.7658854166666667 0.3990740740740741 0.030729166666666665 0.03333333333333333
0 0.8611979166666667 0.5847222222222223 0.0078125 0.013888888888888888
1 0.5 0.4669523148148148 1.0 0.9339046296296296
0 0.5020424479166666 0.2916782407407407 0.019709895833333334 0.048171296296296295
0 0.6052325520833333 0.3004087962962963 0.02609010416666667 0.04341018518518519
0 0.7034765625 0.5193680555555555 0.027786458333333333 0.040587962962962965
0 0.16058671875 0.1980347222222222 0.010756770833333333 0.02384722222222222
0 0.5166158854166667 0.09739953703703705 0.014481770833333333 0.024428703703703702
0 0.7565393229166666 0.036357870370370374 0.01932864583333333 0.026419444444444447
0 0.75005 0.8010574074074075 0.008433333333333333 0.020633333333333333
0 0.11880052083333334 0.6541532407407408 0.007392708333333334 0.019417592592592594
0 0.7625184895833333 0.6257870370370371 0.031286979166666666 0.031203703703703706
0 0.8631395833333334 0.4487953703703704 0.007529166666666667 0.014257407407407408
1 0.5 0.4633203703703704 1.0 0.9266407407407408
0 0.49159401041666667 0.2927666666666667 0.021729687499999997 0.04664444444444444
0 0.5951893229166667 0.28485416666666663 0.026836979166666667 0.0437824074074074
0 0.70321640625 0.4870569444444444 0.028307812499999998 0.040780555555555556
0 0.14675364583333333 0.25098333333333334 0.010173958333333333 0.024188888888888888
0 0.49689791666666666 0.0963050925925926 0.014629166666666667 0.024091666666666664
0 0.7336796875 0.005416666666666666 0.017359375 0.010833333333333332
0 0.7639356770833333 0.7619337962962963 0.009121354166666668 0.02016388888888889
0 0.12747760416666667 0.7124939814814815 0.008080208333333333 0.019432407407407405
0 0.767759375 0.5841472222222223 0.030310416666666666 0.034961111111111116
0 0.8592031250000001 0.3930513888888889 0.007989583333333333 0.013880555555555556
1 0.49973958333333335 0.5351851851851852 0.9994791666666667 0.924074074074074
0 0.49583333333333335 0.7078703703703704 0.020833333333333332 0.04722222222222222
0 0.59921875 0.7087962962962963 0.0265625 0.04351851851851852
0 0.7036458333333333 0.5 0.028125 0.040740740740740744
0 0.15208333333333332 0.7703703703703704 0.010416666666666666 0.024074074074074074
0 0.5046875 0.9037037037037037 0.014583333333333334 0.024074074074074074
0 0.7421875 0.986574074074074 0.019791666666666666 0.025
0 0.75859375 0.2222222222222222 0.008854166666666666 0.020370370370370372
0 0.12369791666666667 0.3106481481481482 0.0078125 0.019444444444444445
0 0.7658854166666667 0.3990740740740741 0.030729166666666665 0.03333333333333333
0 0.8611979166666667 0.5847222222222223 0.0078125 0.013888888888888888
1 0.5 0.4669523148148148 1.0 0.9339046296296296
0 0.5020424479166666 0.2916782407407407 0.019709895833333334 0.048171296296296295
0 0.6052325520833333 0.3004087962962963 0.02609010416666667 0.04341018518518519
0 0.7034765625 0.5193680555555555 0.027786458333333333 0.040587962962962965
0 0.16058671875 0.1980347222222222 0.010756770833333333 0.02384722222222222
0 0.5166158854166667 0.09739953703703705 0.014481770833333333 0.024428703703703702
0 0.7565393229166666 0.036357870370370374 0.01932864583333333 0.026419444444444447
0 0.75005 0.8010574074074075 0.008433333333333333 0.020633333333333333
0 0.11880052083333334 0.6541532407407408 0.007392708333333334 0.019417592592592594
0 0.7625184895833333 0.6257870370370371 0.031286979166666666 0.031203703703703706
0 0.8631395833333334 0.4487953703703704 0.007529166666666667 0.014257407407407408
1 0.5 0.4633203703703704 1.0 0.9266407407407408
0 0.49159401041666667 0.2927666666666667 0.021729687499999997 0.04664444444444444
0 0.5951893229166667 0.28485416666666663 0.026836979166666667 0.0437824074074074
0 0.70321640625 0.4870569444444444 0.028307812499999998 0.040780555555555556
0 0.14675364583333333 0.25098333333333334 0.010173958333333333 0.024188888888888888
0 0.49689791666666666 0.0963050925925926 0.014629166666666667 0.024091666666666664
0 0.7336796875 0.005416666666666666 0.017359375 0.010833333333333332
0 0.7639356770833333 0.7619337962962963 0.009121354166666668 0.02016388888888889
0 0.12747760416666667 0.7124939814814815 0.008080208333333333 0.019432407407407405
0 0.767759375 0.5841472222222223 0.030310416666666666 0.034961111111111116
0 0.8592031250000001 0.3930513888888889 0.007989583333333333 0.013880555555555556
1 0.49973958333333335 0.5351851851851852 0.9994791666666667 0.924074074074074
0 0.49583333333333335 0.7078703703703704 0.020833333333333332 0.04722222222222222
0 0.59921875 0.7087962962962963 0.0265625 0.04351851851851852
0 0.7036458333333333 0.5 0.028125 0.040740740740740744
0 0.15208333333333332 0.7703703703703704 0.010416666666666666 0.024074074074074074
0 0.5046875 0.9037037037037037 0.014583333333333334 0.024074074074074074
0 0.7421875 0.986574074074074 0.019791666666666666 0.025
0 0.75859375 0.2222222222222222 0.008854166666666666 0.020370370370370372
0 0.12369791666666667 0.3106481481481482 0.0078125 0.019444444444444445
0 0.7658854166666667 0.3990740740740741 0.030729166666666665 0.03333333333333333
0 0.8611979166666667 0.5847222222222223 0.0078125 0.013888888888888888
1 0.5 0.4669523148148148 1.0 0.9339046296296296
0 0.5020424479166666 0.2916782407407407 0.019709895833333334 0.048171296296296295
0 0.6052325520833333 0.3004087962962963 0.02609010416666667 0.04341018518518519
0 0.7034765625 0.5193680555555555 0.027786458333333333 0.040587962962962965
0 0.16058671875 0.1980347222222222 0.010756770833333333 0.02384722222222222
0 0.5166158854166667 0.09739953703703705 0.014481770833333333 0.024428703703703702
0 0.7565393229166666 0.036357870370370374 0.01932864583333333 0.026419444444444447
0 0.75005 0.8010574074074075 0.008433333333333333 0.020633333333333333
0 0.11880052083333334 0.6541532407407408 0.007392708333333334 0.019417592592592594
0 0.7625184895833333 0.6257870370370371 0.031286979166666666 0.031203703703703706
0 0.8631395833333334 0.4487953703703704 0.007529166666666667 0.014257407407407408
