1 0.5 0.5 1.0 1.0
0 0.9566158854166668 0.5601990740740741 0.013231770833333333 0.022250000000000002
0 0.9559700520833334 0.8600842592592592 0.016106770833333332 0.04424259259259259
0 0.7946367187500001 0.7381981481481482 0.013231770833333333 0.015285185185185185
1 0.49973958333333335 0.49953703703703706 0.9994791666666667 0.9990740740740741
0 0.9567708333333333 0.46111111111111114 0.013541666666666667 0.020370370370370372
0 0.9770833333333333 0.7587962962962963 0.015625 0.04537037037037037
0 0.8088541666666667 0.6726851851851852 0.0125 0.01574074074074074
1 0.5 0.5 1.0 1.0
0 0.04961901041666667 0.63725 0.013821354166666666 0.018944444444444444
0 0.008732552083333334 0.3460592592592593 0.015381770833333334 0.04582222222222222
0 0.18131171875 0.3952356481481481 0.011581770833333333 0.016397222222222223
1 0.5 0.5 1.0 1.0
0 0.9566158854166668 0.5601990740740741 0.013231770833333333 0.022250000000000002
0 0.9559700520833334 0.8600842592592592 0.016106770833333332 0.04424259259259259
0 0.7946367187500001 0.7381981481481482 0.013231770833333333 0.015285185185185185
1 0.49973958333333335 0.49953703703703706 0.9994791666666667 0.9990740740740741
0 0.9567708333333333 0.46111111111111114 0.013541666666666667 0.020370370370370372
0 0.9770833333333333 0.7587962962962963 0.015625 0.04537037037037037
0 0.8088541666666667 0.6726851851851852 0.0125 0.01574074074074074
1 0.5 0.5 1.0 1.0
0 0.04961901041666667 0.63725 0.013821354166666666 0.018944444444444444
0 0.008732552083333334 0.3460592592592593 0.015381770833333334 0.04582222222222222
0 0.18131171875 0.3952356481481481 0.011581770833333333 0.016397222222222223
