1 0.5 0.5402763888888888 1.0 0.9194416666666666
0 0.11168776041666666 0.39136342592592593 0.0119171875 0.054949074074074074
0 0.08658046875 0.35339120370370375 0.014827604166666668 0.043819444444444446
0 0.10515390625 0.2886930555555556 0.010307812500000001 0.019978703703703707
0 0.13983046875 0.34822453703703704 0.0109109375 0.016819444444444442
0 0.19229557291666666 0.14320324074074076 0.015841145833333334 0.019739814814814814
0 0.39321432291666664 0.23063796296296296 0.04788697916666666 0.0890537037037037
0 0.37831796875 0.3781662037037037 0.014969270833333333 0.026702777777777777
0 0.47927395833333336 0.4643259259259259 0.03146458333333333 0.08235555555555556
0 0.6119039062499999 0.3461814814814815 0.012349479166666667 0.014585185185185185
0 0.6285364583333333 0.31280324074074073 0.019572916666666666 0.027458333333333335
0 0.18057578125 0.8231351851851851 0.012193229166666668 0.03701111111111111
0 0.2315236979166667 0.8002087962962963 0.0234640625 0.04115833333333333
0 0.025839322916666668 0.6608236111111111 0.0120953125 0.023499074074074075
0 0.30169843749999997 0.9499731481481481 0.027355208333333332 0.022168518518518518
0 0.3392018229166667 0.9069550925925925 0.009653645833333334 0.017613888888888887
0 0.39601276041666666 0.7392222222222222 0.04098385416666666 0.06362962962962963
0 0.41863984375 0.7594328703703703 0.011238020833333334 0.017013888888888887
0 0.3591815104166667 0.6543921296296297 0.015238020833333334 0.027302777777777777
0 0.3282526041666667 0.6056217592592593 0.014838541666666667 0.03346574074074074
0 0.4541653645833333 0.7755263888888889 0.021872395833333332 0.06216388888888889
0 0.4832645833333334 0.7358699074074074 0.01757083333333333 0.03840648148148148
0 0.40534635416666664 0.6853888888888889 0.010692708333333334 0.018925925925925926
0 0.5098182291666666 0.7315347222222223 0.024844791666666664 0.03343981481481482
0 0.6623411458333333 0.5480638888888889 0.015307291666666667 0.04242407407407407
0 0.5187372395833333 0.4513699074074074 0.010391145833333334 0.015702777777777777
0 0.44959635416666666 0.21875324074074073 0.03981770833333333 0.05972870370370371
0 0.37872395833333333 0.09948101851851851 0.010572916666666666 0.01933240740740741
0 0.44073958333333335 0.17451990740740742 0.010645833333333334 0.013854629629629628
0 0.6042434895833334 0.16745185185185185 0.032445312500000004 0.0886074074074074
0 0.6605632812500001 0.39195416666666666 0.009668229166666665 0.03761203703703704
0 0.5860611979166667 0.28516712962962965 0.0075390625 0.014778703703703704
0 0.6404859374999999 0.308800462962963 0.004930208333333333 0.023156481481481483
0 0.6977156250000001 0.2779490740740741 0.01105625 0.018861111111111113
0 0.6091026041666667 0.2267712962962963 0.009871875 0.012801851851851852
0 0.6432963541666666 0.2511773148148148 0.013676041666666666 0.02457685185185185
0 0.8610901041666666 0.4206712962962963 0.024263541666666666 0.06356481481481482
0 0.8776666666666666 0.3869476851851852 0.018875 0.03871018518518519
0 0.9004143229166667 0.9079203703703703 0.008120312499999999 0.012137037037037038
0 0.74501640625 0.9143837962962963 0.009824479166666667 0.02691574074074074
0 0.7973619791666666 0.9292865740740741 0.008265625 0.015980555555555557
0 0.8883989583333334 0.8574240740740741 0.008047916666666667 0.012996296296296296
0 0.6492359375 0.9952162037037037 0.030763541666666668 0.008950925925925926
0 0.5762231770833334 0.6513856481481481 0.024321354166666666 0.039808333333333334
0 0.7972192708333333 0.3909337962962963 0.016313541666666667 0.035571296296296295
0 0.0650578125 0.8886606481481482 0.008240625 0.01991388888888889
0 0.8518640625 0.6304314814814814 0.011019791666666667 0.040492592592592594
0 0.7267098958333332 0.5860824074074075 0.02841979166666667 0.031424074074074076
0 0.8723450520833332 0.4445976851851852 0.034273437500000004 0.06141759259259259
1 0.5 0.5204768518518519 1.0 0.9594722222222223
0 0.881334375 0.3311893518518519 0.013710416666666668 0.054971296296296296
0 0.9048125 0.28896203703703705 0.015875 0.04273888888888889
0 0.8829799479166667 0.22877268518518518 0.0107515625 0.020508333333333333
0 0.85175546875 0.29275694444444444 0.010802604166666667 0.016995370370370372
0 0.7887307291666666 0.09726851851851852 0.016003125 0.020462962962962964
0 0.5921200520833333 0.2166634259259259 0.0488234375 0.0851787037037037
0 0.6145877604166666 0.35911527777777774 0.0145921875 0.027489814814814814
0 0.51821328125 0.46182500000000004 0.03225989583333334 0.08105740740740741
0 0.3808432291666667 0.3635805555555555 0.012728125 0.014198148148148147
0 0.362903125 0.33368935185185183 0.018514583333333334 0.030341666666666666
0 0.8335973958333334 0.7720666666666667 0.013028125 0.036725925925925926
0 0.7819557291666667 0.758662037037037 0.023286458333333333 0.04139814814814815
0 0.9800372395833333 0.5873574074074074 0.0121578125 0.022862962962962963
0 0.7196783854166667 0.9179597222222222 0.02685677083333333 0.02480833333333333
0 0.68016328125 0.8809828703703704 0.009284895833333334 0.017521296296296295
0 0.6157583333333334 0.7224069444444444 0.039850000000000003 0.06518425925925926
0 0.5937888020833333 0.7457023148148149 0.011535937500000001 0.017330555555555554
0 0.647559375 0.6323583333333334 0.015952083333333332 0.027679629629629627
0 0.6762778645833334 0.5799087962962963 0.015055729166666667 0.03389166666666667
0 0.5599481770833333 0.7664805555555555 0.023021354166666667 0.06073888888888889
0 0.5285606770833333 0.7326592592592593 0.0185796875 0.037540740740740736
0 0.6030888020833333 0.6701041666666666 0.010344270833333334 0.019837962962962963
0 0.5019812499999999 0.7325287037037037 0.0258375 0.029872222222222224
0 0.34093619791666663 0.5737393518518519 0.0141640625 0.04192314814814815
0 0.47910260416666667 0.4549958333333334 0.010288541666666668 0.015547222222222223
0 0.5365197916666666 0.21236805555555557 0.04178958333333334 0.05436574074074074
0 0.60118125 0.08267824074074075 0.010695833333333333 0.019060185185185187
0 0.5429294270833334 0.16704398148148147 0.010858854166666666 0.013717592592592592
0 0.3804002604166667 0.1854916666666667 0.033717187499999995 0.08765
0 0.3344763020833333 0.41753194444444447 0.010619270833333333 0.03691574074074074
0 0.40409375000000003 0.29898287037037036 0.007145833333333334 0.014632407407407408
0 0.35073567708333336 0.3309486111111111 0.0056380208333333326 0.023008333333333332
0 0.2925434895833333 0.3086537037037037 0.011128645833333334 0.019159259259259258
0 0.37780364583333337 0.24463148148148148 0.009773958333333332 0.013337037037037036
0 0.34479375 0.27420833333333333 0.012504166666666667 0.026194444444444444
0 0.13619739583333335 0.47696388888888885 0.024478125 0.0650388888888889
0 0.11863046875 0.44561527777777776 0.019552604166666664 0.03937870370370371
0 0.12141223958333333 0.9681263888888888 0.008449479166666666 0.012178703703703704
0 0.27651354166666664 0.9504425925925927 0.01031875 0.026811111111111112
0 0.2247002604166667 0.9742953703703704 0.008775520833333333 0.015257407407407409
0 0.13070572916666667 0.9157333333333333 0.008286458333333333 0.012948148148148148
0 0.4319661458333333 0.662587037037037 0.023307291666666667 0.04184074074074074
0 0.19863515625 0.4376967592592592 0.017061979166666668 0.034652777777777775
0 0.9524713541666666 0.8194412037037037 0.008067708333333333 0.020363888888888886
0 0.15500286458333334 0.6844203703703704 0.011047395833333333 0.04106296296296296
0 0.278359375 0.6214717592592592 0.028593749999999998 0.029980555555555552
0 0.12649036458333335 0.5033037037037037 0.0363140625 0.06031111111111111
1 0.49973958333333335 0.549074074074074 0.9994791666666667 0.9
0 0.10859375 0.4393518518518518 0.0109375 0.05462962962962963
0 0.08151041666666667 0.4046296296296296 0.0140625 0.044444444444444446
0 0.09817708333333333 0.3384259259259259 0.009895833333333333 0.019444444444444445
0 0.13463541666666667 0.39351851851851855 0.0109375 0.016666666666666666
0 0.17916666666666667 0.1824074074074074 0.015625 0.020370370370370372
0 0.38255208333333335 0.2439814814814815 0.04739583333333333 0.09166666666666666
0 0.37395833333333334 0.39351851851851855 0.015625 0.025925925925925925
0 0.47708333333333336 0.4666666666666667 0.03125 0.08333333333333333
0 0.60546875 0.33240740740740743 0.011979166666666667 0.014814814814814815
0 0.62109375 0.29814814814814816 0.0203125 0.025925925925925925
0 0.19427083333333334 0.862037037037037 0.011458333333333333 0.037037037037037035
0 0.24427083333333333 0.8328703703703704 0.023958333333333335 0.041666666666666664
0 0.03359375 0.7194444444444444 0.011979166666666667 0.024074074074074074
0 0.32005208333333335 0.9731481481481481 0.027604166666666666 0.024074074074074074
0 0.35546875 0.9254629629629629 0.009895833333333333 0.017592592592592594
0 0.40572916666666664 0.7518518518518519 0.041666666666666664 0.06296296296296296
0 0.42890625 0.7694444444444445 0.0109375 0.016666666666666666
0 0.365625 0.6712962962962963 0.014583333333333334 0.027777777777777776
0 0.3333333333333333 0.6273148148148148 0.014583333333333334 0.03425925925925926
0 0.46536458333333336 0.7805555555555556 0.021354166666666667 0.06296296296296296
0 0.49270833333333336 0.7379629629629629 0.016666666666666666 0.03888888888888889
0 0.4127604166666667 0.6962962962962963 0.0109375 0.018518518518518517
0 0.51875 0.7300925925925926 0.023958333333333335 0.03611111111111111
0 0.6643229166666667 0.5277777777777778 0.016145833333333335 0.04259259259259259
0 0.5166666666666667 0.449537037037037 0.010416666666666666 0.01574074074074074
0 0.43828125 0.22546296296296298 0.03802083333333333 0.06388888888888888
0 0.36354166666666665 0.11527777777777778 0.010416666666666666 0.019444444444444445
0 0.428125 0.18194444444444444 0.010416666666666666 0.013888888888888888
0 0.5916666666666667 0.15555555555555556 0.03125 0.08888888888888889
0 0.6559895833333333 0.3726851851851852 0.008854166666666666 0.03796296296296296
0 0.57734375 0.275 0.0078125 0.014814814814814815
0 0.6328125 0.29212962962962963 0.005208333333333333 0.023148148148148147
0 0.68828125 0.2537037037037037 0.0109375 0.018518518518518517
0 0.5981770833333333 0.21388888888888888 0.009895833333333333 0.012962962962962963
0 0.6333333333333333 0.2337962962962963 0.014583333333333334 0.023148148148148147
0 0.8575520833333333 0.3763888888888889 0.024479166666666666 0.062037037037037036
0 0.8721354166666667 0.3402777777777778 0.018229166666666668 0.03796296296296296
0 0.9153645833333334 0.8569444444444444 0.0078125 0.012037037037037037
0 0.7604166666666666 0.8828703703703704 0.009375 0.026851851851851852
0 0.8138020833333334 0.8916666666666667 0.0078125 0.016666666666666666
0 0.9013020833333333 0.8083333333333333 0.0078125 0.012962962962962963
0 0.6684895833333333 0.9800925925925926 0.030729166666666665 0.013888888888888888
0 0.7700520833333333 0.9851851851851852 0.0234375 0.027777777777777776
0 0.8309895833333333 0.9907407407407407 0.011979166666666667 0.016666666666666666
0 0.5817708333333333 0.6421296296296296 0.025 0.03796296296296296
0 0.7921875 0.3541666666666667 0.015625 0.03611111111111111
0 0.08177083333333333 0.9412037037037037 0.008333333333333333 0.019444444444444445
0 0.85546875 0.586574074074074 0.0109375 0.03981481481481482
0 0.7296875 0.5578703703703703 0.028125 0.032407407407407406
0 0.8693510416666667 0.398575462962963 0.03245208333333333 0.061965740740740745
1 0.5 0.5402763888888888 1.0 0.9194416666666666
0 0.11168776041666666 0.39136342592592593 0.0119171875 0.054949074074074074
0 0.08658046875 0.35339120370370375 0.014827604166666668 0.043819444444444446
0 0.10515390625 0.2886930555555556 0.010307812500000001 0.019978703703703707
0 0.13983046875 0.34822453703703704 0.0109109375 0.016819444444444442
0 0.19229557291666666 0.14320324074074076 0.015841145833333334 0.019739814814814814
0 0.39321432291666664 0.23063796296296296 0.04788697916666666 0.0890537037037037
0 0.37831796875 0.3781662037037037 0.014969270833333333 0.026702777777777777
0 0.47927395833333336 0.4643259259259259 0.03146458333333333 0.08235555555555556
0 0.6119039062499999 0.3461814814814815 0.012349479166666667 0.014585185185185185
0 0.6285364583333333 0.31280324074074073 0.019572916666666666 0.027458333333333335
0 0.18057578125 0.8231351851851851 0.012193229166666668 0.03701111111111111
0 0.2315236979166667 0.8002087962962963 0.0234640625 0.04115833333333333
0 0.025839322916666668 0.6608236111111111 0.0120953125 0.023499074074074075
0 0.30169843749999997 0.9499731481481481 0.027355208333333332 0.022168518518518518
0 0.3392018229166667 0.9069550925925925 0.009653645833333334 0.017613888888888887
0 0.39601276041666666 0.7392222222222222 0.04098385416666666 0.06362962962962963
0 0.41863984375 0.7594328703703703 0.011238020833333334 0.017013888888888887
0 0.3591815104166667 0.6543921296296297 0.015238020833333334 0.027302777777777777
0 0.3282526041666667 0.6056217592592593 0.014838541666666667 0.03346574074074074
0 0.4541653645833333 0.7755263888888889 0.021872395833333332 0.06216388888888889
0 0.4832645833333334 0.7358699074074074 0.01757083333333333 0.03840648148148148
0 0.40534635416666664 0.6853888888888889 0.010692708333333334 0.018925925925925926
0 0.5098182291666666 0.7315347222222223 0.024844791666666664 0.03343981481481482
0 0.6623411458333333 0.5480638888888889 0.015307291666666667 0.04242407407407407
0 0.5187372395833333 0.4513699074074074 0.010391145833333334 0.015702777777777777
0 0.44959635416666666 0.21875324074074073 0.03981770833333333 0.05972870370370371
0 0.37872395833333333 0.09948101851851851 0.010572916666666666 0.01933240740740741
0 0.44073958333333335 0.17451990740740742 0.010645833333333334 0.013854629629629628
0 0.6042434895833334 0.16745185185185185 0.032445312500000004 0.0886074074074074
0 0.6605632812500001 0.39195416666666666 0.009668229166666665 0.03761203703703704
0 0.5860611979166667 0.28516712962962965 0.0075390625 0.014778703703703704
0 0.6404859374999999 0.308800462962963 0.004930208333333333 0.023156481481481483
0 0.6977156250000001 0.2779490740740741 0.01105625 0.018861111111111113
0 0.6091026041666667 0.2267712962962963 0.009871875 0.012801851851851852
0 0.6432963541666666 0.2511773148148148 0.013676041666666666 0.02457685185185185
0 0.8610901041666666 0.4206712962962963 0.024263541666666666 0.06356481481481482
0 0.8776666666666666 0.3869476851851852 0.018875 0.03871018518518519
0 0.9004143229166667 0.9079203703703703 0.008120312499999999 0.012137037037037038
0 0.74501640625 0.9143837962962963 0.009824479166666667 0.02691574074074074
0 0.7973619791666666 0.9292865740740741 0.008265625 0.015980555555555557
0 0.8883989583333334 0.8574240740740741 0.008047916666666667 0.012996296296296296
0 0.6492359375 0.9952162037037037 0.030763541666666668 0.008950925925925926
0 0.5762231770833334 0.6513856481481481 0.024321354166666666 0.039808333333333334
0 0.7972192708333333 0.3909337962962963 0.016313541666666667 0.035571296296296295
0 0.0650578125 0.8886606481481482 0.008240625 0.01991388888888889
0 0.8518640625 0.6304314814814814 0.011019791666666667 0.040492592592592594
0 0.7267098958333332 0.5860824074074075 0.02841979166666667 0.031424074074074076
0 0.8723450520833332 0.4445976851851852 0.034273437500000004 0.06141759259259259
1 0.5 0.5204768518518519 1.0 0.9594722222222223
0 0.881334375 0.3311893518518519 0.013710416666666668 0.054971296296296296
0 0.9048125 0.28896203703703705 0.015875 0.04273888888888889
0 0.8829799479166667 0.22877268518518518 0.0107515625 0.020508333333333333
0 0.85175546875 0.29275694444444444 0.010802604166666667 0.016995370370370372
0 0.7887307291666666 0.09726851851851852 0.016003125 0.020462962962962964
0 0.5921200520833333 0.2166634259259259 0.0488234375 0.0851787037037037
0 0.6145877604166666 0.35911527777777774 0.0145921875 0.027489814814814814
0 0.51821328125 0.46182500000000004 0.03225989583333334 0.08105740740740741
0 0.3808432291666667 0.3635805555555555 0.012728125 0.014198148148148147
0 0.362903125 0.33368935185185183 0.018514583333333334 0.030341666666666666
0 0.8335973958333334 0.7720666666666667 0.013028125 0.036725925925925926
0 0.7819557291666667 0.758662037037037 0.023286458333333333 0.04139814814814815
0 0.9800372395833333 0.5873574074074074 0.0121578125 0.022862962962962963
0 0.7196783854166667 0.9179597222222222 0.02685677083333333 0.02480833333333333
0 0.68016328125 0.8809828703703704 0.009284895833333334 0.017521296296296295
0 0.6157583333333334 0.7224069444444444 0.039850000000000003 0.06518425925925926
0 0.5937888020833333 0.7457023148148149 0.011535937500000001 0.017330555555555554
0 0.647559375 0.6323583333333334 0.015952083333333332 0.027679629629629627
0 0.6762778645833334 0.5799087962962963 0.015055729166666667 0.03389166666666667
0 0.5599481770833333 0.7664805555555555 0.023021354166666667 0.06073888888888889
0 0.5285606770833333 0.7326592592592593 0.0185796875 0.037540740740740736
0 0.6030888020833333 0.6701041666666666 0.010344270833333334 0.019837962962962963
0 0.5019812499999999 0.7325287037037037 0.0258375 0.029872222222222224
0 0.34093619791666663 0.5737393518518519 0.0141640625 0.04192314814814815
0 0.47910260416666667 0.4549958333333334 0.010288541666666668 0.015547222222222223
0 0.5365197916666666 0.21236805555555557 0.04178958333333334 0.05436574074074074
0 0.60118125 0.08267824074074075 0.010695833333333333 0.019060185185185187
0 0.5429294270833334 0.16704398148148147 0.010858854166666666 0.013717592592592592
0 0.3804002604166667 0.1854916666666667 0.033717187499999995 0.08765
0 0.3344763020833333 0.41753194444444447 0.010619270833333333 0.03691574074074074
0 0.40409375000000003 0.29898287037037036 0.007145833333333334 0.014632407407407408
0 0.35073567708333336 0.3309486111111111 0.0056380208333333326 0.023008333333333332
0 0.2925434895833333 0.3086537037037037 0.011128645833333334 0.019159259259259258
0 0.37780364583333337 0.24463148148148148 0.009773958333333332 0.013337037037037036
0 0.34479375 0.27420833333333333 0.012504166666666667 0.026194444444444444
0 0.13619739583333335 0.47696388888888885 0.024478125 0.0650388888888889
0 0.11863046875 0.44561527777777776 0.019552604166666664 0.03937870370370371
0 0.12141223958333333 0.9681263888888888 0.008449479166666666 0.012178703703703704
0 0.27651354166666664 0.9504425925925927 0.01031875 0.026811111111111112
0 0.2247002604166667 0.9742953703703704 0.008775520833333333 0.015257407407407409
0 0.13070572916666667 0.9157333333333333 0.008286458333333333 0.012948148148148148
0 0.4319661458333333 0.662587037037037 0.023307291666666667 0.04184074074074074
0 0.19863515625 0.4376967592592592 0.017061979166666668 0.034652777777777775
0 0.9524713541666666 0.8194412037037037 0.008067708333333333 0.020363888888888886
0 0.15500286458333334 0.6844203703703704 0.011047395833333333 0.04106296296296296
0 0.278359375 0.6214717592592592 0.028593749999999998 0.029980555555555552
0 0.12649036458333335 0.5033037037037037 0.0363140625 0.06031111111111111
1 0.49973958333333335 0.549074074074074 0.9994791666666667 0.9
0 0.10859375 0.4393518518518518 0.0109375 0.05462962962962963
0 0.08151041666666667 0.4046296296296296 0.0140625 0.044444444444444446
0 0.09817708333333333 0.3384259259259259 0.009895833333333333 0.019444444444444445
0 0.13463541666666667 0.39351851851851855 0.0109375 0.016666666666666666
0 0.17916666666666667 0.1824074074074074 0.015625 0.020370370370370372
0 0.38255208333333335 0.2439814814814815 0.04739583333333333 0.09166666666666666
0 0.37395833333333334 0.39351851851851855 0.015625 0.025925925925925925
0 0.47708333333333336 0.4666666666666667 0.03125 0.08333333333333333
0 0.60546875 0.33240740740740743 0.011979166666666667 0.014814814814814815
0 0.62109375 0.29814814814814816 0.0203125 0.025925925925925925
0 0.19427083333333334 0.862037037037037 0.011458333333333333 0.037037037037037035
0 0.24427083333333333 0.8328703703703704 0.023958333333333335 0.041666666666666664
0 0.03359375 0.7194444444444444 0.011979166666666667 0.024074074074074074
0 0.32005208333333335 0.9731481481481481 0.027604166666666666 0.024074074074074074
0 0.35546875 0.9254629629629629 0.009895833333333333 0.017592592592592594
0 0.40572916666666664 0.7518518518518519 0.041666666666666664 0.06296296296296296
0 0.42890625 0.7694444444444445 0.0109375 0.016666666666666666
0 0.365625 0.6712962962962963 0.014583333333333334 0.027777777777777776
0 0.3333333333333333 0.6273148148148148 0.014583333333333334 0.03425925925925926
0 0.46536458333333336 0.7805555555555556 0.021354166666666667 0.06296296296296296
0 0.49270833333333336 0.7379629629629629 0.016666666666666666 0.03888888888888889
0 0.4127604166666667 0.6962962962962963 0.0109375 0.018518518518518517
0 0.51875 0.7300925925925926 0.023958333333333335 0.03611111111111111
0 0.6643229166666667 0.5277777777777778 0.016145833333333335 0.04259259259259259
0 0.5166666666666667 0.449537037037037 0.010416666666666666 0.01574074074074074
0 0.43828125 0.22546296296296298 0.03802083333333333 0.06388888888888888
0 0.36354166666666665 0.11527777777777778 0.010416666666666666 0.019444444444444445
0 0.428125 0.18194444444444444 0.010416666666666666 0.013888888888888888
0 0.5916666666666667 0.15555555555555556 0.03125 0.08888888888888889
0 0.6559895833333333 0.3726851851851852 0.008854166666666666 0.03796296296296296
0 0.57734375 0.275 0.0078125 0.014814814814814815
0 0.6328125 0.29212962962962963 0.005208333333333333 0.023148148148148147
0 0.68828125 0.2537037037037037 0.0109375 0.018518518518518517
0 0.5981770833333333 0.21388888888888888 0.009895833333333333 0.012962962962962963
0 0.6333333333333333 0.2337962962962963 0.014583333333333334 0.023148148148148147
0 0.8575520833333333 0.3763888888888889 0.024479166666666666 0.062037037037037036
0 0.8721354166666667 0.3402777777777778 0.018229166666666668 0.03796296296296296
0 0.9153645833333334 0.8569444444444444 0.0078125 0.012037037037037037
0 0.7604166666666666 0.8828703703703704 0.009375 0.026851851851851852
0 0.8138020833333334 0.8916666666666667 0.0078125 0.016666666666666666
0 0.9013020833333333 0.8083333333333333 0.0078125 0.012962962962962963
0 0.6684895833333333 0.9800925925925926 0.030729166666666665 0.013888888888888888
0 0.7700520833333333 0.9851851851851852 0.0234375 0.027777777777777776
0 0.8309895833333333 0.9907407407407407 0.011979166666666667 0.016666666666666666
0 0.5817708333333333 0.6421296296296296 0.025 0.03796296296296296
0 0.7921875 0.3541666666666667 0.015625 0.03611111111111111
0 0.08177083333333333 0.9412037037037037 0.008333333333333333 0.019444444444444445
0 0.85546875 0.586574074074074 0.0109375 0.03981481481481482
0 0.7296875 0.5578703703703703 0.028125 0.032407407407407406
0 0.8693510416666667 0.398575462962963 0.03245208333333333 0.061965740740740745
