1 0.5 0.526125462962963 1.0 0.9485472222222222
0 0.6126786458333334 0.6532643518518518 0.019107291666666668 0.06023240740740741
0 0.6339958333333333 0.5640388888888889 0.024241666666666665 0.033633333333333335
0 0.78273984375 0.11191527777777778 0.010271354166666666 0.02012685185185185
0 0.9489221354166666 0.20319305555555556 0.0207609375 0.028608333333333333
0 0.38872343750000005 0.3335342592592592 0.03161354166666667 0.06336481481481482
0 0.3986208333333333 0.2634675925925926 0.013908333333333333 0.026935185185185184
0 0.4182385416666667 0.3403833333333333 0.0073104166666666665 0.019655555555555558
0 0.13820937500000002 0.4094041666666667 0.02016875 0.04843796296296297
0 0.11579947916666668 0.7052055555555555 0.010765625000000001 0.04004074074074074
1 0.49973958333333335 0.5361111111111111 0.9994791666666667 0.9259259259259259
0 0.39375 0.6666666666666666 0.017708333333333333 0.06111111111111111
0 0.36875 0.5810185185185185 0.022916666666666665 0.03611111111111111
0 0.20286458333333332 0.14814814814814814 0.009895833333333333 0.020370370370370372
0 0.040625 0.25972222222222224 0.019791666666666666 0.030555555555555555
0 0.6044270833333333 0.32083333333333336 0.0296875 0.06574074074074074
0 0.5916666666666667 0.2518518518518518 0.013541666666666667 0.027777777777777776
0 0.575 0.33101851851851855 0.007291666666666667 0.019444444444444445
0 0.8575520833333333 0.36435185185185187 0.019270833333333334 0.049074074074074076
0 0.8919270833333334 0.6569444444444444 0.0109375 0.03981481481481482
1 0.5 0.5180458333333333 1.0 0.9638694444444444
0 0.6157458333333333 0.6468833333333334 0.020033333333333334 0.06043333333333333
0 0.6353466145833334 0.5559810185185186 0.024859895833333333 0.03233240740740741
0 0.7750119791666666 0.09516944444444445 0.010440625 0.019968518518518517
0 0.9428955729166667 0.17582777777777778 0.0212078125 0.02758148148148148
0 0.3860513020833333 0.3414472222222222 0.03251927083333333 0.06252407407407407
0 0.39401223958333337 0.26971342592592595 0.014066145833333333 0.026463888888888887
0 0.41520625 0.34597361111111113 0.007495833333333333 0.019725
0 0.13685286458333332 0.43142268518518523 0.020580729166666666 0.048030555555555556
0 0.12043411458333333 0.7292995370370371 0.010659895833333332 0.04008055555555556
1 0.5 0.526125462962963 1.0 0.9485472222222222
0 0.6126786458333334 0.6532643518518518 0.019107291666666668 0.06023240740740741
0 0.6339958333333333 0.5640388888888889 0.024241666666666665 0.033633333333333335
0 0.78273984375 0.11191527777777778 0.010271354166666666 0.02012685185185185
0 0.9489221354166666 0.20319305555555556 0.0207609375 0.028608333333333333
0 0.38872343750000005 0.3335342592592592 0.03161354166666667 0.06336481481481482
0 0.3986208333333333 0.2634675925925926 0.013908333333333333 0.026935185185185184
0 0.4182385416666667 0.3403833333333333 0.0073104166666666665 0.019655555555555558
0 0.13820937500000002 0.4094041666666667 0.02016875 0.04843796296296297
0 0.11579947916666668 0.7052055555555555 0.010765625000000001 0.04004074074074074
1 0.49973958333333335 0.5361111111111111 0.9994791666666667 0.9259259259259259
0 0.39375 0.6666666666666666 0.017708333333333333 0.06111111111111111
0 0.36875 0.5810185185185185 0.022916666666666665 0.03611111111111111
0 0.20286458333333332 0.14814814814814814 0.009895833333333333 0.020370370370370372
0 0.040625 0.25972222222222224 0.019791666666666666 0.030555555555555555
0 0.6044270833333333 0.32083333333333336 0.0296875 0.06574074074074074
0 0.5916666666666667 0.2518518518518518 0.013541666666666667 0.027777777777777776
0 0.575 0.33101851851851855 0.007291666666666667 0.019444444444444445
0 0.8575520833333333 0.36435185185185187 0.019270833333333334 0.049074074074074076
0 0.8919270833333334 0.6569444444444444 0.0109375 0.03981481481481482
1 0.5 0.5180458333333333 1.0 0.9638694444444444
0 0.6157458333333333 0.6468833333333334 0.020033333333333334 0.06043333333333333
0 0.6353466145833334 0.5559810185185186 0.024859895833333333 0.03233240740740741
0 0.7750119791666666 0.09516944444444445 0.010440625 0.019968518518518517
0 0.9428955729166667 0.17582777777777778 0.0212078125 0.02758148148148148
0 0.3860513020833333 0.3414472222222222 0.03251927083333333 0.06252407407407407
0 0.39401223958333337 0.26971342592592595 0.014066145833333333 0.026463888888888887
0 0.41520625 0.34597361111111113 0.007495833333333333 0.019725
0 0.13685286458333332 0.43142268518518523 0.020580729166666666 0.048030555555555556
0 0.12043411458333333 0.7292995370370371 0.010659895833333332 0.04008055555555556
1 0.5 0.526125462962963 1.0 0.9485472222222222
0 0.6126786458333334 0.6532643518518518 0.019107291666666668 0.06023240740740741
0 0.6339958333333333 0.5640388888888889 0.024241666666666665 0.033633333333333335
0 0.78273984375 0.11191527777777778 0.010271354166666666 0.02012685185185185
0 0.9489221354166666 0.20319305555555556 0.0207609375 0.028608333333333333
0 0.38872343750000005 0.3335342592592592 0.03161354166666667 0.06336481481481482
0 0.3986208333333333 0.2634675925925926 0.013908333333333333 0.026935185185185184
0 0.4182385416666667 0.3403833333333333 0.0073104166666666665 0.019655555555555558
0 0.13820937500000002 0.4094041666666667 0.02016875 0.04843796296296297
0 0.11579947916666668 0.7052055555555555 0.010765625000000001 0.04004074074074074
1 0.49973958333333335 0.5361111111111111 0.9994791666666667 0.9259259259259259
0 0.39375 0.6666666666666666 0.017708333333333333 0.06111111111111111
0 0.36875 0.5810185185185185 0.022916666666666665 0.03611111111111111
0 0.20286458333333332 0.14814814814814814 0.009895833333333333 0.020370370370370372
0 0.040625 0.25972222222222224 0.019791666666666666 0.030555555555555555
0 0.6044270833333333 0.32083333333333336 0.0296875 0.06574074074074074
0 0.5916666666666667 0.2518518518518518 0.013541666666666667 0.027777777777777776
0 0.575 0.33101851851851855 0.007291666666666667 0.019444444444444445
0 0.8575520833333333 0.36435185185185187 0.019270833333333334 0.049074074074074076
0 0.8919270833333334 0.6569444444444444 0.0109375 0.03981481481481482
1 0.5 0.5180458333333333 1.0 0.9638694444444444
0 0.6157458333333333 0.6468833333333334 0.020033333333333334 0.06043333333333333
0 0.6353466145833334 0.5559810185185186 0.024859895833333333 0.03233240740740741
0 0.7750119791666666 0.09516944444444445 0.010440625 0.019968518518518517
0 0.9428955729166667 0.17582777777777778 0.0212078125 0.02758148148148148
0 0.3860513020833333 0.3414472222222222 0.03251927083333333 0.06252407407407407
0 0.39401223958333337 0.26971342592592595 0.014066145833333333 0.026463888888888887
0 0.41520625 0.34597361111111113 0.007495833333333333 0.019725
0 0.13685286458333332 0.43142268518518523 0.020580729166666666 0.048030555555555556
0 0.12043411458333333 0.7292995370370371 0.010659895833333332 0.04008055555555556
