1 0.5 0.5285324074074075 1.0 0.94225
0 0.5419015625 0.4305791666666667 0.019219791666666666 0.03338055555555556
0 0.4002375 0.4506962962962963 0.0161 0.056948148148148144
0 0.45550234375 0.38020925925925925 0.008921354166666668 0.015974074074074075
0 0.48802421874999996 0.1321 0.012506770833333335 0.019755555555555554
0 0.4229880208333333 0.09009861111111112 0.04076770833333333 0.0542712962962963
1 0.9225049479166666 0.24780462962962965 0.03563489583333333 0.038201851851851855
0 0.26014166666666666 0.2845453703703704 0.021325 0.043164814814814816
0 0.4390893229166667 0.22330833333333333 0.009428645833333334 0.018838888888888888
0 0.5280278645833333 0.19256111111111113 0.012305729166666666 0.016603703703703704
0 0.5315955729166667 0.17534166666666667 0.005899479166666667 0.009942592592592591
0 0.5680143229166668 0.18701296296296296 0.0047786458333333335 0.01661851851851852
0 0.6631252604166666 0.3450550925925926 0.020000520833333334 0.028999074074074073
0 0.7533330729166666 0.6105726851851851 0.009791145833333332 0.028552777777777778
0 0.9337359375 0.6199236111111112 0.009138541666666666 0.023180555555555555
0 0.7769440104166667 0.3346787037037037 0.0143046875 0.017505555555555555
0 0.4105419270833333 0.9394712962962963 0.0200421875 0.02709074074074074
0 0.32584427083333334 0.9133462962962963 0.015230208333333333 0.019285185185185183
0 0.3345721354166667 0.9608023148148148 0.012894270833333334 0.006789814814814815
0 0.3683799479166667 0.929575462962963 0.0065515625 0.011002777777777776
0 0.38811510416666667 0.9593712962962964 0.010605208333333333 0.01689074074074074
0 0.5235815104166667 0.974436574074074 0.009663020833333334 0.017391666666666666
0 0.34722552083333336 0.627450925925926 0.004867708333333333 0.010457407407407408
0 0.24088177083333334 0.5126120370370371 0.018221875 0.041890740740740735
0 0.025081510416666668 0.4207314814814815 0.0074546875 0.019240740740740742
0 0.020734635416666664 0.3897171296296296 0.006052604166666667 0.01832314814814815
0 0.0382078125 0.4042296296296296 0.006623958333333333 0.012162962962962962
1 0.5 0.5321365740740741 1.0 0.9364953703703703
0 0.45906979166666667 0.4296101851851852 0.01918125 0.033294444444444446
0 0.6006393229166667 0.4534171296296296 0.015861979166666665 0.05683425925925926
0 0.5456395833333333 0.3820550925925926 0.0089875 0.01596203703703704
0 0.5155692708333334 0.13203287037037037 0.012388541666666667 0.019621296296296296
0 0.5811708333333333 0.09310185185185185 0.040466666666666665 0.05472222222222222
1 0.08041197916666666 0.23453518518518518 0.03582395833333333 0.03758888888888889
0 0.7415354166666667 0.2917657407407407 0.0216125 0.04279074074074074
0 0.5635703125 0.22509212962962963 0.009432291666666667 0.01870277777777778
0 0.4749216145833334 0.19153194444444444 0.012343229166666667 0.016397222222222223
0 0.47172473958333333 0.17437824074074074 0.005949479166666666 0.009867592592592593
0 0.4351658854166667 0.18511481481481482 0.004706770833333334 0.016525925925925927
0 0.33851302083333334 0.3406546296296296 0.019734375000000002 0.029457407407407408
0 0.24602057291666668 0.6022643518518519 0.009749479166666667 0.028602777777777776
0 0.06552656250000001 0.6069708333333333 0.009178125 0.023200925925925923
0 0.22491848958333333 0.3261861111111111 0.0144203125 0.01718703703703704
0 0.5850486979166667 0.942198611111111 0.020097395833333333 0.026989814814814817
0 0.67005 0.919037962962963 0.0151 0.01955740740740741
0 0.6606286458333333 0.9662842592592592 0.012923958333333334 0.006642592592592593
0 0.62721875 0.9332921296296297 0.006520833333333333 0.011028703703703704
0 0.6073796875 0.9630699074074075 0.010592708333333334 0.01688055555555556
0 0.4715505208333333 0.9743421296296297 0.009767708333333335 0.01720277777777778
0 0.6514161458333334 0.6320111111111111 0.004915625000000001 0.010318518518518519
0 0.7586981770833333 0.5209685185185184 0.018438020833333336 0.04193703703703704
0 0.9756614583333333 0.43551111111111107 0.007572916666666666 0.019170370370370372
0 0.9801578125 0.40449583333333333 0.006148958333333333 0.018250925925925924
0 0.9626671874999999 0.4189847222222222 0.006584375 0.012043518518518518
1 0.49973958333333335 0.5398148148148149 0.9994791666666667 0.9185185185185185
0 0.5359375 0.4217592592592593 0.01875 0.032407407407407406
0 0.3966145833333333 0.475 0.015104166666666667 0.05555555555555555
0 0.44635416666666666 0.3925925925925926 0.009375 0.016666666666666666
0 0.459375 0.1388888888888889 0.011458333333333333 0.020370370370370372
0 0.3919270833333333 0.11527777777777778 0.03802083333333333 0.058333333333333334
1 0.8975864583333333 0.14705231481481482 0.036839583333333335 0.03299351851851852
0 0.24609375 0.3449074074074074 0.0234375 0.03981481481481482
0 0.41796875 0.2412037037037037 0.009895833333333333 0.017592592592592594
0 0.5036458333333333 0.1884259259259259 0.0125 0.01574074074074074
0 0.5057291666666667 0.17083333333333334 0.00625 0.010185185185185186
0 0.5427083333333333 0.1736111111111111 0.004166666666666667 0.01574074074074074
0 0.64921875 0.30694444444444446 0.018229166666666668 0.032407407407407406
0 0.7588541666666667 0.5467592592592593 0.009375 0.028703703703703703
0 0.9385416666666667 0.5115740740740741 0.009375 0.023148148148148147
0 0.7611979166666667 0.26805555555555555 0.015104166666666667 0.01574074074074074
0 0.44609375 0.9569444444444445 0.0203125 0.026851851851851852
0 0.36015625 0.9523148148148148 0.0140625 0.021296296296296296
0 0.37265625 0.9962962962962963 0.013020833333333334 0.005555555555555556
0 0.4036458333333333 0.9574074074074074 0.00625 0.011111111111111112
0 0.42552083333333335 0.9833333333333333 0.010416666666666666 0.016666666666666666
0 0.5604166666666667 0.9643518518518519 0.010416666666666666 0.01574074074074074
0 0.35833333333333334 0.6638888888888889 0.005208333333333333 0.009259259259259259
0 0.24375 0.5777777777777777 0.019791666666666666 0.04259259259259259
0 0.0234375 0.5388888888888889 0.008333333333333333 0.018518518518518517
0 0.016927083333333332 0.5097222222222222 0.0067708333333333336 0.017592592592592594
0 0.034895833333333334 0.5194444444444445 0.00625 0.011111111111111112
1 0.5 0.5285324074074075 1.0 0.94225
0 0.5419015625 0.4305791666666667 0.019219791666666666 0.03338055555555556
0 0.4002375 0.4506962962962963 0.0161 0.056948148148148144
0 0.45550234375 0.38020925925925925 0.008921354166666668 0.015974074074074075
0 0.48802421874999996 0.1321 0.012506770833333335 0.019755555555555554
0 0.4229880208333333 0.09009861111111112 0.04076770833333333 0.0542712962962963
1 0.9225049479166666 0.24780462962962965 0.03563489583333333 0.038201851851851855
0 0.26014166666666666 0.2845453703703704 0.021325 0.043164814814814816
0 0.4390893229166667 0.22330833333333333 0.009428645833333334 0.018838888888888888
0 0.5280278645833333 0.19256111111111113 0.012305729166666666 0.016603703703703704
0 0.5315955729166667 0.17534166666666667 0.005899479166666667 0.009942592592592591
0 0.5680143229166668 0.18701296296296296 0.0047786458333333335 0.01661851851851852
0 0.6631252604166666 0.3450550925925926 0.020000520833333334 0.028999074074074073
0 0.7533330729166666 0.6105726851851851 0.009791145833333332 0.028552777777777778
0 0.9337359375 0.6199236111111112 0.009138541666666666 0.023180555555555555
0 0.7769440104166667 0.3346787037037037 0.0143046875 0.017505555555555555
0 0.4105419270833333 0.9394712962962963 0.0200421875 0.02709074074074074
0 0.32584427083333334 0.9133462962962963 0.015230208333333333 0.019285185185185183
0 0.3345721354166667 0.9608023148148148 0.012894270833333334 0.006789814814814815
0 0.3683799479166667 0.929575462962963 0.0065515625 0.011002777777777776
0 0.38811510416666667 0.9593712962962964 0.010605208333333333 0.01689074074074074
0 0.5235815104166667 0.974436574074074 0.009663020833333334 0.017391666666666666
0 0.34722552083333336 0.627450925925926 0.004867708333333333 0.010457407407407408
0 0.24088177083333334 0.5126120370370371 0.018221875 0.041890740740740735
0 0.025081510416666668 0.4207314814814815 0.0074546875 0.019240740740740742
0 0.020734635416666664 0.3897171296296296 0.006052604166666667 0.01832314814814815
0 0.0382078125 0.4042296296296296 0.006623958333333333 0.012162962962962962
1 0.5 0.5321365740740741 1.0 0.9364953703703703
0 0.45906979166666667 0.4296101851851852 0.01918125 0.033294444444444446
0 0.6006393229166667 0.4534171296296296 0.015861979166666665 0.05683425925925926
0 0.5456395833333333 0.3820550925925926 0.0089875 0.01596203703703704
0 0.5155692708333334 0.13203287037037037 0.012388541666666667 0.019621296296296296
0 0.5811708333333333 0.09310185185185185 0.040466666666666665 0.05472222222222222
1 0.08041197916666666 0.23453518518518518 0.03582395833333333 0.03758888888888889
0 0.7415354166666667 0.2917657407407407 0.0216125 0.04279074074074074
0 0.5635703125 0.22509212962962963 0.009432291666666667 0.01870277777777778
0 0.4749216145833334 0.19153194444444444 0.012343229166666667 0.016397222222222223
0 0.47172473958333333 0.17437824074074074 0.005949479166666666 0.009867592592592593
0 0.4351658854166667 0.18511481481481482 0.004706770833333334 0.016525925925925927
0 0.33851302083333334 0.3406546296296296 0.019734375000000002 0.029457407407407408
0 0.24602057291666668 0.6022643518518519 0.009749479166666667 0.028602777777777776
0 0.06552656250000001 0.6069708333333333 0.009178125 0.023200925925925923
0 0.22491848958333333 0.3261861111111111 0.0144203125 0.01718703703703704
0 0.5850486979166667 0.942198611111111 0.020097395833333333 0.026989814814814817
0 0.67005 0.919037962962963 0.0151 0.01955740740740741
0 0.6606286458333333 0.9662842592592592 0.012923958333333334 0.006642592592592593
0 0.62721875 0.9332921296296297 0.006520833333333333 0.011028703703703704
0 0.6073796875 0.9630699074074075 0.010592708333333334 0.01688055555555556
0 0.4715505208333333 0.9743421296296297 0.009767708333333335 0.01720277777777778
0 0.6514161458333334 0.6320111111111111 0.004915625000000001 0.010318518518518519
0 0.7586981770833333 0.5209685185185184 0.018438020833333336 0.04193703703703704
0 0.9756614583333333 0.43551111111111107 0.007572916666666666 0.019170370370370372
0 0.9801578125 0.40449583333333333 0.006148958333333333 0.018250925925925924
0 0.9626671874999999 0.4189847222222222 0.006584375 0.012043518518518518
1 0.49973958333333335 0.5398148148148149 0.9994791666666667 0.9185185185185185
0 0.5359375 0.4217592592592593 0.01875 0.032407407407407406
0 0.3966145833333333 0.475 0.015104166666666667 0.05555555555555555
0 0.44635416666666666 0.3925925925925926 0.009375 0.016666666666666666
0 0.459375 0.1388888888888889 0.011458333333333333 0.020370370370370372
0 0.3919270833333333 0.11527777777777778 0.03802083333333333 0.058333333333333334
1 0.8975864583333333 0.14705231481481482 0.036839583333333335 0.03299351851851852
0 0.24609375 0.3449074074074074 0.0234375 0.03981481481481482
0 0.41796875 0.2412037037037037 0.009895833333333333 0.017592592592592594
0 0.5036458333333333 0.1884259259259259 0.0125 0.01574074074074074
0 0.5057291666666667 0.17083333333333334 0.00625 0.010185185185185186
0 0.5427083333333333 0.1736111111111111 0.004166666666666667 0.01574074074074074
0 0.64921875 0.30694444444444446 0.018229166666666668 0.032407407407407406
0 0.7588541666666667 0.5467592592592593 0.009375 0.028703703703703703
0 0.9385416666666667 0.5115740740740741 0.009375 0.023148148148148147
0 0.7611979166666667 0.26805555555555555 0.015104166666666667 0.01574074074074074
0 0.44609375 0.9569444444444445 0.0203125 0.026851851851851852
0 0.36015625 0.9523148148148148 0.0140625 0.021296296296296296
0 0.37265625 0.9962962962962963 0.013020833333333334 0.005555555555555556
0 0.4036458333333333 0.9574074074074074 0.00625 0.011111111111111112
0 0.42552083333333335 0.9833333333333333 0.010416666666666666 0.016666666666666666
0 0.5604166666666667 0.9643518518518519 0.010416666666666666 0.01574074074074074
0 0.35833333333333334 0.6638888888888889 0.005208333333333333 0.009259259259259259
0 0.24375 0.5777777777777777 0.019791666666666666 0.04259259259259259
0 0.0234375 0.5388888888888889 0.008333333333333333 0.018518518518518517
0 0.016927083333333332 0.5097222222222222 0.0067708333333333336 0.017592592592592594
0 0.034895833333333334 0.5194444444444445 0.00625 0.011111111111111112
1 0.5 0.5285324074074075 1.0 0.94225
0 0.5419015625 0.4305791666666667 0.019219791666666666 0.03338055555555556
0 0.4002375 0.4506962962962963 0.0161 0.056948148148148144
0 0.45550234375 0.38020925925925925 0.008921354166666668 0.015974074074074075
0 0.48802421874999996 0.1321 0.012506770833333335 0.019755555555555554
0 0.4229880208333333 0.09009861111111112 0.04076770833333333 0.0542712962962963
1 0.9225049479166666 0.24780462962962965 0.03563489583333333 0.038201851851851855
0 0.26014166666666666 0.2845453703703704 0.021325 0.043164814814814816
0 0.4390893229166667 0.22330833333333333 0.009428645833333334 0.018838888888888888
0 0.5280278645833333 0.19256111111111113 0.012305729166666666 0.016603703703703704
0 0.5315955729166667 0.17534166666666667 0.005899479166666667 0.009942592592592591
0 0.5680143229166668 0.18701296296296296 0.0047786458333333335 0.01661851851851852
0 0.6631252604166666 0.3450550925925926 0.020000520833333334 0.028999074074074073
0 0.7533330729166666 0.6105726851851851 0.009791145833333332 0.028552777777777778
0 0.9337359375 0.6199236111111112 0.009138541666666666 0.023180555555555555
0 0.7769440104166667 0.3346787037037037 0.0143046875 0.017505555555555555
0 0.4105419270833333 0.9394712962962963 0.0200421875 0.02709074074074074
0 0.32584427083333334 0.9133462962962963 0.015230208333333333 0.019285185185185183
0 0.3345721354166667 0.9608023148148148 0.012894270833333334 0.006789814814814815
0 0.3683799479166667 0.929575462962963 0.0065515625 0.011002777777777776
0 0.38811510416666667 0.9593712962962964 0.010605208333333333 0.01689074074074074
0 0.5235815104166667 0.974436574074074 0.009663020833333334 0.017391666666666666
0 0.34722552083333336 0.627450925925926 0.004867708333333333 0.010457407407407408
0 0.24088177083333334 0.5126120370370371 0.018221875 0.041890740740740735
0 0.025081510416666668 0.4207314814814815 0.0074546875 0.019240740740740742
0 0.020734635416666664 0.3897171296296296 0.006052604166666667 0.01832314814814815
0 0.0382078125 0.4042296296296296 0.006623958333333333 0.012162962962962962
1 0.5 0.5321365740740741 1.0 0.9364953703703703
0 0.45906979166666667 0.4296101851851852 0.01918125 0.033294444444444446
0 0.6006393229166667 0.4534171296296296 0.015861979166666665 0.05683425925925926
0 0.5456395833333333 0.3820550925925926 0.0089875 0.01596203703703704
0 0.5155692708333334 0.13203287037037037 0.012388541666666667 0.019621296296296296
0 0.5811708333333333 0.09310185185185185 0.040466666666666665 0.05472222222222222
1 0.08041197916666666 0.23453518518518518 0.03582395833333333 0.03758888888888889
0 0.7415354166666667 0.2917657407407407 0.0216125 0.04279074074074074
0 0.5635703125 0.22509212962962963 0.009432291666666667 0.01870277777777778
0 0.4749216145833334 0.19153194444444444 0.012343229166666667 0.016397222222222223
0 0.47172473958333333 0.17437824074074074 0.005949479166666666 0.009867592592592593
0 0.4351658854166667 0.18511481481481482 0.004706770833333334 0.016525925925925927
0 0.33851302083333334 0.3406546296296296 0.019734375000000002 0.029457407407407408
0 0.24602057291666668 0.6022643518518519 0.009749479166666667 0.028602777777777776
0 0.06552656250000001 0.6069708333333333 0.009178125 0.023200925925925923
0 0.22491848958333333 0.3261861111111111 0.0144203125 0.01718703703703704
0 0.5850486979166667 0.942198611111111 0.020097395833333333 0.026989814814814817
0 0.67005 0.919037962962963 0.0151 0.01955740740740741
0 0.6606286458333333 0.9662842592592592 0.012923958333333334 0.006642592592592593
0 0.62721875 0.9332921296296297 0.006520833333333333 0.011028703703703704
0 0.6073796875 0.9630699074074075 0.010592708333333334 0.01688055555555556
0 0.4715505208333333 0.9743421296296297 0.009767708333333335 0.01720277777777778
0 0.6514161458333334 0.6320111111111111 0.004915625000000001 0.010318518518518519
0 0.7586981770833333 0.5209685185185184 0.018438020833333336 0.04193703703703704
0 0.9756614583333333 0.43551111111111107 0.007572916666666666 0.019170370370370372
0 0.9801578125 0.40449583333333333 0.006148958333333333 0.018250925925925924
0 0.9626671874999999 0.4189847222222222 0.006584375 0.012043518518518518
1 0.49973958333333335 0.5398148148148149 0.9994791666666667 0.9185185185185185
0 0.5359375 0.4217592592592593 0.01875 0.032407407407407406
0 0.3966145833333333 0.475 0.015104166666666667 0.05555555555555555
0 0.44635416666666666 0.3925925925925926 0.009375 0.016666666666666666
0 0.459375 0.1388888888888889 0.011458333333333333 0.020370370370370372
0 0.3919270833333333 0.11527777777777778 0.03802083333333333 0.058333333333333334
1 0.8975864583333333 0.14705231481481482 0.036839583333333335 0.03299351851851852
0 0.24609375 0.3449074074074074 0.0234375 0.03981481481481482
0 0.41796875 0.2412037037037037 0.009895833333333333 0.017592592592592594
0 0.5036458333333333 0.1884259259259259 0.0125 0.01574074074074074
0 0.5057291666666667 0.17083333333333334 0.00625 0.010185185185185186
0 0.5427083333333333 0.1736111111111111 0.004166666666666667 0.01574074074074074
0 0.64921875 0.30694444444444446 0.018229166666666668 0.032407407407407406
0 0.7588541666666667 0.5467592592592593 0.009375 0.028703703703703703
0 0.9385416666666667 0.5115740740740741 0.009375 0.023148148148148147
0 0.7611979166666667 0.26805555555555555 0.015104166666666667 0.01574074074074074
0 0.44609375 0.9569444444444445 0.0203125 0.026851851851851852
0 0.36015625 0.9523148148148148 0.0140625 0.021296296296296296
0 0.37265625 0.9962962962962963 0.013020833333333334 0.005555555555555556
0 0.4036458333333333 0.9574074074074074 0.00625 0.011111111111111112
0 0.42552083333333335 0.9833333333333333 0.010416666666666666 0.016666666666666666
0 0.5604166666666667 0.9643518518518519 0.010416666666666666 0.01574074074074074
0 0.35833333333333334 0.6638888888888889 0.005208333333333333 0.009259259259259259
0 0.24375 0.5777777777777777 0.019791666666666666 0.04259259259259259
0 0.0234375 0.5388888888888889 0.008333333333333333 0.018518518518518517
0 0.016927083333333332 0.5097222222222222 0.0067708333333333336 0.017592592592592594
0 0.034895833333333334 0.5194444444444445 0.00625 0.011111111111111112
