1 0.5 0.4495203703703704 1.0 0.8990407407407408
1 0.5 0.4492277777777778 1.0 0.8984555555555556
1 0.50041171875 0.6441125 0.9987401041666666 0.24007685185185187
0 0.77284140625 0.3885824074074074 0.010266145833333332 0.019757407407407408
0 0.7731294270833333 0.38860648148148147 0.009800520833333333 0.019805555555555555
0 0.9586989583333333 0.20381712962962964 0.005939583333333333 0.011337962962962963
0 0.17404453125 0.5738087962962962 0.0137140625 0.03280277777777778
0 0.04980208333333334 0.3615333333333334 0.010020833333333333 0.021214814814814815
0 0.18573802083333335 0.16378842592592593 0.012101041666666668 0.04053981481481481
0 0.3397942708333333 0.2065861111111111 0.007713541666666667 0.05946851851851852
0 0.8011250000000001 0.7819847222222223 0.017875 0.012117592592592593
0 0.36927630208333334 0.3539777777777778 0.013552604166666668 0.024622222222222222
1 0.5 0.46608935185185185 1.0 0.9321787037037037
1 0.5 0.4662675925925926 1.0 0.9325351851851852
1 0.50374453125 0.6133314814814815 0.9929057291666666 0.4081444444444444
0 0.22042005208333335 0.4667375 0.010631770833333333 0.018660185185185182
0 0.22040598958333335 0.46668935185185184 0.010603645833333335 0.018563888888888887
0 0.021078125 0.33491296296296297 0.005697916666666666 0.010566666666666667
0 0.8289346354166667 0.4828 0.014119270833333334 0.03411851851851852
0 0.9321234374999999 0.23837268518518517 0.011121875 0.019337962962962963
0 0.7812796875 0.08151527777777778 0.013601041666666668 0.040808333333333335
0 0.63345546875 0.165675 0.009619270833333334 0.05912777777777777
0 0.22750130208333333 0.861825 0.017502604166666665 0.01439074074074074
0 0.6163369791666666 0.3203046296296296 0.014965625000000001 0.02394259259259259
1 0.49973958333333335 0.549537037037037 0.9994791666666667 0.899074074074074
1 0.49973958333333335 0.549074074074074 0.9994791666666667 0.9
1 0.49973958333333335 0.3662037037037037 0.9994791666666667 0.2675925925925926
0 0.22395833333333334 0.5856481481481481 0.010416666666666666 0.019444444444444445
0 0.22369791666666666 0.5856481481481481 0.009895833333333333 0.019444444444444445
0 0.03307291666666667 0.7527777777777778 0.005729166666666666 0.011111111111111112
0 0.8276041666666667 0.4564814814814815 0.013541666666666667 0.03333333333333333
0 0.9453125 0.6805555555555556 0.010416666666666666 0.020370370370370372
0 0.8041666666666667 0.8648148148148148 0.0125 0.040740740740740744
0 0.6520833333333333 0.8083333333333333 0.007291666666666667 0.05925925925925926
0 0.2078125 0.1912037037037037 0.017708333333333333 0.012037037037037037
0 0.6263020833333334 0.6574074074074074 0.0140625 0.024074074074074074
1 0.5 0.4495203703703704 1.0 0.8990407407407408
1 0.5 0.4492277777777778 1.0 0.8984555555555556
1 0.50041171875 0.6441125 0.9987401041666666 0.24007685185185187
0 0.77284140625 0.3885824074074074 0.010266145833333332 0.019757407407407408
0 0.7731294270833333 0.38860648148148147 0.009800520833333333 0.019805555555555555
0 0.9586989583333333 0.20381712962962964 0.005939583333333333 0.011337962962962963
0 0.17404453125 0.5738087962962962 0.0137140625 0.03280277777777778
0 0.04980208333333334 0.3615333333333334 0.010020833333333333 0.021214814814814815
0 0.18573802083333335 0.16378842592592593 0.012101041666666668 0.04053981481481481
0 0.3397942708333333 0.2065861111111111 0.007713541666666667 0.05946851851851852
0 0.8011250000000001 0.7819847222222223 0.017875 0.012117592592592593
0 0.36927630208333334 0.3539777777777778 0.013552604166666668 0.024622222222222222
1 0.5 0.46608935185185185 1.0 0.9321787037037037
1 0.5 0.4662675925925926 1.0 0.9325351851851852
1 0.50374453125 0.6133314814814815 0.9929057291666666 0.4081444444444444
0 0.22042005208333335 0.4667375 0.010631770833333333 0.018660185185185182
0 0.22040598958333335 0.46668935185185184 0.010603645833333335 0.018563888888888887
0 0.021078125 0.33491296296296297 0.005697916666666666 0.010566666666666667
0 0.8289346354166667 0.4828 0.014119270833333334 0.03411851851851852
0 0.9321234374999999 0.23837268518518517 0.011121875 0.019337962962962963
0 0.7812796875 0.08151527777777778 0.013601041666666668 0.040808333333333335
0 0.63345546875 0.165675 0.009619270833333334 0.05912777777777777
0 0.22750130208333333 0.861825 0.017502604166666665 0.01439074074074074
0 0.6163369791666666 0.3203046296296296 0.014965625000000001 0.02394259259259259
1 0.49973958333333335 0.549537037037037 0.9994791666666667 0.899074074074074
1 0.49973958333333335 0.549074074074074 0.9994791666666667 0.9
1 0.49973958333333335 0.3662037037037037 0.9994791666666667 0.2675925925925926
0 0.22395833333333334 0.5856481481481481 0.010416666666666666 0.019444444444444445
0 0.22369791666666666 0.5856481481481481 0.009895833333333333 0.019444444444444445
0 0.03307291666666667 0.7527777777777778 0.005729166666666666 0.011111111111111112
0 0.8276041666666667 0.4564814814814815 0.013541666666666667 0.03333333333333333
0 0.9453125 0.6805555555555556 0.010416666666666666 0.020370370370370372
0 0.8041666666666667 0.8648148148148148 0.0125 0.040740740740740744
0 0.6520833333333333 0.8083333333333333 0.007291666666666667 0.05925925925925926
0 0.2078125 0.1912037037037037 0.017708333333333333 0.012037037037037037
0 0.6263020833333334 0.6574074074074074 0.0140625 0.024074074074074074
