1 0.5 0.5 1.0 1.0
0 0.39216953125000004 0.1574148148148148 0.017672395833333333 0.035199999999999995
0 0.45586041666666666 0.041579629629629626 0.01797083333333333 0.029455555555555558
0 0.6540653645833333 0.19951527777777778 0.023755729166666666 0.04717870370370371
0 0.6362768229166667 0.27249027777777773 0.027761979166666666 0.026462037037037037
0 0.5848921874999999 0.09520324074074074 0.027076041666666665 0.03855462962962963
0 0.7932315104166666 0.13024768518518517 0.033338020833333336 0.04938425925925926
0 0.8672122395833333 0.043674074074074073 0.05109114583333333 0.08734814814814815
0 0.77594140625 0.32621157407407403 0.022716145833333333 0.05242314814814814
0 0.7902203125 0.35942685185185186 0.012732291666666668 0.03366851851851852
0 0.6577388020833334 0.34662592592592595 0.029019270833333333 0.02102962962962963
0 0.6182669270833333 0.45507453703703704 0.014658854166666667 0.028667592592592592
0 0.75064375 0.5335101851851852 0.026287500000000002 0.022575925925925926
0 0.5177317708333333 0.6466689814814816 0.016713541666666668 0.04333796296296296
0 0.6400817708333334 0.7879342592592593 0.034330208333333334 0.04253518518518519
0 0.5570885416666667 0.6504055555555556 0.00896875 0.024885185185185187
0 0.5824338541666666 0.754648611111111 0.014867708333333333 0.024112037037037036
0 0.564428125 0.8922388888888889 0.01010625 0.030774074074074072
1 0.5 0.49955925925925926 1.0 0.9991185185185185
0 0.6015 0.15082962962962965 0.017583333333333333 0.034992592592592596
0 0.5350106770833333 0.03873425925925926 0.017938020833333335 0.02932037037037037
0 0.3397234375 0.20905555555555555 0.023196875 0.04774074074074074
0 0.3591479166666666 0.27997083333333334 0.027670833333333332 0.02660833333333333
0 0.4075734375 0.10118425925925925 0.026605208333333335 0.039405555555555555
0 0.19977109375 0.14796296296296296 0.03287552083333333 0.04962962962962963
0 0.12590807291666667 0.055563425925925926 0.05389947916666667 0.11112685185185185
0 0.22090807291666667 0.34320277777777775 0.022024479166666666 0.05307222222222222
0 0.207325 0.37805 0.012566666666666667 0.03387777777777778
0 0.3389684895833333 0.35639953703703703 0.028978645833333334 0.02020648148148148
0 0.38077083333333334 0.4633222222222222 0.014666666666666666 0.028496296296296297
0 0.25005078125 0.5486467592592592 0.026143229166666667 0.021367592592592594
0 0.48538411458333336 0.6475412037037037 0.0166015625 0.04323055555555556
0 0.36563984375 0.7970074074074074 0.0344046875 0.042162962962962965
0 0.44609661458333333 0.6532208333333334 0.008859895833333332 0.024960185185185186
0 0.4229716145833333 0.759411574074074 0.014693229166666665 0.024378703703703705
0 0.44318749999999996 0.8959430555555556 0.010333333333333333 0.030775
0 0.40809609375 0.008027314814814814 0.0161921875 0.016054629629629627
1 0.49973958333333335 0.5189814814814815 0.9994791666666667 0.9601851851851851
0 0.41953125 0.8666666666666667 0.0171875 0.03518518518518519
0 0.49244791666666665 0.9662037037037037 0.018229166666666668 0.028703703703703703
0 0.6763020833333333 0.7597222222222222 0.021354166666666667 0.049074074074074076
0 0.6528645833333333 0.6930555555555555 0.027604166666666666 0.026851851851851852
0 0.615625 0.8800925925925925 0.025 0.041666666666666664
0 0.8197916666666667 0.7949074074074074 0.03125 0.05092592592592592
0 0.89921875 0.8824074074074074 0.049479166666666664 0.13518518518518519
0 0.7859375 0.6041666666666666 0.020833333333333332 0.05462962962962963
0 0.7981770833333334 0.5671296296296297 0.011979166666666667 0.03425925925925926
0 0.6684895833333333 0.6134259259259259 0.028645833333333332 0.021296296296296296
0 0.6208333333333333 0.5148148148148148 0.014583333333333334 0.027777777777777776
0 0.7455729166666667 0.4046296296296296 0.025520833333333333 0.018518518518518517
0 0.5059895833333333 0.35 0.016145833333333335 0.04259259259259259
0 0.61640625 0.17824074074074073 0.034895833333333334 0.041666666666666664
0 0.5450520833333333 0.3375 0.008854166666666666 0.025
0 0.56171875 0.22824074074074074 0.0140625 0.025
0 0.5330729166666667 0.09583333333333334 0.0109375 0.030555555555555555
0 0.61328125 0.9810185185185185 0.0296875 0.03611111111111111
1 0.5 0.5 1.0 1.0
0 0.39216953125000004 0.1574148148148148 0.017672395833333333 0.035199999999999995
0 0.45586041666666666 0.041579629629629626 0.01797083333333333 0.029455555555555558
0 0.6540653645833333 0.19951527777777778 0.023755729166666666 0.04717870370370371
0 0.6362768229166667 0.27249027777777773 0.027761979166666666 0.026462037037037037
0 0.5848921874999999 0.09520324074074074 0.027076041666666665 0.03855462962962963
0 0.7932315104166666 0.13024768518518517 0.033338020833333336 0.04938425925925926
0 0.8672122395833333 0.043674074074074073 0.05109114583333333 0.08734814814814815
0 0.77594140625 0.32621157407407403 0.022716145833333333 0.05242314814814814
0 0.7902203125 0.35942685185185186 0.012732291666666668 0.03366851851851852
0 0.6577388020833334 0.34662592592592595 0.029019270833333333 0.02102962962962963
0 0.6182669270833333 0.45507453703703704 0.014658854166666667 0.028667592592592592
0 0.75064375 0.5335101851851852 0.026287500000000002 0.022575925925925926
0 0.5177317708333333 0.6466689814814816 0.016713541666666668 0.04333796296296296
0 0.6400817708333334 0.7879342592592593 0.034330208333333334 0.04253518518518519
0 0.5570885416666667 0.6504055555555556 0.00896875 0.024885185185185187
0 0.5824338541666666 0.754648611111111 0.014867708333333333 0.024112037037037036
0 0.564428125 0.8922388888888889 0.01010625 0.030774074074074072
1 0.5 0.49955925925925926 1.0 0.9991185185185185
0 0.6015 0.15082962962962965 0.017583333333333333 0.034992592592592596
0 0.5350106770833333 0.03873425925925926 0.017938020833333335 0.02932037037037037
0 0.3397234375 0.20905555555555555 0.023196875 0.04774074074074074
0 0.3591479166666666 0.27997083333333334 0.027670833333333332 0.02660833333333333
0 0.4075734375 0.10118425925925925 0.026605208333333335 0.039405555555555555
0 0.19977109375 0.14796296296296296 0.03287552083333333 0.04962962962962963
0 0.12590807291666667 0.055563425925925926 0.05389947916666667 0.11112685185185185
0 0.22090807291666667 0.34320277777777775 0.022024479166666666 0.05307222222222222
0 0.207325 0.37805 0.012566666666666667 0.03387777777777778
0 0.3389684895833333 0.35639953703703703 0.028978645833333334 0.02020648148148148
0 0.38077083333333334 0.4633222222222222 0.014666666666666666 0.028496296296296297
0 0.25005078125 0.5486467592592592 0.026143229166666667 0.021367592592592594
0 0.48538411458333336 0.6475412037037037 0.0166015625 0.04323055555555556
0 0.36563984375 0.7970074074074074 0.0344046875 0.042162962962962965
0 0.44609661458333333 0.6532208333333334 0.008859895833333332 0.024960185185185186
0 0.4229716145833333 0.759411574074074 0.014693229166666665 0.024378703703703705
0 0.44318749999999996 0.8959430555555556 0.010333333333333333 0.030775
0 0.40809609375 0.008027314814814814 0.0161921875 0.016054629629629627
1 0.49973958333333335 0.5189814814814815 0.9994791666666667 0.9601851851851851
0 0.41953125 0.8666666666666667 0.0171875 0.03518518518518519
0 0.49244791666666665 0.9662037037037037 0.018229166666666668 0.028703703703703703
0 0.6763020833333333 0.7597222222222222 0.021354166666666667 0.049074074074074076
0 0.6528645833333333 0.6930555555555555 0.027604166666666666 0.026851851851851852
0 0.615625 0.8800925925925925 0.025 0.041666666666666664
0 0.8197916666666667 0.7949074074074074 0.03125 0.05092592592592592
0 0.89921875 0.8824074074074074 0.049479166666666664 0.13518518518518519
0 0.7859375 0.6041666666666666 0.020833333333333332 0.05462962962962963
0 0.7981770833333334 0.5671296296296297 0.011979166666666667 0.03425925925925926
0 0.6684895833333333 0.6134259259259259 0.028645833333333332 0.021296296296296296
0 0.6208333333333333 0.5148148148148148 0.014583333333333334 0.027777777777777776
0 0.7455729166666667 0.4046296296296296 0.025520833333333333 0.018518518518518517
0 0.5059895833333333 0.35 0.016145833333333335 0.04259259259259259
0 0.61640625 0.17824074074074073 0.034895833333333334 0.041666666666666664
0 0.5450520833333333 0.3375 0.008854166666666666 0.025
0 0.56171875 0.22824074074074074 0.0140625 0.025
0 0.5330729166666667 0.09583333333333334 0.0109375 0.030555555555555555
0 0.61328125 0.9810185185185185 0.0296875 0.03611111111111111
