1 0.5 0.5 1.0 1.0
1 0.9585744791666666 0.10361435185185185 0.034857291666666665 0.018339814814814812
0 0.25467708333333333 0.43842731481481484 0.013520833333333334 0.030558333333333333
0 0.08181848958333333 0.5108944444444444 0.008428645833333333 0.0329
0 0.0951109375 0.5853592592592592 0.012096875 0.031829629629629624
0 0.44661640625000004 0.3363643518518519 0.01719114583333333 0.022728703703703706
0 0.49410338541666665 0.34199074074074076 0.0236234375 0.028425925925925924
0 0.3658606770833333 0.22744305555555555 0.016096354166666667 0.025256481481481484
0 0.5845679687499999 0.46896064814814814 0.020177604166666665 0.03051388888888889
0 0.5536635416666668 0.7071120370370371 0.012535416666666667 0.03829814814814815
0 0.5580716145833333 0.749886111111111 0.02030989583333333 0.02755
0 0.46942578125 0.747038425925926 0.012809895833333333 0.02000277777777778
0 0.7659169270833334 0.6352148148148149 0.012042187499999999 0.02783703703703704
0 0.6455981770833333 0.8602541666666667 0.04432135416666667 0.07606388888888889
0 0.6533890625000001 0.9351986111111111 0.013028125 0.018545370370370372
0 0.5823018229166668 0.9196824074074074 0.005228645833333333 0.009735185185185185
0 0.6927968750000001 0.8104583333333333 0.011635416666666667 0.026472222222222223
0 0.83383671875 0.29557083333333334 0.007256770833333333 0.02632685185185185
0 0.7232125 0.20649305555555555 0.007883333333333332 0.018541666666666665
1 0.49973958333333335 0.49953703703703706 0.9994791666666667 0.9990740740740741
1 0.9696315104166667 0.14629629629629629 0.03509635416666667 0.016666666666666666
0 0.25703125 0.41574074074074074 0.013020833333333334 0.02962962962962963
0 0.08203125 0.4722222222222222 0.0078125 0.03333333333333333
0 0.09348958333333333 0.5476851851851852 0.011979166666666667 0.032407407407407406
0 0.4518229166666667 0.33101851851851855 0.0171875 0.023148148148148147
0 0.4986979166666667 0.3416666666666667 0.0234375 0.02962962962962963
0 0.37421875 0.2152777777777778 0.016145833333333335 0.025
0 0.5854166666666667 0.47638888888888886 0.020833333333333332 0.030555555555555555
0 0.5473958333333333 0.711574074074074 0.0125 0.03796296296296296
0 0.5505208333333333 0.7550925925925925 0.019791666666666666 0.028703703703703703
0 0.46197916666666666 0.7444444444444445 0.0125 0.020370370370370372
0 0.7614583333333333 0.6592592592592592 0.011458333333333333 0.027777777777777776
0 0.6348958333333333 0.8731481481481481 0.04479166666666667 0.07592592592592592
0 0.6401041666666667 0.9486111111111111 0.0125 0.019444444444444445
0 0.5697916666666667 0.9263888888888889 0.005208333333333333 0.010185185185185186
0 0.68359375 0.8277777777777777 0.011979166666666667 0.025925925925925925
0 0.8393229166666667 0.32685185185185184 0.0078125 0.025925925925925925
0 0.7315104166666667 0.22777777777777777 0.0078125 0.018518518518518517
1 0.5 0.5 1.0 1.0
1 0.9835401041666666 0.21924907407407407 0.03270520833333333 0.014424074074074074
0 0.26183125 0.3784074074074074 0.0142875 0.03088888888888889
0 0.08476979166666668 0.4076666666666666 0.00808125 0.033851851851851855
0 0.09283359375 0.48510462962962964 0.012750520833333334 0.03317222222222222
0 0.46062161458333334 0.3238898148148148 0.0170765625 0.023705555555555556
0 0.506284375 0.3425787037037037 0.022985416666666664 0.031453703703703706
0 0.38879401041666667 0.19646944444444445 0.0161296875 0.02442037037037037
0 0.5864197916666666 0.4883675925925926 0.021797916666666663 0.03043888888888889
0 0.5360953125000001 0.7179833333333333 0.012815625 0.03781851851851852
0 0.5375291666666667 0.7624476851851851 0.018808333333333333 0.030450925925925926
0 0.4504971354166667 0.737724537037037 0.012452604166666666 0.02174537037037037
0 0.7526289062499999 0.6989407407407408 0.012549479166666665 0.02751111111111111
0 0.6160390625000001 0.8931722222222221 0.045619791666666666 0.07523333333333333
0 0.6177515625000001 0.9687449074074074 0.011544791666666667 0.02082314814814815
0 0.5484049479166667 0.9359921296296296 0.005143229166666667 0.01087314814814815
0 0.6671765625 0.8550222222222222 0.012478125 0.024859259259259258
0 0.8465328125 0.3805060185185185 0.008690625 0.02582685185185185
0 0.7441770833333333 0.2647393518518518 0.008145833333333333 0.01836759259259259
1 0.5 0.5 1.0 1.0
1 0.9585744791666666 0.10361435185185185 0.034857291666666665 0.018339814814814812
0 0.25467708333333333 0.43842731481481484 0.013520833333333334 0.030558333333333333
0 0.08181848958333333 0.5108944444444444 0.008428645833333333 0.0329
0 0.0951109375 0.5853592592592592 0.012096875 0.031829629629629624
0 0.44661640625000004 0.3363643518518519 0.01719114583333333 0.022728703703703706
0 0.49410338541666665 0.34199074074074076 0.0236234375 0.028425925925925924
0 0.3658606770833333 0.22744305555555555 0.016096354166666667 0.025256481481481484
0 0.5845679687499999 0.46896064814814814 0.020177604166666665 0.03051388888888889
0 0.5536635416666668 0.7071120370370371 0.012535416666666667 0.03829814814814815
0 0.5580716145833333 0.749886111111111 0.02030989583333333 0.02755
0 0.46942578125 0.747038425925926 0.012809895833333333 0.02000277777777778
0 0.7659169270833334 0.6352148148148149 0.012042187499999999 0.02783703703703704
0 0.6455981770833333 0.8602541666666667 0.04432135416666667 0.07606388888888889
0 0.6533890625000001 0.9351986111111111 0.013028125 0.018545370370370372
0 0.5823018229166668 0.9196824074074074 0.005228645833333333 0.009735185185185185
0 0.6927968750000001 0.8104583333333333 0.011635416666666667 0.026472222222222223
0 0.83383671875 0.29557083333333334 0.007256770833333333 0.02632685185185185
0 0.7232125 0.20649305555555555 0.007883333333333332 0.018541666666666665
1 0.49973958333333335 0.49953703703703706 0.9994791666666667 0.9990740740740741
1 0.9696315104166667 0.14629629629629629 0.03509635416666667 0.016666666666666666
0 0.25703125 0.41574074074074074 0.013020833333333334 0.02962962962962963
0 0.08203125 0.4722222222222222 0.0078125 0.03333333333333333
0 0.09348958333333333 0.5476851851851852 0.011979166666666667 0.032407407407407406
0 0.4518229166666667 0.33101851851851855 0.0171875 0.023148148148148147
0 0.4986979166666667 0.3416666666666667 0.0234375 0.02962962962962963
0 0.37421875 0.2152777777777778 0.016145833333333335 0.025
0 0.5854166666666667 0.47638888888888886 0.020833333333333332 0.030555555555555555
0 0.5473958333333333 0.711574074074074 0.0125 0.03796296296296296
0 0.5505208333333333 0.7550925925925925 0.019791666666666666 0.028703703703703703
0 0.46197916666666666 0.7444444444444445 0.0125 0.020370370370370372
0 0.7614583333333333 0.6592592592592592 0.011458333333333333 0.027777777777777776
0 0.6348958333333333 0.8731481481481481 0.04479166666666667 0.07592592592592592
0 0.6401041666666667 0.9486111111111111 0.0125 0.019444444444444445
0 0.5697916666666667 0.9263888888888889 0.005208333333333333 0.010185185185185186
0 0.68359375 0.8277777777777777 0.011979166666666667 0.025925925925925925
0 0.8393229166666667 0.32685185185185184 0.0078125 0.025925925925925925
0 0.7315104166666667 0.22777777777777777 0.0078125 0.018518518518518517
1 0.5 0.5 1.0 1.0
1 0.9835401041666666 0.21924907407407407 0.03270520833333333 0.014424074074074074
0 0.26183125 0.3784074074074074 0.0142875 0.03088888888888889
0 0.08476979166666668 0.4076666666666666 0.00808125 0.033851851851851855
0 0.09283359375 0.48510462962962964 0.012750520833333334 0.03317222222222222
0 0.46062161458333334 0.3238898148148148 0.0170765625 0.023705555555555556
0 0.506284375 0.3425787037037037 0.022985416666666664 0.031453703703703706
0 0.38879401041666667 0.19646944444444445 0.0161296875 0.02442037037037037
0 0.5864197916666666 0.4883675925925926 0.021797916666666663 0.03043888888888889
0 0.5360953125000001 0.7179833333333333 0.012815625 0.03781851851851852
0 0.5375291666666667 0.7624476851851851 0.018808333333333333 0.030450925925925926
0 0.4504971354166667 0.737724537037037 0.012452604166666666 0.02174537037037037
0 0.7526289062499999 0.6989407407407408 0.012549479166666665 0.02751111111111111
0 0.6160390625000001 0.8931722222222221 0.045619791666666666 0.07523333333333333
0 0.6177515625000001 0.9687449074074074 0.011544791666666667 0.02082314814814815
0 0.5484049479166667 0.9359921296296296 0.005143229166666667 0.01087314814814815
0 0.6671765625 0.8550222222222222 0.012478125 0.024859259259259258
0 0.8465328125 0.3805060185185185 0.008690625 0.02582685185185185
0 0.7441770833333333 0.2647393518518518 0.008145833333333333 0.01836759259259259
1 0.5 0.5 1.0 1.0
1 0.9585744791666666 0.10361435185185185 0.034857291666666665 0.018339814814814812
0 0.25467708333333333 0.43842731481481484 0.013520833333333334 0.030558333333333333
0 0.08181848958333333 0.5108944444444444 0.008428645833333333 0.0329
0 0.0951109375 0.5853592592592592 0.012096875 0.031829629629629624
0 0.44661640625000004 0.3363643518518519 0.01719114583333333 0.022728703703703706
0 0.49410338541666665 0.34199074074074076 0.0236234375 0.028425925925925924
0 0.3658606770833333 0.22744305555555555 0.016096354166666667 0.025256481481481484
0 0.5845679687499999 0.46896064814814814 0.020177604166666665 0.03051388888888889
0 0.5536635416666668 0.7071120370370371 0.012535416666666667 0.03829814814814815
0 0.5580716145833333 0.749886111111111 0.02030989583333333 0.02755
0 0.46942578125 0.747038425925926 0.012809895833333333 0.02000277777777778
0 0.7659169270833334 0.6352148148148149 0.012042187499999999 0.02783703703703704
0 0.6455981770833333 0.8602541666666667 0.04432135416666667 0.07606388888888889
0 0.6533890625000001 0.9351986111111111 0.013028125 0.018545370370370372
0 0.5823018229166668 0.9196824074074074 0.005228645833333333 0.009735185185185185
0 0.6927968750000001 0.8104583333333333 0.011635416666666667 0.026472222222222223
0 0.83383671875 0.29557083333333334 0.007256770833333333 0.02632685185185185
0 0.7232125 0.20649305555555555 0.007883333333333332 0.018541666666666665
1 0.49973958333333335 0.49953703703703706 0.9994791666666667 0.9990740740740741
1 0.9696315104166667 0.14629629629629629 0.03509635416666667 0.016666666666666666
0 0.25703125 0.41574074074074074 0.013020833333333334 0.02962962962962963
0 0.08203125 0.4722222222222222 0.0078125 0.03333333333333333
0 0.09348958333333333 0.5476851851851852 0.011979166666666667 0.032407407407407406
0 0.4518229166666667 0.33101851851851855 0.0171875 0.023148148148148147
0 0.4986979166666667 0.3416666666666667 0.0234375 0.02962962962962963
0 0.37421875 0.2152777777777778 0.016145833333333335 0.025
0 0.5854166666666667 0.47638888888888886 0.020833333333333332 0.030555555555555555
0 0.5473958333333333 0.711574074074074 0.0125 0.03796296296296296
0 0.5505208333333333 0.7550925925925925 0.019791666666666666 0.028703703703703703
0 0.46197916666666666 0.7444444444444445 0.0125 0.020370370370370372
0 0.7614583333333333 0.6592592592592592 0.011458333333333333 0.027777777777777776
0 0.6348958333333333 0.8731481481481481 0.04479166666666667 0.07592592592592592
0 0.6401041666666667 0.9486111111111111 0.0125 0.019444444444444445
0 0.5697916666666667 0.9263888888888889 0.005208333333333333 0.010185185185185186
0 0.68359375 0.8277777777777777 0.011979166666666667 0.025925925925925925
0 0.8393229166666667 0.32685185185185184 0.0078125 0.025925925925925925
0 0.7315104166666667 0.22777777777777777 0.0078125 0.018518518518518517
1 0.5 0.5 1.0 1.0
1 0.9835401041666666 0.21924907407407407 0.03270520833333333 0.014424074074074074
0 0.26183125 0.3784074074074074 0.0142875 0.03088888888888889
0 0.08476979166666668 0.4076666666666666 0.00808125 0.033851851851851855
0 0.09283359375 0.48510462962962964 0.012750520833333334 0.03317222222222222
0 0.46062161458333334 0.3238898148148148 0.0170765625 0.023705555555555556
0 0.506284375 0.3425787037037037 0.022985416666666664 0.031453703703703706
0 0.38879401041666667 0.19646944444444445 0.0161296875 0.02442037037037037
0 0.5864197916666666 0.4883675925925926 0.021797916666666663 0.03043888888888889
0 0.5360953125000001 0.7179833333333333 0.012815625 0.03781851851851852
0 0.5375291666666667 0.7624476851851851 0.018808333333333333 0.030450925925925926
0 0.4504971354166667 0.737724537037037 0.012452604166666666 0.02174537037037037
0 0.7526289062499999 0.6989407407407408 0.012549479166666665 0.02751111111111111
0 0.6160390625000001 0.8931722222222221 0.045619791666666666 0.07523333333333333
0 0.6177515625000001 0.9687449074074074 0.011544791666666667 0.02082314814814815
0 0.5484049479166667 0.9359921296296296 0.005143229166666667 0.01087314814814815
0 0.6671765625 0.8550222222222222 0.012478125 0.024859259259259258
0 0.8465328125 0.3805060185185185 0.008690625 0.02582685185185185
0 0.7441770833333333 0.2647393518518518 0.008145833333333333 0.01836759259259259
