0 0.5 0.4601050925925926 1.0 0.9202101851851852
1 0.5 0.4606925925925926 1.0 0.9213851851851852
0 0.9799791666666666 0.6559342592592593 0.005791666666666666 0.02297962962962963
0 0.7990453125 0.6793592592592592 0.01579895833333333 0.047607407407407404
0 0.88265546875 0.38587546296296293 0.017394270833333333 0.014343518518518518
0 0.8391078125 0.5204333333333333 0.0052989583333333335 0.009385185185185184
0 0.83167890625 0.5457699074074074 0.012316145833333332 0.021169444444444446
0 0.9295463541666666 0.19137916666666668 0.009092708333333333 0.014239814814814815
0 0.90426640625 0.20767546296296296 0.007491145833333333 0.01720277777777778
0 0.89309296875 0.02689722222222222 0.013269270833333334 0.027868518518518518
0 0.55671875 0.4762884259259259 0.01864583333333333 0.052576851851851854
0 0.6031744791666667 0.7520412037037038 0.043848958333333334 0.0855638888888889
0 0.46788880208333333 0.6911805555555556 0.0128609375 0.021249999999999998
0 0.49136380208333336 0.7541555555555556 0.017102604166666667 0.036088888888888886
0 0.32210651041666666 0.7937884259259259 0.025463020833333336 0.028317592592592592
0 0.524771875 0.3326717592592593 0.012043749999999999 0.019047222222222222
0 0.3855296875 0.2841106481481481 0.029392708333333333 0.029332407407407408
0 0.7852953125000001 0.17431064814814817 0.017465625 0.033806481481481486
0 0.48383828125 0.14601203703703705 0.0083015625 0.012394444444444444
0 0.2974895833333333 0.2543416666666667 0.010604166666666666 0.02349814814814815
0 0.32418046875 0.4603865740740741 0.009819270833333334 0.018921296296296294
0 0.3060713541666667 0.3860689814814815 0.004851041666666667 0.022137962962962963
0 0.1982729166666667 0.47454537037037037 0.011129166666666666 0.03797962962962963
0 0.30679557291666665 0.5600884259259259 0.012549479166666665 0.02943611111111111
0 0.21462161458333334 0.19090555555555555 0.0157015625 0.03181111111111111
0 0.17378854166666666 0.18726666666666666 0.01736875 0.028237037037037036
0 0.21971875000000002 0.10576944444444444 0.009229166666666667 0.015242592592592592
0 0.21975026041666668 0.10443842592592592 0.01658385416666667 0.02739537037037037
0 0.21966041666666666 0.27849305555555554 0.009112499999999999 0.016245370370370372
0 0.032453125 0.1420912037037037 0.04511458333333333 0.14714537037037037
0 0.23669010416666666 0.3562430555555556 0.015046875 0.03100462962962963
0 0.5 0.4650685185185185 1.0 0.930137037037037
1 0.5 0.4657875 1.0 0.931575
0 0.015994270833333334 0.6114541666666666 0.005946875 0.022908333333333333
0 0.19573541666666666 0.6516101851851852 0.016470833333333334 0.04766481481481482
0 0.12129583333333334 0.3501449074074074 0.01759166666666667 0.013252777777777778
0 0.16091223958333334 0.4890939814814815 0.0051578125 0.009669444444444444
0 0.16701796875000002 0.5148592592592592 0.0121609375 0.02045925925925926
0 0.08012239583333333 0.1516435185185185 0.009203125000000001 0.01439814814814815
0 0.10483333333333333 0.17048981481481482 0.007583333333333333 0.016905555555555556
0 0.44373723958333333 0.47150231481481486 0.019766145833333335 0.05226388888888889
0 0.3898434895833333 0.7417212962962962 0.04531197916666666 0.08714629629629629
0 0.52630703125 0.6945537037037037 0.013030729166666666 0.02058888888888889
0 0.50083828125 0.7547310185185185 0.0173015625 0.03538796296296296
0 0.6686046875 0.8105652777777778 0.024709375 0.028537962962962963
0 0.48037005208333333 0.33091666666666664 0.011781770833333333 0.019240740740740742
0 0.6202835937500001 0.2952939814814815 0.029108854166666667 0.031328703703703706
0 0.22508671875 0.14818657407407407 0.01788177083333333 0.03341018518518518
0 0.526521875 0.14794861111111113 0.008252083333333333 0.01256388888888889
0 0.7095054687500001 0.2735703703703704 0.010677604166666667 0.023066666666666666
0 0.6765354166666667 0.47658333333333336 0.0103625 0.017981481481481484
0 0.6969096354166666 0.4045212962962963 0.0052776041666666666 0.022005555555555553
0 0.80226875 0.5022587962962962 0.011829166666666667 0.03785092592592593
0 0.6914752604166666 0.5784949074074074 0.013158854166666668 0.029212037037037036
0 0.7937828125 0.2180763888888889 0.015690625 0.032449074074074075
0 0.8345921875 0.21790833333333334 0.017101041666666667 0.02840925925925926
0 0.7916893229166667 0.13272175925925925 0.0094203125 0.015443518518518518
0 0.7917263020833333 0.1304773148148148 0.0167859375 0.027621296296296297
0 0.7862635416666667 0.3045412037037037 0.008985416666666666 0.016489814814814815
0 0.9779354166666666 0.18541203703703704 0.04232916666666667 0.1504537037037037
0 0.766921875 0.3803949074074074 0.01509375 0.031160185185185183
0 0.49973958333333335 0.5370370370370371 0.9994791666666667 0.924074074074074
1 0.5002604166666667 0.5370370370370371 0.9994791666666667 0.9259259259259259
0 0.029427083333333333 0.26990740740740743 0.0067708333333333336 0.023148148148148147
0 0.2109375 0.274537037037037 0.014583333333333334 0.04722222222222222
0 0.11328125 0.5546296296296296 0.0171875 0.016666666666666666
0 0.16328125 0.42777777777777776 0.005729166666666666 0.009259259259259259
0 0.171875 0.4027777777777778 0.0125 0.022222222222222223
0 0.05703125 0.7412037037037037 0.008854166666666666 0.013888888888888888
0 0.0828125 0.7282407407407407 0.007291666666666667 0.017592592592592594
0 0.08541666666666667 0.9106481481481481 0.0125 0.028703703703703703
0 0.44244791666666666 0.5143518518518518 0.0171875 0.05277777777777778
0 0.40963541666666664 0.23287037037037037 0.04114583333333333 0.0824074074074074
0 0.5411458333333333 0.3148148148148148 0.0125 0.022222222222222223
0 0.5213541666666667 0.24814814814814815 0.016666666666666666 0.037037037037037035
0 0.69140625 0.2361111111111111 0.0265625 0.027777777777777776
0 0.4671875 0.6625 0.0125 0.019444444444444445
0 0.60390625 0.7319444444444444 0.0296875 0.026851851851851852
0 0.2 0.7800925925925926 0.016666666666666666 0.03425925925925926
0 0.4984375 0.8550925925925926 0.008333333333333333 0.012037037037037037
0 0.6895833333333333 0.7768518518518519 0.010416666666666666 0.024074074074074074
0 0.6731770833333334 0.5666666666666667 0.008854166666666666 0.020370370370370372
0 0.6877604166666667 0.6435185185185185 0.0046875 0.022222222222222223
0 0.8002604166666667 0.5726851851851852 0.0109375 0.03796296296296296
0 0.6950520833333333 0.4699074074074074 0.011979166666666667 0.030555555555555555
0 0.7692708333333333 0.8523148148148149 0.015625 0.030555555555555555
0 0.809375 0.862037037037037 0.017708333333333333 0.027777777777777776
0 0.76015625 0.9361111111111111 0.008854166666666666 0.014814814814814815
0 0.7596354166666667 0.9365740740740741 0.016145833333333335 0.026851851851851852
0 0.7682291666666666 0.7643518518518518 0.009375 0.01574074074074074
0 0.9471354166666667 0.9287037037037037 0.050520833333333334 0.14074074074074075
0 0.7549479166666667 0.6837962962962963 0.015104166666666667 0.030555555555555555
0 0.5 0.4601050925925926 1.0 0.9202101851851852
1 0.5 0.4606925925925926 1.0 0.9213851851851852
0 0.9799791666666666 0.6559342592592593 0.005791666666666666 0.02297962962962963
0 0.7990453125 0.6793592592592592 0.01579895833333333 0.047607407407407404
0 0.88265546875 0.38587546296296293 0.017394270833333333 0.014343518518518518
0 0.8391078125 0.5204333333333333 0.0052989583333333335 0.009385185185185184
0 0.83167890625 0.5457699074074074 0.012316145833333332 0.021169444444444446
0 0.9295463541666666 0.19137916666666668 0.009092708333333333 0.014239814814814815
0 0.90426640625 0.20767546296296296 0.007491145833333333 0.01720277777777778
0 0.89309296875 0.02689722222222222 0.013269270833333334 0.027868518518518518
0 0.55671875 0.4762884259259259 0.01864583333333333 0.052576851851851854
0 0.6031744791666667 0.7520412037037038 0.043848958333333334 0.0855638888888889
0 0.46788880208333333 0.6911805555555556 0.0128609375 0.021249999999999998
0 0.49136380208333336 0.7541555555555556 0.017102604166666667 0.036088888888888886
0 0.32210651041666666 0.7937884259259259 0.025463020833333336 0.028317592592592592
0 0.524771875 0.3326717592592593 0.012043749999999999 0.019047222222222222
0 0.3855296875 0.2841106481481481 0.029392708333333333 0.029332407407407408
0 0.7852953125000001 0.17431064814814817 0.017465625 0.033806481481481486
0 0.48383828125 0.14601203703703705 0.0083015625 0.012394444444444444
0 0.2974895833333333 0.2543416666666667 0.010604166666666666 0.02349814814814815
0 0.32418046875 0.4603865740740741 0.009819270833333334 0.018921296296296294
0 0.3060713541666667 0.3860689814814815 0.004851041666666667 0.022137962962962963
0 0.1982729166666667 0.47454537037037037 0.011129166666666666 0.03797962962962963
0 0.30679557291666665 0.5600884259259259 0.012549479166666665 0.02943611111111111
0 0.21462161458333334 0.19090555555555555 0.0157015625 0.03181111111111111
0 0.17378854166666666 0.18726666666666666 0.01736875 0.028237037037037036
0 0.21971875000000002 0.10576944444444444 0.009229166666666667 0.015242592592592592
0 0.21975026041666668 0.10443842592592592 0.01658385416666667 0.02739537037037037
0 0.21966041666666666 0.27849305555555554 0.009112499999999999 0.016245370370370372
0 0.032453125 0.1420912037037037 0.04511458333333333 0.14714537037037037
0 0.23669010416666666 0.3562430555555556 0.015046875 0.03100462962962963
0 0.5 0.4650685185185185 1.0 0.930137037037037
1 0.5 0.4657875 1.0 0.931575
0 0.015994270833333334 0.6114541666666666 0.005946875 0.022908333333333333
0 0.19573541666666666 0.6516101851851852 0.016470833333333334 0.04766481481481482
0 0.12129583333333334 0.3501449074074074 0.01759166666666667 0.013252777777777778
0 0.16091223958333334 0.4890939814814815 0.0051578125 0.009669444444444444
0 0.16701796875000002 0.5148592592592592 0.0121609375 0.02045925925925926
0 0.08012239583333333 0.1516435185185185 0.009203125000000001 0.01439814814814815
0 0.10483333333333333 0.17048981481481482 0.007583333333333333 0.016905555555555556
0 0.44373723958333333 0.47150231481481486 0.019766145833333335 0.05226388888888889
0 0.3898434895833333 0.7417212962962962 0.04531197916666666 0.08714629629629629
0 0.52630703125 0.6945537037037037 0.013030729166666666 0.02058888888888889
0 0.50083828125 0.7547310185185185 0.0173015625 0.03538796296296296
0 0.6686046875 0.8105652777777778 0.024709375 0.028537962962962963
0 0.48037005208333333 0.33091666666666664 0.011781770833333333 0.019240740740740742
0 0.6202835937500001 0.2952939814814815 0.029108854166666667 0.031328703703703706
0 0.22508671875 0.14818657407407407 0.01788177083333333 0.03341018518518518
0 0.526521875 0.14794861111111113 0.008252083333333333 0.01256388888888889
0 0.7095054687500001 0.2735703703703704 0.010677604166666667 0.023066666666666666
0 0.6765354166666667 0.47658333333333336 0.0103625 0.017981481481481484
0 0.6969096354166666 0.4045212962962963 0.0052776041666666666 0.022005555555555553
0 0.80226875 0.5022587962962962 0.011829166666666667 0.03785092592592593
0 0.6914752604166666 0.5784949074074074 0.013158854166666668 0.029212037037037036
0 0.7937828125 0.2180763888888889 0.015690625 0.032449074074074075
0 0.8345921875 0.21790833333333334 0.017101041666666667 0.02840925925925926
0 0.7916893229166667 0.13272175925925925 0.0094203125 0.015443518518518518
0 0.7917263020833333 0.1304773148148148 0.0167859375 0.027621296296296297
0 0.7862635416666667 0.3045412037037037 0.008985416666666666 0.016489814814814815
0 0.9779354166666666 0.18541203703703704 0.04232916666666667 0.1504537037037037
0 0.766921875 0.3803949074074074 0.01509375 0.031160185185185183
0 0.49973958333333335 0.5370370370370371 0.9994791666666667 0.924074074074074
1 0.5002604166666667 0.5370370370370371 0.9994791666666667 0.9259259259259259
0 0.029427083333333333 0.26990740740740743 0.0067708333333333336 0.023148148148148147
0 0.2109375 0.274537037037037 0.014583333333333334 0.04722222222222222
0 0.11328125 0.5546296296296296 0.0171875 0.016666666666666666
0 0.16328125 0.42777777777777776 0.005729166666666666 0.009259259259259259
0 0.171875 0.4027777777777778 0.0125 0.022222222222222223
0 0.05703125 0.7412037037037037 0.008854166666666666 0.013888888888888888
0 0.0828125 0.7282407407407407 0.007291666666666667 0.017592592592592594
0 0.08541666666666667 0.9106481481481481 0.0125 0.028703703703703703
0 0.44244791666666666 0.5143518518518518 0.0171875 0.05277777777777778
0 0.40963541666666664 0.23287037037037037 0.04114583333333333 0.0824074074074074
0 0.5411458333333333 0.3148148148148148 0.0125 0.022222222222222223
0 0.5213541666666667 0.24814814814814815 0.016666666666666666 0.037037037037037035
0 0.69140625 0.2361111111111111 0.0265625 0.027777777777777776
0 0.4671875 0.6625 0.0125 0.019444444444444445
0 0.60390625 0.7319444444444444 0.0296875 0.026851851851851852
0 0.2 0.7800925925925926 0.016666666666666666 0.03425925925925926
0 0.4984375 0.8550925925925926 0.008333333333333333 0.012037037037037037
0 0.6895833333333333 0.7768518518518519 0.010416666666666666 0.024074074074074074
0 0.6731770833333334 0.5666666666666667 0.008854166666666666 0.020370370370370372
0 0.6877604166666667 0.6435185185185185 0.0046875 0.022222222222222223
0 0.8002604166666667 0.5726851851851852 0.0109375 0.03796296296296296
0 0.6950520833333333 0.4699074074074074 0.011979166666666667 0.030555555555555555
0 0.7692708333333333 0.8523148148148149 0.015625 0.030555555555555555
0 0.809375 0.862037037037037 0.017708333333333333 0.027777777777777776
0 0.76015625 0.9361111111111111 0.008854166666666666 0.014814814814814815
0 0.7596354166666667 0.9365740740740741 0.016145833333333335 0.026851851851851852
0 0.7682291666666666 0.7643518518518518 0.009375 0.01574074074074074
0 0.9471354166666667 0.9287037037037037 0.050520833333333334 0.14074074074074075
0 0.7549479166666667 0.6837962962962963 0.015104166666666667 0.030555555555555555
0 0.5 0.4601050925925926 1.0 0.9202101851851852
1 0.5 0.4606925925925926 1.0 0.9213851851851852
0 0.9799791666666666 0.6559342592592593 0.005791666666666666 0.02297962962962963
0 0.7990453125 0.6793592592592592 0.01579895833333333 0.047607407407407404
0 0.88265546875 0.38587546296296293 0.017394270833333333 0.014343518518518518
0 0.8391078125 0.5204333333333333 0.0052989583333333335 0.009385185185185184
0 0.83167890625 0.5457699074074074 0.012316145833333332 0.021169444444444446
0 0.9295463541666666 0.19137916666666668 0.009092708333333333 0.014239814814814815
0 0.90426640625 0.20767546296296296 0.007491145833333333 0.01720277777777778
0 0.89309296875 0.02689722222222222 0.013269270833333334 0.027868518518518518
0 0.55671875 0.4762884259259259 0.01864583333333333 0.052576851851851854
0 0.6031744791666667 0.7520412037037038 0.043848958333333334 0.0855638888888889
0 0.46788880208333333 0.6911805555555556 0.0128609375 0.021249999999999998
0 0.49136380208333336 0.7541555555555556 0.017102604166666667 0.036088888888888886
0 0.32210651041666666 0.7937884259259259 0.025463020833333336 0.028317592592592592
0 0.524771875 0.3326717592592593 0.012043749999999999 0.019047222222222222
0 0.3855296875 0.2841106481481481 0.029392708333333333 0.029332407407407408
0 0.7852953125000001 0.17431064814814817 0.017465625 0.033806481481481486
0 0.48383828125 0.14601203703703705 0.0083015625 0.012394444444444444
0 0.2974895833333333 0.2543416666666667 0.010604166666666666 0.02349814814814815
0 0.32418046875 0.4603865740740741 0.009819270833333334 0.018921296296296294
0 0.3060713541666667 0.3860689814814815 0.004851041666666667 0.022137962962962963
0 0.1982729166666667 0.47454537037037037 0.011129166666666666 0.03797962962962963
0 0.30679557291666665 0.5600884259259259 0.012549479166666665 0.02943611111111111
0 0.21462161458333334 0.19090555555555555 0.0157015625 0.03181111111111111
0 0.17378854166666666 0.18726666666666666 0.01736875 0.028237037037037036
0 0.21971875000000002 0.10576944444444444 0.009229166666666667 0.015242592592592592
0 0.21975026041666668 0.10443842592592592 0.01658385416666667 0.02739537037037037
0 0.21966041666666666 0.27849305555555554 0.009112499999999999 0.016245370370370372
0 0.032453125 0.1420912037037037 0.04511458333333333 0.14714537037037037
0 0.23669010416666666 0.3562430555555556 0.015046875 0.03100462962962963
0 0.5 0.4650685185185185 1.0 0.930137037037037
1 0.5 0.4657875 1.0 0.931575
0 0.015994270833333334 0.6114541666666666 0.005946875 0.022908333333333333
0 0.19573541666666666 0.6516101851851852 0.016470833333333334 0.04766481481481482
0 0.12129583333333334 0.3501449074074074 0.01759166666666667 0.013252777777777778
0 0.16091223958333334 0.4890939814814815 0.0051578125 0.009669444444444444
0 0.16701796875000002 0.5148592592592592 0.0121609375 0.02045925925925926
0 0.08012239583333333 0.1516435185185185 0.009203125000000001 0.01439814814814815
0 0.10483333333333333 0.17048981481481482 0.007583333333333333 0.016905555555555556
0 0.44373723958333333 0.47150231481481486 0.019766145833333335 0.05226388888888889
0 0.3898434895833333 0.7417212962962962 0.04531197916666666 0.08714629629629629
0 0.52630703125 0.6945537037037037 0.013030729166666666 0.02058888888888889
0 0.50083828125 0.7547310185185185 0.0173015625 0.03538796296296296
0 0.6686046875 0.8105652777777778 0.024709375 0.028537962962962963
0 0.48037005208333333 0.33091666666666664 0.011781770833333333 0.019240740740740742
0 0.6202835937500001 0.2952939814814815 0.029108854166666667 0.031328703703703706
0 0.22508671875 0.14818657407407407 0.01788177083333333 0.03341018518518518
0 0.526521875 0.14794861111111113 0.008252083333333333 0.01256388888888889
0 0.7095054687500001 0.2735703703703704 0.010677604166666667 0.023066666666666666
0 0.6765354166666667 0.47658333333333336 0.0103625 0.017981481481481484
0 0.6969096354166666 0.4045212962962963 0.0052776041666666666 0.022005555555555553
0 0.80226875 0.5022587962962962 0.011829166666666667 0.03785092592592593
0 0.6914752604166666 0.5784949074074074 0.013158854166666668 0.029212037037037036
0 0.7937828125 0.2180763888888889 0.015690625 0.032449074074074075
0 0.8345921875 0.21790833333333334 0.017101041666666667 0.02840925925925926
0 0.7916893229166667 0.13272175925925925 0.0094203125 0.015443518518518518
0 0.7917263020833333 0.1304773148148148 0.0167859375 0.027621296296296297
0 0.7862635416666667 0.3045412037037037 0.008985416666666666 0.016489814814814815
0 0.9779354166666666 0.18541203703703704 0.04232916666666667 0.1504537037037037
0 0.766921875 0.3803949074074074 0.01509375 0.031160185185185183
0 0.49973958333333335 0.5370370370370371 0.9994791666666667 0.924074074074074
1 0.5002604166666667 0.5370370370370371 0.9994791666666667 0.9259259259259259
0 0.029427083333333333 0.26990740740740743 0.0067708333333333336 0.023148148148148147
0 0.2109375 0.274537037037037 0.014583333333333334 0.04722222222222222
0 0.11328125 0.5546296296296296 0.0171875 0.016666666666666666
0 0.16328125 0.42777777777777776 0.005729166666666666 0.009259259259259259
0 0.171875 0.4027777777777778 0.0125 0.022222222222222223
0 0.05703125 0.7412037037037037 0.008854166666666666 0.013888888888888888
0 0.0828125 0.7282407407407407 0.007291666666666667 0.017592592592592594
0 0.08541666666666667 0.9106481481481481 0.0125 0.028703703703703703
0 0.44244791666666666 0.5143518518518518 0.0171875 0.05277777777777778
0 0.40963541666666664 0.23287037037037037 0.04114583333333333 0.0824074074074074
0 0.5411458333333333 0.3148148148148148 0.0125 0.022222222222222223
0 0.5213541666666667 0.24814814814814815 0.016666666666666666 0.037037037037037035
0 0.69140625 0.2361111111111111 0.0265625 0.027777777777777776
0 0.4671875 0.6625 0.0125 0.019444444444444445
0 0.60390625 0.7319444444444444 0.0296875 0.026851851851851852
0 0.2 0.7800925925925926 0.016666666666666666 0.03425925925925926
0 0.4984375 0.8550925925925926 0.008333333333333333 0.012037037037037037
0 0.6895833333333333 0.7768518518518519 0.010416666666666666 0.024074074074074074
0 0.6731770833333334 0.5666666666666667 0.008854166666666666 0.020370370370370372
0 0.6877604166666667 0.6435185185185185 0.0046875 0.022222222222222223
0 0.8002604166666667 0.5726851851851852 0.0109375 0.03796296296296296
0 0.6950520833333333 0.4699074074074074 0.011979166666666667 0.030555555555555555
0 0.7692708333333333 0.8523148148148149 0.015625 0.030555555555555555
0 0.809375 0.862037037037037 0.017708333333333333 0.027777777777777776
0 0.76015625 0.9361111111111111 0.008854166666666666 0.014814814814814815
0 0.7596354166666667 0.9365740740740741 0.016145833333333335 0.026851851851851852
0 0.7682291666666666 0.7643518518518518 0.009375 0.01574074074074074
0 0.9471354166666667 0.9287037037037037 0.050520833333333334 0.14074074074074075
0 0.7549479166666667 0.6837962962962963 0.015104166666666667 0.030555555555555555
