1 0.50508828125 0.42259074074074077 0.9893432291666666 0.8451814814814815
0 0.8057593749999999 0.4222722222222222 0.018810416666666666 0.03528518518518518
0 0.6577989583333334 0.5264893518518519 0.039556249999999994 0.06038611111111111
0 0.78139765625 0.3572782407407407 0.0159203125 0.020112037037037036
0 0.7641343749999999 0.35485092592592593 0.013685416666666667 0.01710925925925926
0 0.8675078125 0.017559722222222223 0.013140625 0.029563888888888886
0 0.260046875 0.22455324074074073 0.02009375 0.03799537037037037
0 0.2691091145833333 0.08913888888888888 0.0090515625 0.015314814814814814
0 0.18534192708333333 0.5974444444444444 0.021725520833333335 0.02637037037037037
0 0.17404713541666667 0.6356921296296296 0.007469270833333333 0.01027314814814815
0 0.17139427083333333 0.6461592592592592 0.005288541666666666 0.005281481481481482
0 0.16808437499999998 0.6193708333333333 0.0028354166666666666 0.009112037037037037
0 0.2559325520833333 0.39393842592592593 0.005615104166666667 0.01565462962962963
0 0.19392057291666667 0.48815925925925924 0.0076328125 0.01705925925925926
0 0.24058828125 0.3952731481481481 0.008259895833333333 0.009064814814814814
0 0.8587778645833333 0.06248981481481482 0.012347395833333333 0.030535185185185186
0 0.7363731770833333 0.21683842592592592 0.030038020833333335 0.07997314814814814
0 0.8585619791666667 0.6937777777777777 0.006707291666666667 0.020888888888888887
0 0.71948984375 0.7712055555555556 0.015021354166666667 0.02389259259259259
0 0.7770013020833333 0.2974032407407407 0.005044270833333334 0.02258425925925926
1 0.49270833333333336 0.5837962962962963 0.9854166666666667 0.8305555555555556
0 0.19140625 0.5203703703703704 0.019270833333333334 0.037037037037037035
0 0.3450520833333333 0.4444444444444444 0.0390625 0.05925925925925926
0 0.21197916666666666 0.5893518518518519 0.015625 0.019444444444444445
0 0.22864583333333333 0.5953703703703703 0.013541666666666667 0.018518518518518517
0 0.10625 0.9120370370370371 0.013541666666666667 0.02962962962962963
0 0.7221354166666667 0.8185185185185185 0.021354166666666667 0.037037037037037035
0 0.7052083333333333 0.9518518518518518 0.009375 0.014814814814814815
0 0.8192708333333333 0.46111111111111114 0.020833333333333332 0.02962962962962963
0 0.8317708333333333 0.42592592592592593 0.007291666666666667 0.009259259259259259
0 0.8354166666666667 0.4162037037037037 0.005208333333333333 0.004629629629629629
0 0.8369791666666667 0.4425925925925926 0.003125 0.009259259259259259
0 0.73671875 0.6504629629629629 0.005729166666666666 0.01574074074074074
0 0.8036458333333333 0.5685185185185185 0.007291666666666667 0.016666666666666666
0 0.7518229166666667 0.6523148148148148 0.0078125 0.010185185185185186
0 0.11770833333333333 0.8685185185185185 0.011458333333333333 0.03148148148148148
0 0.2484375 0.7379629629629629 0.027083333333333334 0.08333333333333333
0 0.15520833333333334 0.24027777777777778 0.007291666666666667 0.021296296296296296
0 0.29765625 0.18935185185185185 0.015104166666666667 0.023148148148148147
0 0.21223958333333334 0.65 0.005729166666666666 0.022222222222222223
1 0.5082247395833334 0.5789680555555555 0.9831161458333334 0.8412694444444445
0 0.80882578125 0.4911032407407407 0.01973489583333333 0.03776203703703704
0 0.6527833333333334 0.4303453703703704 0.038900000000000004 0.058838888888888885
0 0.7900799479166667 0.5626564814814815 0.0155765625 0.019757407407407408
0 0.7738945312500001 0.5697953703703704 0.013414062499999999 0.01922037037037037
0 0.9052807291666666 0.8742717592592593 0.013686458333333333 0.030025
0 0.2875111979166666 0.8385726851851852 0.021897395833333333 0.03640462962962963
0 0.30839505208333334 0.9702148148148149 0.0094984375 0.014503703703703703
0 0.17996223958333332 0.49056990740740747 0.020341145833333334 0.031139814814814815
0 0.16660703124999998 0.4572074074074074 0.007172395833333334 0.00885925925925926
0 0.16246927083333332 0.4475125 0.0051468749999999995 0.004284259259259259
0 0.16152421875 0.4740921296296296 0.0032567708333333333 0.00929537037037037
0 0.26804661458333334 0.6718939814814815 0.005884895833333333 0.016010185185185186
0 0.1988578125 0.5963333333333333 0.007090625000000001 0.01674074074074074
0 0.25325729166666666 0.6757226851851852 0.00755625 0.01070462962962963
0 0.8924822916666667 0.8325796296296296 0.01100625 0.031825925925925924
0 0.7580588541666666 0.7145587962962964 0.025492708333333332 0.08467314814814815
0 0.8367122395833333 0.20885416666666667 0.007799479166666666 0.02141203703703704
0 0.693121875 0.17059953703703704 0.015410416666666668 0.022680555555555558
0 0.7920867187499999 0.6231087962962962 0.0060484375 0.022143518518518517
1 0.50508828125 0.42259074074074077 0.9893432291666666 0.8451814814814815
0 0.8057593749999999 0.4222722222222222 0.018810416666666666 0.03528518518518518
0 0.6577989583333334 0.5264893518518519 0.039556249999999994 0.06038611111111111
0 0.78139765625 0.3572782407407407 0.0159203125 0.020112037037037036
0 0.7641343749999999 0.35485092592592593 0.013685416666666667 0.01710925925925926
0 0.8675078125 0.017559722222222223 0.013140625 0.029563888888888886
0 0.260046875 0.22455324074074073 0.02009375 0.03799537037037037
0 0.2691091145833333 0.08913888888888888 0.0090515625 0.015314814814814814
0 0.18534192708333333 0.5974444444444444 0.021725520833333335 0.02637037037037037
0 0.17404713541666667 0.6356921296296296 0.007469270833333333 0.01027314814814815
0 0.17139427083333333 0.6461592592592592 0.005288541666666666 0.005281481481481482
0 0.16808437499999998 0.6193708333333333 0.0028354166666666666 0.009112037037037037
0 0.2559325520833333 0.39393842592592593 0.005615104166666667 0.01565462962962963
0 0.19392057291666667 0.48815925925925924 0.0076328125 0.01705925925925926
0 0.24058828125 0.3952731481481481 0.008259895833333333 0.009064814814814814
0 0.8587778645833333 0.06248981481481482 0.012347395833333333 0.030535185185185186
0 0.7363731770833333 0.21683842592592592 0.030038020833333335 0.07997314814814814
0 0.8585619791666667 0.6937777777777777 0.006707291666666667 0.020888888888888887
0 0.71948984375 0.7712055555555556 0.015021354166666667 0.02389259259259259
0 0.7770013020833333 0.2974032407407407 0.005044270833333334 0.02258425925925926
1 0.49270833333333336 0.5837962962962963 0.9854166666666667 0.8305555555555556
0 0.19140625 0.5203703703703704 0.019270833333333334 0.037037037037037035
0 0.3450520833333333 0.4444444444444444 0.0390625 0.05925925925925926
0 0.21197916666666666 0.5893518518518519 0.015625 0.019444444444444445
0 0.22864583333333333 0.5953703703703703 0.013541666666666667 0.018518518518518517
0 0.10625 0.9120370370370371 0.013541666666666667 0.02962962962962963
0 0.7221354166666667 0.8185185185185185 0.021354166666666667 0.037037037037037035
0 0.7052083333333333 0.9518518518518518 0.009375 0.014814814814814815
0 0.8192708333333333 0.46111111111111114 0.020833333333333332 0.02962962962962963
0 0.8317708333333333 0.42592592592592593 0.007291666666666667 0.009259259259259259
0 0.8354166666666667 0.4162037037037037 0.005208333333333333 0.004629629629629629
0 0.8369791666666667 0.4425925925925926 0.003125 0.009259259259259259
0 0.73671875 0.6504629629629629 0.005729166666666666 0.01574074074074074
0 0.8036458333333333 0.5685185185185185 0.007291666666666667 0.016666666666666666
0 0.7518229166666667 0.6523148148148148 0.0078125 0.010185185185185186
0 0.11770833333333333 0.8685185185185185 0.011458333333333333 0.03148148148148148
0 0.2484375 0.7379629629629629 0.027083333333333334 0.08333333333333333
0 0.15520833333333334 0.24027777777777778 0.007291666666666667 0.021296296296296296
0 0.29765625 0.18935185185185185 0.015104166666666667 0.023148148148148147
0 0.21223958333333334 0.65 0.005729166666666666 0.022222222222222223
1 0.5082247395833334 0.5789680555555555 0.9831161458333334 0.8412694444444445
0 0.80882578125 0.4911032407407407 0.01973489583333333 0.03776203703703704
0 0.6527833333333334 0.4303453703703704 0.038900000000000004 0.058838888888888885
0 0.7900799479166667 0.5626564814814815 0.0155765625 0.019757407407407408
0 0.7738945312500001 0.5697953703703704 0.013414062499999999 0.01922037037037037
0 0.9052807291666666 0.8742717592592593 0.013686458333333333 0.030025
0 0.2875111979166666 0.8385726851851852 0.021897395833333333 0.03640462962962963
0 0.30839505208333334 0.9702148148148149 0.0094984375 0.014503703703703703
0 0.17996223958333332 0.49056990740740747 0.020341145833333334 0.031139814814814815
0 0.16660703124999998 0.4572074074074074 0.007172395833333334 0.00885925925925926
0 0.16246927083333332 0.4475125 0.0051468749999999995 0.004284259259259259
0 0.16152421875 0.4740921296296296 0.0032567708333333333 0.00929537037037037
0 0.26804661458333334 0.6718939814814815 0.005884895833333333 0.016010185185185186
0 0.1988578125 0.5963333333333333 0.007090625000000001 0.01674074074074074
0 0.25325729166666666 0.6757226851851852 0.00755625 0.01070462962962963
0 0.8924822916666667 0.8325796296296296 0.01100625 0.031825925925925924
0 0.7580588541666666 0.7145587962962964 0.025492708333333332 0.08467314814814815
0 0.8367122395833333 0.20885416666666667 0.007799479166666666 0.02141203703703704
0 0.693121875 0.17059953703703704 0.015410416666666668 0.022680555555555558
0 0.7920867187499999 0.6231087962962962 0.0060484375 0.022143518518518517
1 0.50508828125 0.42259074074074077 0.9893432291666666 0.8451814814814815
0 0.8057593749999999 0.4222722222222222 0.018810416666666666 0.03528518518518518
0 0.6577989583333334 0.5264893518518519 0.039556249999999994 0.06038611111111111
0 0.78139765625 0.3572782407407407 0.0159203125 0.020112037037037036
0 0.7641343749999999 0.35485092592592593 0.013685416666666667 0.01710925925925926
0 0.8675078125 0.017559722222222223 0.013140625 0.029563888888888886
0 0.260046875 0.22455324074074073 0.02009375 0.03799537037037037
0 0.2691091145833333 0.08913888888888888 0.0090515625 0.015314814814814814
0 0.18534192708333333 0.5974444444444444 0.021725520833333335 0.02637037037037037
0 0.17404713541666667 0.6356921296296296 0.007469270833333333 0.01027314814814815
0 0.17139427083333333 0.6461592592592592 0.005288541666666666 0.005281481481481482
0 0.16808437499999998 0.6193708333333333 0.0028354166666666666 0.009112037037037037
0 0.2559325520833333 0.39393842592592593 0.005615104166666667 0.01565462962962963
0 0.19392057291666667 0.48815925925925924 0.0076328125 0.01705925925925926
0 0.24058828125 0.3952731481481481 0.008259895833333333 0.009064814814814814
0 0.8587778645833333 0.06248981481481482 0.012347395833333333 0.030535185185185186
0 0.7363731770833333 0.21683842592592592 0.030038020833333335 0.07997314814814814
0 0.8585619791666667 0.6937777777777777 0.006707291666666667 0.020888888888888887
0 0.71948984375 0.7712055555555556 0.015021354166666667 0.02389259259259259
0 0.7770013020833333 0.2974032407407407 0.005044270833333334 0.02258425925925926
1 0.49270833333333336 0.5837962962962963 0.9854166666666667 0.8305555555555556
0 0.19140625 0.5203703703703704 0.019270833333333334 0.037037037037037035
0 0.3450520833333333 0.4444444444444444 0.0390625 0.05925925925925926
0 0.21197916666666666 0.5893518518518519 0.015625 0.019444444444444445
0 0.22864583333333333 0.5953703703703703 0.013541666666666667 0.018518518518518517
0 0.10625 0.9120370370370371 0.013541666666666667 0.02962962962962963
0 0.7221354166666667 0.8185185185185185 0.021354166666666667 0.037037037037037035
0 0.7052083333333333 0.9518518518518518 0.009375 0.014814814814814815
0 0.8192708333333333 0.46111111111111114 0.020833333333333332 0.02962962962962963
0 0.8317708333333333 0.42592592592592593 0.007291666666666667 0.009259259259259259
0 0.8354166666666667 0.4162037037037037 0.005208333333333333 0.004629629629629629
0 0.8369791666666667 0.4425925925925926 0.003125 0.009259259259259259
0 0.73671875 0.6504629629629629 0.005729166666666666 0.01574074074074074
0 0.8036458333333333 0.5685185185185185 0.007291666666666667 0.016666666666666666
0 0.7518229166666667 0.6523148148148148 0.0078125 0.010185185185185186
0 0.11770833333333333 0.8685185185185185 0.011458333333333333 0.03148148148148148
0 0.2484375 0.7379629629629629 0.027083333333333334 0.08333333333333333
0 0.15520833333333334 0.24027777777777778 0.007291666666666667 0.021296296296296296
0 0.29765625 0.18935185185185185 0.015104166666666667 0.023148148148148147
0 0.21223958333333334 0.65 0.005729166666666666 0.022222222222222223
1 0.5082247395833334 0.5789680555555555 0.9831161458333334 0.8412694444444445
0 0.80882578125 0.4911032407407407 0.01973489583333333 0.03776203703703704
0 0.6527833333333334 0.4303453703703704 0.038900000000000004 0.058838888888888885
0 0.7900799479166667 0.5626564814814815 0.0155765625 0.019757407407407408
0 0.7738945312500001 0.5697953703703704 0.013414062499999999 0.01922037037037037
0 0.9052807291666666 0.8742717592592593 0.013686458333333333 0.030025
0 0.2875111979166666 0.8385726851851852 0.021897395833333333 0.03640462962962963
0 0.30839505208333334 0.9702148148148149 0.0094984375 0.014503703703703703
0 0.17996223958333332 0.49056990740740747 0.020341145833333334 0.031139814814814815
0 0.16660703124999998 0.4572074074074074 0.007172395833333334 0.00885925925925926
0 0.16246927083333332 0.4475125 0.0051468749999999995 0.004284259259259259
0 0.16152421875 0.4740921296296296 0.0032567708333333333 0.00929537037037037
0 0.26804661458333334 0.6718939814814815 0.005884895833333333 0.016010185185185186
0 0.1988578125 0.5963333333333333 0.007090625000000001 0.01674074074074074
0 0.25325729166666666 0.6757226851851852 0.00755625 0.01070462962962963
0 0.8924822916666667 0.8325796296296296 0.01100625 0.031825925925925924
0 0.7580588541666666 0.7145587962962964 0.025492708333333332 0.08467314814814815
0 0.8367122395833333 0.20885416666666667 0.007799479166666666 0.02141203703703704
0 0.693121875 0.17059953703703704 0.015410416666666668 0.022680555555555558
0 0.7920867187499999 0.6231087962962962 0.0060484375 0.022143518518518517
