1 0.5215901041666666 0.5824856481481481 0.9567218749999999 0.8353416666666666
0 0.5379059895833334 0.21675277777777777 0.014353645833333335 0.03906111111111111
0 0.49692369791666663 0.4278240740740741 0.0167640625 0.031574074074074074
0 0.48640703124999995 0.6324384259259259 0.017605729166666664 0.016728703703703704
0 0.6192606770833333 0.5449532407407407 0.0124796875 0.034350925925925924
0 0.7574677083333333 0.2619287037037037 0.014935416666666666 0.044227777777777776
0 0.7140619791666667 0.29402083333333334 0.008332291666666667 0.015819444444444445
0 0.17713307291666666 0.6638879629629629 0.004266145833333334 0.011109259259259258
0 0.4414239583333333 0.8704342592592592 0.005764583333333333 0.007535185185185185
0 0.5934661458333333 0.8833481481481481 0.010890625 0.018548148148148147
0 0.5903138020833333 0.8296685185185185 0.011877604166666667 0.02044814814814815
0 0.5739578125 0.7508842592592593 0.006248958333333333 0.01473148148148148
0 0.8236794270833333 0.9736101851851852 0.004650520833333334 0.010183333333333332
0 0.9728705729166667 0.6083879629629629 0.0071994791666666665 0.02418333333333333
0 0.5367044270833333 0.2591851851851852 0.007783854166666667 0.01651851851851852
0 0.5294309895833333 0.36302685185185185 0.008861979166666667 0.011238888888888889
0 0.5409122395833333 0.3513550925925926 0.004741145833333333 0.01937685185185185
0 0.5174567708333334 0.32308287037037037 0.004705208333333334 0.009128703703703703
0 0.6474 0.425925 0.004175 0.009257407407407407
0 0.6892901041666666 0.432024537037037 0.011913541666666666 0.012197222222222222
0 0.48722578125 0.23377175925925925 0.0036182291666666667 0.0064324074074074075
0 0.88295546875 0.31173194444444446 0.03257760416666667 0.08087129629629629
1 0.5208333333333334 0.5805555555555556 0.9572916666666667 0.837037037037037
0 0.540625 0.2175925925925926 0.014583333333333334 0.03888888888888889
0 0.4973958333333333 0.42777777777777776 0.016666666666666666 0.03148148148148148
0 0.48489583333333336 0.6324074074074074 0.017708333333333333 0.016666666666666666
0 0.61875 0.5486111111111112 0.0125 0.03425925925925926
0 0.7598958333333333 0.27037037037037037 0.014583333333333334 0.044444444444444446
0 0.7161458333333334 0.300462962962963 0.008333333333333333 0.01574074074074074
0 0.17552083333333332 0.6537037037037037 0.004166666666666667 0.011111111111111112
0 0.43776041666666665 0.8685185185185185 0.005729166666666666 0.007407407407407408
0 0.58984375 0.8861111111111111 0.0109375 0.018518518518518517
0 0.5872395833333334 0.8324074074074074 0.011979166666666667 0.020370370370370372
0 0.5713541666666667 0.7527777777777778 0.00625 0.014814814814814815
0 0.8190104166666666 0.9837962962962963 0.0046875 0.010185185185185186
0 0.971875 0.6231481481481481 0.007291666666666667 0.024074074074074074
0 0.5388020833333333 0.2601851851851852 0.0078125 0.016666666666666666
0 0.5309895833333333 0.3638888888888889 0.008854166666666666 0.011111111111111112
0 0.5424479166666667 0.3523148148148148 0.0046875 0.019444444444444445
0 0.5190104166666667 0.32407407407407407 0.0046875 0.009259259259259259
0 0.6479166666666667 0.4305555555555556 0.004166666666666667 0.009259259259259259
0 0.68984375 0.4375 0.011979166666666667 0.012037037037037037
0 0.48984375 0.2337962962962963 0.0036458333333333334 0.006481481481481481
0 0.8848958333333333 0.32407407407407407 0.03229166666666667 0.08148148148148149
1 0.5201705729166667 0.5757712962962964 0.9601328124999999 0.8478388888888889
0 0.5460559895833333 0.2201810185185185 0.015028645833333333 0.03851018518518519
0 0.49909869791666667 0.4276712962962963 0.016947395833333333 0.03126851851851852
0 0.4823861979166667 0.631411574074074 0.017897395833333333 0.01652685185185185
0 0.61772265625 0.5559111111111111 0.012528645833333333 0.03404444444444445
0 0.7642244791666666 0.2863074074074074 0.013865625 0.044837037037037036
0 0.7198617187499999 0.31426620370370373 0.008473437499999998 0.015569444444444445
0 0.1724671875 0.6333300925925925 0.004309375 0.01110462962962963
0 0.4304307291666667 0.8646833333333332 0.005653124999999999 0.007144444444444445
0 0.5820734375 0.8916287037037036 0.011021874999999999 0.01844259259259259
0 0.5805651041666666 0.8378759259259259 0.012171875 0.0201962962962963
0 0.56666484375 0.7574837962962963 0.0062463541666666665 0.014967592592592591
0 0.969359375 0.6526574074074074 0.00746875 0.02383333333333333
0 0.5435145833333334 0.26310324074074076 0.0078625 0.016947222222222225
0 0.53358203125 0.3657856481481481 0.008830729166666666 0.011200925925925925
0 0.54516875 0.35515138888888886 0.0049208333333333335 0.019562037037037038
0 0.5227002604166667 0.3251263888888889 0.004775520833333334 0.009512037037037038
0 0.6490388020833334 0.4399087962962963 0.004327604166666666 0.009447222222222221
0 0.6909453125 0.44937175925925926 0.012098958333333333 0.011706481481481483
0 0.495078125 0.2329166666666667 0.0036979166666666666 0.006574074074074073
0 0.8877200520833333 0.34872129629629633 0.03169010416666666 0.08262777777777777
1 0.5215901041666666 0.5824856481481481 0.9567218749999999 0.8353416666666666
0 0.5379059895833334 0.21675277777777777 0.014353645833333335 0.03906111111111111
0 0.49692369791666663 0.4278240740740741 0.0167640625 0.031574074074074074
0 0.48640703124999995 0.6324384259259259 0.017605729166666664 0.016728703703703704
0 0.6192606770833333 0.5449532407407407 0.0124796875 0.034350925925925924
0 0.7574677083333333 0.2619287037037037 0.014935416666666666 0.044227777777777776
0 0.7140619791666667 0.29402083333333334 0.008332291666666667 0.015819444444444445
0 0.17713307291666666 0.6638879629629629 0.004266145833333334 0.011109259259259258
0 0.4414239583333333 0.8704342592592592 0.005764583333333333 0.007535185185185185
0 0.5934661458333333 0.8833481481481481 0.010890625 0.018548148148148147
0 0.5903138020833333 0.8296685185185185 0.011877604166666667 0.02044814814814815
0 0.5739578125 0.7508842592592593 0.006248958333333333 0.01473148148148148
0 0.8236794270833333 0.9736101851851852 0.004650520833333334 0.010183333333333332
0 0.9728705729166667 0.6083879629629629 0.0071994791666666665 0.02418333333333333
0 0.5367044270833333 0.2591851851851852 0.007783854166666667 0.01651851851851852
0 0.5294309895833333 0.36302685185185185 0.008861979166666667 0.011238888888888889
0 0.5409122395833333 0.3513550925925926 0.004741145833333333 0.01937685185185185
0 0.5174567708333334 0.32308287037037037 0.004705208333333334 0.009128703703703703
0 0.6474 0.425925 0.004175 0.009257407407407407
0 0.6892901041666666 0.432024537037037 0.011913541666666666 0.012197222222222222
0 0.48722578125 0.23377175925925925 0.0036182291666666667 0.0064324074074074075
0 0.88295546875 0.31173194444444446 0.03257760416666667 0.08087129629629629
1 0.5208333333333334 0.5805555555555556 0.9572916666666667 0.837037037037037
0 0.540625 0.2175925925925926 0.014583333333333334 0.03888888888888889
0 0.4973958333333333 0.42777777777777776 0.016666666666666666 0.03148148148148148
0 0.48489583333333336 0.6324074074074074 0.017708333333333333 0.016666666666666666
0 0.61875 0.5486111111111112 0.0125 0.03425925925925926
0 0.7598958333333333 0.27037037037037037 0.014583333333333334 0.044444444444444446
0 0.7161458333333334 0.300462962962963 0.008333333333333333 0.01574074074074074
0 0.17552083333333332 0.6537037037037037 0.004166666666666667 0.011111111111111112
0 0.43776041666666665 0.8685185185185185 0.005729166666666666 0.007407407407407408
0 0.58984375 0.8861111111111111 0.0109375 0.018518518518518517
0 0.5872395833333334 0.8324074074074074 0.011979166666666667 0.020370370370370372
0 0.5713541666666667 0.7527777777777778 0.00625 0.014814814814814815
0 0.8190104166666666 0.9837962962962963 0.0046875 0.010185185185185186
0 0.971875 0.6231481481481481 0.007291666666666667 0.024074074074074074
0 0.5388020833333333 0.2601851851851852 0.0078125 0.016666666666666666
0 0.5309895833333333 0.3638888888888889 0.008854166666666666 0.011111111111111112
0 0.5424479166666667 0.3523148148148148 0.0046875 0.019444444444444445
0 0.5190104166666667 0.32407407407407407 0.0046875 0.009259259259259259
0 0.6479166666666667 0.4305555555555556 0.004166666666666667 0.009259259259259259
0 0.68984375 0.4375 0.011979166666666667 0.012037037037037037
0 0.48984375 0.2337962962962963 0.0036458333333333334 0.006481481481481481
0 0.8848958333333333 0.32407407407407407 0.03229166666666667 0.08148148148148149
1 0.5201705729166667 0.5757712962962964 0.9601328124999999 0.8478388888888889
0 0.5460559895833333 0.2201810185185185 0.015028645833333333 0.03851018518518519
0 0.49909869791666667 0.4276712962962963 0.016947395833333333 0.03126851851851852
0 0.4823861979166667 0.631411574074074 0.017897395833333333 0.01652685185185185
0 0.61772265625 0.5559111111111111 0.012528645833333333 0.03404444444444445
0 0.7642244791666666 0.2863074074074074 0.013865625 0.044837037037037036
0 0.7198617187499999 0.31426620370370373 0.008473437499999998 0.015569444444444445
0 0.1724671875 0.6333300925925925 0.004309375 0.01110462962962963
0 0.4304307291666667 0.8646833333333332 0.005653124999999999 0.007144444444444445
0 0.5820734375 0.8916287037037036 0.011021874999999999 0.01844259259259259
0 0.5805651041666666 0.8378759259259259 0.012171875 0.0201962962962963
0 0.56666484375 0.7574837962962963 0.0062463541666666665 0.014967592592592591
0 0.969359375 0.6526574074074074 0.00746875 0.02383333333333333
0 0.5435145833333334 0.26310324074074076 0.0078625 0.016947222222222225
0 0.53358203125 0.3657856481481481 0.008830729166666666 0.011200925925925925
0 0.54516875 0.35515138888888886 0.0049208333333333335 0.019562037037037038
0 0.5227002604166667 0.3251263888888889 0.004775520833333334 0.009512037037037038
0 0.6490388020833334 0.4399087962962963 0.004327604166666666 0.009447222222222221
0 0.6909453125 0.44937175925925926 0.012098958333333333 0.011706481481481483
0 0.495078125 0.2329166666666667 0.0036979166666666666 0.006574074074074073
0 0.8877200520833333 0.34872129629629633 0.03169010416666666 0.08262777777777777
1 0.5215901041666666 0.5824856481481481 0.9567218749999999 0.8353416666666666
0 0.5379059895833334 0.21675277777777777 0.014353645833333335 0.03906111111111111
0 0.49692369791666663 0.4278240740740741 0.0167640625 0.031574074074074074
0 0.48640703124999995 0.6324384259259259 0.017605729166666664 0.016728703703703704
0 0.6192606770833333 0.5449532407407407 0.0124796875 0.034350925925925924
0 0.7574677083333333 0.2619287037037037 0.014935416666666666 0.044227777777777776
0 0.7140619791666667 0.29402083333333334 0.008332291666666667 0.015819444444444445
0 0.17713307291666666 0.6638879629629629 0.004266145833333334 0.011109259259259258
0 0.4414239583333333 0.8704342592592592 0.005764583333333333 0.007535185185185185
0 0.5934661458333333 0.8833481481481481 0.010890625 0.018548148148148147
0 0.5903138020833333 0.8296685185185185 0.011877604166666667 0.02044814814814815
0 0.5739578125 0.7508842592592593 0.006248958333333333 0.01473148148148148
0 0.8236794270833333 0.9736101851851852 0.004650520833333334 0.010183333333333332
0 0.9728705729166667 0.6083879629629629 0.0071994791666666665 0.02418333333333333
0 0.5367044270833333 0.2591851851851852 0.007783854166666667 0.01651851851851852
0 0.5294309895833333 0.36302685185185185 0.008861979166666667 0.011238888888888889
0 0.5409122395833333 0.3513550925925926 0.004741145833333333 0.01937685185185185
0 0.5174567708333334 0.32308287037037037 0.004705208333333334 0.009128703703703703
0 0.6474 0.425925 0.004175 0.009257407407407407
0 0.6892901041666666 0.432024537037037 0.011913541666666666 0.012197222222222222
0 0.48722578125 0.23377175925925925 0.0036182291666666667 0.0064324074074074075
0 0.88295546875 0.31173194444444446 0.03257760416666667 0.08087129629629629
1 0.5208333333333334 0.5805555555555556 0.9572916666666667 0.837037037037037
0 0.540625 0.2175925925925926 0.014583333333333334 0.03888888888888889
0 0.4973958333333333 0.42777777777777776 0.016666666666666666 0.03148148148148148
0 0.48489583333333336 0.6324074074074074 0.017708333333333333 0.016666666666666666
0 0.61875 0.5486111111111112 0.0125 0.03425925925925926
0 0.7598958333333333 0.27037037037037037 0.014583333333333334 0.044444444444444446
0 0.7161458333333334 0.300462962962963 0.008333333333333333 0.01574074074074074
0 0.17552083333333332 0.6537037037037037 0.004166666666666667 0.011111111111111112
0 0.43776041666666665 0.8685185185185185 0.005729166666666666 0.007407407407407408
0 0.58984375 0.8861111111111111 0.0109375 0.018518518518518517
0 0.5872395833333334 0.8324074074074074 0.011979166666666667 0.020370370370370372
0 0.5713541666666667 0.7527777777777778 0.00625 0.014814814814814815
0 0.8190104166666666 0.9837962962962963 0.0046875 0.010185185185185186
0 0.971875 0.6231481481481481 0.007291666666666667 0.024074074074074074
0 0.5388020833333333 0.2601851851851852 0.0078125 0.016666666666666666
0 0.5309895833333333 0.3638888888888889 0.008854166666666666 0.011111111111111112
0 0.5424479166666667 0.3523148148148148 0.0046875 0.019444444444444445
0 0.5190104166666667 0.32407407407407407 0.0046875 0.009259259259259259
0 0.6479166666666667 0.4305555555555556 0.004166666666666667 0.009259259259259259
0 0.68984375 0.4375 0.011979166666666667 0.012037037037037037
0 0.48984375 0.2337962962962963 0.0036458333333333334 0.006481481481481481
0 0.8848958333333333 0.32407407407407407 0.03229166666666667 0.08148148148148149
1 0.5201705729166667 0.5757712962962964 0.9601328124999999 0.8478388888888889
0 0.5460559895833333 0.2201810185185185 0.015028645833333333 0.03851018518518519
0 0.49909869791666667 0.4276712962962963 0.016947395833333333 0.03126851851851852
0 0.4823861979166667 0.631411574074074 0.017897395833333333 0.01652685185185185
0 0.61772265625 0.5559111111111111 0.012528645833333333 0.03404444444444445
0 0.7642244791666666 0.2863074074074074 0.013865625 0.044837037037037036
0 0.7198617187499999 0.31426620370370373 0.008473437499999998 0.015569444444444445
0 0.1724671875 0.6333300925925925 0.004309375 0.01110462962962963
0 0.4304307291666667 0.8646833333333332 0.005653124999999999 0.007144444444444445
0 0.5820734375 0.8916287037037036 0.011021874999999999 0.01844259259259259
0 0.5805651041666666 0.8378759259259259 0.012171875 0.0201962962962963
0 0.56666484375 0.7574837962962963 0.0062463541666666665 0.014967592592592591
0 0.969359375 0.6526574074074074 0.00746875 0.02383333333333333
0 0.5435145833333334 0.26310324074074076 0.0078625 0.016947222222222225
0 0.53358203125 0.3657856481481481 0.008830729166666666 0.011200925925925925
0 0.54516875 0.35515138888888886 0.0049208333333333335 0.019562037037037038
0 0.5227002604166667 0.3251263888888889 0.004775520833333334 0.009512037037037038
0 0.6490388020833334 0.4399087962962963 0.004327604166666666 0.009447222222222221
0 0.6909453125 0.44937175925925926 0.012098958333333333 0.011706481481481483
0 0.495078125 0.2329166666666667 0.0036979166666666666 0.006574074074074073
0 0.8877200520833333 0.34872129629629633 0.03169010416666666 0.08262777777777777
