1 0.5265625 0.5800925925925926 0.9458333333333333 0.8379629629629629
0 0.3692708333333333 0.5611111111111111 0.014583333333333334 0.027777777777777776
0 0.38697916666666665 0.8898148148148148 0.0125 0.022222222222222223
0 0.37552083333333336 0.8106481481481481 0.019791666666666666 0.017592592592592594
0 0.44973958333333336 0.8231481481481482 0.015104166666666667 0.020370370370370372
0 0.5036458333333333 0.4875 0.007291666666666667 0.017592592592592594
0 0.59375 0.6287037037037037 0.017708333333333333 0.046296296296296294
0 0.5796875 0.5333333333333333 0.007291666666666667 0.022222222222222223
0 0.6088541666666667 0.5902777777777778 0.008333333333333333 0.017592592592592594
0 0.42135416666666664 0.20462962962962963 0.011458333333333333 0.04259259259259259
0 0.34348958333333335 0.25324074074074077 0.0036458333333333334 0.03981481481481482
0 0.8830729166666667 0.475 0.005729166666666666 0.03148148148148148
1 0.4730916666666667 0.4177625 0.9461833333333334 0.835525
0 0.6301526041666666 0.43525601851851853 0.014471875 0.027919444444444445
0 0.6089440104166666 0.10633425925925925 0.0126796875 0.021927777777777775
0 0.6214072916666668 0.18545277777777777 0.019897916666666668 0.01720185185185185
0 0.5471161458333333 0.1750550925925926 0.015065625 0.020480555555555554
0 0.49635364583333336 0.5124421296296297 0.007290624999999999 0.01747685185185185
0 0.40482708333333334 0.3740060185185185 0.0179875 0.046160185185185186
0 0.4198046875 0.4694509259259259 0.007317708333333334 0.022235185185185184
0 0.3900807291666667 0.41351342592592594 0.008286458333333333 0.017767592592592592
0 0.5812809895833334 0.792549074074074 0.0115203125 0.04250555555555555
0 0.6587526041666667 0.7421263888888888 0.003963541666666666 0.039808333333333334
0 0.11704036458333333 0.5369537037037037 0.005955729166666667 0.031314814814814816
1 0.5191005208333334 0.5502185185185186 0.962159375 0.900437037037037
0 0.3660239583333333 0.524299537037037 0.01538125 0.02637685185185185
0 0.35389244791666663 0.8539444444444444 0.010909895833333332 0.024555555555555556
0 0.34938932291666663 0.7715375 0.018570312500000002 0.02085277777777778
0 0.4216846354166667 0.8045537037037037 0.015244270833333332 0.020218518518518518
0 0.5045697916666667 0.4888245370370371 0.008097916666666666 0.018389814814814814
0 0.5811385416666667 0.6530722222222222 0.015402083333333334 0.04688518518518519
0 0.5755854166666666 0.5553462962962963 0.007420833333333333 0.021803703703703704
0 0.5996315104166666 0.6190023148148148 0.008638020833333334 0.015782407407407408
0 0.4478979166666667 0.18713703703703705 0.0124625 0.04279259259259259
0 0.367053125 0.21318101851851853 0.007022916666666667 0.039325
0 0.8807377604166666 0.582012037037037 0.005225520833333333 0.032542592592592595
1 0.5265625 0.5800925925925926 0.9458333333333333 0.8379629629629629
0 0.3692708333333333 0.5611111111111111 0.014583333333333334 0.027777777777777776
0 0.38697916666666665 0.8898148148148148 0.0125 0.022222222222222223
0 0.37552083333333336 0.8106481481481481 0.019791666666666666 0.017592592592592594
0 0.44973958333333336 0.8231481481481482 0.015104166666666667 0.020370370370370372
0 0.5036458333333333 0.4875 0.007291666666666667 0.017592592592592594
0 0.59375 0.6287037037037037 0.017708333333333333 0.046296296296296294
0 0.5796875 0.5333333333333333 0.007291666666666667 0.022222222222222223
0 0.6088541666666667 0.5902777777777778 0.008333333333333333 0.017592592592592594
0 0.42135416666666664 0.20462962962962963 0.011458333333333333 0.04259259259259259
0 0.34348958333333335 0.25324074074074077 0.0036458333333333334 0.03981481481481482
0 0.8830729166666667 0.475 0.005729166666666666 0.03148148148148148
1 0.4730916666666667 0.4177625 0.9461833333333334 0.835525
0 0.6301526041666666 0.43525601851851853 0.014471875 0.027919444444444445
0 0.6089440104166666 0.10633425925925925 0.0126796875 0.021927777777777775
0 0.6214072916666668 0.18545277777777777 0.019897916666666668 0.01720185185185185
0 0.5471161458333333 0.1750550925925926 0.015065625 0.020480555555555554
0 0.49635364583333336 0.5124421296296297 0.007290624999999999 0.01747685185185185
0 0.40482708333333334 0.3740060185185185 0.0179875 0.046160185185185186
0 0.4198046875 0.4694509259259259 0.007317708333333334 0.022235185185185184
0 0.3900807291666667 0.41351342592592594 0.008286458333333333 0.017767592592592592
0 0.5812809895833334 0.792549074074074 0.0115203125 0.04250555555555555
0 0.6587526041666667 0.7421263888888888 0.003963541666666666 0.039808333333333334
0 0.11704036458333333 0.5369537037037037 0.005955729166666667 0.031314814814814816
1 0.5191005208333334 0.5502185185185186 0.962159375 0.900437037037037
0 0.3660239583333333 0.524299537037037 0.01538125 0.02637685185185185
0 0.35389244791666663 0.8539444444444444 0.010909895833333332 0.024555555555555556
0 0.34938932291666663 0.7715375 0.018570312500000002 0.02085277777777778
0 0.4216846354166667 0.8045537037037037 0.015244270833333332 0.020218518518518518
0 0.5045697916666667 0.4888245370370371 0.008097916666666666 0.018389814814814814
0 0.5811385416666667 0.6530722222222222 0.015402083333333334 0.04688518518518519
0 0.5755854166666666 0.5553462962962963 0.007420833333333333 0.021803703703703704
0 0.5996315104166666 0.6190023148148148 0.008638020833333334 0.015782407407407408
0 0.4478979166666667 0.18713703703703705 0.0124625 0.04279259259259259
0 0.367053125 0.21318101851851853 0.007022916666666667 0.039325
0 0.8807377604166666 0.582012037037037 0.005225520833333333 0.032542592592592595
1 0.5265625 0.5800925925925926 0.9458333333333333 0.8379629629629629
0 0.3692708333333333 0.5611111111111111 0.014583333333333334 0.027777777777777776
0 0.38697916666666665 0.8898148148148148 0.0125 0.022222222222222223
0 0.37552083333333336 0.8106481481481481 0.019791666666666666 0.017592592592592594
0 0.44973958333333336 0.8231481481481482 0.015104166666666667 0.020370370370370372
0 0.5036458333333333 0.4875 0.007291666666666667 0.017592592592592594
0 0.59375 0.6287037037037037 0.017708333333333333 0.046296296296296294
0 0.5796875 0.5333333333333333 0.007291666666666667 0.022222222222222223
0 0.6088541666666667 0.5902777777777778 0.008333333333333333 0.017592592592592594
0 0.42135416666666664 0.20462962962962963 0.011458333333333333 0.04259259259259259
0 0.34348958333333335 0.25324074074074077 0.0036458333333333334 0.03981481481481482
0 0.8830729166666667 0.475 0.005729166666666666 0.03148148148148148
1 0.4730916666666667 0.4177625 0.9461833333333334 0.835525
0 0.6301526041666666 0.43525601851851853 0.014471875 0.027919444444444445
0 0.6089440104166666 0.10633425925925925 0.0126796875 0.021927777777777775
0 0.6214072916666668 0.18545277777777777 0.019897916666666668 0.01720185185185185
0 0.5471161458333333 0.1750550925925926 0.015065625 0.020480555555555554
0 0.49635364583333336 0.5124421296296297 0.007290624999999999 0.01747685185185185
0 0.40482708333333334 0.3740060185185185 0.0179875 0.046160185185185186
0 0.4198046875 0.4694509259259259 0.007317708333333334 0.022235185185185184
0 0.3900807291666667 0.41351342592592594 0.008286458333333333 0.017767592592592592
0 0.5812809895833334 0.792549074074074 0.0115203125 0.04250555555555555
0 0.6587526041666667 0.7421263888888888 0.003963541666666666 0.039808333333333334
0 0.11704036458333333 0.5369537037037037 0.005955729166666667 0.031314814814814816
1 0.5191005208333334 0.5502185185185186 0.962159375 0.900437037037037
0 0.3660239583333333 0.524299537037037 0.01538125 0.02637685185185185
0 0.35389244791666663 0.8539444444444444 0.010909895833333332 0.024555555555555556
0 0.34938932291666663 0.7715375 0.018570312500000002 0.02085277777777778
0 0.4216846354166667 0.8045537037037037 0.015244270833333332 0.020218518518518518
0 0.5045697916666667 0.4888245370370371 0.008097916666666666 0.018389814814814814
0 0.5811385416666667 0.6530722222222222 0.015402083333333334 0.04688518518518519
0 0.5755854166666666 0.5553462962962963 0.007420833333333333 0.021803703703703704
0 0.5996315104166666 0.6190023148148148 0.008638020833333334 0.015782407407407408
0 0.4478979166666667 0.18713703703703705 0.0124625 0.04279259259259259
0 0.367053125 0.21318101851851853 0.007022916666666667 0.039325
0 0.8807377604166666 0.582012037037037 0.005225520833333333 0.032542592592592595
