1 0.5213541666666667 0.5976851851851852 0.95625 0.8027777777777778
0 0.9325520833333333 0.3851851851851852 0.015104166666666667 0.025925925925925925
0 0.9677083333333333 0.41064814814814815 0.007291666666666667 0.032407407407407406
0 0.8971354166666666 0.5236111111111111 0.0078125 0.023148148148148147
0 0.42864583333333334 0.611574074074074 0.010416666666666666 0.025
0 0.4661458333333333 0.6819444444444445 0.015625 0.019444444444444445
0 0.3734375 0.8893518518518518 0.00625 0.010185185185185186
0 0.7763020833333333 0.5106481481481482 0.008854166666666666 0.019444444444444445
0 0.6666666666666666 0.9467592592592593 0.009375 0.012037037037037037
0 0.9122395833333333 0.6189814814814815 0.008854166666666666 0.021296296296296296
0 0.7 0.7916666666666666 0.005208333333333333 0.011111111111111112
0 0.60703125 0.46435185185185185 0.0109375 0.019444444444444445
0 0.5377604166666666 0.38564814814814813 0.0046875 0.012037037037037037
0 0.62421875 0.3861111111111111 0.0046875 0.005555555555555556
0 0.7244791666666667 0.5194444444444445 0.003125 0.007407407407407408
0 0.503125 0.475462962962963 0.004166666666666667 0.013888888888888888
0 0.5119791666666667 0.7555555555555555 0.005208333333333333 0.009259259259259259
0 0.9481770833333333 0.48842592592592593 0.0046875 0.03425925925925926
0 0.07109375 0.42314814814814816 0.0109375 0.007407407407407408
1 0.52350625 0.41021898148148145 0.9532624999999999 0.8204379629629629
0 0.9251182291666668 0.681149537037037 0.014819791666666667 0.025262037037037038
0 0.9612888020833333 0.6615125 0.006952604166666667 0.032284259259259256
0 0.8968838541666667 0.5375365740740741 0.007309375000000001 0.023221296296296295
0 0.4341736979166667 0.37754953703703703 0.0100140625 0.025469444444444447
0 0.47517447916666666 0.3140324074074074 0.015973958333333333 0.018805555555555555
0 0.3932171875 0.09235231481481482 0.006226041666666667 0.010630555555555556
0 0.7759804687499999 0.532149537037037 0.0082109375 0.019854629629629632
0 0.6876182291666667 0.08067268518518518 0.009611458333333333 0.01134537037037037
0 0.91681953125 0.4448263888888889 0.0086390625 0.02113425925925926
0 0.7138484374999999 0.24007592592592591 0.004780208333333333 0.011633333333333334
0 0.6048135416666667 0.5521162037037036 0.010668750000000001 0.019047222222222222
0 0.5320903645833334 0.6197231481481482 0.0048057291666666665 0.011668518518518519
0 0.6184580729166667 0.6327194444444444 0.0046244791666666665 0.00617962962962963
0 0.7243825520833334 0.5156055555555555 0.002931770833333333 0.007137037037037037
0 0.5016 0.5244300925925925 0.004241666666666667 0.013675
0 0.5246734375000001 0.24712407407407408 0.005596875 0.009062962962962964
0 0.9456234375 0.5808726851851852 0.005830208333333334 0.0339675925925926
0 0.06898958333333334 0.5098907407407408 0.010895833333333334 0.008670370370370372
1 0.51362265625 0.5718509259259259 0.9730786458333333 0.8566648148148148
0 0.9373502604166667 0.5068287037037037 0.015325520833333333 0.02662037037037037
0 0.9703171875 0.5428560185185185 0.008342708333333334 0.03200833333333333
0 0.8902846354166667 0.6335087962962963 0.008694270833333333 0.022573148148148148
0 0.41954140624999997 0.5905430555555556 0.011999479166666667 0.023678703703703705
0 0.4510997395833333 0.6700703703703704 0.014699479166666666 0.021622222222222223
0 0.34058645833333334 0.8491620370370371 0.006172916666666667 0.009435185185185185
0 0.77213046875 0.5875250000000001 0.0098859375 0.019494444444444443
0 0.6254096354166666 0.9875861111111112 0.009152604166666667 0.014061111111111111
0 0.8967229166666667 0.7318856481481482 0.009070833333333334 0.021178703703703703
0 0.6716888020833333 0.8443759259259259 0.005877604166666666 0.010974074074074074
0 0.6087302083333334 0.4941513888888889 0.011210416666666667 0.01978425925925926
0 0.54726953125 0.396975 0.004955729166666667 0.012468518518518518
0 0.6325640625 0.42138425925925926 0.004711458333333333 0.0057314814814814815
0 0.7199354166666667 0.5816532407407408 0.0034124999999999997 0.007750925925925927
0 0.50571875 0.4764481481481481 0.004145833333333333 0.014007407407407408
0 0.48938828125 0.7550069444444445 0.004818229166666666 0.010013888888888888
0 0.9435190104166666 0.6128685185185185 0.0068296875 0.034996296296296296
0 0.08300546874999999 0.3041990740740741 0.010802604166666667 0.006546296296296297
1 0.5213541666666667 0.5976851851851852 0.95625 0.8027777777777778
0 0.9325520833333333 0.3851851851851852 0.015104166666666667 0.025925925925925925
0 0.9677083333333333 0.41064814814814815 0.007291666666666667 0.032407407407407406
0 0.8971354166666666 0.5236111111111111 0.0078125 0.023148148148148147
0 0.42864583333333334 0.611574074074074 0.010416666666666666 0.025
0 0.4661458333333333 0.6819444444444445 0.015625 0.019444444444444445
0 0.3734375 0.8893518518518518 0.00625 0.010185185185185186
0 0.7763020833333333 0.5106481481481482 0.008854166666666666 0.019444444444444445
0 0.6666666666666666 0.9467592592592593 0.009375 0.012037037037037037
0 0.9122395833333333 0.6189814814814815 0.008854166666666666 0.021296296296296296
0 0.7 0.7916666666666666 0.005208333333333333 0.011111111111111112
0 0.60703125 0.46435185185185185 0.0109375 0.019444444444444445
0 0.5377604166666666 0.38564814814814813 0.0046875 0.012037037037037037
0 0.62421875 0.3861111111111111 0.0046875 0.005555555555555556
0 0.7244791666666667 0.5194444444444445 0.003125 0.007407407407407408
0 0.503125 0.475462962962963 0.004166666666666667 0.013888888888888888
0 0.5119791666666667 0.7555555555555555 0.005208333333333333 0.009259259259259259
0 0.9481770833333333 0.48842592592592593 0.0046875 0.03425925925925926
0 0.07109375 0.42314814814814816 0.0109375 0.007407407407407408
1 0.52350625 0.41021898148148145 0.9532624999999999 0.8204379629629629
0 0.9251182291666668 0.681149537037037 0.014819791666666667 0.025262037037037038
0 0.9612888020833333 0.6615125 0.006952604166666667 0.032284259259259256
0 0.8968838541666667 0.5375365740740741 0.007309375000000001 0.023221296296296295
0 0.4341736979166667 0.37754953703703703 0.0100140625 0.025469444444444447
0 0.47517447916666666 0.3140324074074074 0.015973958333333333 0.018805555555555555
0 0.3932171875 0.09235231481481482 0.006226041666666667 0.010630555555555556
0 0.7759804687499999 0.532149537037037 0.0082109375 0.019854629629629632
0 0.6876182291666667 0.08067268518518518 0.009611458333333333 0.01134537037037037
0 0.91681953125 0.4448263888888889 0.0086390625 0.02113425925925926
0 0.7138484374999999 0.24007592592592591 0.004780208333333333 0.011633333333333334
0 0.6048135416666667 0.5521162037037036 0.010668750000000001 0.019047222222222222
0 0.5320903645833334 0.6197231481481482 0.0048057291666666665 0.011668518518518519
0 0.6184580729166667 0.6327194444444444 0.0046244791666666665 0.00617962962962963
0 0.7243825520833334 0.5156055555555555 0.002931770833333333 0.007137037037037037
0 0.5016 0.5244300925925925 0.004241666666666667 0.013675
0 0.5246734375000001 0.24712407407407408 0.005596875 0.009062962962962964
0 0.9456234375 0.5808726851851852 0.005830208333333334 0.0339675925925926
0 0.06898958333333334 0.5098907407407408 0.010895833333333334 0.008670370370370372
1 0.51362265625 0.5718509259259259 0.9730786458333333 0.8566648148148148
0 0.9373502604166667 0.5068287037037037 0.015325520833333333 0.02662037037037037
0 0.9703171875 0.5428560185185185 0.008342708333333334 0.03200833333333333
0 0.8902846354166667 0.6335087962962963 0.008694270833333333 0.022573148148148148
0 0.41954140624999997 0.5905430555555556 0.011999479166666667 0.023678703703703705
0 0.4510997395833333 0.6700703703703704 0.014699479166666666 0.021622222222222223
0 0.34058645833333334 0.8491620370370371 0.006172916666666667 0.009435185185185185
0 0.77213046875 0.5875250000000001 0.0098859375 0.019494444444444443
0 0.6254096354166666 0.9875861111111112 0.009152604166666667 0.014061111111111111
0 0.8967229166666667 0.7318856481481482 0.009070833333333334 0.021178703703703703
0 0.6716888020833333 0.8443759259259259 0.005877604166666666 0.010974074074074074
0 0.6087302083333334 0.4941513888888889 0.011210416666666667 0.01978425925925926
0 0.54726953125 0.396975 0.004955729166666667 0.012468518518518518
0 0.6325640625 0.42138425925925926 0.004711458333333333 0.0057314814814814815
0 0.7199354166666667 0.5816532407407408 0.0034124999999999997 0.007750925925925927
0 0.50571875 0.4764481481481481 0.004145833333333333 0.014007407407407408
0 0.48938828125 0.7550069444444445 0.004818229166666666 0.010013888888888888
0 0.9435190104166666 0.6128685185185185 0.0068296875 0.034996296296296296
0 0.08300546874999999 0.3041990740740741 0.010802604166666667 0.006546296296296297
1 0.5213541666666667 0.5976851851851852 0.95625 0.8027777777777778
0 0.9325520833333333 0.3851851851851852 0.015104166666666667 0.025925925925925925
0 0.9677083333333333 0.41064814814814815 0.007291666666666667 0.032407407407407406
0 0.8971354166666666 0.5236111111111111 0.0078125 0.023148148148148147
0 0.42864583333333334 0.611574074074074 0.010416666666666666 0.025
0 0.4661458333333333 0.6819444444444445 0.015625 0.019444444444444445
0 0.3734375 0.8893518518518518 0.00625 0.010185185185185186
0 0.7763020833333333 0.5106481481481482 0.008854166666666666 0.019444444444444445
0 0.6666666666666666 0.9467592592592593 0.009375 0.012037037037037037
0 0.9122395833333333 0.6189814814814815 0.008854166666666666 0.021296296296296296
0 0.7 0.7916666666666666 0.005208333333333333 0.011111111111111112
0 0.60703125 0.46435185185185185 0.0109375 0.019444444444444445
0 0.5377604166666666 0.38564814814814813 0.0046875 0.012037037037037037
0 0.62421875 0.3861111111111111 0.0046875 0.005555555555555556
0 0.7244791666666667 0.5194444444444445 0.003125 0.007407407407407408
0 0.503125 0.475462962962963 0.004166666666666667 0.013888888888888888
0 0.5119791666666667 0.7555555555555555 0.005208333333333333 0.009259259259259259
0 0.9481770833333333 0.48842592592592593 0.0046875 0.03425925925925926
0 0.07109375 0.42314814814814816 0.0109375 0.007407407407407408
1 0.52350625 0.41021898148148145 0.9532624999999999 0.8204379629629629
0 0.9251182291666668 0.681149537037037 0.014819791666666667 0.025262037037037038
0 0.9612888020833333 0.6615125 0.006952604166666667 0.032284259259259256
0 0.8968838541666667 0.5375365740740741 0.007309375000000001 0.023221296296296295
0 0.4341736979166667 0.37754953703703703 0.0100140625 0.025469444444444447
0 0.47517447916666666 0.3140324074074074 0.015973958333333333 0.018805555555555555
0 0.3932171875 0.09235231481481482 0.006226041666666667 0.010630555555555556
0 0.7759804687499999 0.532149537037037 0.0082109375 0.019854629629629632
0 0.6876182291666667 0.08067268518518518 0.009611458333333333 0.01134537037037037
0 0.91681953125 0.4448263888888889 0.0086390625 0.02113425925925926
0 0.7138484374999999 0.24007592592592591 0.004780208333333333 0.011633333333333334
0 0.6048135416666667 0.5521162037037036 0.010668750000000001 0.019047222222222222
0 0.5320903645833334 0.6197231481481482 0.0048057291666666665 0.011668518518518519
0 0.6184580729166667 0.6327194444444444 0.0046244791666666665 0.00617962962962963
0 0.7243825520833334 0.5156055555555555 0.002931770833333333 0.007137037037037037
0 0.5016 0.5244300925925925 0.004241666666666667 0.013675
0 0.5246734375000001 0.24712407407407408 0.005596875 0.009062962962962964
0 0.9456234375 0.5808726851851852 0.005830208333333334 0.0339675925925926
0 0.06898958333333334 0.5098907407407408 0.010895833333333334 0.008670370370370372
1 0.51362265625 0.5718509259259259 0.9730786458333333 0.8566648148148148
0 0.9373502604166667 0.5068287037037037 0.015325520833333333 0.02662037037037037
0 0.9703171875 0.5428560185185185 0.008342708333333334 0.03200833333333333
0 0.8902846354166667 0.6335087962962963 0.008694270833333333 0.022573148148148148
0 0.41954140624999997 0.5905430555555556 0.011999479166666667 0.023678703703703705
0 0.4510997395833333 0.6700703703703704 0.014699479166666666 0.021622222222222223
0 0.34058645833333334 0.8491620370370371 0.006172916666666667 0.009435185185185185
0 0.77213046875 0.5875250000000001 0.0098859375 0.019494444444444443
0 0.6254096354166666 0.9875861111111112 0.009152604166666667 0.014061111111111111
0 0.8967229166666667 0.7318856481481482 0.009070833333333334 0.021178703703703703
0 0.6716888020833333 0.8443759259259259 0.005877604166666666 0.010974074074074074
0 0.6087302083333334 0.4941513888888889 0.011210416666666667 0.01978425925925926
0 0.54726953125 0.396975 0.004955729166666667 0.012468518518518518
0 0.6325640625 0.42138425925925926 0.004711458333333333 0.0057314814814814815
0 0.7199354166666667 0.5816532407407408 0.0034124999999999997 0.007750925925925927
0 0.50571875 0.4764481481481481 0.004145833333333333 0.014007407407407408
0 0.48938828125 0.7550069444444445 0.004818229166666666 0.010013888888888888
0 0.9435190104166666 0.6128685185185185 0.0068296875 0.034996296296296296
0 0.08300546874999999 0.3041990740740741 0.010802604166666667 0.006546296296296297
