1 0.49973958333333335 0.525 0.9994791666666667 0.9481481481481482
1 0.8817708333333333 0.29305555555555557 0.21458333333333332 0.13425925925925927
0 0.23515625 0.6166666666666667 0.0171875 0.046296296296296294
0 0.23463541666666668 0.3773148148148148 0.011979166666666667 0.021296296296296296
0 0.39453125 0.2875 0.0203125 0.04351851851851852
0 0.41328125 0.6712962962962963 0.0359375 0.06666666666666667
0 0.37838541666666664 0.9740740740740741 0.015104166666666667 0.02962962962962963
0 0.3489583333333333 0.9254629629629629 0.026041666666666668 0.04537037037037037
0 0.73359375 0.3175925925925926 0.0140625 0.024074074074074074
0 0.140625 0.5453703703703704 0.011458333333333333 0.022222222222222223
0 0.18098958333333334 0.7578703703703704 0.018229166666666668 0.05462962962962963
0 0.86484375 0.49027777777777776 0.021354166666666667 0.03796296296296296
0 0.44583333333333336 0.7949074074074074 0.040625 0.03796296296296296
0 0.24557291666666667 0.6842592592592592 0.0109375 0.024074074074074074
0 0.4434895833333333 0.9597222222222223 0.011979166666666667 0.028703703703703703
0 0.46484375 0.9532407407407407 0.011979166666666667 0.01574074074074074
0 0.859375 0.7236111111111111 0.008333333333333333 0.019444444444444445
0 0.32760416666666664 0.6555555555555556 0.011458333333333333 0.027777777777777776
1 0.5 0.5 1.0 1.0
1 0.10804140625 0.6375902777777778 0.21504114583333334 0.11406944444444443
0 0.7705838541666666 0.43310324074074075 0.016167708333333333 0.04768796296296296
0 0.7566989583333333 0.6709120370370371 0.011314583333333333 0.021453703703703704
0 0.5926028645833333 0.7318314814814815 0.022705729166666667 0.04144074074074074
0 0.5956921875 0.3464523148148148 0.036176041666666665 0.06697870370370371
0 0.648809375 0.051861111111111115 0.014285416666666667 0.0315
0 0.6750177083333334 0.10456805555555555 0.023993749999999998 0.048025
0 0.25727812499999997 0.6374064814814815 0.01455625 0.02481296296296296
0 0.8604257812499999 0.5217740740740741 0.0114765625 0.021325925925925925
0 0.8322335937500001 0.3031564814814815 0.016550520833333335 0.05631296296296296
0 0.1367859375 0.44228472222222226 0.020446875 0.040125
0 0.5712736979166666 0.2166675925925926 0.03942239583333333 0.04259444444444445
0 0.76334609375 0.3643134259259259 0.011067187499999999 0.023071296296296298
0 0.5834755208333333 0.053065277777777774 0.012784374999999999 0.028352777777777775
0 0.5616859375 0.05558842592592592 0.011913541666666666 0.014880555555555557
0 0.15559375 0.21123055555555556 0.009104166666666667 0.018757407407407407
0 0.6813135416666667 0.37784675925925926 0.011585416666666666 0.02791574074074074
1 0.5 0.4673013888888889 1.0 0.9346027777777778
1 0.13856197916666665 0.7960939814814816 0.21045729166666666 0.15885462962962962
0 0.753234375 0.3181643518518519 0.01896875 0.04558796296296296
0 0.7724757812499999 0.5555046296296297 0.012659895833333332 0.02212037037037037
0 0.6209223958333333 0.683787037037037 0.016844791666666668 0.0472037037037037
0 0.5733013020833333 0.3082023148148148 0.03514427083333334 0.06640462962962963
0 0.5842908854166667 0.007255555555555556 0.015456770833333333 0.014511111111111112
0 0.6162458333333334 0.041827777777777776 0.028325 0.04106296296296296
0 0.28214401041666665 0.7388782407407408 0.014288020833333333 0.024052777777777777
0 0.85199140625 0.36614814814814817 0.011274479166666665 0.023037037037037036
0 0.7957067708333334 0.16503564814814814 0.020580208333333336 0.05229351851851852
0 0.13915182291666667 0.6004310185185185 0.023095312500000003 0.03604722222222222
0 0.5302104166666667 0.1942787037037037 0.04167083333333333 0.031150000000000004
0 0.7372091145833333 0.2550925925925926 0.011918229166666666 0.025
0 0.5202111979166667 0.030186574074074074 0.012297395833333334 0.03074351851851852
0 0.49916041666666666 0.04256851851851852 0.0118625 0.01661851851851852
0 0.1267125 0.36742175925925924 0.007591666666666667 0.020028703703703705
0 0.6578291666666666 0.30337546296296297 0.011491666666666667 0.027121296296296296
1 0.49973958333333335 0.525 0.9994791666666667 0.9481481481481482
1 0.8817708333333333 0.29305555555555557 0.21458333333333332 0.13425925925925927
0 0.23515625 0.6166666666666667 0.0171875 0.046296296296296294
0 0.23463541666666668 0.3773148148148148 0.011979166666666667 0.021296296296296296
0 0.39453125 0.2875 0.0203125 0.04351851851851852
0 0.41328125 0.6712962962962963 0.0359375 0.06666666666666667
0 0.37838541666666664 0.9740740740740741 0.015104166666666667 0.02962962962962963
0 0.3489583333333333 0.9254629629629629 0.026041666666666668 0.04537037037037037
0 0.73359375 0.3175925925925926 0.0140625 0.024074074074074074
0 0.140625 0.5453703703703704 0.011458333333333333 0.022222222222222223
0 0.18098958333333334 0.7578703703703704 0.018229166666666668 0.05462962962962963
0 0.86484375 0.49027777777777776 0.021354166666666667 0.03796296296296296
0 0.44583333333333336 0.7949074074074074 0.040625 0.03796296296296296
0 0.24557291666666667 0.6842592592592592 0.0109375 0.024074074074074074
0 0.4434895833333333 0.9597222222222223 0.011979166666666667 0.028703703703703703
0 0.46484375 0.9532407407407407 0.011979166666666667 0.01574074074074074
0 0.859375 0.7236111111111111 0.008333333333333333 0.019444444444444445
0 0.32760416666666664 0.6555555555555556 0.011458333333333333 0.027777777777777776
1 0.5 0.5 1.0 1.0
1 0.10804140625 0.6375902777777778 0.21504114583333334 0.11406944444444443
0 0.7705838541666666 0.43310324074074075 0.016167708333333333 0.04768796296296296
0 0.7566989583333333 0.6709120370370371 0.011314583333333333 0.021453703703703704
0 0.5926028645833333 0.7318314814814815 0.022705729166666667 0.04144074074074074
0 0.5956921875 0.3464523148148148 0.036176041666666665 0.06697870370370371
0 0.648809375 0.051861111111111115 0.014285416666666667 0.0315
0 0.6750177083333334 0.10456805555555555 0.023993749999999998 0.048025
0 0.25727812499999997 0.6374064814814815 0.01455625 0.02481296296296296
0 0.8604257812499999 0.5217740740740741 0.0114765625 0.021325925925925925
0 0.8322335937500001 0.3031564814814815 0.016550520833333335 0.05631296296296296
0 0.1367859375 0.44228472222222226 0.020446875 0.040125
0 0.5712736979166666 0.2166675925925926 0.03942239583333333 0.04259444444444445
0 0.76334609375 0.3643134259259259 0.011067187499999999 0.023071296296296298
0 0.5834755208333333 0.053065277777777774 0.012784374999999999 0.028352777777777775
0 0.5616859375 0.05558842592592592 0.011913541666666666 0.014880555555555557
0 0.15559375 0.21123055555555556 0.009104166666666667 0.018757407407407407
0 0.6813135416666667 0.37784675925925926 0.011585416666666666 0.02791574074074074
1 0.5 0.4673013888888889 1.0 0.9346027777777778
1 0.13856197916666665 0.7960939814814816 0.21045729166666666 0.15885462962962962
0 0.753234375 0.3181643518518519 0.01896875 0.04558796296296296
0 0.7724757812499999 0.5555046296296297 0.012659895833333332 0.02212037037037037
0 0.6209223958333333 0.683787037037037 0.016844791666666668 0.0472037037037037
0 0.5733013020833333 0.3082023148148148 0.03514427083333334 0.06640462962962963
0 0.5842908854166667 0.007255555555555556 0.015456770833333333 0.014511111111111112
0 0.6162458333333334 0.041827777777777776 0.028325 0.04106296296296296
0 0.28214401041666665 0.7388782407407408 0.014288020833333333 0.024052777777777777
0 0.85199140625 0.36614814814814817 0.011274479166666665 0.023037037037037036
0 0.7957067708333334 0.16503564814814814 0.020580208333333336 0.05229351851851852
0 0.13915182291666667 0.6004310185185185 0.023095312500000003 0.03604722222222222
0 0.5302104166666667 0.1942787037037037 0.04167083333333333 0.031150000000000004
0 0.7372091145833333 0.2550925925925926 0.011918229166666666 0.025
0 0.5202111979166667 0.030186574074074074 0.012297395833333334 0.03074351851851852
0 0.49916041666666666 0.04256851851851852 0.0118625 0.01661851851851852
0 0.1267125 0.36742175925925924 0.007591666666666667 0.020028703703703705
0 0.6578291666666666 0.30337546296296297 0.011491666666666667 0.027121296296296296
1 0.49973958333333335 0.525 0.9994791666666667 0.9481481481481482
1 0.8817708333333333 0.29305555555555557 0.21458333333333332 0.13425925925925927
0 0.23515625 0.6166666666666667 0.0171875 0.046296296296296294
0 0.23463541666666668 0.3773148148148148 0.011979166666666667 0.021296296296296296
0 0.39453125 0.2875 0.0203125 0.04351851851851852
0 0.41328125 0.6712962962962963 0.0359375 0.06666666666666667
0 0.37838541666666664 0.9740740740740741 0.015104166666666667 0.02962962962962963
0 0.3489583333333333 0.9254629629629629 0.026041666666666668 0.04537037037037037
0 0.73359375 0.3175925925925926 0.0140625 0.024074074074074074
0 0.140625 0.5453703703703704 0.011458333333333333 0.022222222222222223
0 0.18098958333333334 0.7578703703703704 0.018229166666666668 0.05462962962962963
0 0.86484375 0.49027777777777776 0.021354166666666667 0.03796296296296296
0 0.44583333333333336 0.7949074074074074 0.040625 0.03796296296296296
0 0.24557291666666667 0.6842592592592592 0.0109375 0.024074074074074074
0 0.4434895833333333 0.9597222222222223 0.011979166666666667 0.028703703703703703
0 0.46484375 0.9532407407407407 0.011979166666666667 0.01574074074074074
0 0.859375 0.7236111111111111 0.008333333333333333 0.019444444444444445
0 0.32760416666666664 0.6555555555555556 0.011458333333333333 0.027777777777777776
1 0.5 0.5 1.0 1.0
1 0.10804140625 0.6375902777777778 0.21504114583333334 0.11406944444444443
0 0.7705838541666666 0.43310324074074075 0.016167708333333333 0.04768796296296296
0 0.7566989583333333 0.6709120370370371 0.011314583333333333 0.021453703703703704
0 0.5926028645833333 0.7318314814814815 0.022705729166666667 0.04144074074074074
0 0.5956921875 0.3464523148148148 0.036176041666666665 0.06697870370370371
0 0.648809375 0.051861111111111115 0.014285416666666667 0.0315
0 0.6750177083333334 0.10456805555555555 0.023993749999999998 0.048025
0 0.25727812499999997 0.6374064814814815 0.01455625 0.02481296296296296
0 0.8604257812499999 0.5217740740740741 0.0114765625 0.021325925925925925
0 0.8322335937500001 0.3031564814814815 0.016550520833333335 0.05631296296296296
0 0.1367859375 0.44228472222222226 0.020446875 0.040125
0 0.5712736979166666 0.2166675925925926 0.03942239583333333 0.04259444444444445
0 0.76334609375 0.3643134259259259 0.011067187499999999 0.023071296296296298
0 0.5834755208333333 0.053065277777777774 0.012784374999999999 0.028352777777777775
0 0.5616859375 0.05558842592592592 0.011913541666666666 0.014880555555555557
0 0.15559375 0.21123055555555556 0.009104166666666667 0.018757407407407407
0 0.6813135416666667 0.37784675925925926 0.011585416666666666 0.02791574074074074
1 0.5 0.4673013888888889 1.0 0.9346027777777778
1 0.13856197916666665 0.7960939814814816 0.21045729166666666 0.15885462962962962
0 0.753234375 0.3181643518518519 0.01896875 0.04558796296296296
0 0.7724757812499999 0.5555046296296297 0.012659895833333332 0.02212037037037037
0 0.6209223958333333 0.683787037037037 0.016844791666666668 0.0472037037037037
0 0.5733013020833333 0.3082023148148148 0.03514427083333334 0.06640462962962963
0 0.5842908854166667 0.007255555555555556 0.015456770833333333 0.014511111111111112
0 0.6162458333333334 0.041827777777777776 0.028325 0.04106296296296296
0 0.28214401041666665 0.7388782407407408 0.014288020833333333 0.024052777777777777
0 0.85199140625 0.36614814814814817 0.011274479166666665 0.023037037037037036
0 0.7957067708333334 0.16503564814814814 0.020580208333333336 0.05229351851851852
0 0.13915182291666667 0.6004310185185185 0.023095312500000003 0.03604722222222222
0 0.5302104166666667 0.1942787037037037 0.04167083333333333 0.031150000000000004
0 0.7372091145833333 0.2550925925925926 0.011918229166666666 0.025
0 0.5202111979166667 0.030186574074074074 0.012297395833333334 0.03074351851851852
0 0.49916041666666666 0.04256851851851852 0.0118625 0.01661851851851852
0 0.1267125 0.36742175925925924 0.007591666666666667 0.020028703703703705
0 0.6578291666666666 0.30337546296296297 0.011491666666666667 0.027121296296296296
