1 0.5184726562499999 0.41336435185185183 0.9629869791666666 0.8267287037037037
0 0.96611484375 0.11041064814814815 0.0166046875 0.05045092592592593
0 0.34775390625 0.07616064814814814 0.0142578125 0.020839814814814814
0 0.5059122395833333 0.22575972222222224 0.023282812500000003 0.03300092592592593
0 0.6334533854166666 0.3906643518518519 0.01690677083333333 0.053550925925925925
0 0.9056330729166666 0.14274351851851852 0.010224479166666666 0.024375925925925926
0 0.49432604166666666 0.45487592592592596 0.03448541666666667 0.01715925925925926
0 0.9740177083333333 0.17981712962962962 0.013660416666666668 0.037412037037037035
0 0.9579557291666667 0.2773662037037037 0.007578125000000001 0.03436203703703703
0 0.9632083333333333 0.21602870370370372 0.006625000000000001 0.019094444444444445
0 0.7085526041666667 0.583649537037037 0.009813541666666667 0.026558333333333333
0 0.7161705729166666 0.5228064814814815 0.015674479166666665 0.027094444444444445
0 0.805203125 0.6694805555555555 0.01665625 0.022294444444444443
0 0.6494893229166667 0.6362578703703704 0.0406453125 0.06325648148148147
0 0.8217752604166667 0.580851851851852 0.020633854166666667 0.052444444444444446
0 0.8126244791666667 0.4832625 0.009623958333333333 0.02578425925925926
0 0.9344882812499999 0.7821750000000001 0.017934895833333336 0.04953518518518518
0 0.8410536458333334 0.6337143518518519 0.013357291666666667 0.02113240740740741
0 0.3887510416666667 0.7512254629629629 0.013960416666666666 0.03208055555555556
0 0.42975078125 0.012312037037037038 0.016793229166666666 0.024624074074074076
1 0.5177083333333333 0.5976851851851852 0.9645833333333333 0.8046296296296296
0 0.9403645833333333 0.9745370370370371 0.018229166666666668 0.049074074074074076
0 0.32369791666666664 0.8925925925925926 0.0140625 0.020370370370370372
0 0.48984375 0.7736111111111111 0.024479166666666666 0.030555555555555555
0 0.6260416666666667 0.6337962962962963 0.019791666666666666 0.05092592592592592
0 0.8825520833333333 0.9310185185185185 0.0109375 0.023148148148148147
0 0.49140625 0.5439814814814815 0.033854166666666664 0.021296296296296296
0 0.9528645833333333 0.9064814814814814 0.015104166666666667 0.03518518518518519
0 0.9947916666666666 0.8791666666666667 0.009375 0.017592592592592594
0 0.9953125 0.85 0.008333333333333333 0.018518518518518517
0 0.9973958333333334 0.8180555555555555 0.004166666666666667 0.013888888888888888
0 0.9416666666666667 0.8069444444444445 0.007291666666666667 0.03425925925925926
0 0.9442708333333333 0.8685185185185185 0.007291666666666667 0.018518518518518517
0 0.7119791666666667 0.45555555555555555 0.009375 0.025925925925925925
0 0.71640625 0.5180555555555556 0.016145833333333335 0.028703703703703703
0 0.8138020833333334 0.38796296296296295 0.016145833333333335 0.022222222222222223
0 0.65703125 0.3921296296296296 0.0390625 0.06944444444444445
0 0.8247395833333333 0.47962962962962963 0.018229166666666668 0.05555555555555555
0 0.8096354166666667 0.575 0.009895833333333333 0.025925925925925925
0 0.9489583333333333 0.3 0.015625 0.05185185185185185
0 0.846875 0.4305555555555556 0.0125 0.022222222222222223
0 0.4041666666666667 0.22962962962962963 0.015625 0.02962962962962963
0 0.4010416666666667 0.9717592592592592 0.016666666666666666 0.023148148148148147
1 0.48908203125 0.4232671296296296 0.9781640625 0.8465342592592592
0 0.7056539062499999 0.1547 0.0144328125 0.022362962962962963
0 0.5316315104166667 0.2310462962962963 0.025763020833333334 0.026907407407407408
0 0.38560625000000004 0.33624537037037033 0.023295833333333335 0.046564814814814816
0 0.5122333333333333 0.4584037037037037 0.0328 0.02791851851851852
0 0.038987499999999994 0.005019907407407408 0.009225 0.010039814814814816
0 0.03714270833333333 0.03080416666666667 0.009702083333333333 0.017163888888888888
0 0.03218541666666667 0.061764351851851855 0.004995833333333334 0.014269444444444444
0 0.08655026041666666 0.08634305555555556 0.0085171875 0.03379722222222222
0 0.08894114583333333 0.025384722222222225 0.008090625 0.01743611111111111
0 0.28745442708333335 0.49113009259259255 0.009283854166666666 0.02670462962962963
0 0.28666302083333334 0.4281416666666667 0.017076041666666666 0.03035740740740741
0 0.1798609375 0.534150925925926 0.015971875 0.022005555555555553
0 0.3353325520833333 0.5679444444444445 0.03629010416666667 0.07662962962962963
0 0.17662942708333332 0.43962546296296295 0.014717187500000001 0.058880555555555554
0 0.19938385416666668 0.3490125 0.010226041666666666 0.02580277777777778
0 0.04040911458333333 0.587212037037037 0.0141515625 0.0540537037037037
0 0.15103046875 0.4832583333333333 0.0114359375 0.023924074074074073
0 0.5738916666666667 0.7920212962962964 0.017575 0.026635185185185182
0 0.635190625 0.057025000000000006 0.016214583333333334 0.02330925925925926
1 0.5184726562499999 0.41336435185185183 0.9629869791666666 0.8267287037037037
0 0.96611484375 0.11041064814814815 0.0166046875 0.05045092592592593
0 0.34775390625 0.07616064814814814 0.0142578125 0.020839814814814814
0 0.5059122395833333 0.22575972222222224 0.023282812500000003 0.03300092592592593
0 0.6334533854166666 0.3906643518518519 0.01690677083333333 0.053550925925925925
0 0.9056330729166666 0.14274351851851852 0.010224479166666666 0.024375925925925926
0 0.49432604166666666 0.45487592592592596 0.03448541666666667 0.01715925925925926
0 0.9740177083333333 0.17981712962962962 0.013660416666666668 0.037412037037037035
0 0.9579557291666667 0.2773662037037037 0.007578125000000001 0.03436203703703703
0 0.9632083333333333 0.21602870370370372 0.006625000000000001 0.019094444444444445
0 0.7085526041666667 0.583649537037037 0.009813541666666667 0.026558333333333333
0 0.7161705729166666 0.5228064814814815 0.015674479166666665 0.027094444444444445
0 0.805203125 0.6694805555555555 0.01665625 0.022294444444444443
0 0.6494893229166667 0.6362578703703704 0.0406453125 0.06325648148148147
0 0.8217752604166667 0.580851851851852 0.020633854166666667 0.052444444444444446
0 0.8126244791666667 0.4832625 0.009623958333333333 0.02578425925925926
0 0.9344882812499999 0.7821750000000001 0.017934895833333336 0.04953518518518518
0 0.8410536458333334 0.6337143518518519 0.013357291666666667 0.02113240740740741
0 0.3887510416666667 0.7512254629629629 0.013960416666666666 0.03208055555555556
0 0.42975078125 0.012312037037037038 0.016793229166666666 0.024624074074074076
1 0.5177083333333333 0.5976851851851852 0.9645833333333333 0.8046296296296296
0 0.9403645833333333 0.9745370370370371 0.018229166666666668 0.049074074074074076
0 0.32369791666666664 0.8925925925925926 0.0140625 0.020370370370370372
0 0.48984375 0.7736111111111111 0.024479166666666666 0.030555555555555555
0 0.6260416666666667 0.6337962962962963 0.019791666666666666 0.05092592592592592
0 0.8825520833333333 0.9310185185185185 0.0109375 0.023148148148148147
0 0.49140625 0.5439814814814815 0.033854166666666664 0.021296296296296296
0 0.9528645833333333 0.9064814814814814 0.015104166666666667 0.03518518518518519
0 0.9947916666666666 0.8791666666666667 0.009375 0.017592592592592594
0 0.9953125 0.85 0.008333333333333333 0.018518518518518517
0 0.9973958333333334 0.8180555555555555 0.004166666666666667 0.013888888888888888
0 0.9416666666666667 0.8069444444444445 0.007291666666666667 0.03425925925925926
0 0.9442708333333333 0.8685185185185185 0.007291666666666667 0.018518518518518517
0 0.7119791666666667 0.45555555555555555 0.009375 0.025925925925925925
0 0.71640625 0.5180555555555556 0.016145833333333335 0.028703703703703703
0 0.8138020833333334 0.38796296296296295 0.016145833333333335 0.022222222222222223
0 0.65703125 0.3921296296296296 0.0390625 0.06944444444444445
0 0.8247395833333333 0.47962962962962963 0.018229166666666668 0.05555555555555555
0 0.8096354166666667 0.575 0.009895833333333333 0.025925925925925925
0 0.9489583333333333 0.3 0.015625 0.05185185185185185
0 0.846875 0.4305555555555556 0.0125 0.022222222222222223
0 0.4041666666666667 0.22962962962962963 0.015625 0.02962962962962963
0 0.4010416666666667 0.9717592592592592 0.016666666666666666 0.023148148148148147
1 0.48908203125 0.4232671296296296 0.9781640625 0.8465342592592592
0 0.7056539062499999 0.1547 0.0144328125 0.022362962962962963
0 0.5316315104166667 0.2310462962962963 0.025763020833333334 0.026907407407407408
0 0.38560625000000004 0.33624537037037033 0.023295833333333335 0.046564814814814816
0 0.5122333333333333 0.4584037037037037 0.0328 0.02791851851851852
0 0.038987499999999994 0.005019907407407408 0.009225 0.010039814814814816
0 0.03714270833333333 0.03080416666666667 0.009702083333333333 0.017163888888888888
0 0.03218541666666667 0.061764351851851855 0.004995833333333334 0.014269444444444444
0 0.08655026041666666 0.08634305555555556 0.0085171875 0.03379722222222222
0 0.08894114583333333 0.025384722222222225 0.008090625 0.01743611111111111
0 0.28745442708333335 0.49113009259259255 0.009283854166666666 0.02670462962962963
0 0.28666302083333334 0.4281416666666667 0.017076041666666666 0.03035740740740741
0 0.1798609375 0.534150925925926 0.015971875 0.022005555555555553
0 0.3353325520833333 0.5679444444444445 0.03629010416666667 0.07662962962962963
0 0.17662942708333332 0.43962546296296295 0.014717187500000001 0.058880555555555554
0 0.19938385416666668 0.3490125 0.010226041666666666 0.02580277777777778
0 0.04040911458333333 0.587212037037037 0.0141515625 0.0540537037037037
0 0.15103046875 0.4832583333333333 0.0114359375 0.023924074074074073
0 0.5738916666666667 0.7920212962962964 0.017575 0.026635185185185182
0 0.635190625 0.057025000000000006 0.016214583333333334 0.02330925925925926
