1 0.5 0.5 1.0 1.0
0 0.6467221354166667 0.6049361111111111 0.04240260416666666 0.06357592592592594
0 0.46802578125 0.6599250000000001 0.024593229166666668 0.08466481481481482
0 0.27024791666666664 0.5108356481481481 0.032162500000000004 0.05315277777777778
0 0.19290442708333336 0.5349569444444445 0.014975520833333334 0.0347287037037037
0 0.005842447916666666 0.7344157407407407 0.011684895833333332 0.0410537037037037
0 0.8869992187500001 0.26161712962962963 0.0271234375 0.13804907407407407
0 0.8486791666666667 0.17924351851851852 0.009858333333333334 0.02330185185185185
0 0.8232786458333333 0.14097546296296296 0.018432291666666666 0.04676574074074074
0 0.8218440104166667 0.21013055555555557 0.014521354166666667 0.04063148148148148
0 0.5565697916666666 0.2211888888888889 0.013139583333333335 0.04422962962962963
0 0.5411804687499999 0.17287268518518517 0.007360937499999999 0.029078703703703704
0 0.6348356770833333 0.2061236111111111 0.014463020833333333 0.041876851851851846
0 0.9775942708333333 0.5798203703703704 0.005188541666666667 0.015196296296296295
0 0.9605765625 0.573112962962963 0.006569791666666667 0.018448148148148148
0 0.9159210937500001 0.5373208333333334 0.0068421875 0.030197222222222223
0 0.6702138020833334 0.8225481481481481 0.022719270833333336 0.05065185185185185
0 0.5760307291666666 0.9757925925925925 0.031228125 0.02751111111111111
0 0.5095161458333333 0.8991509259259259 0.023198958333333335 0.044598148148148144
0 0.5962901041666666 0.9139060185185185 0.011330208333333334 0.04262685185185185
0 0.37877500000000003 0.08234537037037036 0.029425 0.029505555555555556
0 0.8894638020833334 0.31102685185185186 0.021635937499999997 0.03501666666666666
0 0.96522421875 0.1379962962962963 0.013781770833333333 0.027844444444444442
0 0.96676640625 0.652650925925926 0.015824479166666666 0.04233888888888889
0 0.91906875 0.6756013888888889 0.012095833333333333 0.021573148148148147
0 0.9388533854166667 0.7231092592592593 0.008956770833333332 0.02029259259259259
0 0.9670062500000001 0.7066143518518518 0.007970833333333333 0.024339814814814814
0 0.9745580729166666 0.5235074074074074 0.0064078125 0.01182962962962963
0 0.9917721354166668 0.4332944444444445 0.004377604166666666 0.02029259259259259
0 0.9542151041666667 0.46088101851851854 0.005305208333333334 0.01435462962962963
0 0.9522682291666666 0.9910768518518519 0.011828125 0.017338888888888886
0 0.7910273437500001 0.9594976851851851 0.009138020833333335 0.011587962962962963
0 0.5607145833333332 0.950799537037037 0.0110125 0.023821296296296295
0 0.44312734374999996 0.7104458333333333 0.0175046875 0.030150925925925928
0 0.5139513020833334 0.6504375 0.0206109375 0.08606018518518518
0 0.6560200520833334 0.9649078703703704 0.0078734375 0.015000925925925926
0 0.5641502604166667 0.4303990740740741 0.008508854166666666 0.018205555555555555
0 0.668359375 0.060846296296296294 0.00859375 0.023544444444444444
0 0.6120619791666667 0.11711388888888889 0.004332291666666667 0.008301851851851852
0 0.826040625 0.2876962962962963 0.012497916666666666 0.036503703703703705
0 0.18041953125000001 0.5723884259259259 0.008755729166666667 0.028110185185185186
0 0.18070546875 0.5370490740740741 0.0072442708333333335 0.01483888888888889
0 0.21787213541666667 0.4719277777777778 0.052410937500000004 0.09941111111111112
0 0.024862760416666668 0.47932777777777774 0.012225520833333333 0.021618518518518516
0 0.01855859375 0.5690060185185186 0.004825520833333334 0.008382407407407408
0 0.043872395833333334 0.762375462962963 0.007536458333333333 0.022899074074074075
0 0.11737760416666668 0.7719643518518519 0.018088541666666666 0.019854629629629632
0 0.14312161458333333 0.761362037037037 0.015409895833333333 0.01716851851851852
0 0.14821041666666668 0.7179699074074074 0.018295833333333334 0.026680555555555558
0 0.17937552083333333 0.9379962962962962 0.015001041666666666 0.027844444444444442
0 0.06480416666666668 0.8762805555555556 0.013983333333333332 0.017375925925925923
1 0.49973958333333335 0.49953703703703706 0.9994791666666667 0.9990740740740741
0 0.3489583333333333 0.5810185185185185 0.040625 0.062037037037037036
0 0.5231770833333333 0.6643518518518519 0.024479166666666666 0.08425925925925926
0 0.728125 0.5449074074074074 0.03333333333333333 0.05092592592592592
0 0.8041666666666667 0.5824074074074074 0.015625 0.03518518518518519
0 0.98671875 0.8078703703703703 0.025520833333333333 0.04351851851851852
0 0.12526041666666668 0.20185185185185187 0.0296875 0.13703703703703704
0 0.16901041666666666 0.12638888888888888 0.009895833333333333 0.023148148148148147
0 0.19505208333333332 0.09259259259259259 0.018229166666666668 0.046296296296296294
0 0.19322916666666667 0.16157407407407406 0.015625 0.03981481481481482
0 0.45729166666666665 0.21342592592592594 0.011458333333333333 0.04537037037037037
0 0.475 0.16805555555555557 0.00625 0.028703703703703703
0 0.3796875 0.18611111111111112 0.014583333333333334 0.040740740740740744
0 0.0203125 0.5050925925925925 0.005208333333333333 0.01574074074074074
0 0.037760416666666664 0.5018518518518519 0.005729166666666666 0.018518518518518517
0 0.08359375 0.4726851851851852 0.0067708333333333336 0.030555555555555555
0 0.3145833333333333 0.7939814814814815 0.022916666666666665 0.05092592592592592
0 0.4010416666666667 0.9611111111111111 0.030208333333333334 0.027777777777777776
0 0.4708333333333333 0.8962962962962963 0.021875 0.044444444444444446
0 0.38333333333333336 0.8976851851851851 0.010416666666666666 0.04351851851851852
0 0.6411458333333333 0.10277777777777777 0.028125 0.03148148148148148
0 0.12109375 0.25046296296296294 0.021354166666666667 0.03425925925925926
0 0.05390625 0.06805555555555555 0.0140625 0.026851851851851852
0 0.027604166666666666 0.5796296296296296 0.014583333333333334 0.044444444444444446
0 0.07395833333333333 0.6101851851851852 0.011458333333333333 0.022222222222222223
0 0.05182291666666667 0.6546296296296297 0.008854166666666666 0.020370370370370372
0 0.024739583333333332 0.6328703703703704 0.0067708333333333336 0.025
0 0.026041666666666668 0.449537037037037 0.00625 0.012037037037037037
0 0.013541666666666667 0.3574074074074074 0.004166666666666667 0.020370370370370372
0 0.04895833333333333 0.3907407407407407 0.005208333333333333 0.014814814814814815
0 0.025520833333333333 0.9222222222222223 0.011458333333333333 0.022222222222222223
0 0.18776041666666668 0.9125 0.008854166666666666 0.012037037037037037
0 0.41770833333333335 0.9398148148148148 0.010416666666666666 0.024074074074074074
0 0.5463541666666667 0.7185185185185186 0.017708333333333333 0.03148148148148148
0 0.47942708333333334 0.6472222222222223 0.018229166666666668 0.08703703703703704
0 0.3221354166666667 0.9388888888888889 0.0078125 0.014814814814814815
0 0.2630208333333333 0.9953703703703703 0.0125 0.007407407407407408
0 0.4395833333333333 0.4203703703703704 0.008333333333333333 0.018518518518518517
0 0.3536458333333333 0.03564814814814815 0.009375 0.023148148148148147
0 0.40729166666666666 0.10138888888888889 0.004166666666666667 0.008333333333333333
0 0.18541666666666667 0.23796296296296296 0.0125 0.03518518518518519
0 0.81484375 0.6217592592592592 0.008854166666666666 0.028703703703703703
0 0.81640625 0.587037037037037 0.0067708333333333336 0.014814814814814815
0 0.7828125 0.5166666666666667 0.05520833333333333 0.09444444444444444
0 0.9739583333333334 0.5532407407407407 0.0125 0.021296296296296296
0 0.9760416666666667 0.6439814814814815 0.005208333333333333 0.008333333333333333
0 0.9411458333333333 0.8319444444444445 0.007291666666666667 0.023148148148148147
0 0.8677083333333333 0.8300925925925926 0.01875 0.019444444444444445
0 0.84296875 0.8157407407407408 0.015104166666666667 0.016666666666666666
0 0.83984375 0.7717592592592593 0.018229166666666668 0.025
0 0.7979166666666667 0.9861111111111112 0.015625 0.025925925925925925
0 0.9151041666666667 0.9425925925925925 0.014583333333333334 0.016666666666666666
1 0.5 0.5 1.0 1.0
0 0.35547057291666667 0.38680324074074074 0.0432328125 0.06434722222222222
0 0.5353143229166667 0.3423236111111111 0.0247953125 0.08464722222222222
0 0.7305135416666667 0.5028916666666667 0.03186041666666666 0.05393148148148148
0 0.8073416666666666 0.4839023148148148 0.014683333333333333 0.0344712962962963
0 0.9967182291666667 0.29237268518518517 0.006978125 0.032893518518518516
0 0.10885260416666667 0.713524074074074 0.026038541666666668 0.13815925925925926
0 0.1455359375 0.7996199074074074 0.009821875 0.023313888888888887
0 0.16965364583333334 0.8391675925925927 0.018473958333333332 0.0468537037037037
0 0.17264921875 0.7695101851851852 0.0140484375 0.040872222222222226
0 0.4381424479166667 0.7755425925925926 0.013784895833333333 0.043677777777777774
0 0.45233255208333334 0.8238425925925926 0.007790104166666667 0.029166666666666667
0 0.35937942708333337 0.7859361111111112 0.0145921875 0.042242592592592595
0 0.024486979166666666 0.3908064814814815 0.005223958333333333 0.014946296296296296
0 0.0414671875 0.3990050925925926 0.006892708333333333 0.018380555555555556
0 0.08488671874999999 0.4372166666666667 0.0072734374999999995 0.029988888888888888
0 0.33640000000000003 0.16688333333333333 0.0228 0.05043333333333334
0 0.43349322916666666 0.01922824074074074 0.031569791666666666 0.02734537037037037
0 0.49881901041666665 0.10006018518518518 0.0236796875 0.044564814814814814
0 0.4116828125 0.0803486111111111 0.011907291666666665 0.042178703703703704
0 0.6128580729166667 0.9254370370370371 0.0298828125 0.028651851851851852
0 0.10668463541666666 0.6648449074074074 0.021702604166666663 0.03524537037037037
0 0.027653385416666666 0.8327953703703703 0.013640104166666667 0.028553703703703706
0 0.0363734375 0.31885046296296293 0.016496875 0.04140462962962963
0 0.08480833333333333 0.2985962962962963 0.012325000000000001 0.021266666666666666
0 0.06542682291666667 0.24992407407407408 0.008978645833333333 0.020218518518518518
0 0.03755052083333333 0.26478981481481484 0.008434375 0.024024074074074076
0 0.0261453125 0.44752731481481484 0.006457291666666667 0.011721296296296297
0 0.0069140625 0.5360351851851852 0.0044531250000000005 0.020218518518518518
0 0.04495807291666667 0.5108787037037037 0.005541145833333333 0.01435
0 0.2181578125 0.02235833333333333 0.009232291666666666 0.011383333333333334
0 0.44832213541666666 0.04516759259259259 0.011227604166666665 0.02366851851851852
0 0.56083515625 0.2925550925925926 0.017503645833333335 0.02955462962962963
0 0.4883645833333333 0.3492240740740741 0.021520833333333333 0.08548518518518518
0 0.3534197916666667 0.026039814814814814 0.00788125 0.015042592592592592
0 0.43459322916666665 0.5655023148148147 0.008769791666666667 0.018041666666666668
0 0.32298541666666664 0.9284930555555556 0.008470833333333334 0.02365277777777778
0 0.38084062500000004 0.8754319444444444 0.004389583333333334 0.008271296296296296
0 0.16977682291666665 0.691625 0.0124703125 0.036953703703703704
0 0.8206848958333333 0.4481657407407407 0.009078125 0.027812962962962963
0 0.8198552083333334 0.48240879629629624 0.00741875 0.014817592592592592
0 0.7813184895833333 0.5451430555555555 0.051178645833333335 0.10139722222222222
0 0.9742739583333333 0.5506657407407408 0.012089583333333332 0.02170185185185185
0 0.9825664062499999 0.46072175925925923 0.0047161458333333335 0.008480555555555555
0 0.9605799479166667 0.2660046296296297 0.007618229166666667 0.02275
0 0.88753828125 0.2516550925925926 0.01778489583333333 0.01997685185185185
0 0.86191640625 0.26051805555555557 0.015499479166666667 0.017332407407407407
0 0.8560169270833333 0.303462962962963 0.018283854166666665 0.027296296296296298
0 0.8288182291666666 0.08186944444444444 0.014928124999999999 0.028553703703703706
0 0.9422731770833334 0.1506634259259259 0.013713020833333334 0.01799351851851852
1 0.5 0.5 1.0 1.0
0 0.6467221354166667 0.6049361111111111 0.04240260416666666 0.06357592592592594
0 0.46802578125 0.6599250000000001 0.024593229166666668 0.08466481481481482
0 0.27024791666666664 0.5108356481481481 0.032162500000000004 0.05315277777777778
0 0.19290442708333336 0.5349569444444445 0.014975520833333334 0.0347287037037037
0 0.005842447916666666 0.7344157407407407 0.011684895833333332 0.0410537037037037
0 0.8869992187500001 0.26161712962962963 0.0271234375 0.13804907407407407
0 0.8486791666666667 0.17924351851851852 0.009858333333333334 0.02330185185185185
0 0.8232786458333333 0.14097546296296296 0.018432291666666666 0.04676574074074074
0 0.8218440104166667 0.21013055555555557 0.014521354166666667 0.04063148148148148
0 0.5565697916666666 0.2211888888888889 0.013139583333333335 0.04422962962962963
0 0.5411804687499999 0.17287268518518517 0.007360937499999999 0.029078703703703704
0 0.6348356770833333 0.2061236111111111 0.014463020833333333 0.041876851851851846
0 0.9775942708333333 0.5798203703703704 0.005188541666666667 0.015196296296296295
0 0.9605765625 0.573112962962963 0.006569791666666667 0.018448148148148148
0 0.9159210937500001 0.5373208333333334 0.0068421875 0.030197222222222223
0 0.6702138020833334 0.8225481481481481 0.022719270833333336 0.05065185185185185
0 0.5760307291666666 0.9757925925925925 0.031228125 0.02751111111111111
0 0.5095161458333333 0.8991509259259259 0.023198958333333335 0.044598148148148144
0 0.5962901041666666 0.9139060185185185 0.011330208333333334 0.04262685185185185
0 0.37877500000000003 0.08234537037037036 0.029425 0.029505555555555556
0 0.8894638020833334 0.31102685185185186 0.021635937499999997 0.03501666666666666
0 0.96522421875 0.1379962962962963 0.013781770833333333 0.027844444444444442
0 0.96676640625 0.652650925925926 0.015824479166666666 0.04233888888888889
0 0.91906875 0.6756013888888889 0.012095833333333333 0.021573148148148147
0 0.9388533854166667 0.7231092592592593 0.008956770833333332 0.02029259259259259
0 0.9670062500000001 0.7066143518518518 0.007970833333333333 0.024339814814814814
0 0.9745580729166666 0.5235074074074074 0.0064078125 0.01182962962962963
0 0.9917721354166668 0.4332944444444445 0.004377604166666666 0.02029259259259259
0 0.9542151041666667 0.46088101851851854 0.005305208333333334 0.01435462962962963
0 0.9522682291666666 0.9910768518518519 0.011828125 0.017338888888888886
0 0.7910273437500001 0.9594976851851851 0.009138020833333335 0.011587962962962963
0 0.5607145833333332 0.950799537037037 0.0110125 0.023821296296296295
0 0.44312734374999996 0.7104458333333333 0.0175046875 0.030150925925925928
0 0.5139513020833334 0.6504375 0.0206109375 0.08606018518518518
0 0.6560200520833334 0.9649078703703704 0.0078734375 0.015000925925925926
0 0.5641502604166667 0.4303990740740741 0.008508854166666666 0.018205555555555555
0 0.668359375 0.060846296296296294 0.00859375 0.023544444444444444
0 0.6120619791666667 0.11711388888888889 0.004332291666666667 0.008301851851851852
0 0.826040625 0.2876962962962963 0.012497916666666666 0.036503703703703705
0 0.18041953125000001 0.5723884259259259 0.008755729166666667 0.028110185185185186
0 0.18070546875 0.5370490740740741 0.0072442708333333335 0.01483888888888889
0 0.21787213541666667 0.4719277777777778 0.052410937500000004 0.09941111111111112
0 0.024862760416666668 0.47932777777777774 0.012225520833333333 0.021618518518518516
0 0.01855859375 0.5690060185185186 0.004825520833333334 0.008382407407407408
0 0.043872395833333334 0.762375462962963 0.007536458333333333 0.022899074074074075
0 0.11737760416666668 0.7719643518518519 0.018088541666666666 0.019854629629629632
0 0.14312161458333333 0.761362037037037 0.015409895833333333 0.01716851851851852
0 0.14821041666666668 0.7179699074074074 0.018295833333333334 0.026680555555555558
0 0.17937552083333333 0.9379962962962962 0.015001041666666666 0.027844444444444442
0 0.06480416666666668 0.8762805555555556 0.013983333333333332 0.017375925925925923
1 0.49973958333333335 0.49953703703703706 0.9994791666666667 0.9990740740740741
0 0.3489583333333333 0.5810185185185185 0.040625 0.062037037037037036
0 0.5231770833333333 0.6643518518518519 0.024479166666666666 0.08425925925925926
0 0.728125 0.5449074074074074 0.03333333333333333 0.05092592592592592
0 0.8041666666666667 0.5824074074074074 0.015625 0.03518518518518519
0 0.98671875 0.8078703703703703 0.025520833333333333 0.04351851851851852
0 0.12526041666666668 0.20185185185185187 0.0296875 0.13703703703703704
0 0.16901041666666666 0.12638888888888888 0.009895833333333333 0.023148148148148147
0 0.19505208333333332 0.09259259259259259 0.018229166666666668 0.046296296296296294
0 0.19322916666666667 0.16157407407407406 0.015625 0.03981481481481482
0 0.45729166666666665 0.21342592592592594 0.011458333333333333 0.04537037037037037
0 0.475 0.16805555555555557 0.00625 0.028703703703703703
0 0.3796875 0.18611111111111112 0.014583333333333334 0.040740740740740744
0 0.0203125 0.5050925925925925 0.005208333333333333 0.01574074074074074
0 0.037760416666666664 0.5018518518518519 0.005729166666666666 0.018518518518518517
0 0.08359375 0.4726851851851852 0.0067708333333333336 0.030555555555555555
0 0.3145833333333333 0.7939814814814815 0.022916666666666665 0.05092592592592592
0 0.4010416666666667 0.9611111111111111 0.030208333333333334 0.027777777777777776
0 0.4708333333333333 0.8962962962962963 0.021875 0.044444444444444446
0 0.38333333333333336 0.8976851851851851 0.010416666666666666 0.04351851851851852
0 0.6411458333333333 0.10277777777777777 0.028125 0.03148148148148148
0 0.12109375 0.25046296296296294 0.021354166666666667 0.03425925925925926
0 0.05390625 0.06805555555555555 0.0140625 0.026851851851851852
0 0.027604166666666666 0.5796296296296296 0.014583333333333334 0.044444444444444446
0 0.07395833333333333 0.6101851851851852 0.011458333333333333 0.022222222222222223
0 0.05182291666666667 0.6546296296296297 0.008854166666666666 0.020370370370370372
0 0.024739583333333332 0.6328703703703704 0.0067708333333333336 0.025
0 0.026041666666666668 0.449537037037037 0.00625 0.012037037037037037
0 0.013541666666666667 0.3574074074074074 0.004166666666666667 0.020370370370370372
0 0.04895833333333333 0.3907407407407407 0.005208333333333333 0.014814814814814815
0 0.025520833333333333 0.9222222222222223 0.011458333333333333 0.022222222222222223
0 0.18776041666666668 0.9125 0.008854166666666666 0.012037037037037037
0 0.41770833333333335 0.9398148148148148 0.010416666666666666 0.024074074074074074
0 0.5463541666666667 0.7185185185185186 0.017708333333333333 0.03148148148148148
0 0.47942708333333334 0.6472222222222223 0.018229166666666668 0.08703703703703704
0 0.3221354166666667 0.9388888888888889 0.0078125 0.014814814814814815
0 0.2630208333333333 0.9953703703703703 0.0125 0.007407407407407408
0 0.4395833333333333 0.4203703703703704 0.008333333333333333 0.018518518518518517
0 0.3536458333333333 0.03564814814814815 0.009375 0.023148148148148147
0 0.40729166666666666 0.10138888888888889 0.004166666666666667 0.008333333333333333
0 0.18541666666666667 0.23796296296296296 0.0125 0.03518518518518519
0 0.81484375 0.6217592592592592 0.008854166666666666 0.028703703703703703
0 0.81640625 0.587037037037037 0.0067708333333333336 0.014814814814814815
0 0.7828125 0.5166666666666667 0.05520833333333333 0.09444444444444444
0 0.9739583333333334 0.5532407407407407 0.0125 0.021296296296296296
0 0.9760416666666667 0.6439814814814815 0.005208333333333333 0.008333333333333333
0 0.9411458333333333 0.8319444444444445 0.007291666666666667 0.023148148148148147
0 0.8677083333333333 0.8300925925925926 0.01875 0.019444444444444445
0 0.84296875 0.8157407407407408 0.015104166666666667 0.016666666666666666
0 0.83984375 0.7717592592592593 0.018229166666666668 0.025
0 0.7979166666666667 0.9861111111111112 0.015625 0.025925925925925925
0 0.9151041666666667 0.9425925925925925 0.014583333333333334 0.016666666666666666
1 0.5 0.5 1.0 1.0
0 0.35547057291666667 0.38680324074074074 0.0432328125 0.06434722222222222
0 0.5353143229166667 0.3423236111111111 0.0247953125 0.08464722222222222
0 0.7305135416666667 0.5028916666666667 0.03186041666666666 0.05393148148148148
0 0.8073416666666666 0.4839023148148148 0.014683333333333333 0.0344712962962963
0 0.9967182291666667 0.29237268518518517 0.006978125 0.032893518518518516
0 0.10885260416666667 0.713524074074074 0.026038541666666668 0.13815925925925926
0 0.1455359375 0.7996199074074074 0.009821875 0.023313888888888887
0 0.16965364583333334 0.8391675925925927 0.018473958333333332 0.0468537037037037
0 0.17264921875 0.7695101851851852 0.0140484375 0.040872222222222226
0 0.4381424479166667 0.7755425925925926 0.013784895833333333 0.043677777777777774
0 0.45233255208333334 0.8238425925925926 0.007790104166666667 0.029166666666666667
0 0.35937942708333337 0.7859361111111112 0.0145921875 0.042242592592592595
0 0.024486979166666666 0.3908064814814815 0.005223958333333333 0.014946296296296296
0 0.0414671875 0.3990050925925926 0.006892708333333333 0.018380555555555556
0 0.08488671874999999 0.4372166666666667 0.0072734374999999995 0.029988888888888888
0 0.33640000000000003 0.16688333333333333 0.0228 0.05043333333333334
0 0.43349322916666666 0.01922824074074074 0.031569791666666666 0.02734537037037037
0 0.49881901041666665 0.10006018518518518 0.0236796875 0.044564814814814814
0 0.4116828125 0.0803486111111111 0.011907291666666665 0.042178703703703704
0 0.6128580729166667 0.9254370370370371 0.0298828125 0.028651851851851852
0 0.10668463541666666 0.6648449074074074 0.021702604166666663 0.03524537037037037
0 0.027653385416666666 0.8327953703703703 0.013640104166666667 0.028553703703703706
0 0.0363734375 0.31885046296296293 0.016496875 0.04140462962962963
0 0.08480833333333333 0.2985962962962963 0.012325000000000001 0.021266666666666666
0 0.06542682291666667 0.24992407407407408 0.008978645833333333 0.020218518518518518
0 0.03755052083333333 0.26478981481481484 0.008434375 0.024024074074074076
0 0.0261453125 0.44752731481481484 0.006457291666666667 0.011721296296296297
0 0.0069140625 0.5360351851851852 0.0044531250000000005 0.020218518518518518
0 0.04495807291666667 0.5108787037037037 0.005541145833333333 0.01435
0 0.2181578125 0.02235833333333333 0.009232291666666666 0.011383333333333334
0 0.44832213541666666 0.04516759259259259 0.011227604166666665 0.02366851851851852
0 0.56083515625 0.2925550925925926 0.017503645833333335 0.02955462962962963
0 0.4883645833333333 0.3492240740740741 0.021520833333333333 0.08548518518518518
0 0.3534197916666667 0.026039814814814814 0.00788125 0.015042592592592592
0 0.43459322916666665 0.5655023148148147 0.008769791666666667 0.018041666666666668
0 0.32298541666666664 0.9284930555555556 0.008470833333333334 0.02365277777777778
0 0.38084062500000004 0.8754319444444444 0.004389583333333334 0.008271296296296296
0 0.16977682291666665 0.691625 0.0124703125 0.036953703703703704
0 0.8206848958333333 0.4481657407407407 0.009078125 0.027812962962962963
0 0.8198552083333334 0.48240879629629624 0.00741875 0.014817592592592592
0 0.7813184895833333 0.5451430555555555 0.051178645833333335 0.10139722222222222
0 0.9742739583333333 0.5506657407407408 0.012089583333333332 0.02170185185185185
0 0.9825664062499999 0.46072175925925923 0.0047161458333333335 0.008480555555555555
0 0.9605799479166667 0.2660046296296297 0.007618229166666667 0.02275
0 0.88753828125 0.2516550925925926 0.01778489583333333 0.01997685185185185
0 0.86191640625 0.26051805555555557 0.015499479166666667 0.017332407407407407
0 0.8560169270833333 0.303462962962963 0.018283854166666665 0.027296296296296298
0 0.8288182291666666 0.08186944444444444 0.014928124999999999 0.028553703703703706
0 0.9422731770833334 0.1506634259259259 0.013713020833333334 0.01799351851851852
