1 0.49973958333333335 0.5157407407407407 0.9994791666666667 0.9666666666666667
0 0.35546875 0.324537037037037 0.022395833333333334 0.049074074074074076
0 0.321875 0.29907407407407405 0.03958333333333333 0.1111111111111111
0 0.48411458333333335 0.30648148148148147 0.0109375 0.025925925925925925
0 0.28020833333333334 0.5212962962962963 0.013541666666666667 0.024074074074074074
0 0.81640625 0.7513888888888889 0.011979166666666667 0.026851851851851852
0 0.8401041666666667 0.9569444444444445 0.01875 0.019444444444444445
0 0.81796875 0.9458333333333333 0.0140625 0.017592592592592594
0 0.5989583333333334 0.7402777777777778 0.010416666666666666 0.021296296296296296
0 0.8190104166666666 0.225 0.011979166666666667 0.03333333333333333
0 0.7635416666666667 0.18935185185185185 0.008333333333333333 0.017592592592592594
0 0.5036458333333333 0.0699074074074074 0.014583333333333334 0.019444444444444445
0 0.5111979166666667 0.5412037037037037 0.011979166666666667 0.017592592592592594
0 0.4890625 0.9111111111111111 0.00625 0.016666666666666666
0 0.21744791666666666 0.4842592592592593 0.013020833333333334 0.018518518518518517
0 0.03697916666666667 0.5421296296296296 0.008333333333333333 0.03611111111111111
0 0.08541666666666667 0.5273148148148148 0.005208333333333333 0.017592592592592594
0 0.028645833333333332 0.4777777777777778 0.004166666666666667 0.014814814814814815
0 0.01953125 0.5731481481481482 0.0036458333333333334 0.020370370370370372
0 0.13776041666666666 0.48935185185185187 0.0067708333333333336 0.012037037037037037
0 0.13072916666666667 0.4615740740740741 0.017708333333333333 0.05277777777777778
0 0.5078125 0.4537037037037037 0.0125 0.016666666666666666
0 0.17213541666666668 0.3189814814814815 0.013020833333333334 0.030555555555555555
0 0.7997395833333333 0.649074074074074 0.0067708333333333336 0.014814814814814815
0 0.9276041666666667 0.7319444444444444 0.007291666666666667 0.025
0 0.9153645833333334 0.537962962962963 0.0109375 0.018518518518518517
0 0.9643229166666667 0.44907407407407407 0.013020833333333334 0.037037037037037035
0 0.79375 0.35 0.00625 0.014814814814814815
1 0.5 0.5098273148148148 1.0 0.9807657407407409
0 0.34281953125 0.36329953703703705 0.025222395833333335 0.04511759259259259
0 0.3084263020833333 0.3434050925925926 0.03664427083333333 0.1127361111111111
0 0.4689799479166667 0.3122976851851852 0.011918229166666666 0.026447222222222223
0 0.2839611979166667 0.575486574074074 0.013755729166666668 0.02319537037037037
0 0.8326158854166666 0.6702518518518518 0.011065104166666668 0.02568888888888889
0 0.8722682291666667 0.8694023148148149 0.018494791666666666 0.02028611111111111
0 0.85020546875 0.8637032407407407 0.0129109375 0.019999074074074075
0 0.6162856770833333 0.7135800925925926 0.0096546875 0.02160462962962963
0 0.7938890625 0.14820324074074076 0.013819791666666666 0.031591666666666664
0 0.7364903645833334 0.12729351851851853 0.008397395833333333 0.01755
0 0.4699744791666667 0.07300092592592591 0.014948958333333335 0.018224074074074073
0 0.5146270833333333 0.5384287037037038 0.0125875 0.015746296296296296
0 0.52099765625 0.9096935185185185 0.005536979166666667 0.017535185185185185
0 0.21908776041666667 0.5548615740740741 0.013175520833333334 0.01898240740740741
0 0.04434427083333334 0.6567282407407407 0.010563541666666667 0.03382685185185185
0 0.09196744791666665 0.6295319444444445 0.005809895833333333 0.01832314814814815
0 0.030890104166666665 0.5943722222222222 0.004488541666666667 0.01467037037037037
0 0.0296859375 0.6915675925925926 0.005205208333333333 0.020172222222222223
0 0.1401140625 0.5795592592592592 0.006269791666666667 0.012822222222222223
0 0.13047526041666666 0.5546828703703703 0.016158854166666667 0.05381018518518519
0 0.50406953125 0.45279444444444444 0.012305729166666666 0.018551851851851854
0 0.16002031249999998 0.40274583333333336 0.012748958333333334 0.03141759259259259
0 0.8087916666666667 0.5740662037037036 0.006125 0.014799074074074074
0 0.9419625 0.6230143518518518 0.006841666666666666 0.02565833333333333
0 0.9144145833333333 0.43384675925925925 0.011120833333333333 0.01769351851851852
0 0.9548484375 0.33407916666666665 0.012821875 0.03667685185185185
0 0.7791953125000001 0.27878425925925926 0.007348958333333333 0.013124074074074074
1 0.5 0.4880722222222223 1.0 0.9761444444444446
0 0.34421822916666667 0.642275 0.02489479166666667 0.04566111111111111
0 0.31012734374999995 0.6628078703703704 0.03692135416666666 0.11265277777777778
0 0.47100833333333336 0.6882050925925925 0.011808333333333334 0.026410185185185186
0 0.2833690104166667 0.4311097222222222 0.013613020833333333 0.023330555555555556
0 0.8311166666666666 0.31941250000000004 0.011191666666666666 0.025862037037037038
0 0.8686484375 0.11936018518518518 0.018546875 0.020201851851851853
0 0.84611796875 0.1256 0.013069270833333334 0.019718518518518517
0 0.6142226562499999 0.28209074074074075 0.009695312499999999 0.021588888888888887
0 0.7974268229166667 0.8418476851851853 0.013603645833333334 0.031843518518518514
0 0.7401364583333333 0.8652685185185185 0.008397916666666666 0.017574074074074075
0 0.47412604166666666 0.9277171296296296 0.01491875 0.01839722222222222
0 0.5140747395833334 0.460775 0.012524479166666666 0.015994444444444447
0 0.5173994791666667 0.08927824074074074 0.0056322916666666665 0.01744537037037037
0 0.21905260416666666 0.4539166666666667 0.013105208333333333 0.018944444444444444
0 0.04313567708333333 0.3578152777777778 0.0102296875 0.034149074074074075
0 0.0903703125 0.383199537037037 0.005740625 0.018250925925925924
0 0.0303515625 0.4203152777777778 0.0044531250000000005 0.01470462962962963
0 0.02802838541666667 0.3230722222222222 0.005015104166666667 0.020218518518518518
0 0.13962812500000002 0.4313685185185185 0.006339583333333333 0.012737037037037038
0 0.13006015625 0.457425 0.0163703125 0.053738888888888885
0 0.5046091145833334 0.5470722222222222 0.012343229166666667 0.018218518518518516
0 0.16160677083333336 0.6082643518518519 0.012796875000000001 0.03134351851851852
0 0.80779375 0.4166680555555556 0.0062125 0.014817592592592592
0 0.9408872395833333 0.3628018518518519 0.0067744791666666665 0.025603703703703705
0 0.9149299479166667 0.5533527777777778 0.011109895833333333 0.017816666666666668
0 0.9569510416666667 0.6517138888888889 0.012860416666666668 0.03676111111111111
0 0.7812135416666667 0.7122305555555555 0.0072187499999999995 0.013349999999999999
1 0.49973958333333335 0.5157407407407407 0.9994791666666667 0.9666666666666667
0 0.35546875 0.324537037037037 0.022395833333333334 0.049074074074074076
0 0.321875 0.29907407407407405 0.03958333333333333 0.1111111111111111
0 0.48411458333333335 0.30648148148148147 0.0109375 0.025925925925925925
0 0.28020833333333334 0.5212962962962963 0.013541666666666667 0.024074074074074074
0 0.81640625 0.7513888888888889 0.011979166666666667 0.026851851851851852
0 0.8401041666666667 0.9569444444444445 0.01875 0.019444444444444445
0 0.81796875 0.9458333333333333 0.0140625 0.017592592592592594
0 0.5989583333333334 0.7402777777777778 0.010416666666666666 0.021296296296296296
0 0.8190104166666666 0.225 0.011979166666666667 0.03333333333333333
0 0.7635416666666667 0.18935185185185185 0.008333333333333333 0.017592592592592594
0 0.5036458333333333 0.0699074074074074 0.014583333333333334 0.019444444444444445
0 0.5111979166666667 0.5412037037037037 0.011979166666666667 0.017592592592592594
0 0.4890625 0.9111111111111111 0.00625 0.016666666666666666
0 0.21744791666666666 0.4842592592592593 0.013020833333333334 0.018518518518518517
0 0.03697916666666667 0.5421296296296296 0.008333333333333333 0.03611111111111111
0 0.08541666666666667 0.5273148148148148 0.005208333333333333 0.017592592592592594
0 0.028645833333333332 0.4777777777777778 0.004166666666666667 0.014814814814814815
0 0.01953125 0.5731481481481482 0.0036458333333333334 0.020370370370370372
0 0.13776041666666666 0.48935185185185187 0.0067708333333333336 0.012037037037037037
0 0.13072916666666667 0.4615740740740741 0.017708333333333333 0.05277777777777778
0 0.5078125 0.4537037037037037 0.0125 0.016666666666666666
0 0.17213541666666668 0.3189814814814815 0.013020833333333334 0.030555555555555555
0 0.7997395833333333 0.649074074074074 0.0067708333333333336 0.014814814814814815
0 0.9276041666666667 0.7319444444444444 0.007291666666666667 0.025
0 0.9153645833333334 0.537962962962963 0.0109375 0.018518518518518517
0 0.9643229166666667 0.44907407407407407 0.013020833333333334 0.037037037037037035
0 0.79375 0.35 0.00625 0.014814814814814815
1 0.5 0.5098273148148148 1.0 0.9807657407407409
0 0.34281953125 0.36329953703703705 0.025222395833333335 0.04511759259259259
0 0.3084263020833333 0.3434050925925926 0.03664427083333333 0.1127361111111111
0 0.4689799479166667 0.3122976851851852 0.011918229166666666 0.026447222222222223
0 0.2839611979166667 0.575486574074074 0.013755729166666668 0.02319537037037037
0 0.8326158854166666 0.6702518518518518 0.011065104166666668 0.02568888888888889
0 0.8722682291666667 0.8694023148148149 0.018494791666666666 0.02028611111111111
0 0.85020546875 0.8637032407407407 0.0129109375 0.019999074074074075
0 0.6162856770833333 0.7135800925925926 0.0096546875 0.02160462962962963
0 0.7938890625 0.14820324074074076 0.013819791666666666 0.031591666666666664
0 0.7364903645833334 0.12729351851851853 0.008397395833333333 0.01755
0 0.4699744791666667 0.07300092592592591 0.014948958333333335 0.018224074074074073
0 0.5146270833333333 0.5384287037037038 0.0125875 0.015746296296296296
0 0.52099765625 0.9096935185185185 0.005536979166666667 0.017535185185185185
0 0.21908776041666667 0.5548615740740741 0.013175520833333334 0.01898240740740741
0 0.04434427083333334 0.6567282407407407 0.010563541666666667 0.03382685185185185
0 0.09196744791666665 0.6295319444444445 0.005809895833333333 0.01832314814814815
0 0.030890104166666665 0.5943722222222222 0.004488541666666667 0.01467037037037037
0 0.0296859375 0.6915675925925926 0.005205208333333333 0.020172222222222223
0 0.1401140625 0.5795592592592592 0.006269791666666667 0.012822222222222223
0 0.13047526041666666 0.5546828703703703 0.016158854166666667 0.05381018518518519
0 0.50406953125 0.45279444444444444 0.012305729166666666 0.018551851851851854
0 0.16002031249999998 0.40274583333333336 0.012748958333333334 0.03141759259259259
0 0.8087916666666667 0.5740662037037036 0.006125 0.014799074074074074
0 0.9419625 0.6230143518518518 0.006841666666666666 0.02565833333333333
0 0.9144145833333333 0.43384675925925925 0.011120833333333333 0.01769351851851852
0 0.9548484375 0.33407916666666665 0.012821875 0.03667685185185185
0 0.7791953125000001 0.27878425925925926 0.007348958333333333 0.013124074074074074
1 0.5 0.4880722222222223 1.0 0.9761444444444446
0 0.34421822916666667 0.642275 0.02489479166666667 0.04566111111111111
0 0.31012734374999995 0.6628078703703704 0.03692135416666666 0.11265277777777778
0 0.47100833333333336 0.6882050925925925 0.011808333333333334 0.026410185185185186
0 0.2833690104166667 0.4311097222222222 0.013613020833333333 0.023330555555555556
0 0.8311166666666666 0.31941250000000004 0.011191666666666666 0.025862037037037038
0 0.8686484375 0.11936018518518518 0.018546875 0.020201851851851853
0 0.84611796875 0.1256 0.013069270833333334 0.019718518518518517
0 0.6142226562499999 0.28209074074074075 0.009695312499999999 0.021588888888888887
0 0.7974268229166667 0.8418476851851853 0.013603645833333334 0.031843518518518514
0 0.7401364583333333 0.8652685185185185 0.008397916666666666 0.017574074074074075
0 0.47412604166666666 0.9277171296296296 0.01491875 0.01839722222222222
0 0.5140747395833334 0.460775 0.012524479166666666 0.015994444444444447
0 0.5173994791666667 0.08927824074074074 0.0056322916666666665 0.01744537037037037
0 0.21905260416666666 0.4539166666666667 0.013105208333333333 0.018944444444444444
0 0.04313567708333333 0.3578152777777778 0.0102296875 0.034149074074074075
0 0.0903703125 0.383199537037037 0.005740625 0.018250925925925924
0 0.0303515625 0.4203152777777778 0.0044531250000000005 0.01470462962962963
0 0.02802838541666667 0.3230722222222222 0.005015104166666667 0.020218518518518518
0 0.13962812500000002 0.4313685185185185 0.006339583333333333 0.012737037037037038
0 0.13006015625 0.457425 0.0163703125 0.053738888888888885
0 0.5046091145833334 0.5470722222222222 0.012343229166666667 0.018218518518518516
0 0.16160677083333336 0.6082643518518519 0.012796875000000001 0.03134351851851852
0 0.80779375 0.4166680555555556 0.0062125 0.014817592592592592
0 0.9408872395833333 0.3628018518518519 0.0067744791666666665 0.025603703703703705
0 0.9149299479166667 0.5533527777777778 0.011109895833333333 0.017816666666666668
0 0.9569510416666667 0.6517138888888889 0.012860416666666668 0.03676111111111111
0 0.7812135416666667 0.7122305555555555 0.0072187499999999995 0.013349999999999999
1 0.49973958333333335 0.5157407407407407 0.9994791666666667 0.9666666666666667
0 0.35546875 0.324537037037037 0.022395833333333334 0.049074074074074076
0 0.321875 0.29907407407407405 0.03958333333333333 0.1111111111111111
0 0.48411458333333335 0.30648148148148147 0.0109375 0.025925925925925925
0 0.28020833333333334 0.5212962962962963 0.013541666666666667 0.024074074074074074
0 0.81640625 0.7513888888888889 0.011979166666666667 0.026851851851851852
0 0.8401041666666667 0.9569444444444445 0.01875 0.019444444444444445
0 0.81796875 0.9458333333333333 0.0140625 0.017592592592592594
0 0.5989583333333334 0.7402777777777778 0.010416666666666666 0.021296296296296296
0 0.8190104166666666 0.225 0.011979166666666667 0.03333333333333333
0 0.7635416666666667 0.18935185185185185 0.008333333333333333 0.017592592592592594
0 0.5036458333333333 0.0699074074074074 0.014583333333333334 0.019444444444444445
0 0.5111979166666667 0.5412037037037037 0.011979166666666667 0.017592592592592594
0 0.4890625 0.9111111111111111 0.00625 0.016666666666666666
0 0.21744791666666666 0.4842592592592593 0.013020833333333334 0.018518518518518517
0 0.03697916666666667 0.5421296296296296 0.008333333333333333 0.03611111111111111
0 0.08541666666666667 0.5273148148148148 0.005208333333333333 0.017592592592592594
0 0.028645833333333332 0.4777777777777778 0.004166666666666667 0.014814814814814815
0 0.01953125 0.5731481481481482 0.0036458333333333334 0.020370370370370372
0 0.13776041666666666 0.48935185185185187 0.0067708333333333336 0.012037037037037037
0 0.13072916666666667 0.4615740740740741 0.017708333333333333 0.05277777777777778
0 0.5078125 0.4537037037037037 0.0125 0.016666666666666666
0 0.17213541666666668 0.3189814814814815 0.013020833333333334 0.030555555555555555
0 0.7997395833333333 0.649074074074074 0.0067708333333333336 0.014814814814814815
0 0.9276041666666667 0.7319444444444444 0.007291666666666667 0.025
0 0.9153645833333334 0.537962962962963 0.0109375 0.018518518518518517
0 0.9643229166666667 0.44907407407407407 0.013020833333333334 0.037037037037037035
0 0.79375 0.35 0.00625 0.014814814814814815
1 0.5 0.5098273148148148 1.0 0.9807657407407409
0 0.34281953125 0.36329953703703705 0.025222395833333335 0.04511759259259259
0 0.3084263020833333 0.3434050925925926 0.03664427083333333 0.1127361111111111
0 0.4689799479166667 0.3122976851851852 0.011918229166666666 0.026447222222222223
0 0.2839611979166667 0.575486574074074 0.013755729166666668 0.02319537037037037
0 0.8326158854166666 0.6702518518518518 0.011065104166666668 0.02568888888888889
0 0.8722682291666667 0.8694023148148149 0.018494791666666666 0.02028611111111111
0 0.85020546875 0.8637032407407407 0.0129109375 0.019999074074074075
0 0.6162856770833333 0.7135800925925926 0.0096546875 0.02160462962962963
0 0.7938890625 0.14820324074074076 0.013819791666666666 0.031591666666666664
0 0.7364903645833334 0.12729351851851853 0.008397395833333333 0.01755
0 0.4699744791666667 0.07300092592592591 0.014948958333333335 0.018224074074074073
0 0.5146270833333333 0.5384287037037038 0.0125875 0.015746296296296296
0 0.52099765625 0.9096935185185185 0.005536979166666667 0.017535185185185185
0 0.21908776041666667 0.5548615740740741 0.013175520833333334 0.01898240740740741
0 0.04434427083333334 0.6567282407407407 0.010563541666666667 0.03382685185185185
0 0.09196744791666665 0.6295319444444445 0.005809895833333333 0.01832314814814815
0 0.030890104166666665 0.5943722222222222 0.004488541666666667 0.01467037037037037
0 0.0296859375 0.6915675925925926 0.005205208333333333 0.020172222222222223
0 0.1401140625 0.5795592592592592 0.006269791666666667 0.012822222222222223
0 0.13047526041666666 0.5546828703703703 0.016158854166666667 0.05381018518518519
0 0.50406953125 0.45279444444444444 0.012305729166666666 0.018551851851851854
0 0.16002031249999998 0.40274583333333336 0.012748958333333334 0.03141759259259259
0 0.8087916666666667 0.5740662037037036 0.006125 0.014799074074074074
0 0.9419625 0.6230143518518518 0.006841666666666666 0.02565833333333333
0 0.9144145833333333 0.43384675925925925 0.011120833333333333 0.01769351851851852
0 0.9548484375 0.33407916666666665 0.012821875 0.03667685185185185
0 0.7791953125000001 0.27878425925925926 0.007348958333333333 0.013124074074074074
1 0.5 0.4880722222222223 1.0 0.9761444444444446
0 0.34421822916666667 0.642275 0.02489479166666667 0.04566111111111111
0 0.31012734374999995 0.6628078703703704 0.03692135416666666 0.11265277777777778
0 0.47100833333333336 0.6882050925925925 0.011808333333333334 0.026410185185185186
0 0.2833690104166667 0.4311097222222222 0.013613020833333333 0.023330555555555556
0 0.8311166666666666 0.31941250000000004 0.011191666666666666 0.025862037037037038
0 0.8686484375 0.11936018518518518 0.018546875 0.020201851851851853
0 0.84611796875 0.1256 0.013069270833333334 0.019718518518518517
0 0.6142226562499999 0.28209074074074075 0.009695312499999999 0.021588888888888887
0 0.7974268229166667 0.8418476851851853 0.013603645833333334 0.031843518518518514
0 0.7401364583333333 0.8652685185185185 0.008397916666666666 0.017574074074074075
0 0.47412604166666666 0.9277171296296296 0.01491875 0.01839722222222222
0 0.5140747395833334 0.460775 0.012524479166666666 0.015994444444444447
0 0.5173994791666667 0.08927824074074074 0.0056322916666666665 0.01744537037037037
0 0.21905260416666666 0.4539166666666667 0.013105208333333333 0.018944444444444444
0 0.04313567708333333 0.3578152777777778 0.0102296875 0.034149074074074075
0 0.0903703125 0.383199537037037 0.005740625 0.018250925925925924
0 0.0303515625 0.4203152777777778 0.0044531250000000005 0.01470462962962963
0 0.02802838541666667 0.3230722222222222 0.005015104166666667 0.020218518518518518
0 0.13962812500000002 0.4313685185185185 0.006339583333333333 0.012737037037037038
0 0.13006015625 0.457425 0.0163703125 0.053738888888888885
0 0.5046091145833334 0.5470722222222222 0.012343229166666667 0.018218518518518516
0 0.16160677083333336 0.6082643518518519 0.012796875000000001 0.03134351851851852
0 0.80779375 0.4166680555555556 0.0062125 0.014817592592592592
0 0.9408872395833333 0.3628018518518519 0.0067744791666666665 0.025603703703703705
0 0.9149299479166667 0.5533527777777778 0.011109895833333333 0.017816666666666668
0 0.9569510416666667 0.6517138888888889 0.012860416666666668 0.03676111111111111
0 0.7812135416666667 0.7122305555555555 0.0072187499999999995 0.013349999999999999
