1 0.49973958333333335 0.5476851851851852 0.9994791666666667 0.9027777777777778
0 0.7231770833333333 0.7509259259259259 0.022395833333333334 0.046296296296296294
0 0.4239583333333333 0.3773148148148148 0.030208333333333334 0.03611111111111111
0 0.06875 0.3194444444444444 0.013541666666666667 0.03888888888888889
0 0.6723958333333333 0.8944444444444445 0.029166666666666667 0.05740740740740741
0 0.74296875 0.35185185185185186 0.0109375 0.02962962962962963
0 0.9125 0.6300925925925925 0.021875 0.04537037037037037
0 0.5953125 0.7027777777777777 0.007291666666666667 0.012962962962962963
0 0.64140625 0.6606481481481481 0.015104166666666667 0.019444444444444445
0 0.40260416666666665 0.8930555555555556 0.013541666666666667 0.026851851851851852
0 0.20364583333333333 0.6027777777777777 0.0125 0.022222222222222223
0 0.03359375 0.8842592592592593 0.005729166666666666 0.016666666666666666
0 0.3 0.22824074074074074 0.021875 0.025
0 0.89140625 0.7782407407407408 0.015104166666666667 0.041666666666666664
0 0.9330729166666667 0.9513888888888888 0.0109375 0.013888888888888888
0 0.9684895833333333 0.95 0.019270833333333334 0.040740740740740744
0 0.97890625 0.7111111111111111 0.0078125 0.037037037037037035
0 0.9901041666666667 0.3912037037037037 0.00625 0.05092592592592592
0 0.01875 0.5439814814814815 0.008333333333333333 0.023148148148148147
0 0.023697916666666666 0.5143518518518518 0.0140625 0.05092592592592592
0 0.20598958333333334 0.8277777777777777 0.0046875 0.020370370370370372
0 0.5028645833333333 0.9106481481481481 0.0203125 0.03981481481481482
0 0.6135416666666667 0.6453703703703704 0.011458333333333333 0.022222222222222223
0 0.7776041666666667 0.6032407407407407 0.013541666666666667 0.026851851851851852
0 0.5317708333333333 0.2902777777777778 0.030208333333333334 0.01574074074074074
0 0.41796875 0.2708333333333333 0.0078125 0.025
0 0.73046875 0.562037037037037 0.0140625 0.05
0 0.8341145833333333 0.2810185185185185 0.008854166666666666 0.012037037037037037
0 0.978125 0.7837962962962963 0.007291666666666667 0.019444444444444445
0 0.22421875 0.44074074074074077 0.008854166666666666 0.018518518518518517
0 0.10963541666666667 0.7796296296296297 0.005729166666666666 0.027777777777777776
0 0.16875 0.7824074074074074 0.005208333333333333 0.007407407407407408
0 0.0515625 0.25833333333333336 0.00625 0.012962962962962963
0 0.6729166666666667 0.13287037037037036 0.008333333333333333 0.01574074074074074
1 0.5 0.46478888888888886 1.0 0.9295777777777777
0 0.74329765625 0.32194814814814815 0.020970312499999998 0.04945185185185185
0 0.41281328125 0.5968898148148147 0.030834895833333334 0.03266851851851851
0 0.05705104166666666 0.5448337962962962 0.015143750000000001 0.03781574074074074
0 0.7058692708333333 0.16458935185185186 0.029446874999999997 0.06066018518518519
0 0.7244973958333334 0.7203865740740741 0.011494791666666667 0.029662037037037035
0 0.9189231770833334 0.4998356481481481 0.0211796875 0.045967592592592595
0 0.6135916666666666 0.3305375 0.007391666666666667 0.012926851851851853
0 0.6544932291666666 0.38537824074074073 0.015236458333333334 0.020756481481481483
0 0.4420005208333333 0.08206111111111111 0.014209375 0.027085185185185184
0 0.21857942708333333 0.30760185185185185 0.012158854166666667 0.020759259259259262
0 0.27725703124999995 0.7055430555555555 0.02118072916666667 0.02960462962962963
0 0.9127674479166666 0.34637361111111115 0.013034895833333334 0.04274722222222222
0 0.9702184895833333 0.1882787037037037 0.010228645833333333 0.015446296296296295
0 0.9923348958333332 0.44009629629629626 0.008628124999999999 0.037599999999999995
0 0.9718940104166667 0.7584092592592593 0.0073296875 0.05015185185185185
0 0.02975989583333333 0.30797731481481483 0.008478125 0.021510185185185188
0 0.0320796875 0.33775925925925926 0.017284375 0.04774074074074074
0 0.242365625 0.08656064814814815 0.006606249999999999 0.019417592592592594
0 0.5434458333333333 0.09589675925925926 0.02335 0.03438611111111111
0 0.62592421875 0.39206064814814817 0.011223437499999999 0.023010185185185186
0 0.78363046875 0.4840625 0.013094270833333333 0.025532407407407406
0 0.5109794270833333 0.7188736111111111 0.0302921875 0.013673148148148148
0 0.396478125 0.7005824074074074 0.009622916666666667 0.023387037037037036
0 0.7328273437499999 0.5101685185185185 0.017738020833333333 0.04811481481481481
0 0.8081864583333334 0.8190898148148148 0.00908125 0.014105555555555555
0 0.9976135416666666 0.36790787037037037 0.004602083333333334 0.019149074074074075
0 0.22270286458333333 0.47308796296296296 0.007905729166666667 0.01839814814814815
0 0.1419046875 0.10417731481481482 0.006726041666666667 0.02687314814814815
0 0.20136380208333332 0.11970972222222222 0.0058526041666666665 0.007937962962962963
0 0.03432760416666667 0.6001689814814815 0.006155208333333333 0.013300925925925926
0 0.6339648437500001 0.9147560185185185 0.007513020833333333 0.014697222222222221
1 0.5 0.48562037037037037 1.0 0.9712407407407407
0 0.6954229166666667 0.18490138888888888 0.025220833333333335 0.043876851851851854
0 0.4372486979166667 0.6439842592592593 0.028664062499999997 0.04167222222222222
0 0.09387473958333332 0.8101574074074074 0.0117078125 0.03883333333333333
0 0.63397265625 0.06067222222222223 0.028361979166666666 0.06023333333333334
0 0.7537468749999999 0.5712319444444445 0.010618750000000001 0.029500925925925927
0 0.8937630208333334 0.24371712962962963 0.023984375 0.04484166666666667
0 0.5739630208333334 0.27019166666666666 0.007301041666666667 0.012605555555555556
0 0.6239231770833332 0.2985851851851852 0.014513020833333333 0.01754074074074074
0 0.36533958333333333 0.14341435185185183 0.015054166666666667 0.02756944444444444
0 0.19804791666666668 0.4902087962962963 0.012762500000000001 0.023010185185185186
0 0.00288125 0.26609629629629633 0.0057625 0.017377777777777777
0 0.3288260416666667 0.8291921296296296 0.022235416666666667 0.021347222222222222
0 0.8585140625 0.10582407407407407 0.018069791666666668 0.03942592592592593
0 0.9510065104166666 0.14360046296296297 0.010346354166666665 0.035349074074074074
0 0.9934046875 0.45563148148148147 0.010767708333333332 0.05015185185185185
0 0.021652604166666665 0.6046337962962963 0.008930208333333333 0.024082407407407407
0 0.02961666666666667 0.6325611111111111 0.011316666666666668 0.054011111111111114
0 0.1778671875 0.2681615740740741 0.0036510416666666666 0.021508333333333334
0 0.46249557291666665 0.09480185185185185 0.0166578125 0.04515925925925926
0 0.5971645833333333 0.3224430555555555 0.0120375 0.02081203703703704
0 0.7630989583333334 0.31293935185185184 0.013697916666666667 0.027730555555555557
0 0.5515825520833334 0.6956680555555556 0.029206770833333333 0.02096574074074074
0 0.44190442708333333 0.7513986111111111 0.008808854166666666 0.026871296296296296
0 0.7207682291666667 0.36777546296296293 0.012369791666666666 0.050365740740740746
0 0.8503437500000001 0.611562962962963 0.009020833333333334 0.012014814814814815
0 0.9429242187500001 0.0725375 0.0077234375 0.019149074074074075
0 0.23445442708333333 0.6432976851851852 0.009533854166666666 0.01807685185185185
0 0.08861432291666667 0.345400462962963 0.0063953125 0.027837962962962964
0 0.1459528645833333 0.3238958333333333 0.004405729166666666 0.008902777777777779
0 0.08165468749999999 0.8757472222222222 0.0070593750000000005 0.012605555555555556
0 0.7062536458333334 0.8081527777777777 0.009382291666666666 0.016305555555555556
1 0.49973958333333335 0.5476851851851852 0.9994791666666667 0.9027777777777778
0 0.7231770833333333 0.7509259259259259 0.022395833333333334 0.046296296296296294
0 0.4239583333333333 0.3773148148148148 0.030208333333333334 0.03611111111111111
0 0.06875 0.3194444444444444 0.013541666666666667 0.03888888888888889
0 0.6723958333333333 0.8944444444444445 0.029166666666666667 0.05740740740740741
0 0.74296875 0.35185185185185186 0.0109375 0.02962962962962963
0 0.9125 0.6300925925925925 0.021875 0.04537037037037037
0 0.5953125 0.7027777777777777 0.007291666666666667 0.012962962962962963
0 0.64140625 0.6606481481481481 0.015104166666666667 0.019444444444444445
0 0.40260416666666665 0.8930555555555556 0.013541666666666667 0.026851851851851852
0 0.20364583333333333 0.6027777777777777 0.0125 0.022222222222222223
0 0.03359375 0.8842592592592593 0.005729166666666666 0.016666666666666666
0 0.3 0.22824074074074074 0.021875 0.025
0 0.89140625 0.7782407407407408 0.015104166666666667 0.041666666666666664
0 0.9330729166666667 0.9513888888888888 0.0109375 0.013888888888888888
0 0.9684895833333333 0.95 0.019270833333333334 0.040740740740740744
0 0.97890625 0.7111111111111111 0.0078125 0.037037037037037035
0 0.9901041666666667 0.3912037037037037 0.00625 0.05092592592592592
0 0.01875 0.5439814814814815 0.008333333333333333 0.023148148148148147
0 0.023697916666666666 0.5143518518518518 0.0140625 0.05092592592592592
0 0.20598958333333334 0.8277777777777777 0.0046875 0.020370370370370372
0 0.5028645833333333 0.9106481481481481 0.0203125 0.03981481481481482
0 0.6135416666666667 0.6453703703703704 0.011458333333333333 0.022222222222222223
0 0.7776041666666667 0.6032407407407407 0.013541666666666667 0.026851851851851852
0 0.5317708333333333 0.2902777777777778 0.030208333333333334 0.01574074074074074
0 0.41796875 0.2708333333333333 0.0078125 0.025
0 0.73046875 0.562037037037037 0.0140625 0.05
0 0.8341145833333333 0.2810185185185185 0.008854166666666666 0.012037037037037037
0 0.978125 0.7837962962962963 0.007291666666666667 0.019444444444444445
0 0.22421875 0.44074074074074077 0.008854166666666666 0.018518518518518517
0 0.10963541666666667 0.7796296296296297 0.005729166666666666 0.027777777777777776
0 0.16875 0.7824074074074074 0.005208333333333333 0.007407407407407408
0 0.0515625 0.25833333333333336 0.00625 0.012962962962962963
0 0.6729166666666667 0.13287037037037036 0.008333333333333333 0.01574074074074074
1 0.5 0.46478888888888886 1.0 0.9295777777777777
0 0.74329765625 0.32194814814814815 0.020970312499999998 0.04945185185185185
0 0.41281328125 0.5968898148148147 0.030834895833333334 0.03266851851851851
0 0.05705104166666666 0.5448337962962962 0.015143750000000001 0.03781574074074074
0 0.7058692708333333 0.16458935185185186 0.029446874999999997 0.06066018518518519
0 0.7244973958333334 0.7203865740740741 0.011494791666666667 0.029662037037037035
0 0.9189231770833334 0.4998356481481481 0.0211796875 0.045967592592592595
0 0.6135916666666666 0.3305375 0.007391666666666667 0.012926851851851853
0 0.6544932291666666 0.38537824074074073 0.015236458333333334 0.020756481481481483
0 0.4420005208333333 0.08206111111111111 0.014209375 0.027085185185185184
0 0.21857942708333333 0.30760185185185185 0.012158854166666667 0.020759259259259262
0 0.27725703124999995 0.7055430555555555 0.02118072916666667 0.02960462962962963
0 0.9127674479166666 0.34637361111111115 0.013034895833333334 0.04274722222222222
0 0.9702184895833333 0.1882787037037037 0.010228645833333333 0.015446296296296295
0 0.9923348958333332 0.44009629629629626 0.008628124999999999 0.037599999999999995
0 0.9718940104166667 0.7584092592592593 0.0073296875 0.05015185185185185
0 0.02975989583333333 0.30797731481481483 0.008478125 0.021510185185185188
0 0.0320796875 0.33775925925925926 0.017284375 0.04774074074074074
0 0.242365625 0.08656064814814815 0.006606249999999999 0.019417592592592594
0 0.5434458333333333 0.09589675925925926 0.02335 0.03438611111111111
0 0.62592421875 0.39206064814814817 0.011223437499999999 0.023010185185185186
0 0.78363046875 0.4840625 0.013094270833333333 0.025532407407407406
0 0.5109794270833333 0.7188736111111111 0.0302921875 0.013673148148148148
0 0.396478125 0.7005824074074074 0.009622916666666667 0.023387037037037036
0 0.7328273437499999 0.5101685185185185 0.017738020833333333 0.04811481481481481
0 0.8081864583333334 0.8190898148148148 0.00908125 0.014105555555555555
0 0.9976135416666666 0.36790787037037037 0.004602083333333334 0.019149074074074075
0 0.22270286458333333 0.47308796296296296 0.007905729166666667 0.01839814814814815
0 0.1419046875 0.10417731481481482 0.006726041666666667 0.02687314814814815
0 0.20136380208333332 0.11970972222222222 0.0058526041666666665 0.007937962962962963
0 0.03432760416666667 0.6001689814814815 0.006155208333333333 0.013300925925925926
0 0.6339648437500001 0.9147560185185185 0.007513020833333333 0.014697222222222221
1 0.5 0.48562037037037037 1.0 0.9712407407407407
0 0.6954229166666667 0.18490138888888888 0.025220833333333335 0.043876851851851854
0 0.4372486979166667 0.6439842592592593 0.028664062499999997 0.04167222222222222
0 0.09387473958333332 0.8101574074074074 0.0117078125 0.03883333333333333
0 0.63397265625 0.06067222222222223 0.028361979166666666 0.06023333333333334
0 0.7537468749999999 0.5712319444444445 0.010618750000000001 0.029500925925925927
0 0.8937630208333334 0.24371712962962963 0.023984375 0.04484166666666667
0 0.5739630208333334 0.27019166666666666 0.007301041666666667 0.012605555555555556
0 0.6239231770833332 0.2985851851851852 0.014513020833333333 0.01754074074074074
0 0.36533958333333333 0.14341435185185183 0.015054166666666667 0.02756944444444444
0 0.19804791666666668 0.4902087962962963 0.012762500000000001 0.023010185185185186
0 0.00288125 0.26609629629629633 0.0057625 0.017377777777777777
0 0.3288260416666667 0.8291921296296296 0.022235416666666667 0.021347222222222222
0 0.8585140625 0.10582407407407407 0.018069791666666668 0.03942592592592593
0 0.9510065104166666 0.14360046296296297 0.010346354166666665 0.035349074074074074
0 0.9934046875 0.45563148148148147 0.010767708333333332 0.05015185185185185
0 0.021652604166666665 0.6046337962962963 0.008930208333333333 0.024082407407407407
0 0.02961666666666667 0.6325611111111111 0.011316666666666668 0.054011111111111114
0 0.1778671875 0.2681615740740741 0.0036510416666666666 0.021508333333333334
0 0.46249557291666665 0.09480185185185185 0.0166578125 0.04515925925925926
0 0.5971645833333333 0.3224430555555555 0.0120375 0.02081203703703704
0 0.7630989583333334 0.31293935185185184 0.013697916666666667 0.027730555555555557
0 0.5515825520833334 0.6956680555555556 0.029206770833333333 0.02096574074074074
0 0.44190442708333333 0.7513986111111111 0.008808854166666666 0.026871296296296296
0 0.7207682291666667 0.36777546296296293 0.012369791666666666 0.050365740740740746
0 0.8503437500000001 0.611562962962963 0.009020833333333334 0.012014814814814815
0 0.9429242187500001 0.0725375 0.0077234375 0.019149074074074075
0 0.23445442708333333 0.6432976851851852 0.009533854166666666 0.01807685185185185
0 0.08861432291666667 0.345400462962963 0.0063953125 0.027837962962962964
0 0.1459528645833333 0.3238958333333333 0.004405729166666666 0.008902777777777779
0 0.08165468749999999 0.8757472222222222 0.0070593750000000005 0.012605555555555556
0 0.7062536458333334 0.8081527777777777 0.009382291666666666 0.016305555555555556
1 0.49973958333333335 0.5476851851851852 0.9994791666666667 0.9027777777777778
0 0.7231770833333333 0.7509259259259259 0.022395833333333334 0.046296296296296294
0 0.4239583333333333 0.3773148148148148 0.030208333333333334 0.03611111111111111
0 0.06875 0.3194444444444444 0.013541666666666667 0.03888888888888889
0 0.6723958333333333 0.8944444444444445 0.029166666666666667 0.05740740740740741
0 0.74296875 0.35185185185185186 0.0109375 0.02962962962962963
0 0.9125 0.6300925925925925 0.021875 0.04537037037037037
0 0.5953125 0.7027777777777777 0.007291666666666667 0.012962962962962963
0 0.64140625 0.6606481481481481 0.015104166666666667 0.019444444444444445
0 0.40260416666666665 0.8930555555555556 0.013541666666666667 0.026851851851851852
0 0.20364583333333333 0.6027777777777777 0.0125 0.022222222222222223
0 0.03359375 0.8842592592592593 0.005729166666666666 0.016666666666666666
0 0.3 0.22824074074074074 0.021875 0.025
0 0.89140625 0.7782407407407408 0.015104166666666667 0.041666666666666664
0 0.9330729166666667 0.9513888888888888 0.0109375 0.013888888888888888
0 0.9684895833333333 0.95 0.019270833333333334 0.040740740740740744
0 0.97890625 0.7111111111111111 0.0078125 0.037037037037037035
0 0.9901041666666667 0.3912037037037037 0.00625 0.05092592592592592
0 0.01875 0.5439814814814815 0.008333333333333333 0.023148148148148147
0 0.023697916666666666 0.5143518518518518 0.0140625 0.05092592592592592
0 0.20598958333333334 0.8277777777777777 0.0046875 0.020370370370370372
0 0.5028645833333333 0.9106481481481481 0.0203125 0.03981481481481482
0 0.6135416666666667 0.6453703703703704 0.011458333333333333 0.022222222222222223
0 0.7776041666666667 0.6032407407407407 0.013541666666666667 0.026851851851851852
0 0.5317708333333333 0.2902777777777778 0.030208333333333334 0.01574074074074074
0 0.41796875 0.2708333333333333 0.0078125 0.025
0 0.73046875 0.562037037037037 0.0140625 0.05
0 0.8341145833333333 0.2810185185185185 0.008854166666666666 0.012037037037037037
0 0.978125 0.7837962962962963 0.007291666666666667 0.019444444444444445
0 0.22421875 0.44074074074074077 0.008854166666666666 0.018518518518518517
0 0.10963541666666667 0.7796296296296297 0.005729166666666666 0.027777777777777776
0 0.16875 0.7824074074074074 0.005208333333333333 0.007407407407407408
0 0.0515625 0.25833333333333336 0.00625 0.012962962962962963
0 0.6729166666666667 0.13287037037037036 0.008333333333333333 0.01574074074074074
1 0.5 0.46478888888888886 1.0 0.9295777777777777
0 0.74329765625 0.32194814814814815 0.020970312499999998 0.04945185185185185
0 0.41281328125 0.5968898148148147 0.030834895833333334 0.03266851851851851
0 0.05705104166666666 0.5448337962962962 0.015143750000000001 0.03781574074074074
0 0.7058692708333333 0.16458935185185186 0.029446874999999997 0.06066018518518519
0 0.7244973958333334 0.7203865740740741 0.011494791666666667 0.029662037037037035
0 0.9189231770833334 0.4998356481481481 0.0211796875 0.045967592592592595
0 0.6135916666666666 0.3305375 0.007391666666666667 0.012926851851851853
0 0.6544932291666666 0.38537824074074073 0.015236458333333334 0.020756481481481483
0 0.4420005208333333 0.08206111111111111 0.014209375 0.027085185185185184
0 0.21857942708333333 0.30760185185185185 0.012158854166666667 0.020759259259259262
0 0.27725703124999995 0.7055430555555555 0.02118072916666667 0.02960462962962963
0 0.9127674479166666 0.34637361111111115 0.013034895833333334 0.04274722222222222
0 0.9702184895833333 0.1882787037037037 0.010228645833333333 0.015446296296296295
0 0.9923348958333332 0.44009629629629626 0.008628124999999999 0.037599999999999995
0 0.9718940104166667 0.7584092592592593 0.0073296875 0.05015185185185185
0 0.02975989583333333 0.30797731481481483 0.008478125 0.021510185185185188
0 0.0320796875 0.33775925925925926 0.017284375 0.04774074074074074
0 0.242365625 0.08656064814814815 0.006606249999999999 0.019417592592592594
0 0.5434458333333333 0.09589675925925926 0.02335 0.03438611111111111
0 0.62592421875 0.39206064814814817 0.011223437499999999 0.023010185185185186
0 0.78363046875 0.4840625 0.013094270833333333 0.025532407407407406
0 0.5109794270833333 0.7188736111111111 0.0302921875 0.013673148148148148
0 0.396478125 0.7005824074074074 0.009622916666666667 0.023387037037037036
0 0.7328273437499999 0.5101685185185185 0.017738020833333333 0.04811481481481481
0 0.8081864583333334 0.8190898148148148 0.00908125 0.014105555555555555
0 0.9976135416666666 0.36790787037037037 0.004602083333333334 0.019149074074074075
0 0.22270286458333333 0.47308796296296296 0.007905729166666667 0.01839814814814815
0 0.1419046875 0.10417731481481482 0.006726041666666667 0.02687314814814815
0 0.20136380208333332 0.11970972222222222 0.0058526041666666665 0.007937962962962963
0 0.03432760416666667 0.6001689814814815 0.006155208333333333 0.013300925925925926
0 0.6339648437500001 0.9147560185185185 0.007513020833333333 0.014697222222222221
1 0.5 0.48562037037037037 1.0 0.9712407407407407
0 0.6954229166666667 0.18490138888888888 0.025220833333333335 0.043876851851851854
0 0.4372486979166667 0.6439842592592593 0.028664062499999997 0.04167222222222222
0 0.09387473958333332 0.8101574074074074 0.0117078125 0.03883333333333333
0 0.63397265625 0.06067222222222223 0.028361979166666666 0.06023333333333334
0 0.7537468749999999 0.5712319444444445 0.010618750000000001 0.029500925925925927
0 0.8937630208333334 0.24371712962962963 0.023984375 0.04484166666666667
0 0.5739630208333334 0.27019166666666666 0.007301041666666667 0.012605555555555556
0 0.6239231770833332 0.2985851851851852 0.014513020833333333 0.01754074074074074
0 0.36533958333333333 0.14341435185185183 0.015054166666666667 0.02756944444444444
0 0.19804791666666668 0.4902087962962963 0.012762500000000001 0.023010185185185186
0 0.00288125 0.26609629629629633 0.0057625 0.017377777777777777
0 0.3288260416666667 0.8291921296296296 0.022235416666666667 0.021347222222222222
0 0.8585140625 0.10582407407407407 0.018069791666666668 0.03942592592592593
0 0.9510065104166666 0.14360046296296297 0.010346354166666665 0.035349074074074074
0 0.9934046875 0.45563148148148147 0.010767708333333332 0.05015185185185185
0 0.021652604166666665 0.6046337962962963 0.008930208333333333 0.024082407407407407
0 0.02961666666666667 0.6325611111111111 0.011316666666666668 0.054011111111111114
0 0.1778671875 0.2681615740740741 0.0036510416666666666 0.021508333333333334
0 0.46249557291666665 0.09480185185185185 0.0166578125 0.04515925925925926
0 0.5971645833333333 0.3224430555555555 0.0120375 0.02081203703703704
0 0.7630989583333334 0.31293935185185184 0.013697916666666667 0.027730555555555557
0 0.5515825520833334 0.6956680555555556 0.029206770833333333 0.02096574074074074
0 0.44190442708333333 0.7513986111111111 0.008808854166666666 0.026871296296296296
0 0.7207682291666667 0.36777546296296293 0.012369791666666666 0.050365740740740746
0 0.8503437500000001 0.611562962962963 0.009020833333333334 0.012014814814814815
0 0.9429242187500001 0.0725375 0.0077234375 0.019149074074074075
0 0.23445442708333333 0.6432976851851852 0.009533854166666666 0.01807685185185185
0 0.08861432291666667 0.345400462962963 0.0063953125 0.027837962962962964
0 0.1459528645833333 0.3238958333333333 0.004405729166666666 0.008902777777777779
0 0.08165468749999999 0.8757472222222222 0.0070593750000000005 0.012605555555555556
0 0.7062536458333334 0.8081527777777777 0.009382291666666666 0.016305555555555556
