1 0.5 0.46870416666666664 1.0 0.9374083333333333
0 0.06914140625 0.10274212962962963 0.008074479166666667 0.016595370370370368
0 0.026064583333333332 0.16197314814814817 0.006295833333333333 0.022094444444444444
0 0.014685677083333333 0.3049060185185185 0.008538020833333333 0.024626851851851855
0 0.16005546875 0.24080833333333332 0.005527604166666667 0.007542592592592593
0 0.20090625 0.06907916666666668 0.018479166666666665 0.03445462962962963
0 0.21824921875 0.04601759259259259 0.010456770833333334 0.014257407407407408
0 0.25214635416666664 0.08424768518518519 0.0074177083333333334 0.01664351851851852
0 0.21567447916666668 0.2800625 0.007390625 0.00827314814814815
0 0.3050515625 0.3340310185185185 0.008019791666666666 0.014358333333333332
0 0.23111822916666666 0.6970699074074075 0.03619479166666666 0.0719175925925926
0 0.2597265625 0.664437962962963 0.007994791666666666 0.015912962962962962
0 0.2921825520833333 0.6963550925925925 0.007281770833333334 0.02048796296296296
0 0.14517005208333333 0.6043546296296296 0.007006770833333333 0.00870925925925926
0 0.11684973958333332 0.6391662037037037 0.011824479166666667 0.022776851851851854
0 0.12237786458333333 0.6645578703703704 0.0062140625 0.01800462962962963
0 0.13667109375 0.6925092592592592 0.009800520833333333 0.012796296296296297
0 0.7878239583333334 0.8541583333333334 0.006897916666666667 0.047205555555555556
0 0.9206864583333334 0.7541958333333334 0.01533125 0.025058333333333332
0 0.8943609375 0.6243726851851852 0.009555208333333334 0.024671296296296295
0 0.9310265624999999 0.6468962962962963 0.005803125 0.012311111111111111
0 0.8918671875 0.8008166666666666 0.0076927083333333335 0.014596296296296296
0 0.95538984375 0.8444523148148149 0.0139046875 0.024089814814814814
0 0.9476781249999999 0.42335231481481483 0.00785625 0.020778703703703702
0 0.8017114583333333 0.35241805555555555 0.023214583333333334 0.028910185185185185
0 0.8419546875 0.3598513888888889 0.01932604166666667 0.027110185185185185
0 0.8417276041666667 0.39141342592592593 0.010538541666666668 0.012456481481481482
0 0.8430596354166667 0.40740000000000004 0.006952604166666667 0.011096296296296297
0 0.8533643229166666 0.4359314814814815 0.0108953125 0.014455555555555555
0 0.8719252604166667 0.39136898148148147 0.006350520833333333 0.0068120370370370375
0 0.8573497395833333 0.3048546296296296 0.014699479166666666 0.02822777777777778
0 0.8063924479166666 0.2275939814814815 0.012784895833333334 0.02000277777777778
0 0.6501684895833333 0.38307129629629627 0.012836979166666667 0.025401851851851853
0 0.6180263020833333 0.3356092592592592 0.03709427083333334 0.05084814814814814
0 0.6056408854166667 0.3710416666666667 0.0091984375 0.014305555555555556
0 0.6649916666666668 0.35652361111111114 0.0049833333333333335 0.009343518518518518
0 0.7222268229166667 0.3449476851851852 0.005911979166666667 0.012117592592592593
0 0.7755567708333333 0.16266018518518519 0.007363541666666667 0.01420925925925926
0 0.9864541666666666 0.30695787037037037 0.006241666666666667 0.015767592592592593
0 0.49927369791666665 0.5076351851851851 0.019380729166666666 0.02452962962962963
0 0.57626484375 0.4076384259259259 0.012946354166666667 0.0171287037037037
0 0.5700197916666667 0.5011356481481481 0.005664583333333333 0.015234259259259258
0 0.46252473958333334 0.1226314814814815 0.021924479166666667 0.03970740740740741
1 0.49973958333333335 0.5314814814814814 0.9994791666666667 0.9351851851851852
0 0.05807291666666667 0.8564814814814815 0.0078125 0.016666666666666666
0 0.016666666666666666 0.7935185185185185 0.00625 0.022222222222222223
0 0.009635416666666667 0.649537037037037 0.0078125 0.025
0 0.15267083333333334 0.7268518518518519 0.0053416666666666664 0.007407407407407408
0 0.18854166666666666 0.9023148148148148 0.01875 0.03425925925925926
0 0.20520833333333333 0.9273148148148148 0.010416666666666666 0.013888888888888888
0 0.24010416666666667 0.8916666666666667 0.007291666666666667 0.016666666666666666
0 0.07369791666666667 0.9736111111111111 0.0046875 0.013888888888888888
0 0.209375 0.6930555555555555 0.007291666666666667 0.008333333333333333
0 0.20911458333333333 0.9935185185185185 0.0109375 0.011111111111111112
0 0.30026041666666664 0.6472222222222223 0.0078125 0.014814814814814815
0 0.23697916666666666 0.27824074074074073 0.0375 0.06944444444444445
0 0.26510416666666664 0.31342592592592594 0.008333333333333333 0.01574074074074074
0 0.2984375 0.28425925925925927 0.007291666666666667 0.020370370370370372
0 0.14869791666666668 0.3625 0.0067708333333333336 0.008333333333333333
0 0.12135416666666667 0.32546296296296295 0.011458333333333333 0.023148148148148147
0 0.128125 0.300462962962963 0.00625 0.017592592592592594
0 0.14296875 0.27361111111111114 0.009895833333333333 0.012037037037037037
0 0.79765625 0.1736111111111111 0.0067708333333333336 0.04722222222222222
0 0.9276041666666667 0.2851851851851852 0.015625 0.024074074074074074
0 0.89765625 0.41203703703703703 0.009895833333333333 0.024074074074074074
0 0.9346354166666667 0.39305555555555555 0.005729166666666666 0.012037037037037037
0 0.9002604166666667 0.23564814814814813 0.0078125 0.013888888888888888
0 0.9651041666666667 0.19814814814814816 0.013541666666666667 0.024074074074074074
0 0.9450520833333333 0.6185185185185185 0.0078125 0.020370370370370372
0 0.7971354166666667 0.675 0.0234375 0.02962962962962963
0 0.8372395833333334 0.6722222222222223 0.019270833333333334 0.027777777777777776
0 0.8380208333333333 0.6402777777777777 0.010416666666666666 0.012037037037037037
0 0.83984375 0.625 0.0067708333333333336 0.011111111111111112
0 0.85078125 0.5972222222222222 0.0109375 0.014814814814814815
0 0.8682291666666667 0.6430555555555556 0.00625 0.006481481481481481
0 0.8510416666666667 0.7282407407407407 0.014583333333333334 0.028703703703703703
0 0.7981770833333334 0.8009259259259259 0.013020833333333334 0.020370370370370372
0 0.646875 0.6300925925925925 0.0125 0.025
0 0.6130208333333333 0.6754629629629629 0.0375 0.049074074074074076
0 0.6015625 0.638425925925926 0.009375 0.013888888888888888
0 0.6604166666666667 0.6592592592592592 0.005208333333333333 0.009259259259259259
0 0.7174479166666666 0.6754629629629629 0.005729166666666666 0.012037037037037037
0 0.7651041666666667 0.8625 0.007291666666666667 0.013888888888888888
0 0.9802083333333333 0.7384259259259259 0.00625 0.01574074074074074
0 0.49973958333333335 0.49212962962962964 0.019270833333333334 0.025
0 0.5734375 0.5990740740740741 0.0125 0.016666666666666666
0 0.5697916666666667 0.5050925925925925 0.005208333333333333 0.01574074074074074
0 0.4513020833333333 0.8731481481481481 0.021354166666666667 0.03888888888888889
1 0.5 0.47087083333333335 1.0 0.9417416666666667
0 0.05126328125 0.1714203703703704 0.007734895833333334 0.016914814814814817
0 0.01104453125 0.23613657407407407 0.0064640625 0.02227314814814815
0 0.0069471354166666666 0.38125324074074074 0.007644270833333333 0.025469444444444447
0 0.14846536458333331 0.2944907407407408 0.0052640625 0.0075
0 0.18080520833333333 0.11703842592592592 0.018902083333333333 0.03407685185185185
0 0.19685364583333334 0.09107037037037037 0.010373958333333332 0.013622222222222221
0 0.23288307291666666 0.1249949074074074 0.0074328125 0.016656481481481484
0 0.06470598958333333 0.05338194444444445 0.0044119791666666665 0.014171296296296296
0 0.205690625 0.32472824074074075 0.007214583333333333 0.008715740740740741
0 0.19973619791666666 0.024393981481481482 0.010930729166666665 0.011750925925925927
0 0.29758125 0.36495555555555553 0.0076625 0.015096296296296295
0 0.24155260416666666 0.738474537037037 0.038313541666666666 0.06768981481481481
0 0.2688565104166667 0.7013194444444444 0.008546354166666666 0.015601851851851853
0 0.30273828125 0.7277231481481482 0.007559895833333333 0.02026111111111111
0 0.1517390625 0.6590037037037038 0.0066031250000000005 0.008748148148148149
0 0.12486927083333334 0.6977912037037037 0.011196875 0.023360185185185185
0 0.13243515625 0.7225342592592593 0.006536979166666667 0.017290740740740742
0 0.14775312499999999 0.7484782407407408 0.010089583333333334 0.011771296296296295
0 0.8038588541666667 0.8078398148148148 0.006676041666666666 0.04716111111111111
0 0.9313361979166667 0.6876162037037037 0.01579739583333333 0.023380555555555557
0 0.8993247395833334 0.5628912037037037 0.0101078125 0.023930555555555556
0 0.9367442708333333 0.5800888888888889 0.005780208333333333 0.01202962962962963
0 0.9050817708333334 0.7391050925925926 0.008080208333333333 0.013395370370370372
0 0.9707020833333334 0.7731245370370371 0.013279166666666667 0.024026851851851855
0 0.9424273437499999 0.3536976851851852 0.007771354166666666 0.020358333333333332
0 0.7935460937500001 0.30669861111111113 0.02355052083333333 0.03006388888888889
0 0.8335606770833334 0.30668287037037034 0.019204687499999998 0.028180555555555556
0 0.8353679687500001 0.3385675925925926 0.010319270833333333 0.01232037037037037
0 0.8371739583333333 0.353700462962963 0.006639583333333333 0.01110462962962963
0 0.8487763020833333 0.3806643518518519 0.011094270833333333 0.015032407407407408
0 0.8650658854166667 0.33379444444444445 0.0061734375 0.0064777777777777785
0 0.8463041666666666 0.24967361111111108 0.014483333333333332 0.028976851851851854
0 0.7919958333333333 0.1806625 0.013158333333333333 0.02058425925925926
0 0.6441942708333334 0.360624537037037 0.012346875 0.02495277777777778
0 0.6094817708333333 0.3174268518518519 0.03771354166666666 0.04781666666666667
0 0.5990098958333333 0.35494305555555555 0.009478125 0.013589814814814815
0 0.6573627604166667 0.33064953703703703 0.005350520833333333 0.009447222222222221
0 0.71373671875 0.31070925925925924 0.0055984375 0.012159259259259259
0 0.7577830729166667 0.12164212962962964 0.0072328125000000005 0.01365462962962963
0 0.9749981770833334 0.2319236111111111 0.0062463541666666665 0.015699074074074074
0 0.4997700520833333 0.5080083333333333 0.01933177083333333 0.025275925925925924
0 0.5711958333333332 0.3964851851851852 0.012183333333333332 0.017044444444444445
0 0.569771875 0.4904347222222222 0.00516875 0.016054629629629627
0 0.44380390625000005 0.1297634259259259 0.020941145833333334 0.03915648148148148
1 0.5 0.46870416666666664 1.0 0.9374083333333333
0 0.06914140625 0.10274212962962963 0.008074479166666667 0.016595370370370368
0 0.026064583333333332 0.16197314814814817 0.006295833333333333 0.022094444444444444
0 0.014685677083333333 0.3049060185185185 0.008538020833333333 0.024626851851851855
0 0.16005546875 0.24080833333333332 0.005527604166666667 0.007542592592592593
0 0.20090625 0.06907916666666668 0.018479166666666665 0.03445462962962963
0 0.21824921875 0.04601759259259259 0.010456770833333334 0.014257407407407408
0 0.25214635416666664 0.08424768518518519 0.0074177083333333334 0.01664351851851852
0 0.21567447916666668 0.2800625 0.007390625 0.00827314814814815
0 0.3050515625 0.3340310185185185 0.008019791666666666 0.014358333333333332
0 0.23111822916666666 0.6970699074074075 0.03619479166666666 0.0719175925925926
0 0.2597265625 0.664437962962963 0.007994791666666666 0.015912962962962962
0 0.2921825520833333 0.6963550925925925 0.007281770833333334 0.02048796296296296
0 0.14517005208333333 0.6043546296296296 0.007006770833333333 0.00870925925925926
0 0.11684973958333332 0.6391662037037037 0.011824479166666667 0.022776851851851854
0 0.12237786458333333 0.6645578703703704 0.0062140625 0.01800462962962963
0 0.13667109375 0.6925092592592592 0.009800520833333333 0.012796296296296297
0 0.7878239583333334 0.8541583333333334 0.006897916666666667 0.047205555555555556
0 0.9206864583333334 0.7541958333333334 0.01533125 0.025058333333333332
0 0.8943609375 0.6243726851851852 0.009555208333333334 0.024671296296296295
0 0.9310265624999999 0.6468962962962963 0.005803125 0.012311111111111111
0 0.8918671875 0.8008166666666666 0.0076927083333333335 0.014596296296296296
0 0.95538984375 0.8444523148148149 0.0139046875 0.024089814814814814
0 0.9476781249999999 0.42335231481481483 0.00785625 0.020778703703703702
0 0.8017114583333333 0.35241805555555555 0.023214583333333334 0.028910185185185185
0 0.8419546875 0.3598513888888889 0.01932604166666667 0.027110185185185185
0 0.8417276041666667 0.39141342592592593 0.010538541666666668 0.012456481481481482
0 0.8430596354166667 0.40740000000000004 0.006952604166666667 0.011096296296296297
0 0.8533643229166666 0.4359314814814815 0.0108953125 0.014455555555555555
0 0.8719252604166667 0.39136898148148147 0.006350520833333333 0.0068120370370370375
0 0.8573497395833333 0.3048546296296296 0.014699479166666666 0.02822777777777778
0 0.8063924479166666 0.2275939814814815 0.012784895833333334 0.02000277777777778
0 0.6501684895833333 0.38307129629629627 0.012836979166666667 0.025401851851851853
0 0.6180263020833333 0.3356092592592592 0.03709427083333334 0.05084814814814814
0 0.6056408854166667 0.3710416666666667 0.0091984375 0.014305555555555556
0 0.6649916666666668 0.35652361111111114 0.0049833333333333335 0.009343518518518518
0 0.7222268229166667 0.3449476851851852 0.005911979166666667 0.012117592592592593
0 0.7755567708333333 0.16266018518518519 0.007363541666666667 0.01420925925925926
0 0.9864541666666666 0.30695787037037037 0.006241666666666667 0.015767592592592593
0 0.49927369791666665 0.5076351851851851 0.019380729166666666 0.02452962962962963
0 0.57626484375 0.4076384259259259 0.012946354166666667 0.0171287037037037
0 0.5700197916666667 0.5011356481481481 0.005664583333333333 0.015234259259259258
0 0.46252473958333334 0.1226314814814815 0.021924479166666667 0.03970740740740741
1 0.49973958333333335 0.5314814814814814 0.9994791666666667 0.9351851851851852
0 0.05807291666666667 0.8564814814814815 0.0078125 0.016666666666666666
0 0.016666666666666666 0.7935185185185185 0.00625 0.022222222222222223
0 0.009635416666666667 0.649537037037037 0.0078125 0.025
0 0.15267083333333334 0.7268518518518519 0.0053416666666666664 0.007407407407407408
0 0.18854166666666666 0.9023148148148148 0.01875 0.03425925925925926
0 0.20520833333333333 0.9273148148148148 0.010416666666666666 0.013888888888888888
0 0.24010416666666667 0.8916666666666667 0.007291666666666667 0.016666666666666666
0 0.07369791666666667 0.9736111111111111 0.0046875 0.013888888888888888
0 0.209375 0.6930555555555555 0.007291666666666667 0.008333333333333333
0 0.20911458333333333 0.9935185185185185 0.0109375 0.011111111111111112
0 0.30026041666666664 0.6472222222222223 0.0078125 0.014814814814814815
0 0.23697916666666666 0.27824074074074073 0.0375 0.06944444444444445
0 0.26510416666666664 0.31342592592592594 0.008333333333333333 0.01574074074074074
0 0.2984375 0.28425925925925927 0.007291666666666667 0.020370370370370372
0 0.14869791666666668 0.3625 0.0067708333333333336 0.008333333333333333
0 0.12135416666666667 0.32546296296296295 0.011458333333333333 0.023148148148148147
0 0.128125 0.300462962962963 0.00625 0.017592592592592594
0 0.14296875 0.27361111111111114 0.009895833333333333 0.012037037037037037
0 0.79765625 0.1736111111111111 0.0067708333333333336 0.04722222222222222
0 0.9276041666666667 0.2851851851851852 0.015625 0.024074074074074074
0 0.89765625 0.41203703703703703 0.009895833333333333 0.024074074074074074
0 0.9346354166666667 0.39305555555555555 0.005729166666666666 0.012037037037037037
0 0.9002604166666667 0.23564814814814813 0.0078125 0.013888888888888888
0 0.9651041666666667 0.19814814814814816 0.013541666666666667 0.024074074074074074
0 0.9450520833333333 0.6185185185185185 0.0078125 0.020370370370370372
0 0.7971354166666667 0.675 0.0234375 0.02962962962962963
0 0.8372395833333334 0.6722222222222223 0.019270833333333334 0.027777777777777776
0 0.8380208333333333 0.6402777777777777 0.010416666666666666 0.012037037037037037
0 0.83984375 0.625 0.0067708333333333336 0.011111111111111112
0 0.85078125 0.5972222222222222 0.0109375 0.014814814814814815
0 0.8682291666666667 0.6430555555555556 0.00625 0.006481481481481481
0 0.8510416666666667 0.7282407407407407 0.014583333333333334 0.028703703703703703
0 0.7981770833333334 0.8009259259259259 0.013020833333333334 0.020370370370370372
0 0.646875 0.6300925925925925 0.0125 0.025
0 0.6130208333333333 0.6754629629629629 0.0375 0.049074074074074076
0 0.6015625 0.638425925925926 0.009375 0.013888888888888888
0 0.6604166666666667 0.6592592592592592 0.005208333333333333 0.009259259259259259
0 0.7174479166666666 0.6754629629629629 0.005729166666666666 0.012037037037037037
0 0.7651041666666667 0.8625 0.007291666666666667 0.013888888888888888
0 0.9802083333333333 0.7384259259259259 0.00625 0.01574074074074074
0 0.49973958333333335 0.49212962962962964 0.019270833333333334 0.025
0 0.5734375 0.5990740740740741 0.0125 0.016666666666666666
0 0.5697916666666667 0.5050925925925925 0.005208333333333333 0.01574074074074074
0 0.4513020833333333 0.8731481481481481 0.021354166666666667 0.03888888888888889
1 0.5 0.47087083333333335 1.0 0.9417416666666667
0 0.05126328125 0.1714203703703704 0.007734895833333334 0.016914814814814817
0 0.01104453125 0.23613657407407407 0.0064640625 0.02227314814814815
0 0.0069471354166666666 0.38125324074074074 0.007644270833333333 0.025469444444444447
0 0.14846536458333331 0.2944907407407408 0.0052640625 0.0075
0 0.18080520833333333 0.11703842592592592 0.018902083333333333 0.03407685185185185
0 0.19685364583333334 0.09107037037037037 0.010373958333333332 0.013622222222222221
0 0.23288307291666666 0.1249949074074074 0.0074328125 0.016656481481481484
0 0.06470598958333333 0.05338194444444445 0.0044119791666666665 0.014171296296296296
0 0.205690625 0.32472824074074075 0.007214583333333333 0.008715740740740741
0 0.19973619791666666 0.024393981481481482 0.010930729166666665 0.011750925925925927
0 0.29758125 0.36495555555555553 0.0076625 0.015096296296296295
0 0.24155260416666666 0.738474537037037 0.038313541666666666 0.06768981481481481
0 0.2688565104166667 0.7013194444444444 0.008546354166666666 0.015601851851851853
0 0.30273828125 0.7277231481481482 0.007559895833333333 0.02026111111111111
0 0.1517390625 0.6590037037037038 0.0066031250000000005 0.008748148148148149
0 0.12486927083333334 0.6977912037037037 0.011196875 0.023360185185185185
0 0.13243515625 0.7225342592592593 0.006536979166666667 0.017290740740740742
0 0.14775312499999999 0.7484782407407408 0.010089583333333334 0.011771296296296295
0 0.8038588541666667 0.8078398148148148 0.006676041666666666 0.04716111111111111
0 0.9313361979166667 0.6876162037037037 0.01579739583333333 0.023380555555555557
0 0.8993247395833334 0.5628912037037037 0.0101078125 0.023930555555555556
0 0.9367442708333333 0.5800888888888889 0.005780208333333333 0.01202962962962963
0 0.9050817708333334 0.7391050925925926 0.008080208333333333 0.013395370370370372
0 0.9707020833333334 0.7731245370370371 0.013279166666666667 0.024026851851851855
0 0.9424273437499999 0.3536976851851852 0.007771354166666666 0.020358333333333332
0 0.7935460937500001 0.30669861111111113 0.02355052083333333 0.03006388888888889
0 0.8335606770833334 0.30668287037037034 0.019204687499999998 0.028180555555555556
0 0.8353679687500001 0.3385675925925926 0.010319270833333333 0.01232037037037037
0 0.8371739583333333 0.353700462962963 0.006639583333333333 0.01110462962962963
0 0.8487763020833333 0.3806643518518519 0.011094270833333333 0.015032407407407408
0 0.8650658854166667 0.33379444444444445 0.0061734375 0.0064777777777777785
0 0.8463041666666666 0.24967361111111108 0.014483333333333332 0.028976851851851854
0 0.7919958333333333 0.1806625 0.013158333333333333 0.02058425925925926
0 0.6441942708333334 0.360624537037037 0.012346875 0.02495277777777778
0 0.6094817708333333 0.3174268518518519 0.03771354166666666 0.04781666666666667
0 0.5990098958333333 0.35494305555555555 0.009478125 0.013589814814814815
0 0.6573627604166667 0.33064953703703703 0.005350520833333333 0.009447222222222221
0 0.71373671875 0.31070925925925924 0.0055984375 0.012159259259259259
0 0.7577830729166667 0.12164212962962964 0.0072328125000000005 0.01365462962962963
0 0.9749981770833334 0.2319236111111111 0.0062463541666666665 0.015699074074074074
0 0.4997700520833333 0.5080083333333333 0.01933177083333333 0.025275925925925924
0 0.5711958333333332 0.3964851851851852 0.012183333333333332 0.017044444444444445
0 0.569771875 0.4904347222222222 0.00516875 0.016054629629629627
0 0.44380390625000005 0.1297634259259259 0.020941145833333334 0.03915648148148148
