1 0.4903783854166667 0.5014078703703704 0.9807567708333333 0.9972601851851851
0 0.6514127604166667 0.10542268518518519 0.017408854166666664 0.03306759259259259
0 0.6137713541666667 0.3157148148148148 0.016084375 0.024022222222222223
0 0.6689781250000001 0.36917824074074074 0.02128958333333333 0.03835648148148148
0 0.58361640625 0.47185787037037036 0.0266078125 0.047419444444444445
0 0.35323671875 0.19999259259259258 0.008556770833333333 0.012948148148148148
0 0.35509687500000003 0.34099722222222223 0.017485416666666666 0.022735185185185185
0 0.04048645833333333 0.9753050925925927 0.012222916666666667 0.048758333333333334
1 0.5104166666666666 0.5208333333333334 0.978125 0.9564814814814815
0 0.31614583333333335 0.1527777777777778 0.017708333333333333 0.03333333333333333
0 0.37135416666666665 0.3486111111111111 0.015625 0.025
0 0.321875 0.41759259259259257 0.01875 0.040740740740740744
0 0.41510416666666666 0.49583333333333335 0.029166666666666667 0.04537037037037037
0 0.61875 0.16296296296296298 0.008333333333333333 0.012962962962962963
0 0.62890625 0.30277777777777776 0.019270833333333334 0.018518518518518517
0 0.9479166666666666 0.9 0.014583333333333334 0.037037037037037035
0 0.9953125 0.8416666666666667 0.008333333333333333 0.05
1 0.48972656249999996 0.4808175925925926 0.9794531249999999 0.9616351851851852
0 0.6937515624999999 0.828874537037037 0.017711458333333333 0.033675
0 0.6328427083333333 0.6395041666666667 0.015685416666666667 0.025304629629629632
0 0.6803075520833333 0.5661490740740741 0.017906770833333332 0.041557407407407404
0 0.5847229166666666 0.49643750000000003 0.0298625 0.04472685185185185
0 0.39108567708333336 0.8474314814814815 0.008213020833333333 0.013381481481481482
0 0.37706875 0.7087134259259259 0.019762500000000002 0.017426851851851853
0 0.040641145833333336 0.1418837962962963 0.014615625 0.037471296296296294
1 0.4903783854166667 0.5014078703703704 0.9807567708333333 0.9972601851851851
0 0.6514127604166667 0.10542268518518519 0.017408854166666664 0.03306759259259259
0 0.6137713541666667 0.3157148148148148 0.016084375 0.024022222222222223
0 0.6689781250000001 0.36917824074074074 0.02128958333333333 0.03835648148148148
0 0.58361640625 0.47185787037037036 0.0266078125 0.047419444444444445
0 0.35323671875 0.19999259259259258 0.008556770833333333 0.012948148148148148
0 0.35509687500000003 0.34099722222222223 0.017485416666666666 0.022735185185185185
0 0.04048645833333333 0.9753050925925927 0.012222916666666667 0.048758333333333334
1 0.5104166666666666 0.5208333333333334 0.978125 0.9564814814814815
0 0.31614583333333335 0.1527777777777778 0.017708333333333333 0.03333333333333333
0 0.37135416666666665 0.3486111111111111 0.015625 0.025
0 0.321875 0.41759259259259257 0.01875 0.040740740740740744
0 0.41510416666666666 0.49583333333333335 0.029166666666666667 0.04537037037037037
0 0.61875 0.16296296296296298 0.008333333333333333 0.012962962962962963
0 0.62890625 0.30277777777777776 0.019270833333333334 0.018518518518518517
0 0.9479166666666666 0.9 0.014583333333333334 0.037037037037037035
0 0.9953125 0.8416666666666667 0.008333333333333333 0.05
1 0.48972656249999996 0.4808175925925926 0.9794531249999999 0.9616351851851852
0 0.6937515624999999 0.828874537037037 0.017711458333333333 0.033675
0 0.6328427083333333 0.6395041666666667 0.015685416666666667 0.025304629629629632
0 0.6803075520833333 0.5661490740740741 0.017906770833333332 0.041557407407407404
0 0.5847229166666666 0.49643750000000003 0.0298625 0.04472685185185185
0 0.39108567708333336 0.8474314814814815 0.008213020833333333 0.013381481481481482
0 0.37706875 0.7087134259259259 0.019762500000000002 0.017426851851851853
0 0.040641145833333336 0.1418837962962963 0.014615625 0.037471296296296294
1 0.4903783854166667 0.5014078703703704 0.9807567708333333 0.9972601851851851
0 0.6514127604166667 0.10542268518518519 0.017408854166666664 0.03306759259259259
0 0.6137713541666667 0.3157148148148148 0.016084375 0.024022222222222223
0 0.6689781250000001 0.36917824074074074 0.02128958333333333 0.03835648148148148
0 0.58361640625 0.47185787037037036 0.0266078125 0.047419444444444445
0 0.35323671875 0.19999259259259258 0.008556770833333333 0.012948148148148148
0 0.35509687500000003 0.34099722222222223 0.017485416666666666 0.022735185185185185
0 0.04048645833333333 0.9753050925925927 0.012222916666666667 0.048758333333333334
1 0.5104166666666666 0.5208333333333334 0.978125 0.9564814814814815
0 0.31614583333333335 0.1527777777777778 0.017708333333333333 0.03333333333333333
0 0.37135416666666665 0.3486111111111111 0.015625 0.025
0 0.321875 0.41759259259259257 0.01875 0.040740740740740744
0 0.41510416666666666 0.49583333333333335 0.029166666666666667 0.04537037037037037
0 0.61875 0.16296296296296298 0.008333333333333333 0.012962962962962963
0 0.62890625 0.30277777777777776 0.019270833333333334 0.018518518518518517
0 0.9479166666666666 0.9 0.014583333333333334 0.037037037037037035
0 0.9953125 0.8416666666666667 0.008333333333333333 0.05
1 0.48972656249999996 0.4808175925925926 0.9794531249999999 0.9616351851851852
0 0.6937515624999999 0.828874537037037 0.017711458333333333 0.033675
0 0.6328427083333333 0.6395041666666667 0.015685416666666667 0.025304629629629632
0 0.6803075520833333 0.5661490740740741 0.017906770833333332 0.041557407407407404
0 0.5847229166666666 0.49643750000000003 0.0298625 0.04472685185185185
0 0.39108567708333336 0.8474314814814815 0.008213020833333333 0.013381481481481482
0 0.37706875 0.7087134259259259 0.019762500000000002 0.017426851851851853
0 0.040641145833333336 0.1418837962962963 0.014615625 0.037471296296296294
