1 0.5 0.5201069444444445 1.0 0.9605842592592593
0 0.9141710937499999 0.4367388888888889 0.008550520833333334 0.017922222222222225
0 0.908103125 0.7192763888888889 0.01620625 0.016330555555555556
0 0.8784208333333333 0.6439694444444444 0.006841666666666666 0.015716666666666667
0 0.88410859375 0.7710671296296296 0.007800520833333334 0.006949074074074074
0 0.79616015625 0.9887541666666666 0.007945312500000001 0.012693518518518519
0 0.6792367187499999 0.9247898148148148 0.006390104166666666 0.016246296296296297
0 0.32188932291666666 0.47372037037037035 0.009403645833333333 0.030774074074074072
0 0.22034609375 0.48753564814814815 0.0063171875 0.017663888888888892
0 0.12972187500000001 0.7458824074074074 0.013610416666666668 0.019542592592592594
0 0.07543072916666667 0.8539912037037037 0.009194791666666667 0.020945370370370368
0 0.0387859375 0.7732916666666666 0.009863541666666666 0.020657407407407406
1 0.5 0.48029212962962964 1.0 0.9605842592592593
0 0.9141710937499999 0.5635907407407408 0.008550520833333334 0.017922222222222225
0 0.908103125 0.28038749999999996 0.01620625 0.016330555555555556
0 0.8784208333333333 0.3560064814814815 0.006841666666666666 0.015716666666666667
0 0.88410859375 0.22847453703703705 0.007800520833333334 0.006949074074074074
0 0.79616015625 0.010976388888888888 0.007945312500000001 0.012693518518518519
0 0.6792367187499999 0.07571574074074074 0.006390104166666666 0.016246296296296297
0 0.32188932291666666 0.5264981481481482 0.009403645833333333 0.030774074074074072
0 0.22034609375 0.5125356481481481 0.0063171875 0.017663888888888892
0 0.12972187500000001 0.2542157407407407 0.013610416666666668 0.019542592592592594
0 0.07543072916666667 0.14565787037037037 0.009194791666666667 0.020945370370370368
0 0.0387859375 0.22606944444444443 0.009863541666666666 0.020657407407407406
1 0.49973958333333335 0.524074074074074 0.9994791666666667 0.95
0 0.9049479166666666 0.3351851851851852 0.008854166666666666 0.016666666666666666
0 0.9216145833333333 0.6166666666666667 0.016145833333333335 0.014814814814814815
0 0.8859375 0.549537037037037 0.00625 0.01574074074074074
0 0.9015625 0.6731481481481482 0.007291666666666667 0.007407407407407408
0 0.9135416666666667 0.9490740740740741 0.007291666666666667 0.012962962962962963
0 0.8544270833333333 0.9717592592592592 0.0067708333333333336 0.019444444444444445
0 0.8317708333333333 0.9106481481481481 0.007291666666666667 0.012037037037037037
0 0.8200520833333333 0.9643518518518519 0.011979166666666667 0.006481481481481481
0 0.7109375 0.8759259259259259 0.005208333333333333 0.016666666666666666
0 0.9278645833333333 0.9055555555555556 0.0078125 0.020370370370370372
0 0.5627604166666667 0.9930555555555556 0.0140625 0.012037037037037037
0 0.3216145833333333 0.5180555555555556 0.008854166666666666 0.030555555555555555
0 0.221875 0.5560185185185185 0.005208333333333333 0.017592592592592594
0 0.15260416666666668 0.8347222222222223 0.0125 0.021296296296296296
0 0.10729166666666666 0.9560185185185185 0.008333333333333333 0.021296296296296296
0 0.06458333333333334 0.8851851851851852 0.009375 0.018518518518518517
1 0.5 0.5201069444444445 1.0 0.9605842592592593
0 0.9141710937499999 0.4367388888888889 0.008550520833333334 0.017922222222222225
0 0.908103125 0.7192763888888889 0.01620625 0.016330555555555556
0 0.8784208333333333 0.6439694444444444 0.006841666666666666 0.015716666666666667
0 0.88410859375 0.7710671296296296 0.007800520833333334 0.006949074074074074
0 0.79616015625 0.9887541666666666 0.007945312500000001 0.012693518518518519
0 0.6792367187499999 0.9247898148148148 0.006390104166666666 0.016246296296296297
0 0.32188932291666666 0.47372037037037035 0.009403645833333333 0.030774074074074072
0 0.22034609375 0.48753564814814815 0.0063171875 0.017663888888888892
0 0.12972187500000001 0.7458824074074074 0.013610416666666668 0.019542592592592594
0 0.07543072916666667 0.8539912037037037 0.009194791666666667 0.020945370370370368
0 0.0387859375 0.7732916666666666 0.009863541666666666 0.020657407407407406
1 0.5 0.48029212962962964 1.0 0.9605842592592593
0 0.9141710937499999 0.5635907407407408 0.008550520833333334 0.017922222222222225
0 0.908103125 0.28038749999999996 0.01620625 0.016330555555555556
0 0.8784208333333333 0.3560064814814815 0.006841666666666666 0.015716666666666667
0 0.88410859375 0.22847453703703705 0.007800520833333334 0.006949074074074074
0 0.79616015625 0.010976388888888888 0.007945312500000001 0.012693518518518519
0 0.6792367187499999 0.07571574074074074 0.006390104166666666 0.016246296296296297
0 0.32188932291666666 0.5264981481481482 0.009403645833333333 0.030774074074074072
0 0.22034609375 0.5125356481481481 0.0063171875 0.017663888888888892
0 0.12972187500000001 0.2542157407407407 0.013610416666666668 0.019542592592592594
0 0.07543072916666667 0.14565787037037037 0.009194791666666667 0.020945370370370368
0 0.0387859375 0.22606944444444443 0.009863541666666666 0.020657407407407406
1 0.49973958333333335 0.524074074074074 0.9994791666666667 0.95
0 0.9049479166666666 0.3351851851851852 0.008854166666666666 0.016666666666666666
0 0.9216145833333333 0.6166666666666667 0.016145833333333335 0.014814814814814815
0 0.8859375 0.549537037037037 0.00625 0.01574074074074074
0 0.9015625 0.6731481481481482 0.007291666666666667 0.007407407407407408
0 0.9135416666666667 0.9490740740740741 0.007291666666666667 0.012962962962962963
0 0.8544270833333333 0.9717592592592592 0.0067708333333333336 0.019444444444444445
0 0.8317708333333333 0.9106481481481481 0.007291666666666667 0.012037037037037037
0 0.8200520833333333 0.9643518518518519 0.011979166666666667 0.006481481481481481
0 0.7109375 0.8759259259259259 0.005208333333333333 0.016666666666666666
0 0.9278645833333333 0.9055555555555556 0.0078125 0.020370370370370372
0 0.5627604166666667 0.9930555555555556 0.0140625 0.012037037037037037
0 0.3216145833333333 0.5180555555555556 0.008854166666666666 0.030555555555555555
0 0.221875 0.5560185185185185 0.005208333333333333 0.017592592592592594
0 0.15260416666666668 0.8347222222222223 0.0125 0.021296296296296296
0 0.10729166666666666 0.9560185185185185 0.008333333333333333 0.021296296296296296
0 0.06458333333333334 0.8851851851851852 0.009375 0.018518518518518517
