1 0.49973958333333335 0.5444444444444444 0.9994791666666667 0.9092592592592592
0 0.9627604166666667 0.4638888888888889 0.0203125 0.046296296296296294
0 0.19739583333333333 0.40879629629629627 0.016666666666666666 0.030555555555555555
0 0.21276041666666667 0.6574074074074074 0.009895833333333333 0.022222222222222223
0 0.21223958333333334 0.5879629629629629 0.016145833333333335 0.037037037037037035
0 0.23645833333333333 0.20787037037037037 0.009375 0.013888888888888888
0 0.6338541666666667 0.8032407407407407 0.022916666666666665 0.032407407407407406
0 0.5763020833333333 0.5768518518518518 0.015104166666666667 0.020370370370370372
0 0.93671875 0.4356481481481482 0.009895833333333333 0.025
0 0.2994791666666667 0.39444444444444443 0.009375 0.03148148148148148
0 0.25494791666666666 0.9787037037037037 0.0109375 0.014814814814814815
0 0.22473958333333333 0.5574074074074075 0.015104166666666667 0.05185185185185185
0 0.24661458333333333 0.5981481481481481 0.009895833333333333 0.018518518518518517
0 0.9239583333333333 0.6763888888888889 0.008333333333333333 0.03425925925925926
0 0.6966145833333334 0.5532407407407407 0.0078125 0.010185185185185186
1 0.5 0.5343356481481482 1.0 0.9316342592592592
0 0.04089322916666667 0.3917805555555555 0.02136979166666667 0.04652407407407408
0 0.8063091145833333 0.4553550925925926 0.01678489583333333 0.029228703703703705
0 0.7787414062500001 0.7011259259259259 0.009566145833333334 0.02262222222222222
0 0.7821380208333333 0.6329805555555555 0.017401041666666665 0.03633148148148148
0 0.776521875 0.24951064814814813 0.00929375 0.013836111111111112
0 0.35174479166666667 0.7812393518518519 0.022239583333333333 0.03284907407407407
0 0.4199325520833333 0.5645763888888888 0.014865104166666667 0.02174537037037037
0 0.06844921875000001 0.3676851851851852 0.010856770833333333 0.024259259259259258
0 0.7048979166666667 0.42622685185185183 0.0108375 0.03023148148148148
0 0.7715330729166666 0.5994574074074074 0.017024479166666665 0.05076666666666667
0 0.7476049479166667 0.636961574074074 0.009793229166666667 0.01836759259259259
0 0.0693671875 0.6099796296296296 0.007484375 0.03477407407407407
0 0.3013325520833333 0.5228273148148148 0.0078734375 0.010469444444444444
1 0.5 0.4582212962962963 1.0 0.9164425925925926
0 0.03798151041666666 0.5648814814814814 0.020754687499999997 0.046429629629629626
0 0.8041979166666666 0.5724333333333332 0.016729166666666666 0.030051851851851854
0 0.7840479166666667 0.3250902777777778 0.0097625 0.02240277777777778
0 0.7859356770833333 0.3943199074074074 0.016663020833333334 0.03678796296296297
0 0.7692588541666667 0.7754587962962963 0.009351041666666667 0.013880555555555556
0 0.3602916666666667 0.20519583333333333 0.02266666666666667 0.03261388888888889
0 0.42209453125 0.4280625 0.015022395833333334 0.020939814814814814
0 0.065040625 0.5910666666666666 0.010289583333333333 0.024725925925925926
0 0.70238046875 0.5932828703703704 0.009969270833333332 0.031010185185185186
0 0.7352619791666667 0.00680462962962963 0.011148958333333332 0.01360925925925926
0 0.774075 0.4257324074074074 0.015858333333333332 0.05146481481481482
0 0.751271875 0.38608935185185184 0.009835416666666668 0.018475
0 0.07275052083333335 0.3505819444444444 0.008001041666666667 0.03449722222222222
0 0.30235963541666666 0.4588578703703704 0.007844270833333333 0.010308333333333333
1 0.49973958333333335 0.5444444444444444 0.9994791666666667 0.9092592592592592
0 0.9627604166666667 0.4638888888888889 0.0203125 0.046296296296296294
0 0.19739583333333333 0.40879629629629627 0.016666666666666666 0.030555555555555555
0 0.21276041666666667 0.6574074074074074 0.009895833333333333 0.022222222222222223
0 0.21223958333333334 0.5879629629629629 0.016145833333333335 0.037037037037037035
0 0.23645833333333333 0.20787037037037037 0.009375 0.013888888888888888
0 0.6338541666666667 0.8032407407407407 0.022916666666666665 0.032407407407407406
0 0.5763020833333333 0.5768518518518518 0.015104166666666667 0.020370370370370372
0 0.93671875 0.4356481481481482 0.009895833333333333 0.025
0 0.2994791666666667 0.39444444444444443 0.009375 0.03148148148148148
0 0.25494791666666666 0.9787037037037037 0.0109375 0.014814814814814815
0 0.22473958333333333 0.5574074074074075 0.015104166666666667 0.05185185185185185
0 0.24661458333333333 0.5981481481481481 0.009895833333333333 0.018518518518518517
0 0.9239583333333333 0.6763888888888889 0.008333333333333333 0.03425925925925926
0 0.6966145833333334 0.5532407407407407 0.0078125 0.010185185185185186
1 0.5 0.5343356481481482 1.0 0.9316342592592592
0 0.04089322916666667 0.3917805555555555 0.02136979166666667 0.04652407407407408
0 0.8063091145833333 0.4553550925925926 0.01678489583333333 0.029228703703703705
0 0.7787414062500001 0.7011259259259259 0.009566145833333334 0.02262222222222222
0 0.7821380208333333 0.6329805555555555 0.017401041666666665 0.03633148148148148
0 0.776521875 0.24951064814814813 0.00929375 0.013836111111111112
0 0.35174479166666667 0.7812393518518519 0.022239583333333333 0.03284907407407407
0 0.4199325520833333 0.5645763888888888 0.014865104166666667 0.02174537037037037
0 0.06844921875000001 0.3676851851851852 0.010856770833333333 0.024259259259259258
0 0.7048979166666667 0.42622685185185183 0.0108375 0.03023148148148148
0 0.7715330729166666 0.5994574074074074 0.017024479166666665 0.05076666666666667
0 0.7476049479166667 0.636961574074074 0.009793229166666667 0.01836759259259259
0 0.0693671875 0.6099796296296296 0.007484375 0.03477407407407407
0 0.3013325520833333 0.5228273148148148 0.0078734375 0.010469444444444444
1 0.5 0.4582212962962963 1.0 0.9164425925925926
0 0.03798151041666666 0.5648814814814814 0.020754687499999997 0.046429629629629626
0 0.8041979166666666 0.5724333333333332 0.016729166666666666 0.030051851851851854
0 0.7840479166666667 0.3250902777777778 0.0097625 0.02240277777777778
0 0.7859356770833333 0.3943199074074074 0.016663020833333334 0.03678796296296297
0 0.7692588541666667 0.7754587962962963 0.009351041666666667 0.013880555555555556
0 0.3602916666666667 0.20519583333333333 0.02266666666666667 0.03261388888888889
0 0.42209453125 0.4280625 0.015022395833333334 0.020939814814814814
0 0.065040625 0.5910666666666666 0.010289583333333333 0.024725925925925926
0 0.70238046875 0.5932828703703704 0.009969270833333332 0.031010185185185186
0 0.7352619791666667 0.00680462962962963 0.011148958333333332 0.01360925925925926
0 0.774075 0.4257324074074074 0.015858333333333332 0.05146481481481482
0 0.751271875 0.38608935185185184 0.009835416666666668 0.018475
0 0.07275052083333335 0.3505819444444444 0.008001041666666667 0.03449722222222222
0 0.30235963541666666 0.4588578703703704 0.007844270833333333 0.010308333333333333
1 0.49973958333333335 0.5444444444444444 0.9994791666666667 0.9092592592592592
0 0.9627604166666667 0.4638888888888889 0.0203125 0.046296296296296294
0 0.19739583333333333 0.40879629629629627 0.016666666666666666 0.030555555555555555
0 0.21276041666666667 0.6574074074074074 0.009895833333333333 0.022222222222222223
0 0.21223958333333334 0.5879629629629629 0.016145833333333335 0.037037037037037035
0 0.23645833333333333 0.20787037037037037 0.009375 0.013888888888888888
0 0.6338541666666667 0.8032407407407407 0.022916666666666665 0.032407407407407406
0 0.5763020833333333 0.5768518518518518 0.015104166666666667 0.020370370370370372
0 0.93671875 0.4356481481481482 0.009895833333333333 0.025
0 0.2994791666666667 0.39444444444444443 0.009375 0.03148148148148148
0 0.25494791666666666 0.9787037037037037 0.0109375 0.014814814814814815
0 0.22473958333333333 0.5574074074074075 0.015104166666666667 0.05185185185185185
0 0.24661458333333333 0.5981481481481481 0.009895833333333333 0.018518518518518517
0 0.9239583333333333 0.6763888888888889 0.008333333333333333 0.03425925925925926
0 0.6966145833333334 0.5532407407407407 0.0078125 0.010185185185185186
1 0.5 0.5343356481481482 1.0 0.9316342592592592
0 0.04089322916666667 0.3917805555555555 0.02136979166666667 0.04652407407407408
0 0.8063091145833333 0.4553550925925926 0.01678489583333333 0.029228703703703705
0 0.7787414062500001 0.7011259259259259 0.009566145833333334 0.02262222222222222
0 0.7821380208333333 0.6329805555555555 0.017401041666666665 0.03633148148148148
0 0.776521875 0.24951064814814813 0.00929375 0.013836111111111112
0 0.35174479166666667 0.7812393518518519 0.022239583333333333 0.03284907407407407
0 0.4199325520833333 0.5645763888888888 0.014865104166666667 0.02174537037037037
0 0.06844921875000001 0.3676851851851852 0.010856770833333333 0.024259259259259258
0 0.7048979166666667 0.42622685185185183 0.0108375 0.03023148148148148
0 0.7715330729166666 0.5994574074074074 0.017024479166666665 0.05076666666666667
0 0.7476049479166667 0.636961574074074 0.009793229166666667 0.01836759259259259
0 0.0693671875 0.6099796296296296 0.007484375 0.03477407407407407
0 0.3013325520833333 0.5228273148148148 0.0078734375 0.010469444444444444
1 0.5 0.4582212962962963 1.0 0.9164425925925926
0 0.03798151041666666 0.5648814814814814 0.020754687499999997 0.046429629629629626
0 0.8041979166666666 0.5724333333333332 0.016729166666666666 0.030051851851851854
0 0.7840479166666667 0.3250902777777778 0.0097625 0.02240277777777778
0 0.7859356770833333 0.3943199074074074 0.016663020833333334 0.03678796296296297
0 0.7692588541666667 0.7754587962962963 0.009351041666666667 0.013880555555555556
0 0.3602916666666667 0.20519583333333333 0.02266666666666667 0.03261388888888889
0 0.42209453125 0.4280625 0.015022395833333334 0.020939814814814814
0 0.065040625 0.5910666666666666 0.010289583333333333 0.024725925925925926
0 0.70238046875 0.5932828703703704 0.009969270833333332 0.031010185185185186
0 0.7352619791666667 0.00680462962962963 0.011148958333333332 0.01360925925925926
0 0.774075 0.4257324074074074 0.015858333333333332 0.05146481481481482
0 0.751271875 0.38608935185185184 0.009835416666666668 0.018475
0 0.07275052083333335 0.3505819444444444 0.008001041666666667 0.03449722222222222
0 0.30235963541666666 0.4588578703703704 0.007844270833333333 0.010308333333333333
