1 0.49973958333333335 0.5287037037037037 0.9994791666666667 0.9407407407407408
0 0.7888020833333333 0.42962962962962964 0.0296875 0.02962962962962963
0 0.40286458333333336 0.6504629629629629 0.013020833333333334 0.021296296296296296
0 0.2557291666666667 0.9287037037037037 0.007291666666666667 0.014814814814814815
0 0.83203125 0.39861111111111114 0.0140625 0.021296296296296296
0 0.8221354166666667 0.4861111111111111 0.016145833333333335 0.025925925925925925
0 0.8559895833333333 0.3162037037037037 0.0067708333333333336 0.012037037037037037
1 0.5 0.5204467592592592 1.0 0.959412037037037
0 0.7908651041666667 0.4571689814814815 0.029646875 0.029152777777777777
0 0.39830442708333336 0.6409226851851852 0.013275520833333334 0.02073425925925926
0 0.243540625 0.9047888888888889 0.006872916666666667 0.015133333333333334
0 0.8347484375 0.4297388888888889 0.014288541666666666 0.02058888888888889
0 0.8218625 0.5160916666666667 0.01664166666666667 0.024775925925925923
0 0.8608359375 0.34948055555555557 0.007088541666666667 0.011924074074074075
1 0.5 0.5127726851851852 1.0 0.9736935185185185
0 0.20853723958333334 0.4758402777777778 0.029574479166666667 0.029458333333333333
0 0.6041083333333332 0.634237962962963 0.013425 0.020327777777777778
0 0.7642289062500001 0.8891430555555555 0.006582812499999999 0.015323148148148148
0 0.1639796875 0.4507833333333333 0.014417708333333333 0.020085185185185185
0 0.1787859375 0.5360597222222222 0.016946874999999997 0.023971296296296296
0 0.13645729166666667 0.37258148148148146 0.007289583333333334 0.01182962962962963
1 0.49973958333333335 0.5287037037037037 0.9994791666666667 0.9407407407407408
0 0.7888020833333333 0.42962962962962964 0.0296875 0.02962962962962963
0 0.40286458333333336 0.6504629629629629 0.013020833333333334 0.021296296296296296
0 0.2557291666666667 0.9287037037037037 0.007291666666666667 0.014814814814814815
0 0.83203125 0.39861111111111114 0.0140625 0.021296296296296296
0 0.8221354166666667 0.4861111111111111 0.016145833333333335 0.025925925925925925
0 0.8559895833333333 0.3162037037037037 0.0067708333333333336 0.012037037037037037
1 0.5 0.5204467592592592 1.0 0.959412037037037
0 0.7908651041666667 0.4571689814814815 0.029646875 0.029152777777777777
0 0.39830442708333336 0.6409226851851852 0.013275520833333334 0.02073425925925926
0 0.243540625 0.9047888888888889 0.006872916666666667 0.015133333333333334
0 0.8347484375 0.4297388888888889 0.014288541666666666 0.02058888888888889
0 0.8218625 0.5160916666666667 0.01664166666666667 0.024775925925925923
0 0.8608359375 0.34948055555555557 0.007088541666666667 0.011924074074074075
1 0.5 0.5127726851851852 1.0 0.9736935185185185
0 0.20853723958333334 0.4758402777777778 0.029574479166666667 0.029458333333333333
0 0.6041083333333332 0.634237962962963 0.013425 0.020327777777777778
0 0.7642289062500001 0.8891430555555555 0.006582812499999999 0.015323148148148148
0 0.1639796875 0.4507833333333333 0.014417708333333333 0.020085185185185185
0 0.1787859375 0.5360597222222222 0.016946874999999997 0.023971296296296296
0 0.13645729166666667 0.37258148148148146 0.007289583333333334 0.01182962962962963
