1 0.9698966145833333 0.5379277777777778 0.05854322916666667 0.31844814814814815
1 0.48692838541666666 0.5 0.9738567708333333 1.0
0 0.20409322916666667 0.5860180555555555 0.019644791666666668 0.06833240740740741
0 0.09527135416666667 0.13519074074074075 0.0072093750000000005 0.024085185185185185
0 0.16570338541666668 0.017313425925925927 0.011615104166666666 0.029071296296296296
0 0.20003541666666666 0.037662037037037036 0.005279166666666666 0.014212962962962962
0 0.08886953125000001 0.30478055555555555 0.011072395833333333 0.026227777777777777
0 0.15971614583333332 0.5398425925925926 0.013182291666666667 0.035240740740740746
0 0.11796067708333333 0.6423532407407407 0.010921354166666668 0.031002777777777775
0 0.08766692708333333 0.7709203703703704 0.020125520833333334 0.03072962962962963
0 0.22130468749999999 0.5981 0.010317708333333333 0.020274074074074076
0 0.23693645833333335 0.48384351851851853 0.01345625 0.03620555555555555
0 0.4054830729166667 0.4399013888888889 0.0120078125 0.02054351851851852
0 0.38834479166666663 0.4239763888888889 0.023564583333333333 0.04424907407407407
0 0.43729192708333336 0.4969111111111111 0.013125520833333333 0.04382222222222223
0 0.5545822916666666 0.556400462962963 0.019581249999999998 0.03502314814814815
0 0.6252591145833333 0.3771652777777778 0.0338515625 0.054330555555555556
0 0.6928549479166667 0.3218699074074074 0.03466822916666667 0.04188796296296296
0 0.7366888020833334 0.27221064814814816 0.009835937500000001 0.029606481481481484
0 0.7592729166666667 0.2350949074074074 0.009170833333333333 0.02574537037037037
0 0.46925390624999996 0.13170046296296298 0.0260078125 0.06340092592592593
0 0.37168307291666663 0.0927712962962963 0.008991145833333334 0.026283333333333332
0 0.9714315104166666 0.6664643518518519 0.035571354166666666 0.06811388888888889
0 0.3782916666666667 0.6022347222222222 0.018041666666666668 0.021136111111111112
0 0.69504921875 0.2670601851851852 0.0182234375 0.026712962962962963
0 0.5729200520833333 0.3090101851851852 0.011465104166666667 0.021724074074074073
0 0.47017161458333334 0.8364106481481481 0.012218229166666667 0.024673148148148145
1 0.97421875 0.3925925925925926 0.044270833333333336 0.32037037037037036
1 0.47708333333333336 0.5356481481481481 0.9541666666666667 0.9268518518518518
0 0.21640625 0.6754629629629629 0.0234375 0.06574074074074074
0 0.06614583333333333 0.2657407407407407 0.005208333333333333 0.025925925925925925
0 0.12369791666666667 0.12731481481481483 0.011979166666666667 0.028703703703703703
0 0.15911458333333334 0.13703703703703704 0.0046875 0.012962962962962963
0 0.07604166666666666 0.4337962962962963 0.011458333333333333 0.025
0 0.16848958333333333 0.6435185185185185 0.009895833333333333 0.037037037037037035
0 0.13723958333333333 0.7574074074074074 0.009895833333333333 0.03148148148148148
0 0.0046875 0.8800925925925925 0.009375 0.023148148148148147
0 0.12057291666666667 0.8939814814814815 0.021354166666666667 0.025
0 0.23515625 0.6824074074074075 0.009895833333333333 0.020370370370370372
0 0.23932291666666666 0.5662037037037037 0.013020833333333334 0.03611111111111111
0 0.40078125 0.4703703703703704 0.011979166666666667 0.020370370370370372
0 0.38255208333333335 0.4597222222222222 0.024479166666666666 0.041666666666666664
0 0.4375 0.5152777777777777 0.015625 0.04351851851851852
0 0.5596354166666667 0.5398148148148149 0.021354166666666667 0.03333333333333333
0 0.6104166666666667 0.3388888888888889 0.03333333333333333 0.05185185185185185
0 0.6731770833333334 0.2652777777777778 0.03697916666666667 0.04537037037037037
0 0.71015625 0.20277777777777778 0.009895833333333333 0.027777777777777776
0 0.7296875 0.1587962962962963 0.008333333333333333 0.025
0 0.4322916666666667 0.1486111111111111 0.026041666666666668 0.06388888888888888
0 0.334375 0.13842592592592592 0.009375 0.026851851851851852
0 0.69765625 0.9763888888888889 0.005729166666666666 0.012037037037037037
0 0.9822916666666667 0.5189814814814815 0.034375 0.06388888888888888
0 0.38984375 0.6388888888888888 0.0171875 0.024074074074074074
0 0.6690104166666667 0.2101851851851852 0.018229166666666668 0.027777777777777776
0 0.5536458333333333 0.2898148148148148 0.011458333333333333 0.022222222222222223
0 0.50390625 0.8407407407407408 0.011979166666666667 0.024074074074074074
1 0.9727617187500001 0.6642092592592592 0.04760677083333333 0.32101111111111114
1 0.47411953125 0.46080046296296295 0.9482390625 0.9216009259259259
0 0.22383880208333332 0.2896486111111111 0.0247609375 0.06448240740740742
0 0.058103645833333335 0.6798888888888889 0.004748958333333333 0.026444444444444444
0 0.11030520833333333 0.8257509259259259 0.012277083333333333 0.02927962962962963
0 0.14582161458333334 0.8203546296296296 0.005184895833333333 0.012931481481481481
0 0.07468307291666668 0.5139986111111111 0.011866145833333334 0.024293518518518516
0 0.17512786458333332 0.31601851851851853 0.0085890625 0.037592592592592594
0 0.14821953125 0.19810972222222223 0.009980729166666667 0.03140462962962963
0 0.02071901041666667 0.05969398148148148 0.010188020833333334 0.023091666666666667
0 0.13687447916666665 0.05987499999999999 0.021665625 0.023453703703703702
0 0.24306562499999998 0.28519259259259255 0.010089583333333334 0.020385185185185183
0 0.24230494791666668 0.40121574074074073 0.012734895833333334 0.03576481481481481
0 0.3996885416666667 0.5176967592592592 0.011877083333333333 0.020578703703703707
0 0.3811596354166667 0.5256921296296296 0.024819270833333334 0.04027314814814815
0 0.43802604166666664 0.4770680555555556 0.016677083333333335 0.043025
0 0.560978125 0.46800416666666667 0.02195625 0.03415648148148148
0 0.6034598958333334 0.6749046296296297 0.03296145833333333 0.05166111111111111
0 0.6633148437499999 0.7551773148148148 0.03808802083333333 0.047391666666666665
0 0.6978203125 0.8226620370370371 0.010223958333333333 0.026805555555555555
0 0.7158328125 0.868725 0.008748958333333333 0.02448703703703704
0 0.4181247395833333 0.8410291666666667 0.0258328125 0.06353981481481481
0 0.3205734375 0.8402773148148148 0.009896875 0.026850925925925924
0 0.7160963541666666 0.04971620370370371 0.006151041666666667 0.01239537037037037
0 0.9828236979166667 0.5399319444444444 0.03439739583333334 0.06319722222222222
0 0.39544296875 0.34793564814814815 0.016927604166666665 0.025500925925925927
0 0.6569544270833333 0.8096777777777778 0.018075520833333334 0.028614814814814815
0 0.5449955729166667 0.7157458333333333 0.011866145833333334 0.022232407407407406
0 0.5172213541666667 0.16088796296296298 0.012567708333333334 0.02362777777777778
1 0.9698966145833333 0.5379277777777778 0.05854322916666667 0.31844814814814815
1 0.48692838541666666 0.5 0.9738567708333333 1.0
0 0.20409322916666667 0.5860180555555555 0.019644791666666668 0.06833240740740741
0 0.09527135416666667 0.13519074074074075 0.0072093750000000005 0.024085185185185185
0 0.16570338541666668 0.017313425925925927 0.011615104166666666 0.029071296296296296
0 0.20003541666666666 0.037662037037037036 0.005279166666666666 0.014212962962962962
0 0.08886953125000001 0.30478055555555555 0.011072395833333333 0.026227777777777777
0 0.15971614583333332 0.5398425925925926 0.013182291666666667 0.035240740740740746
0 0.11796067708333333 0.6423532407407407 0.010921354166666668 0.031002777777777775
0 0.08766692708333333 0.7709203703703704 0.020125520833333334 0.03072962962962963
0 0.22130468749999999 0.5981 0.010317708333333333 0.020274074074074076
0 0.23693645833333335 0.48384351851851853 0.01345625 0.03620555555555555
0 0.4054830729166667 0.4399013888888889 0.0120078125 0.02054351851851852
0 0.38834479166666663 0.4239763888888889 0.023564583333333333 0.04424907407407407
0 0.43729192708333336 0.4969111111111111 0.013125520833333333 0.04382222222222223
0 0.5545822916666666 0.556400462962963 0.019581249999999998 0.03502314814814815
0 0.6252591145833333 0.3771652777777778 0.0338515625 0.054330555555555556
0 0.6928549479166667 0.3218699074074074 0.03466822916666667 0.04188796296296296
0 0.7366888020833334 0.27221064814814816 0.009835937500000001 0.029606481481481484
0 0.7592729166666667 0.2350949074074074 0.009170833333333333 0.02574537037037037
0 0.46925390624999996 0.13170046296296298 0.0260078125 0.06340092592592593
0 0.37168307291666663 0.0927712962962963 0.008991145833333334 0.026283333333333332
0 0.9714315104166666 0.6664643518518519 0.035571354166666666 0.06811388888888889
0 0.3782916666666667 0.6022347222222222 0.018041666666666668 0.021136111111111112
0 0.69504921875 0.2670601851851852 0.0182234375 0.026712962962962963
0 0.5729200520833333 0.3090101851851852 0.011465104166666667 0.021724074074074073
0 0.47017161458333334 0.8364106481481481 0.012218229166666667 0.024673148148148145
1 0.97421875 0.3925925925925926 0.044270833333333336 0.32037037037037036
1 0.47708333333333336 0.5356481481481481 0.9541666666666667 0.9268518518518518
0 0.21640625 0.6754629629629629 0.0234375 0.06574074074074074
0 0.06614583333333333 0.2657407407407407 0.005208333333333333 0.025925925925925925
0 0.12369791666666667 0.12731481481481483 0.011979166666666667 0.028703703703703703
0 0.15911458333333334 0.13703703703703704 0.0046875 0.012962962962962963
0 0.07604166666666666 0.4337962962962963 0.011458333333333333 0.025
0 0.16848958333333333 0.6435185185185185 0.009895833333333333 0.037037037037037035
0 0.13723958333333333 0.7574074074074074 0.009895833333333333 0.03148148148148148
0 0.0046875 0.8800925925925925 0.009375 0.023148148148148147
0 0.12057291666666667 0.8939814814814815 0.021354166666666667 0.025
0 0.23515625 0.6824074074074075 0.009895833333333333 0.020370370370370372
0 0.23932291666666666 0.5662037037037037 0.013020833333333334 0.03611111111111111
0 0.40078125 0.4703703703703704 0.011979166666666667 0.020370370370370372
0 0.38255208333333335 0.4597222222222222 0.024479166666666666 0.041666666666666664
0 0.4375 0.5152777777777777 0.015625 0.04351851851851852
0 0.5596354166666667 0.5398148148148149 0.021354166666666667 0.03333333333333333
0 0.6104166666666667 0.3388888888888889 0.03333333333333333 0.05185185185185185
0 0.6731770833333334 0.2652777777777778 0.03697916666666667 0.04537037037037037
0 0.71015625 0.20277777777777778 0.009895833333333333 0.027777777777777776
0 0.7296875 0.1587962962962963 0.008333333333333333 0.025
0 0.4322916666666667 0.1486111111111111 0.026041666666666668 0.06388888888888888
0 0.334375 0.13842592592592592 0.009375 0.026851851851851852
0 0.69765625 0.9763888888888889 0.005729166666666666 0.012037037037037037
0 0.9822916666666667 0.5189814814814815 0.034375 0.06388888888888888
0 0.38984375 0.6388888888888888 0.0171875 0.024074074074074074
0 0.6690104166666667 0.2101851851851852 0.018229166666666668 0.027777777777777776
0 0.5536458333333333 0.2898148148148148 0.011458333333333333 0.022222222222222223
0 0.50390625 0.8407407407407408 0.011979166666666667 0.024074074074074074
1 0.9727617187500001 0.6642092592592592 0.04760677083333333 0.32101111111111114
1 0.47411953125 0.46080046296296295 0.9482390625 0.9216009259259259
0 0.22383880208333332 0.2896486111111111 0.0247609375 0.06448240740740742
0 0.058103645833333335 0.6798888888888889 0.004748958333333333 0.026444444444444444
0 0.11030520833333333 0.8257509259259259 0.012277083333333333 0.02927962962962963
0 0.14582161458333334 0.8203546296296296 0.005184895833333333 0.012931481481481481
0 0.07468307291666668 0.5139986111111111 0.011866145833333334 0.024293518518518516
0 0.17512786458333332 0.31601851851851853 0.0085890625 0.037592592592592594
0 0.14821953125 0.19810972222222223 0.009980729166666667 0.03140462962962963
0 0.02071901041666667 0.05969398148148148 0.010188020833333334 0.023091666666666667
0 0.13687447916666665 0.05987499999999999 0.021665625 0.023453703703703702
0 0.24306562499999998 0.28519259259259255 0.010089583333333334 0.020385185185185183
0 0.24230494791666668 0.40121574074074073 0.012734895833333334 0.03576481481481481
0 0.3996885416666667 0.5176967592592592 0.011877083333333333 0.020578703703703707
0 0.3811596354166667 0.5256921296296296 0.024819270833333334 0.04027314814814815
0 0.43802604166666664 0.4770680555555556 0.016677083333333335 0.043025
0 0.560978125 0.46800416666666667 0.02195625 0.03415648148148148
0 0.6034598958333334 0.6749046296296297 0.03296145833333333 0.05166111111111111
0 0.6633148437499999 0.7551773148148148 0.03808802083333333 0.047391666666666665
0 0.6978203125 0.8226620370370371 0.010223958333333333 0.026805555555555555
0 0.7158328125 0.868725 0.008748958333333333 0.02448703703703704
0 0.4181247395833333 0.8410291666666667 0.0258328125 0.06353981481481481
0 0.3205734375 0.8402773148148148 0.009896875 0.026850925925925924
0 0.7160963541666666 0.04971620370370371 0.006151041666666667 0.01239537037037037
0 0.9828236979166667 0.5399319444444444 0.03439739583333334 0.06319722222222222
0 0.39544296875 0.34793564814814815 0.016927604166666665 0.025500925925925927
0 0.6569544270833333 0.8096777777777778 0.018075520833333334 0.028614814814814815
0 0.5449955729166667 0.7157458333333333 0.011866145833333334 0.022232407407407406
0 0.5172213541666667 0.16088796296296298 0.012567708333333334 0.02362777777777778
