1 0.5002604166666667 0.5370370370370371 0.9994791666666667 0.9259259259259259
0 0.17369791666666667 0.7800925925925926 0.009895833333333333 0.013888888888888888
0 0.1484375 0.7148148148148148 0.005208333333333333 0.011111111111111112
0 0.16145833333333334 0.7148148148148148 0.008333333333333333 0.022222222222222223
0 0.19140625 0.836574074074074 0.0109375 0.03981481481481482
0 0.12109375 0.6717592592592593 0.0109375 0.021296296296296296
0 0.246875 0.6083333333333333 0.013541666666666667 0.024074074074074074
0 0.5005208333333333 0.5324074074074074 0.03229166666666667 0.05740740740740741
0 0.0921875 0.3486111111111111 0.030208333333333334 0.041666666666666664
0 0.15364583333333334 0.25925925925925924 0.008333333333333333 0.018518518518518517
0 0.34661458333333334 0.18981481481481483 0.009895833333333333 0.018518518518518517
0 0.27239583333333334 0.24583333333333332 0.027083333333333334 0.04351851851851852
0 0.028385416666666666 0.3972222222222222 0.05677083333333333 0.14074074074074075
0 0.043229166666666666 0.36898148148148147 0.08645833333333333 0.04722222222222222
0 0.21015625 0.25462962962962965 0.008854166666666666 0.009259259259259259
0 0.67265625 0.2847222222222222 0.0140625 0.030555555555555555
0 0.5268229166666667 0.2375 0.0067708333333333336 0.017592592592592594
0 0.759375 0.5611111111111111 0.0125 0.044444444444444446
0 0.6075520833333333 0.6666666666666666 0.027604166666666666 0.06296296296296296
0 0.8971354166666666 0.29212962962962963 0.0265625 0.075
0 0.9674479166666666 0.35324074074074074 0.009895833333333333 0.041666666666666664
0 0.9588541666666667 0.4527777777777778 0.010416666666666666 0.03888888888888889
0 0.98203125 0.3819444444444444 0.0046875 0.030555555555555555
0 0.9619791666666667 0.611574074074074 0.014583333333333334 0.05648148148148148
0 0.96484375 0.5398148148148149 0.0078125 0.025925925925925925
0 0.9778645833333334 0.55 0.008854166666666666 0.016666666666666666
0 0.9799479166666667 0.6046296296296296 0.0109375 0.022222222222222223
0 0.8096354166666667 0.8263888888888888 0.009895833333333333 0.025
0 0.9752604166666666 0.7296296296296296 0.015104166666666667 0.024074074074074074
0 0.5747395833333333 0.8226851851851852 0.011979166666666667 0.026851851851851852
0 0.8895833333333333 0.9912037037037037 0.017708333333333333 0.01574074074074074
0 0.7036458333333333 0.9629629629629629 0.007291666666666667 0.007407407407407408
0 0.77265625 0.9138888888888889 0.0067708333333333336 0.007407407407407408
0 0.8111979166666666 0.7842592592592592 0.005729166666666666 0.014814814814814815
0 0.7145833333333333 0.18888888888888888 0.019791666666666666 0.0962962962962963
0 0.5859375 0.5263888888888889 0.007291666666666667 0.019444444444444445
0 0.21328125 0.8375 0.005729166666666666 0.012037037037037037
0 0.14713541666666666 0.8865740740740741 0.0067708333333333336 0.021296296296296296
1 0.5002604166666667 0.46296296296296297 0.9994791666666667 0.9259259259259259
0 0.17369791666666667 0.2199074074074074 0.009895833333333333 0.013888888888888888
0 0.1484375 0.2851851851851852 0.005208333333333333 0.011111111111111112
0 0.16145833333333334 0.2851851851851852 0.008333333333333333 0.022222222222222223
0 0.19140625 0.16342592592592592 0.0109375 0.03981481481481482
0 0.12109375 0.3282407407407407 0.0109375 0.021296296296296296
0 0.246875 0.39166666666666666 0.013541666666666667 0.024074074074074074
0 0.5005208333333333 0.4675925925925926 0.03229166666666667 0.05740740740740741
0 0.0921875 0.6513888888888889 0.030208333333333334 0.041666666666666664
0 0.15364583333333334 0.7407407407407407 0.008333333333333333 0.018518518518518517
0 0.34661458333333334 0.8101851851851852 0.009895833333333333 0.018518518518518517
0 0.27239583333333334 0.7541666666666667 0.027083333333333334 0.04351851851851852
0 0.028385416666666666 0.6027777777777777 0.05677083333333333 0.14074074074074075
0 0.043229166666666666 0.6310185185185185 0.08645833333333333 0.04722222222222222
0 0.21015625 0.7453703703703703 0.008854166666666666 0.009259259259259259
0 0.67265625 0.7152777777777778 0.0140625 0.030555555555555555
0 0.5268229166666667 0.7625 0.0067708333333333336 0.017592592592592594
0 0.759375 0.4388888888888889 0.0125 0.044444444444444446
0 0.6075520833333333 0.3333333333333333 0.027604166666666666 0.06296296296296296
0 0.8971354166666666 0.7078703703703704 0.0265625 0.075
0 0.9674479166666666 0.6467592592592593 0.009895833333333333 0.041666666666666664
0 0.9588541666666667 0.5472222222222223 0.010416666666666666 0.03888888888888889
0 0.98203125 0.6180555555555556 0.0046875 0.030555555555555555
0 0.9619791666666667 0.38842592592592595 0.014583333333333334 0.05648148148148148
0 0.96484375 0.4601851851851852 0.0078125 0.025925925925925925
0 0.9778645833333334 0.45 0.008854166666666666 0.016666666666666666
0 0.9799479166666667 0.39537037037037037 0.0109375 0.022222222222222223
0 0.8096354166666667 0.1736111111111111 0.009895833333333333 0.025
0 0.9752604166666666 0.27037037037037037 0.015104166666666667 0.024074074074074074
0 0.5747395833333333 0.17731481481481481 0.011979166666666667 0.026851851851851852
0 0.8895833333333333 0.008796296296296297 0.017708333333333333 0.01574074074074074
0 0.7036458333333333 0.037037037037037035 0.007291666666666667 0.007407407407407408
0 0.77265625 0.08611111111111111 0.0067708333333333336 0.007407407407407408
0 0.8111979166666666 0.21574074074074073 0.005729166666666666 0.014814814814814815
0 0.7145833333333333 0.8111111111111111 0.019791666666666666 0.0962962962962963
0 0.5859375 0.4736111111111111 0.007291666666666667 0.019444444444444445
0 0.21328125 0.1625 0.005729166666666666 0.012037037037037037
0 0.14713541666666666 0.11342592592592593 0.0067708333333333336 0.021296296296296296
1 0.5 0.5360162037037037 1.0 0.927587962962963
0 0.8205697916666667 0.8003777777777777 0.009889583333333334 0.013718518518518519
0 0.8469825520833333 0.7368722222222223 0.0054234375 0.010781481481481482
0 0.83431796875 0.7361041666666667 0.008219270833333334 0.022208333333333333
0 0.8014111979166666 0.8560064814814814 0.011155729166666666 0.03979074074074074
0 0.8751479166666667 0.6950138888888889 0.010712500000000002 0.02150925925925926
0 0.7510466145833333 0.6239374999999999 0.0135515625 0.023800925925925923
0 0.49902109375 0.5316902777777778 0.0324171875 0.057825
0 0.9108919270833333 0.37384074074074075 0.0301171875 0.04212592592592593
0 0.8506182291666666 0.28046898148148147 0.008528125 0.01834537037037037
0 0.6591479166666667 0.19926249999999998 0.009962500000000001 0.01889537037037037
0 0.7326497395833333 0.26017731481481476 0.0267578125 0.0444287037037037
0 0.9718705729166667 0.42617870370370375 0.05624114583333333 0.13939444444444443
0 0.9579257812499999 0.3955120370370371 0.0846015625 0.04657962962962963
0 0.7945377604166667 0.2732259259259259 0.0088671875 0.009414814814814813
0 0.3316059895833333 0.2735208333333333 0.014253645833333333 0.030375
0 0.4782651041666667 0.2357074074074074 0.006530208333333333 0.01771111111111111
0 0.23945234375 0.5453245370370371 0.012238020833333333 0.04435277777777778
0 0.3890963541666667 0.6599560185185186 0.027151041666666667 0.06250462962962963
0 0.1071203125 0.26737037037037037 0.027782291666666667 0.07362962962962963
0 0.03601953125 0.3243787037037037 0.010580729166666667 0.04135
0 0.042193489583333334 0.4248425925925926 0.010428645833333333 0.03857407407407407
0 0.020771354166666665 0.3522893518518519 0.005084375 0.03050462962962963
0 0.03595442708333333 0.5829337962962963 0.0146171875 0.05660833333333334
0 0.034642187500000005 0.5111032407407408 0.007826041666666667 0.025910185185185185
0 0.02148463541666667 0.5203328703703705 0.008594270833333334 0.016591666666666668
0 0.018540885416666666 0.5747509259259259 0.011040104166666667 0.021724074074074073
0 0.18440520833333332 0.8071953703703704 0.009435416666666667 0.025501851851851852
0 0.02041380208333333 0.7003643518518519 0.0147859375 0.024802777777777778
0 0.4190703125 0.817999074074074 0.012098958333333333 0.02673888888888889
0 0.10103619791666667 0.9666837962962962 0.017697395833333334 0.016700925925925925
0 0.287525 0.9499814814814815 0.0073416666666666665 0.00737037037037037
0 0.21952916666666666 0.8964393518518519 0.006766666666666667 0.007693518518518518
0 0.18367369791666668 0.7647777777777778 0.0058890625 0.01474074074074074
0 0.2917760416666667 0.1755087962962963 0.021052083333333336 0.09546203703703704
0 0.4136666666666667 0.5206981481481482 0.007541666666666667 0.019174074074074073
0 0.7800369791666667 0.8550726851851852 0.005907291666666667 0.011997222222222223
0 0.8452135416666666 0.9086282407407407 0.007093749999999999 0.020960185185185186
1 0.5002604166666667 0.5370370370370371 0.9994791666666667 0.9259259259259259
0 0.17369791666666667 0.7800925925925926 0.009895833333333333 0.013888888888888888
0 0.1484375 0.7148148148148148 0.005208333333333333 0.011111111111111112
0 0.16145833333333334 0.7148148148148148 0.008333333333333333 0.022222222222222223
0 0.19140625 0.836574074074074 0.0109375 0.03981481481481482
0 0.12109375 0.6717592592592593 0.0109375 0.021296296296296296
0 0.246875 0.6083333333333333 0.013541666666666667 0.024074074074074074
0 0.5005208333333333 0.5324074074074074 0.03229166666666667 0.05740740740740741
0 0.0921875 0.3486111111111111 0.030208333333333334 0.041666666666666664
0 0.15364583333333334 0.25925925925925924 0.008333333333333333 0.018518518518518517
0 0.34661458333333334 0.18981481481481483 0.009895833333333333 0.018518518518518517
0 0.27239583333333334 0.24583333333333332 0.027083333333333334 0.04351851851851852
0 0.028385416666666666 0.3972222222222222 0.05677083333333333 0.14074074074074075
0 0.043229166666666666 0.36898148148148147 0.08645833333333333 0.04722222222222222
0 0.21015625 0.25462962962962965 0.008854166666666666 0.009259259259259259
0 0.67265625 0.2847222222222222 0.0140625 0.030555555555555555
0 0.5268229166666667 0.2375 0.0067708333333333336 0.017592592592592594
0 0.759375 0.5611111111111111 0.0125 0.044444444444444446
0 0.6075520833333333 0.6666666666666666 0.027604166666666666 0.06296296296296296
0 0.8971354166666666 0.29212962962962963 0.0265625 0.075
0 0.9674479166666666 0.35324074074074074 0.009895833333333333 0.041666666666666664
0 0.9588541666666667 0.4527777777777778 0.010416666666666666 0.03888888888888889
0 0.98203125 0.3819444444444444 0.0046875 0.030555555555555555
0 0.9619791666666667 0.611574074074074 0.014583333333333334 0.05648148148148148
0 0.96484375 0.5398148148148149 0.0078125 0.025925925925925925
0 0.9778645833333334 0.55 0.008854166666666666 0.016666666666666666
0 0.9799479166666667 0.6046296296296296 0.0109375 0.022222222222222223
0 0.8096354166666667 0.8263888888888888 0.009895833333333333 0.025
0 0.9752604166666666 0.7296296296296296 0.015104166666666667 0.024074074074074074
0 0.5747395833333333 0.8226851851851852 0.011979166666666667 0.026851851851851852
0 0.8895833333333333 0.9912037037037037 0.017708333333333333 0.01574074074074074
0 0.7036458333333333 0.9629629629629629 0.007291666666666667 0.007407407407407408
0 0.77265625 0.9138888888888889 0.0067708333333333336 0.007407407407407408
0 0.8111979166666666 0.7842592592592592 0.005729166666666666 0.014814814814814815
0 0.7145833333333333 0.18888888888888888 0.019791666666666666 0.0962962962962963
0 0.5859375 0.5263888888888889 0.007291666666666667 0.019444444444444445
0 0.21328125 0.8375 0.005729166666666666 0.012037037037037037
0 0.14713541666666666 0.8865740740740741 0.0067708333333333336 0.021296296296296296
1 0.5002604166666667 0.46296296296296297 0.9994791666666667 0.9259259259259259
0 0.17369791666666667 0.2199074074074074 0.009895833333333333 0.013888888888888888
0 0.1484375 0.2851851851851852 0.005208333333333333 0.011111111111111112
0 0.16145833333333334 0.2851851851851852 0.008333333333333333 0.022222222222222223
0 0.19140625 0.16342592592592592 0.0109375 0.03981481481481482
0 0.12109375 0.3282407407407407 0.0109375 0.021296296296296296
0 0.246875 0.39166666666666666 0.013541666666666667 0.024074074074074074
0 0.5005208333333333 0.4675925925925926 0.03229166666666667 0.05740740740740741
0 0.0921875 0.6513888888888889 0.030208333333333334 0.041666666666666664
0 0.15364583333333334 0.7407407407407407 0.008333333333333333 0.018518518518518517
0 0.34661458333333334 0.8101851851851852 0.009895833333333333 0.018518518518518517
0 0.27239583333333334 0.7541666666666667 0.027083333333333334 0.04351851851851852
0 0.028385416666666666 0.6027777777777777 0.05677083333333333 0.14074074074074075
0 0.043229166666666666 0.6310185185185185 0.08645833333333333 0.04722222222222222
0 0.21015625 0.7453703703703703 0.008854166666666666 0.009259259259259259
0 0.67265625 0.7152777777777778 0.0140625 0.030555555555555555
0 0.5268229166666667 0.7625 0.0067708333333333336 0.017592592592592594
0 0.759375 0.4388888888888889 0.0125 0.044444444444444446
0 0.6075520833333333 0.3333333333333333 0.027604166666666666 0.06296296296296296
0 0.8971354166666666 0.7078703703703704 0.0265625 0.075
0 0.9674479166666666 0.6467592592592593 0.009895833333333333 0.041666666666666664
0 0.9588541666666667 0.5472222222222223 0.010416666666666666 0.03888888888888889
0 0.98203125 0.6180555555555556 0.0046875 0.030555555555555555
0 0.9619791666666667 0.38842592592592595 0.014583333333333334 0.05648148148148148
0 0.96484375 0.4601851851851852 0.0078125 0.025925925925925925
0 0.9778645833333334 0.45 0.008854166666666666 0.016666666666666666
0 0.9799479166666667 0.39537037037037037 0.0109375 0.022222222222222223
0 0.8096354166666667 0.1736111111111111 0.009895833333333333 0.025
0 0.9752604166666666 0.27037037037037037 0.015104166666666667 0.024074074074074074
0 0.5747395833333333 0.17731481481481481 0.011979166666666667 0.026851851851851852
0 0.8895833333333333 0.008796296296296297 0.017708333333333333 0.01574074074074074
0 0.7036458333333333 0.037037037037037035 0.007291666666666667 0.007407407407407408
0 0.77265625 0.08611111111111111 0.0067708333333333336 0.007407407407407408
0 0.8111979166666666 0.21574074074074073 0.005729166666666666 0.014814814814814815
0 0.7145833333333333 0.8111111111111111 0.019791666666666666 0.0962962962962963
0 0.5859375 0.4736111111111111 0.007291666666666667 0.019444444444444445
0 0.21328125 0.1625 0.005729166666666666 0.012037037037037037
0 0.14713541666666666 0.11342592592592593 0.0067708333333333336 0.021296296296296296
1 0.5 0.5360162037037037 1.0 0.927587962962963
0 0.8205697916666667 0.8003777777777777 0.009889583333333334 0.013718518518518519
0 0.8469825520833333 0.7368722222222223 0.0054234375 0.010781481481481482
0 0.83431796875 0.7361041666666667 0.008219270833333334 0.022208333333333333
0 0.8014111979166666 0.8560064814814814 0.011155729166666666 0.03979074074074074
0 0.8751479166666667 0.6950138888888889 0.010712500000000002 0.02150925925925926
0 0.7510466145833333 0.6239374999999999 0.0135515625 0.023800925925925923
0 0.49902109375 0.5316902777777778 0.0324171875 0.057825
0 0.9108919270833333 0.37384074074074075 0.0301171875 0.04212592592592593
0 0.8506182291666666 0.28046898148148147 0.008528125 0.01834537037037037
0 0.6591479166666667 0.19926249999999998 0.009962500000000001 0.01889537037037037
0 0.7326497395833333 0.26017731481481476 0.0267578125 0.0444287037037037
0 0.9718705729166667 0.42617870370370375 0.05624114583333333 0.13939444444444443
0 0.9579257812499999 0.3955120370370371 0.0846015625 0.04657962962962963
0 0.7945377604166667 0.2732259259259259 0.0088671875 0.009414814814814813
0 0.3316059895833333 0.2735208333333333 0.014253645833333333 0.030375
0 0.4782651041666667 0.2357074074074074 0.006530208333333333 0.01771111111111111
0 0.23945234375 0.5453245370370371 0.012238020833333333 0.04435277777777778
0 0.3890963541666667 0.6599560185185186 0.027151041666666667 0.06250462962962963
0 0.1071203125 0.26737037037037037 0.027782291666666667 0.07362962962962963
0 0.03601953125 0.3243787037037037 0.010580729166666667 0.04135
0 0.042193489583333334 0.4248425925925926 0.010428645833333333 0.03857407407407407
0 0.020771354166666665 0.3522893518518519 0.005084375 0.03050462962962963
0 0.03595442708333333 0.5829337962962963 0.0146171875 0.05660833333333334
0 0.034642187500000005 0.5111032407407408 0.007826041666666667 0.025910185185185185
0 0.02148463541666667 0.5203328703703705 0.008594270833333334 0.016591666666666668
0 0.018540885416666666 0.5747509259259259 0.011040104166666667 0.021724074074074073
0 0.18440520833333332 0.8071953703703704 0.009435416666666667 0.025501851851851852
0 0.02041380208333333 0.7003643518518519 0.0147859375 0.024802777777777778
0 0.4190703125 0.817999074074074 0.012098958333333333 0.02673888888888889
0 0.10103619791666667 0.9666837962962962 0.017697395833333334 0.016700925925925925
0 0.287525 0.9499814814814815 0.0073416666666666665 0.00737037037037037
0 0.21952916666666666 0.8964393518518519 0.006766666666666667 0.007693518518518518
0 0.18367369791666668 0.7647777777777778 0.0058890625 0.01474074074074074
0 0.2917760416666667 0.1755087962962963 0.021052083333333336 0.09546203703703704
0 0.4136666666666667 0.5206981481481482 0.007541666666666667 0.019174074074074073
0 0.7800369791666667 0.8550726851851852 0.005907291666666667 0.011997222222222223
0 0.8452135416666666 0.9086282407407407 0.007093749999999999 0.020960185185185186
