1 0.5 0.5 1.0 1.0
0 0.033698177083333336 0.14801157407407406 0.0163546875 0.04046759259259259
0 0.5906302083333334 0.18794907407407407 0.017718750000000002 0.022194444444444444
0 0.9461588541666667 0.9085856481481481 0.015234375 0.07643055555555556
1 0.49973958333333335 0.49953703703703706 0.9994791666666667 0.9990740740740741
0 0.015885416666666666 0.23564814814814813 0.015104166666666667 0.03981481481481482
0 0.571875 0.17222222222222222 0.016666666666666666 0.022222222222222223
0 0.96796875 0.8226851851851852 0.011979166666666667 0.07685185185185185
1 0.5 0.5 1.0 1.0
0 0.004989322916666666 0.34242083333333334 0.009978645833333332 0.04039722222222222
0 0.5487505208333334 0.15777592592592593 0.015209375 0.02295925925925926
0 0.9873567708333333 0.7177689814814815 0.010130208333333333 0.07627870370370371
1 0.5 0.5 1.0 1.0
0 0.033698177083333336 0.14801157407407406 0.0163546875 0.04046759259259259
0 0.5906302083333334 0.18794907407407407 0.017718750000000002 0.022194444444444444
0 0.9461588541666667 0.9085856481481481 0.015234375 0.07643055555555556
1 0.49973958333333335 0.49953703703703706 0.9994791666666667 0.9990740740740741
0 0.015885416666666666 0.23564814814814813 0.015104166666666667 0.03981481481481482
0 0.571875 0.17222222222222222 0.016666666666666666 0.022222222222222223
0 0.96796875 0.8226851851851852 0.011979166666666667 0.07685185185185185
1 0.5 0.5 1.0 1.0
0 0.004989322916666666 0.34242083333333334 0.009978645833333332 0.04039722222222222
0 0.5487505208333334 0.15777592592592593 0.015209375 0.02295925925925926
0 0.9873567708333333 0.7177689814814815 0.010130208333333333 0.07627870370370371
1 0.5 0.5 1.0 1.0
0 0.033698177083333336 0.14801157407407406 0.0163546875 0.04046759259259259
0 0.5906302083333334 0.18794907407407407 0.017718750000000002 0.022194444444444444
0 0.9461588541666667 0.9085856481481481 0.015234375 0.07643055555555556
1 0.49973958333333335 0.49953703703703706 0.9994791666666667 0.9990740740740741
0 0.015885416666666666 0.23564814814814813 0.015104166666666667 0.03981481481481482
0 0.571875 0.17222222222222222 0.016666666666666666 0.022222222222222223
0 0.96796875 0.8226851851851852 0.011979166666666667 0.07685185185185185
1 0.5 0.5 1.0 1.0
0 0.004989322916666666 0.34242083333333334 0.009978645833333332 0.04039722222222222
0 0.5487505208333334 0.15777592592592593 0.015209375 0.02295925925925926
0 0.9873567708333333 0.7177689814814815 0.010130208333333333 0.07627870370370371
