1 0.5 0.5 1.0 1.0
0 0.045774479166666666 0.5400995370370371 0.0071739583333333325 0.01723611111111111
0 0.5769749999999999 0.9840888888888889 0.02061666666666667 0.03114074074074074
0 0.5629341145833333 0.9472467592592593 0.013368229166666667 0.025975
0 0.8388518229166666 0.8239731481481481 0.018328645833333334 0.03127962962962963
0 0.8635268229166667 0.7731287037037038 0.0124703125 0.033294444444444446
0 0.96586328125 0.4562351851851852 0.011934895833333332 0.030988888888888892
0 0.9761343750000001 0.5253523148148148 0.01789375 0.02292685185185185
0 0.9817119791666666 0.5268944444444444 0.0071739583333333325 0.01675185185185185
0 0.8852934895833333 0.5744231481481481 0.0132953125 0.017364814814814816
0 0.9326403645833333 0.3066611111111111 0.006947395833333333 0.05591481481481481
0 0.3077953125 0.1744587962962963 0.008298958333333334 0.035954629629629635
0 0.49381796875 0.24668564814814814 0.0074276041666666666 0.01744537037037037
1 0.5 0.5 1.0 1.0
0 0.9541078125 0.5400995370370371 0.0071739583333333325 0.01723611111111111
0 0.4233291666666667 0.9840888888888889 0.02061666666666667 0.03114074074074074
0 0.43741328124999995 0.9472467592592593 0.013368229166666667 0.025975
0 0.16124765625 0.8239731481481481 0.018328645833333334 0.03127962962962963
0 0.13644348958333333 0.7731287037037038 0.0124703125 0.033294444444444446
0 0.034092447916666664 0.4562351851851852 0.011934895833333332 0.030988888888888892
0 0.024051041666666665 0.5253523148148148 0.01789375 0.02292685185185185
0 0.0181703125 0.5268944444444444 0.0071739583333333325 0.01675185185185185
0 0.11446015625 0.5744231481481481 0.0132953125 0.017364814814814816
0 0.06753619791666667 0.3066611111111111 0.006947395833333333 0.05591481481481481
0 0.6921703125 0.1744587962962963 0.008298958333333334 0.035954629629629635
0 0.50631796875 0.24668564814814814 0.0074276041666666666 0.01744537037037037
1 0.5002604166666667 0.5143518518518518 0.9994791666666667 0.9712962962962963
0 0.052083333333333336 0.638425925925926 0.007291666666666667 0.017592592592592594
0 0.6096354166666667 0.9740740740740741 0.0203125 0.05
0 0.59296875 0.9300925925925926 0.013020833333333334 0.026851851851851852
0 0.8580729166666666 0.7481481481481481 0.0171875 0.03333333333333333
0 0.8791666666666667 0.6921296296296297 0.0125 0.032407407407407406
0 0.959375 0.35555555555555557 0.0125 0.02962962962962963
0 0.97421875 0.4212962962962963 0.018229166666666668 0.020370370370370372
0 0.9802083333333333 0.42268518518518516 0.007291666666666667 0.01574074074074074
0 0.8875 0.4898148148148148 0.0125 0.018518518518518517
0 0.9153645833333334 0.21435185185185185 0.008854166666666666 0.05462962962962963
0 0.2872395833333333 0.21898148148148147 0.009895833333333333 0.03611111111111111
0 0.4765625 0.25 0.007291666666666667 0.016666666666666666
1 0.5 0.5 1.0 1.0
0 0.045774479166666666 0.5400995370370371 0.0071739583333333325 0.01723611111111111
0 0.5769749999999999 0.9840888888888889 0.02061666666666667 0.03114074074074074
0 0.5629341145833333 0.9472467592592593 0.013368229166666667 0.025975
0 0.8388518229166666 0.8239731481481481 0.018328645833333334 0.03127962962962963
0 0.8635268229166667 0.7731287037037038 0.0124703125 0.033294444444444446
0 0.96586328125 0.4562351851851852 0.011934895833333332 0.030988888888888892
0 0.9761343750000001 0.5253523148148148 0.01789375 0.02292685185185185
0 0.9817119791666666 0.5268944444444444 0.0071739583333333325 0.01675185185185185
0 0.8852934895833333 0.5744231481481481 0.0132953125 0.017364814814814816
0 0.9326403645833333 0.3066611111111111 0.006947395833333333 0.05591481481481481
0 0.3077953125 0.1744587962962963 0.008298958333333334 0.035954629629629635
0 0.49381796875 0.24668564814814814 0.0074276041666666666 0.01744537037037037
1 0.5 0.5 1.0 1.0
0 0.9541078125 0.5400995370370371 0.0071739583333333325 0.01723611111111111
0 0.4233291666666667 0.9840888888888889 0.02061666666666667 0.03114074074074074
0 0.43741328124999995 0.9472467592592593 0.013368229166666667 0.025975
0 0.16124765625 0.8239731481481481 0.018328645833333334 0.03127962962962963
0 0.13644348958333333 0.7731287037037038 0.0124703125 0.033294444444444446
0 0.034092447916666664 0.4562351851851852 0.011934895833333332 0.030988888888888892
0 0.024051041666666665 0.5253523148148148 0.01789375 0.02292685185185185
0 0.0181703125 0.5268944444444444 0.0071739583333333325 0.01675185185185185
0 0.11446015625 0.5744231481481481 0.0132953125 0.017364814814814816
0 0.06753619791666667 0.3066611111111111 0.006947395833333333 0.05591481481481481
0 0.6921703125 0.1744587962962963 0.008298958333333334 0.035954629629629635
0 0.50631796875 0.24668564814814814 0.0074276041666666666 0.01744537037037037
1 0.5002604166666667 0.5143518518518518 0.9994791666666667 0.9712962962962963
0 0.052083333333333336 0.638425925925926 0.007291666666666667 0.017592592592592594
0 0.6096354166666667 0.9740740740740741 0.0203125 0.05
0 0.59296875 0.9300925925925926 0.013020833333333334 0.026851851851851852
0 0.8580729166666666 0.7481481481481481 0.0171875 0.03333333333333333
0 0.8791666666666667 0.6921296296296297 0.0125 0.032407407407407406
0 0.959375 0.35555555555555557 0.0125 0.02962962962962963
0 0.97421875 0.4212962962962963 0.018229166666666668 0.020370370370370372
0 0.9802083333333333 0.42268518518518516 0.007291666666666667 0.01574074074074074
0 0.8875 0.4898148148148148 0.0125 0.018518518518518517
0 0.9153645833333334 0.21435185185185185 0.008854166666666666 0.05462962962962963
0 0.2872395833333333 0.21898148148148147 0.009895833333333333 0.03611111111111111
0 0.4765625 0.25 0.007291666666666667 0.016666666666666666
1 0.5 0.5 1.0 1.0
0 0.045774479166666666 0.5400995370370371 0.0071739583333333325 0.01723611111111111
0 0.5769749999999999 0.9840888888888889 0.02061666666666667 0.03114074074074074
0 0.5629341145833333 0.9472467592592593 0.013368229166666667 0.025975
0 0.8388518229166666 0.8239731481481481 0.018328645833333334 0.03127962962962963
0 0.8635268229166667 0.7731287037037038 0.0124703125 0.033294444444444446
0 0.96586328125 0.4562351851851852 0.011934895833333332 0.030988888888888892
0 0.9761343750000001 0.5253523148148148 0.01789375 0.02292685185185185
0 0.9817119791666666 0.5268944444444444 0.0071739583333333325 0.01675185185185185
0 0.8852934895833333 0.5744231481481481 0.0132953125 0.017364814814814816
0 0.9326403645833333 0.3066611111111111 0.006947395833333333 0.05591481481481481
0 0.3077953125 0.1744587962962963 0.008298958333333334 0.035954629629629635
0 0.49381796875 0.24668564814814814 0.0074276041666666666 0.01744537037037037
1 0.5 0.5 1.0 1.0
0 0.9541078125 0.5400995370370371 0.0071739583333333325 0.01723611111111111
0 0.4233291666666667 0.9840888888888889 0.02061666666666667 0.03114074074074074
0 0.43741328124999995 0.9472467592592593 0.013368229166666667 0.025975
0 0.16124765625 0.8239731481481481 0.018328645833333334 0.03127962962962963
0 0.13644348958333333 0.7731287037037038 0.0124703125 0.033294444444444446
0 0.034092447916666664 0.4562351851851852 0.011934895833333332 0.030988888888888892
0 0.024051041666666665 0.5253523148148148 0.01789375 0.02292685185185185
0 0.0181703125 0.5268944444444444 0.0071739583333333325 0.01675185185185185
0 0.11446015625 0.5744231481481481 0.0132953125 0.017364814814814816
0 0.06753619791666667 0.3066611111111111 0.006947395833333333 0.05591481481481481
0 0.6921703125 0.1744587962962963 0.008298958333333334 0.035954629629629635
0 0.50631796875 0.24668564814814814 0.0074276041666666666 0.01744537037037037
1 0.5002604166666667 0.5143518518518518 0.9994791666666667 0.9712962962962963
0 0.052083333333333336 0.638425925925926 0.007291666666666667 0.017592592592592594
0 0.6096354166666667 0.9740740740740741 0.0203125 0.05
0 0.59296875 0.9300925925925926 0.013020833333333334 0.026851851851851852
0 0.8580729166666666 0.7481481481481481 0.0171875 0.03333333333333333
0 0.8791666666666667 0.6921296296296297 0.0125 0.032407407407407406
0 0.959375 0.35555555555555557 0.0125 0.02962962962962963
0 0.97421875 0.4212962962962963 0.018229166666666668 0.020370370370370372
0 0.9802083333333333 0.42268518518518516 0.007291666666666667 0.01574074074074074
0 0.8875 0.4898148148148148 0.0125 0.018518518518518517
0 0.9153645833333334 0.21435185185185185 0.008854166666666666 0.05462962962962963
0 0.2872395833333333 0.21898148148148147 0.009895833333333333 0.03611111111111111
0 0.4765625 0.25 0.007291666666666667 0.016666666666666666
