1 0.49973958333333335 0.5157407407407407 0.9994791666666667 0.9666666666666667
1 0.9005208333333333 0.8708333333333333 0.19791666666666666 0.2564814814814815
1 0.9671875 0.961574074074074 0.06458333333333334 0.075
0 0.196875 0.2064814814814815 0.014583333333333334 0.027777777777777776
0 0.2921875 0.43842592592592594 0.01875 0.0787037037037037
0 0.39479166666666665 0.19027777777777777 0.010416666666666666 0.021296296296296296
0 0.6916666666666667 0.3263888888888889 0.013541666666666667 0.06574074074074074
0 0.34791666666666665 0.9226851851851852 0.034375 0.032407407407407406
0 0.5924479166666666 0.5972222222222222 0.015104166666666667 0.06296296296296296
0 0.6252604166666667 0.7273148148148149 0.013020833333333334 0.025
0 0.75625 0.3421296296296296 0.01875 0.03425925925925926
0 0.7127604166666667 0.1912037037037037 0.0067708333333333336 0.021296296296296296
0 0.7002604166666667 0.6726851851851852 0.008854166666666666 0.017592592592592594
0 0.6372395833333333 0.6856481481481481 0.008854166666666666 0.01574074074074074
0 0.6442708333333333 0.75 0.008333333333333333 0.024074074074074074
1 0.5 0.5 1.0 1.0
1 0.9111401041666666 0.9469685185185185 0.11394687499999999 0.1069
0 0.22984817708333333 0.11766157407407407 0.014904687500000001 0.029767592592592592
0 0.30166484375 0.3753888888888889 0.024163020833333333 0.0767037037037037
0 0.42659557291666667 0.16225787037037037 0.011524479166666666 0.02081203703703704
0 0.70529921875 0.38831342592592594 0.0137234375 0.0673675925925926
0 0.3087520833333333 0.867000462962963 0.03312916666666667 0.03400092592592592
0 0.5817924479166667 0.6233393518518519 0.018793229166666665 0.06334537037037037
0 0.60121796875 0.762375462962963 0.012852604166666667 0.02660277777777778
0 0.7679200520833334 0.4240328703703704 0.018131770833333335 0.03695462962962963
0 0.7396028645833332 0.2616537037037037 0.007330729166666666 0.021455555555555558
0 0.6802119791666666 0.7319328703703704 0.009382291666666666 0.015717592592592596
0 0.6168833333333333 0.725598611111111 0.007725 0.014160185185185184
0 0.61750078125 0.7910402777777777 0.008959895833333334 0.024673148148148145
1 0.5 0.5 1.0 1.0
1 0.09180078124999999 0.9319828703703704 0.13464322916666666 0.13618796296296296
0 0.7772299479166667 0.13416481481481482 0.0148765625 0.02944074074074074
0 0.7011505208333334 0.38772083333333335 0.023134375 0.07729351851851853
0 0.5801442708333333 0.16696157407407408 0.011330208333333334 0.020960185185185186
0 0.29712369791666665 0.3761023148148148 0.012997395833333333 0.06701944444444445
0 0.6839177083333333 0.8785041666666666 0.033460416666666666 0.03293425925925926
0 0.4157674479166667 0.6186555555555556 0.017993229166666666 0.06323703703703705
0 0.3933856770833334 0.7556796296296296 0.012813020833333333 0.026174074074074075
0 0.23394088541666666 0.4071402777777778 0.01788177083333333 0.03650277777777778
0 0.26554479166666667 0.24684907407407405 0.0071312500000000004 0.021475925925925926
0 0.3150140625 0.7201032407407407 0.009194791666666667 0.016132407407407404
0 0.3784645833333334 0.7181962962962963 0.007970833333333333 0.014170370370370371
0 0.3767713541666666 0.7836027777777779 0.008751041666666666 0.024612962962962965
1 0.49973958333333335 0.5157407407407407 0.9994791666666667 0.9666666666666667
1 0.9005208333333333 0.8708333333333333 0.19791666666666666 0.2564814814814815
1 0.9671875 0.961574074074074 0.06458333333333334 0.075
0 0.196875 0.2064814814814815 0.014583333333333334 0.027777777777777776
0 0.2921875 0.43842592592592594 0.01875 0.0787037037037037
0 0.39479166666666665 0.19027777777777777 0.010416666666666666 0.021296296296296296
0 0.6916666666666667 0.3263888888888889 0.013541666666666667 0.06574074074074074
0 0.34791666666666665 0.9226851851851852 0.034375 0.032407407407407406
0 0.5924479166666666 0.5972222222222222 0.015104166666666667 0.06296296296296296
0 0.6252604166666667 0.7273148148148149 0.013020833333333334 0.025
0 0.75625 0.3421296296296296 0.01875 0.03425925925925926
0 0.7127604166666667 0.1912037037037037 0.0067708333333333336 0.021296296296296296
0 0.7002604166666667 0.6726851851851852 0.008854166666666666 0.017592592592592594
0 0.6372395833333333 0.6856481481481481 0.008854166666666666 0.01574074074074074
0 0.6442708333333333 0.75 0.008333333333333333 0.024074074074074074
1 0.5 0.5 1.0 1.0
1 0.9111401041666666 0.9469685185185185 0.11394687499999999 0.1069
0 0.22984817708333333 0.11766157407407407 0.014904687500000001 0.029767592592592592
0 0.30166484375 0.3753888888888889 0.024163020833333333 0.0767037037037037
0 0.42659557291666667 0.16225787037037037 0.011524479166666666 0.02081203703703704
0 0.70529921875 0.38831342592592594 0.0137234375 0.0673675925925926
0 0.3087520833333333 0.867000462962963 0.03312916666666667 0.03400092592592592
0 0.5817924479166667 0.6233393518518519 0.018793229166666665 0.06334537037037037
0 0.60121796875 0.762375462962963 0.012852604166666667 0.02660277777777778
0 0.7679200520833334 0.4240328703703704 0.018131770833333335 0.03695462962962963
0 0.7396028645833332 0.2616537037037037 0.007330729166666666 0.021455555555555558
0 0.6802119791666666 0.7319328703703704 0.009382291666666666 0.015717592592592596
0 0.6168833333333333 0.725598611111111 0.007725 0.014160185185185184
0 0.61750078125 0.7910402777777777 0.008959895833333334 0.024673148148148145
1 0.5 0.5 1.0 1.0
1 0.09180078124999999 0.9319828703703704 0.13464322916666666 0.13618796296296296
0 0.7772299479166667 0.13416481481481482 0.0148765625 0.02944074074074074
0 0.7011505208333334 0.38772083333333335 0.023134375 0.07729351851851853
0 0.5801442708333333 0.16696157407407408 0.011330208333333334 0.020960185185185186
0 0.29712369791666665 0.3761023148148148 0.012997395833333333 0.06701944444444445
0 0.6839177083333333 0.8785041666666666 0.033460416666666666 0.03293425925925926
0 0.4157674479166667 0.6186555555555556 0.017993229166666666 0.06323703703703705
0 0.3933856770833334 0.7556796296296296 0.012813020833333333 0.026174074074074075
0 0.23394088541666666 0.4071402777777778 0.01788177083333333 0.03650277777777778
0 0.26554479166666667 0.24684907407407405 0.0071312500000000004 0.021475925925925926
0 0.3150140625 0.7201032407407407 0.009194791666666667 0.016132407407407404
0 0.3784645833333334 0.7181962962962963 0.007970833333333333 0.014170370370370371
0 0.3767713541666666 0.7836027777777779 0.008751041666666666 0.024612962962962965
1 0.49973958333333335 0.5157407407407407 0.9994791666666667 0.9666666666666667
1 0.9005208333333333 0.8708333333333333 0.19791666666666666 0.2564814814814815
1 0.9671875 0.961574074074074 0.06458333333333334 0.075
0 0.196875 0.2064814814814815 0.014583333333333334 0.027777777777777776
0 0.2921875 0.43842592592592594 0.01875 0.0787037037037037
0 0.39479166666666665 0.19027777777777777 0.010416666666666666 0.021296296296296296
0 0.6916666666666667 0.3263888888888889 0.013541666666666667 0.06574074074074074
0 0.34791666666666665 0.9226851851851852 0.034375 0.032407407407407406
0 0.5924479166666666 0.5972222222222222 0.015104166666666667 0.06296296296296296
0 0.6252604166666667 0.7273148148148149 0.013020833333333334 0.025
0 0.75625 0.3421296296296296 0.01875 0.03425925925925926
0 0.7127604166666667 0.1912037037037037 0.0067708333333333336 0.021296296296296296
0 0.7002604166666667 0.6726851851851852 0.008854166666666666 0.017592592592592594
0 0.6372395833333333 0.6856481481481481 0.008854166666666666 0.01574074074074074
0 0.6442708333333333 0.75 0.008333333333333333 0.024074074074074074
1 0.5 0.5 1.0 1.0
1 0.9111401041666666 0.9469685185185185 0.11394687499999999 0.1069
0 0.22984817708333333 0.11766157407407407 0.014904687500000001 0.029767592592592592
0 0.30166484375 0.3753888888888889 0.024163020833333333 0.0767037037037037
0 0.42659557291666667 0.16225787037037037 0.011524479166666666 0.02081203703703704
0 0.70529921875 0.38831342592592594 0.0137234375 0.0673675925925926
0 0.3087520833333333 0.867000462962963 0.03312916666666667 0.03400092592592592
0 0.5817924479166667 0.6233393518518519 0.018793229166666665 0.06334537037037037
0 0.60121796875 0.762375462962963 0.012852604166666667 0.02660277777777778
0 0.7679200520833334 0.4240328703703704 0.018131770833333335 0.03695462962962963
0 0.7396028645833332 0.2616537037037037 0.007330729166666666 0.021455555555555558
0 0.6802119791666666 0.7319328703703704 0.009382291666666666 0.015717592592592596
0 0.6168833333333333 0.725598611111111 0.007725 0.014160185185185184
0 0.61750078125 0.7910402777777777 0.008959895833333334 0.024673148148148145
1 0.5 0.5 1.0 1.0
1 0.09180078124999999 0.9319828703703704 0.13464322916666666 0.13618796296296296
0 0.7772299479166667 0.13416481481481482 0.0148765625 0.02944074074074074
0 0.7011505208333334 0.38772083333333335 0.023134375 0.07729351851851853
0 0.5801442708333333 0.16696157407407408 0.011330208333333334 0.020960185185185186
0 0.29712369791666665 0.3761023148148148 0.012997395833333333 0.06701944444444445
0 0.6839177083333333 0.8785041666666666 0.033460416666666666 0.03293425925925926
0 0.4157674479166667 0.6186555555555556 0.017993229166666666 0.06323703703703705
0 0.3933856770833334 0.7556796296296296 0.012813020833333333 0.026174074074074075
0 0.23394088541666666 0.4071402777777778 0.01788177083333333 0.03650277777777778
0 0.26554479166666667 0.24684907407407405 0.0071312500000000004 0.021475925925925926
0 0.3150140625 0.7201032407407407 0.009194791666666667 0.016132407407407404
0 0.3784645833333334 0.7181962962962963 0.007970833333333333 0.014170370370370371
0 0.3767713541666666 0.7836027777777779 0.008751041666666666 0.024612962962962965
