1 0.5 0.49562731481481487 1.0 0.9912546296296297
0 0.96160703125 0.14126851851851852 0.010714062500000001 0.0417962962962963
0 0.97337421875 0.18303842592592592 0.009248437500000001 0.017928703703703704
0 0.874775 0.25007870370370366 0.017258333333333334 0.03163888888888889
0 0.9643197916666666 0.29665416666666666 0.006764583333333333 0.024789814814814813
0 0.9113359375000001 0.2902268518518518 0.011213541666666667 0.02675
0 0.9086468750000001 0.29713981481481483 0.00791875 0.012798148148148147
0 0.8990645833333333 0.3287513888888889 0.021045833333333333 0.020465740740740743
0 0.8493596354166667 0.3149166666666667 0.008094270833333334 0.022425925925925926
0 0.9055138020833333 0.09684212962962963 0.01727760416666667 0.023313888888888887
0 0.7606651041666667 0.08937546296296296 0.06091354166666666 0.09356574074074074
0 0.9694325520833333 0.3959486111111111 0.010740104166666665 0.012267592592592594
0 0.8874046875 0.4979018518518519 0.017517708333333333 0.05321111111111111
0 0.9683177083333334 0.5111967592592592 0.006427083333333333 0.018689814814814815
0 0.8337247395833334 0.4708736111111111 0.008074479166666667 0.021376851851851852
0 0.8028270833333334 0.43429074074074075 0.0077375 0.02598888888888889
0 0.9052893229166667 0.5431467592592593 0.0053703125 0.015923148148148148
0 0.8906809895833334 0.545149537037037 0.0115703125 0.021780555555555556
0 0.8717763020833333 0.5206791666666666 0.003969270833333333 0.008025
0 0.8917109375 0.6164527777777777 0.012588541666666668 0.01809074074074074
0 0.85456484375 0.6169578703703703 0.0216296875 0.041323148148148144
0 0.88798828125 0.6610652777777778 0.005143229166666667 0.023982407407407407
0 0.8800484375 0.7041842592592593 0.006971875 0.012072222222222222
0 0.8159268229166667 0.6366648148148147 0.0141453125 0.025181481481481482
0 0.8568684895833333 0.7679064814814816 0.008528645833333333 0.026553703703703704
0 0.8330747395833333 0.7536032407407407 0.010941145833333334 0.031280555555555555
0 0.84109453125 0.8076069444444445 0.0165640625 0.03188055555555555
0 0.8759213541666667 0.8325546296296297 0.0049677083333333335 0.01696111111111111
0 0.8258611979166666 0.8268203703703704 0.0058890625 0.016603703703703704
0 0.8117549479166667 0.7899476851851852 0.009968229166666667 0.024339814814814814
0 0.7887432291666666 0.8117837962962963 0.022278125 0.05690092592592593
0 0.810228125 0.8745546296296296 0.010039583333333333 0.012072222222222222
0 0.8327927083333333 0.9111967592592592 0.010377083333333334 0.018689814814814815
0 0.7832544270833334 0.8780282407407407 0.012342187499999999 0.02642685185185185
0 0.77525625 0.862324537037037 0.014054166666666668 0.019093518518518517
0 0.7391619791666667 0.9755574074074075 0.012698958333333335 0.023337037037037038
0 0.7605903645833333 0.8650833333333333 0.0045140625 0.007944444444444445
0 0.7496851562500001 0.8687726851851851 0.004578645833333334 0.015323148148148148
0 0.6884627604166667 0.8081087962962964 0.0310921875 0.047699074074074074
0 0.7160208333333333 0.6888023148148149 0.014333333333333333 0.03316018518518519
0 0.65911171875 0.8555717592592593 0.028640104166666666 0.13706944444444444
0 0.6634723958333333 0.805124074074074 0.012361458333333334 0.03802592592592592
0 0.6945026041666666 0.9408087962962962 0.02858854166666667 0.027913888888888887
0 0.654059375 0.9573912037037038 0.00499375 0.029597222222222223
0 0.56381484375 0.6790314814814815 0.0120046875 0.019174074074074073
0 0.6169635416666667 0.7242879629629629 0.004760416666666667 0.015242592592592592
0 0.5823518229166668 0.8289546296296296 0.004286979166666666 0.01716851851851852
0 0.5351304687499999 0.6868967592592592 0.006719270833333333 0.021941666666666665
0 0.64829921875 0.13669351851851852 0.01951510416666667 0.03449814814814815
0 0.6295658854166667 0.14637685185185184 0.014340104166666668 0.033494444444444445
0 0.5443463541666667 0.16389907407407406 0.011609375 0.07039074074074074
0 0.62684296875 0.3710259259259259 0.0099359375 0.047607407407407404
0 0.6096901041666667 0.4310115740740741 0.022505208333333335 0.049060185185185186
0 0.4795520833333333 0.22465416666666665 0.0299375 0.05671574074074074
0 0.5146166666666666 0.08688055555555556 0.011525 0.018205555555555555
0 0.47106796875 0.10744212962962962 0.020260937500000003 0.02414351851851852
0 0.4265796875 0.06226342592592593 0.030242708333333333 0.05415648148148148
0 0.43137395833333336 0.06236157407407407 0.022122916666666666 0.05435277777777778
0 0.40965885416666664 0.1553240740740741 0.023484375000000002 0.018055555555555554
0 0.41684010416666667 0.1540351851851852 0.009721875 0.017329629629629632
0 0.40393697916666665 0.1200736111111111 0.021415625 0.04940648148148148
0 0.46624010416666667 0.3374319444444444 0.03248020833333334 0.050789814814814815
0 0.4857510416666667 0.40653703703703703 0.009002083333333332 0.022333333333333334
0 0.40893098958333335 0.20382083333333334 0.0074453125 0.01134537037037037
0 0.4055682291666667 0.01631064814814815 0.019469791666666666 0.028917592592592595
0 0.3549893229166667 0.21688935185185185 0.0141453125 0.03192685185185185
0 0.35003046875 0.09884722222222221 0.014644270833333334 0.02176851851851852
0 0.39911302083333333 0.3438972222222222 0.0076010416666666665 0.01372037037037037
0 0.3729955729166667 0.308975 0.0064078125 0.012394444444444444
0 0.3469578125 0.27014768518518517 0.004332291666666667 0.010665740740740741
0 0.3283684895833333 0.24075277777777776 0.0088203125 0.01483888888888889
0 0.32863489583333333 0.02551574074074074 0.017686458333333332 0.02695740740740741
0 0.28437395833333334 0.034091666666666666 0.044789583333333334 0.0422574074074074
0 0.3160875 0.08540601851851852 0.013425 0.02081203703703704
0 0.28517317708333334 0.1089861111111111 0.04222135416666666 0.09760185185185184
0 0.2866520833333333 0.10328842592592594 0.03997083333333333 0.08435462962962963
0 0.29273385416666664 0.08061064814814815 0.02921770833333333 0.04085092592592592
0 0.30478124999999995 0.13128657407407407 0.010604166666666666 0.038499074074074074
0 0.1335216145833333 0.1463962962962963 0.24933489583333335 0.2927925925925926
0 0.27748203125 0.12764398148148148 0.024755729166666667 0.036769444444444445
0 0.29965572916666666 0.19424398148148148 0.028478125 0.06256203703703703
0 0.30325390625 0.1819162037037037 0.02109114583333333 0.03605462962962963
0 0.3037565104166667 0.21518287037037037 0.0085546875 0.02851388888888889
0 0.2690065104166666 0.2156912037037037 0.008846354166666666 0.02582685185185185
0 0.2834536458333333 0.2914925925925926 0.022115625000000003 0.03668888888888889
0 0.2998361979166667 0.35456481481481483 0.009047395833333333 0.012833333333333332
0 0.28642109374999997 0.33531805555555555 0.009300520833333333 0.024339814814814814
0 0.055832291666666665 0.03201805555555556 0.07103958333333332 0.06403611111111111
0 0.10518723958333333 0.06517777777777778 0.047874479166666664 0.13035555555555556
0 0.29324895833333336 0.3852972222222222 0.008372916666666667 0.02615
0 0.25969375 0.3705912037037037 0.012095833333333333 0.02081203703703704
0 0.24693619791666668 0.38501851851851854 0.0105390625 0.023740740740740743
0 0.25981770833333334 0.4333106481481482 0.010260416666666666 0.024028703703703705
0 0.23456536458333332 0.4260717592592593 0.012880729166666667 0.020662037037037038
0 0.22874140625 0.3930486111111111 0.009566145833333334 0.015726851851851853
0 0.2687036458333333 0.46104814814814815 0.012407291666666665 0.02394814814814815
0 0.2734940104166667 0.4864893518518519 0.014696354166666667 0.04149722222222222
0 0.2212734375 0.4412981481481481 0.008171875 0.023337037037037038
0 0.204409375 0.4332240740740741 0.010902083333333333 0.023855555555555553
0 0.2496203125 0.5249611111111111 0.009657291666666668 0.02029259259259259
0 0.21514270833333335 0.4978990740740741 0.01049375 0.03653888888888889
0 0.16275625000000002 0.5180449074074075 0.014054166666666668 0.026830555555555555
0 0.13290286458333334 0.5552425925925927 0.0241390625 0.08826296296296296
0 0.13732760416666664 0.5286171296296297 0.015280208333333333 0.03316018518518519
0 0.21501432291666667 0.6492773148148149 0.011278645833333333 0.020776851851851852
0 0.20406640625 0.669824537037037 0.0081328125 0.043352777777777775
0 0.26785234374999994 0.7748768518518518 0.0200796875 0.021975925925925927
0 0.2531583333333333 0.7475935185185185 0.011525 0.02666851851851852
0 0.23730963541666666 0.7748069444444445 0.02461927083333333 0.04961388888888889
0 0.1643390625 0.6930129629629629 0.012011458333333334 0.04343333333333334
0 0.18278958333333334 0.7202949074074074 0.0051625 0.01836759259259259
0 0.12263932291666667 0.5878074074074074 0.022361979166666667 0.0996888888888889
0 0.11790442708333333 0.6772777777777778 0.0097671875 0.01937037037037037
0 0.11934375 0.6974115740740742 0.009520833333333334 0.01889722222222222
0 0.11688151041666667 0.7317898148148148 0.011888020833333334 0.017283333333333335
0 0.12027604166666667 0.7319143518518518 0.0072187499999999995 0.015680555555555555
0 0.07388828124999999 0.7359023148148148 0.014443229166666667 0.03661944444444444
0 0.16640520833333333 0.7570319444444444 0.005727083333333333 0.017767592592592592
0 0.09154635416666666 0.6775444444444445 0.0049677083333333335 0.0162
0 0.13874973958333334 0.5675819444444444 0.0035411458333333336 0.00553425925925926
0 0.12914296875 0.592550462962963 0.0072442708333333335 0.022137962962962963
0 0.10145572916666666 0.7566847222222223 0.008119791666666666 0.020776851851851852
1 0.5 0.47774675925925925 1.0 0.9554935185185185
0 0.08374427083333333 0.005430555555555556 0.009155208333333333 0.010861111111111111
0 0.06899661458333334 0.028386111111111112 0.009868229166666666 0.017883333333333334
0 0.15950677083333334 0.12668703703703704 0.016930208333333332 0.0330037037037037
0 0.06590442708333334 0.14296851851851852 0.007850520833333334 0.022974074074074074
0 0.11826901041666667 0.1542865740740741 0.010496354166666666 0.027091666666666667
0 0.12046979166666666 0.16266064814814815 0.007606249999999999 0.012358333333333332
0 0.12651588541666667 0.1963486111111111 0.021781770833333332 0.016771296296296295
0 0.17723411458333332 0.19972731481481482 0.009676562500000001 0.019825000000000002
0 0.2860200520833333 0.022489814814814817 0.06474843749999999 0.04497962962962963
0 0.05027447916666667 0.23933750000000004 0.009923958333333333 0.013860185185185185
0 0.11891536458333334 0.3668768518518518 0.0149140625 0.05597592592592593
0 0.03911015625 0.35267870370370374 0.007386979166666667 0.018320370370370372
0 0.1761953125 0.35786064814814816 0.008640625 0.021276851851851852
0 0.20952864583333333 0.3323365740740741 0.008640625 0.02578425925925926
0 0.09739192708333334 0.4044625 0.0062421874999999995 0.016332407407407407
0 0.1113828125 0.41234490740740737 0.012348958333333333 0.02098611111111111
0 0.13301875 0.3943759259259259 0.004579166666666666 0.007270370370370371
0 0.10300911458333334 0.48116388888888895 0.012268229166666667 0.017883333333333334
0 0.13900937500000002 0.49419768518518525 0.023852083333333333 0.03654351851851852
0 0.102753125 0.5277601851851852 0.00550625 0.024038888888888887
0 0.10492942708333333 0.5709453703703703 0.006733854166666667 0.012261111111111112
0 0.17514036458333332 0.5262421296296296 0.013822395833333334 0.026558333333333333
0 0.12171614583333333 0.6432537037037037 0.008015625 0.0253962962962963
0 0.14729609375 0.6351472222222222 0.011258854166666667 0.031405555555555555
0 0.13251067708333333 0.6877013888888889 0.015021354166666667 0.032810185185185185
0 0.09588671875 0.6989018518518518 0.005315104166666667 0.018174074074074075
0 0.1445971354166667 0.7105268518518518 0.0058609375 0.01735
0 0.16271640625 0.6786560185185185 0.010849479166666667 0.025830555555555555
0 0.1841479166666667 0.7079643518518518 0.018295833333333334 0.062225
0 0.1553328125 0.7630962962962963 0.009623958333333333 0.01322962962962963
0 0.1292471354166667 0.7909319444444445 0.010577604166666667 0.018900925925925925
0 0.18092942708333334 0.774899074074074 0.011858854166666665 0.027575925925925927
0 0.19081979166666668 0.7625736111111111 0.013931250000000001 0.017739814814814812
0 0.2139296875 0.8846773148148148 0.013276041666666665 0.024910185185185185
0 0.20467604166666667 0.7698111111111111 0.00414375 0.00814074074074074
0 0.21592708333333333 0.7773986111111111 0.0047708333333333335 0.01405648148148148
0 0.28234869791666667 0.7376912037037037 0.02928072916666667 0.045752777777777774
0 0.26772786458333336 0.6113287037037037 0.0125390625 0.03562037037037037
0 0.30851432291666664 0.7957643518518519 0.0243203125 0.13967685185185186
0 0.30731197916666664 0.7441976851851853 0.012540625 0.03654351851851852
0 0.2620005208333333 0.8680856481481481 0.027126041666666666 0.03246759259259259
0 0.2992427083333334 0.8963120370370371 0.005777083333333334 0.02966111111111111
0 0.4175953125 0.6536231481481481 0.011232291666666666 0.02020925925925926
0 0.3612255208333333 0.6813439814814815 0.004742708333333333 0.014539814814814814
0 0.38416953125000003 0.7949861111111112 0.004797395833333333 0.01589814814814815
0 0.44509843750000005 0.672287962962963 0.007905208333333334 0.02050185185185185
0 0.3932013020833333 0.09245277777777779 0.019735937500000002 0.0330537037037037
0 0.4105880208333333 0.10807824074074075 0.017009375 0.030971296296296295
0 0.49130520833333335 0.15456342592592592 0.01594375 0.0683861111111111
0 0.38917135416666665 0.3308407407407407 0.009592708333333333 0.04686666666666667
0 0.399709375 0.39585555555555557 0.025460416666666666 0.04541481481481482
0 0.548834375 0.23576527777777778 0.029960416666666666 0.054863888888888886
0 0.5296393229166667 0.08937037037037036 0.012403645833333334 0.01948148148148148
0 0.57045234375 0.12519444444444444 0.0190296875 0.026314814814814815
0 0.6192463541666666 0.09355185185185186 0.033284375 0.05006666666666667
0 0.6143604166666666 0.09379490740740741 0.02559583333333333 0.05055277777777778
0 0.62615625 0.19249212962962964 0.02314583333333333 0.018317592592592594
0 0.6190651041666667 0.18923055555555557 0.010005208333333333 0.01735
0 0.63595546875 0.1587287037037037 0.018785937500000002 0.05079074074074074
0 0.5501229166666667 0.35007453703703706 0.03462083333333333 0.04459351851851852
0 0.5246065104166667 0.4129689814814815 0.008588020833333333 0.024086111111111114
0 0.6212252604166667 0.23975462962962962 0.007033854166666667 0.012842592592592591
0 0.6448359375 0.05586157407407408 0.018838541666666667 0.030241666666666667
0 0.6729986979166667 0.27033240740740744 0.014747395833333335 0.031405555555555555
0 0.6906018229166667 0.15672962962962964 0.0134953125 0.02457037037037037
0 0.6154520833333332 0.3814458333333333 0.0079875 0.012891666666666666
0 0.6453497395833333 0.3551078703703704 0.006324479166666667 0.012067592592592592
0 0.6746583333333334 0.3262342592592593 0.004525 0.011727777777777778
0 0.69606953125 0.3030759259259259 0.008805729166666667 0.01541111111111111
0 0.6685388020833333 0.0375537037037037 0.006869270833333333 0.01584814814814815
0 0.7276057291666667 0.06485601851851852 0.009378125 0.020452777777777778
0 0.7189192708333334 0.09261851851851853 0.018046875 0.02597777777777778
0 0.7616075520833333 0.1172949074074074 0.0409234375 0.053108333333333334
0 0.7250341145833333 0.15551805555555553 0.012568229166666667 0.022147222222222224
0 0.75295625 0.18738564814814815 0.0371625 0.10254907407407407
0 0.75088515625 0.1838027777777778 0.0330203125 0.09353148148148148
0 0.7476903645833333 0.1594449074074074 0.027672395833333332 0.046667592592592594
0 0.73140546875 0.20379074074074074 0.012810937500000001 0.039062962962962966
0 0.8823296875000001 0.2516199074074074 0.23549270833333333 0.4087953703703704
0 0.7589554687500001 0.21006574074074075 0.023119270833333334 0.0423537037037037
0 0.728303125 0.2680425925925926 0.02535625 0.06571481481481481
0 0.72703671875 0.2541162037037037 0.021781770833333332 0.03601018518518519
0 0.723046875 0.28688240740740745 0.007552083333333333 0.02932037037037037
0 0.75765 0.29919675925925926 0.00905 0.026171296296296297
0 0.7353632812500001 0.3677449074074074 0.019684895833333334 0.04104537037037037
0 0.7120791666666667 0.42544861111111115 0.008533333333333334 0.013860185185185185
0 0.7271458333333333 0.4103796296296296 0.007416666666666667 0.026314814814814815
0 0.9581161458333334 0.15245462962962963 0.083940625 0.11787222222222223
0 0.9313268229166667 0.17511898148148147 0.04911197916666667 0.20208981481481483
0 0.7149989583333334 0.45757824074074077 0.008122916666666667 0.026267592592592592
0 0.7498052083333333 0.45459212962962964 0.011068749999999999 0.022147222222222224
0 0.7602416666666667 0.4727851851851852 0.009025 0.0252
0 0.7427989583333333 0.5165824074074074 0.011639583333333333 0.022053703703703704
0 0.7686989583333333 0.5168527777777778 0.013439583333333333 0.020742592592592594
0 0.77796328125 0.48697175925925923 0.0090515625 0.01468425925925926
0 0.7317638020833334 0.5419694444444444 0.012485937499999999 0.022827777777777777
0 0.7239145833333333 0.5634939814814814 0.011370833333333333 0.04550648148148148
0 0.7801648437500001 0.5373583333333333 0.006163020833333334 0.024716666666666665
0 0.7971390625 0.5345023148148148 0.008861458333333332 0.026412037037037036
0 0.7424921875 0.6086648148148147 0.008942708333333334 0.021033333333333334
0 0.78008046875 0.5946634259259259 0.011202604166666666 0.03562314814814815
0 0.9020572916666667 0.0794662037037037 0.014531249999999999 0.014487962962962963
0 0.828840625 0.6330625 0.013931250000000001 0.02723611111111111
0 0.8556138020833333 0.6792527777777777 0.017477604166666667 0.0918388888888889
0 0.8529114583333333 0.651924074074074 0.013114583333333334 0.03532962962962963
0 0.7638096354166667 0.742536574074074 0.011994270833333332 0.020258333333333333
0 0.7722682291666667 0.767349074074074 0.0059947916666666665 0.0439574074074074
0 0.698165625 0.8496421296296297 0.019247916666666667 0.023358333333333335
0 0.71609765625 0.8283606481481481 0.012403645833333334 0.027091666666666667
0 0.7283520833333333 0.858274537037037 0.022329166666666667 0.048030555555555556
0 0.80976796875 0.803363425925926 0.011202604166666666 0.04376388888888889
0 0.7875505208333333 0.8240717592592592 0.006351041666666667 0.01851388888888889
0 0.8601502604166666 0.7140875 0.013008854166666667 0.10410092592592593
0 0.85568671875 0.8041134259259259 0.010331770833333333 0.019337962962962963
0 0.8523158854166667 0.8238597222222223 0.009840104166666667 0.01623796296296296
0 0.8518848958333333 0.8570898148148148 0.012103125 0.017883333333333334
0 0.8484447916666666 0.8563143518518518 0.00730625 0.016332407407407407
0 0.8925484375 0.877361111111111 0.013221875 0.0362037037037037
0 0.7997614583333333 0.8643037037037037 0.006814583333333333 0.017496296296296298
0 0.88177265625 0.8123787037037037 0.0041703124999999995 0.01735
0 0.8471799479166666 0.6889703703703703 0.0037348958333333336 0.005718518518518519
0 0.8538736979166667 0.7166541666666666 0.006705729166666666 0.022197222222222222
0 0.8639815104166666 0.8878587962962964 0.009213020833333333 0.020162037037037037
1 0.49973958333333335 0.5171296296296296 0.9994791666666667 0.9638888888888889
0 0.05755208333333333 0.9287037037037037 0.0109375 0.040740740740740744
0 0.04375 0.8893518518518518 0.009375 0.017592592592592594
0 0.13932291666666666 0.8078703703703703 0.0171875 0.032407407407407406
0 0.04739583333333333 0.774074074074074 0.007291666666666667 0.024074074074074074
0 0.10026041666666667 0.7726851851851851 0.0109375 0.026851851851851852
0 0.10286458333333333 0.7652777777777777 0.0078125 0.012037037037037037
0 0.11067708333333333 0.7324074074074074 0.021354166666666667 0.018518518518518517
0 0.16119791666666666 0.7384259259259259 0.008854166666666666 0.021296296296296296
0 0.115625 0.9643518518518519 0.017708333333333333 0.021296296296296296
0 0.26015625 0.950925925925926 0.0640625 0.08703703703703704
0 0.0375 0.6759259259259259 0.010416666666666666 0.012962962962962963
0 0.11380208333333333 0.5615740740740741 0.016145833333333335 0.05462962962962963
0 0.03307291666666667 0.5611111111111111 0.0067708333333333336 0.018518518518518517
0 0.16927083333333334 0.5810185185185185 0.008333333333333333 0.021296296296296296
0 0.20130208333333333 0.6129629629629629 0.0078125 0.025925925925925925
0 0.09401041666666667 0.5199074074074074 0.005729166666666666 0.01574074074074074
0 0.10859375 0.5152777777777777 0.011979166666666667 0.021296296296296296
0 0.12864583333333332 0.5370370370370371 0.004166666666666667 0.007407407407407408
0 0.10416666666666667 0.4449074074074074 0.0125 0.017592592592592594
0 0.14088541666666668 0.4388888888888889 0.022395833333333334 0.03888888888888889
0 0.10625 0.3990740740740741 0.005208333333333333 0.024074074074074074
0 0.11119791666666666 0.3560185185185185 0.0067708333333333336 0.012037037037037037
0 0.17838541666666666 0.412962962962963 0.0140625 0.025925925925925925
0 0.13177083333333334 0.287962962962963 0.008333333333333333 0.025925925925925925
0 0.15651041666666668 0.29907407407407405 0.0109375 0.03148148148148148
0 0.1453125 0.24583333333333332 0.015625 0.032407407407407406
0 0.10963541666666667 0.2273148148148148 0.0046875 0.017592592592592594
0 0.15911458333333334 0.225 0.005729166666666666 0.016666666666666666
0 0.175 0.25972222222222224 0.010416666666666666 0.025
0 0.19765625 0.23425925925925925 0.0203125 0.05925925925925926
0 0.17265625 0.17453703703703705 0.009895833333333333 0.012037037037037037
0 0.1484375 0.14166666666666666 0.010416666666666666 0.018518518518518517
0 0.19921875 0.16712962962962963 0.011979166666666667 0.026851851851851852
0 0.20807291666666666 0.1814814814814815 0.0140625 0.018518518518518517
0 0.23828125 0.06388888888888888 0.013020833333333334 0.024074074074074074
0 0.22239583333333332 0.17685185185185184 0.004166666666666667 0.007407407407407408
0 0.23359375 0.1712962962962963 0.0046875 0.014814814814814815
0 0.29739583333333336 0.2222222222222222 0.030208333333333334 0.046296296296296294
0 0.27578125 0.3458333333333333 0.013020833333333334 0.03425925925925926
0 0.32526041666666666 0.17037037037037037 0.0265625 0.1388888888888889
0 0.3223958333333333 0.2212962962962963 0.0125 0.037037037037037035
0 0.28463541666666664 0.09074074074074075 0.027604166666666666 0.02962962962962963
0 0.32395833333333335 0.06851851851851852 0.004166666666666667 0.02962962962962963
0 0.4276041666666667 0.33194444444444443 0.011458333333333333 0.019444444444444445
0 0.37265625 0.29444444444444445 0.0046875 0.014814814814814815
0 0.40208333333333335 0.18518518518518517 0.004166666666666667 0.016666666666666666
0 0.4557291666666667 0.3189814814814815 0.007291666666666667 0.021296296296296296
0 0.37005208333333334 0.8851851851851852 0.019270833333333334 0.03333333333333333
0 0.3880208333333333 0.8726851851851852 0.015625 0.032407407407407406
0 0.47161458333333334 0.8421296296296297 0.013020833333333334 0.06944444444444445
0 0.3796875 0.6476851851851851 0.008333333333333333 0.04722222222222222
0 0.39427083333333335 0.5856481481481481 0.023958333333333335 0.04722222222222222
0 0.53359375 0.7712962962962963 0.0296875 0.05555555555555555
0 0.50546875 0.9138888888888889 0.011979166666666667 0.018518518518518517
0 0.5479166666666667 0.8865740740740741 0.019791666666666666 0.025
0 0.59453125 0.925 0.03177083333333333 0.05185185185185185
0 0.58984375 0.9254629629629629 0.0234375 0.05277777777777778
0 0.60703125 0.8287037037037037 0.0234375 0.016666666666666666
0 0.5997395833333333 0.8314814814814815 0.009895833333333333 0.016666666666666666
0 0.61484375 0.8638888888888889 0.0203125 0.05
0 0.5416666666666666 0.6574074074074074 0.03333333333333333 0.04814814814814815
0 0.5190104166666667 0.5912037037037037 0.008854166666666666 0.023148148148148147
0 0.6052083333333333 0.7810185185185186 0.007291666666666667 0.012037037037037037
0 0.61796875 0.9675925925925926 0.019270833333333334 0.02962962962962963
0 0.65859375 0.7601851851851852 0.0140625 0.03148148148148148
0 0.6690104166666667 0.8763888888888889 0.0140625 0.023148148148148147
0 0.6080729166666666 0.6398148148148148 0.0078125 0.012962962962962963
0 0.6359375 0.6708333333333333 0.00625 0.012037037037037037
0 0.6635416666666667 0.7055555555555556 0.004166666666666667 0.011111111111111112
0 0.68359375 0.7324074074074074 0.008854166666666666 0.014814814814814815
0 0.6401041666666667 0.9912037037037037 0.00625 0.01574074074074074
0 0.7010416666666667 0.975 0.009375 0.020370370370370372
0 0.69375 0.9453703703703704 0.017708333333333333 0.025925925925925925
0 0.7377604166666667 0.9296296296296296 0.043229166666666666 0.046296296296296294
0 0.7033854166666667 0.8847222222222222 0.013020833333333334 0.021296296296296296
0 0.7330729166666666 0.8574074074074074 0.04010416666666667 0.1
0 0.7315104166666667 0.862037037037037 0.03697916666666667 0.08888888888888889
0 0.7268229166666667 0.8856481481481482 0.028645833333333332 0.04351851851851852
0 0.7125 0.837037037037037 0.011458333333333333 0.03888888888888889
0 0.86796875 0.8148148148148148 0.2630208333333333 0.3685185185185185
0 0.7401041666666667 0.8361111111111111 0.023958333333333335 0.03888888888888889
0 0.7140625 0.774074074074074 0.027083333333333334 0.06296296296296296
0 0.71171875 0.7865740740740741 0.021354166666666667 0.03611111111111111
0 0.7096354166666666 0.7532407407407408 0.0078125 0.028703703703703703
0 0.7442708333333333 0.7472222222222222 0.008333333333333333 0.025925925925925925
0 0.7260416666666667 0.6754629629629629 0.020833333333333332 0.03796296296296296
0 0.7065104166666667 0.6138888888888889 0.008854166666666666 0.012962962962962963
0 0.7208333333333333 0.6310185185185185 0.008333333333333333 0.025
0 0.9447916666666667 0.9212962962962963 0.109375 0.12222222222222222
0 0.90859375 0.9018518518518519 0.0578125 0.19444444444444445
0 0.71171875 0.5824074074074074 0.0078125 0.025925925925925925
0 0.7458333333333333 0.5921296296296297 0.011458333333333333 0.021296296296296296
0 0.7575520833333333 0.575 0.009895833333333333 0.024074074074074074
0 0.7424479166666667 0.5291666666666667 0.0109375 0.023148148148148147
0 0.76796875 0.5324074074074074 0.013020833333333334 0.020370370370370372
0 0.7755208333333333 0.5648148148148148 0.009375 0.014814814814814815
0 0.7328125 0.5023148148148148 0.0125 0.023148148148148147
0 0.7263020833333333 0.47824074074074074 0.013020833333333334 0.04351851851851852
0 0.7807291666666667 0.5148148148148148 0.007291666666666667 0.024074074074074074
0 0.79765625 0.5208333333333334 0.009895833333333333 0.025
0 0.7479166666666667 0.43703703703703706 0.009375 0.020370370370370372
0 0.7841145833333333 0.45787037037037037 0.009895833333333333 0.03611111111111111
0 0.8752604166666667 0.9930555555555556 0.015104166666666667 0.012037037037037037
0 0.83515625 0.42916666666666664 0.0140625 0.026851851851851852
0 0.86328125 0.3875 0.0203125 0.08981481481481482
0 0.86015625 0.4152777777777778 0.0140625 0.03425925925925926
0 0.7765625 0.3074074074074074 0.011458333333333333 0.020370370370370372
0 0.7864583333333334 0.2847222222222222 0.00625 0.04351851851851852
0 0.7177083333333333 0.18981481481481483 0.019791666666666666 0.022222222222222223
0 0.7341145833333333 0.21435185185185185 0.011979166666666667 0.026851851851851852
0 0.7481770833333333 0.18564814814814815 0.0234375 0.049074074074074076
0 0.8255208333333334 0.25601851851851853 0.011458333333333333 0.04351851851851852
0 0.8049479166666667 0.23148148148148148 0.005729166666666666 0.018518518518518517
0 0.8713541666666667 0.35462962962962963 0.017708333333333333 0.10185185185185185
0 0.8716145833333333 0.26435185185185184 0.009895833333333333 0.019444444444444445
0 0.8692708333333333 0.2439814814814815 0.009375 0.017592592592592594
0 0.8705729166666667 0.20972222222222223 0.011979166666666667 0.017592592592592594
0 0.8671875 0.21064814814814814 0.007291666666666667 0.01574074074074074
0 0.9125 0.1986111111111111 0.013541666666666667 0.03611111111111111
0 0.8197916666666667 0.19305555555555556 0.00625 0.017592592592592594
0 0.8984375 0.2601851851851852 0.004166666666666667 0.016666666666666666
0 0.8565104166666667 0.3768518518518518 0.0036458333333333334 0.005555555555555556
0 0.86484375 0.35 0.0067708333333333336 0.022222222222222223
0 0.8848958333333333 0.1824074074074074 0.008333333333333333 0.020370370370370372
1 0.5 0.49562731481481487 1.0 0.9912546296296297
0 0.96160703125 0.14126851851851852 0.010714062500000001 0.0417962962962963
0 0.97337421875 0.18303842592592592 0.009248437500000001 0.017928703703703704
0 0.874775 0.25007870370370366 0.017258333333333334 0.03163888888888889
0 0.9643197916666666 0.29665416666666666 0.006764583333333333 0.024789814814814813
0 0.9113359375000001 0.2902268518518518 0.011213541666666667 0.02675
0 0.9086468750000001 0.29713981481481483 0.00791875 0.012798148148148147
0 0.8990645833333333 0.3287513888888889 0.021045833333333333 0.020465740740740743
0 0.8493596354166667 0.3149166666666667 0.008094270833333334 0.022425925925925926
0 0.9055138020833333 0.09684212962962963 0.01727760416666667 0.023313888888888887
0 0.7606651041666667 0.08937546296296296 0.06091354166666666 0.09356574074074074
0 0.9694325520833333 0.3959486111111111 0.010740104166666665 0.012267592592592594
0 0.8874046875 0.4979018518518519 0.017517708333333333 0.05321111111111111
0 0.9683177083333334 0.5111967592592592 0.006427083333333333 0.018689814814814815
0 0.8337247395833334 0.4708736111111111 0.008074479166666667 0.021376851851851852
0 0.8028270833333334 0.43429074074074075 0.0077375 0.02598888888888889
0 0.9052893229166667 0.5431467592592593 0.0053703125 0.015923148148148148
0 0.8906809895833334 0.545149537037037 0.0115703125 0.021780555555555556
0 0.8717763020833333 0.5206791666666666 0.003969270833333333 0.008025
0 0.8917109375 0.6164527777777777 0.012588541666666668 0.01809074074074074
0 0.85456484375 0.6169578703703703 0.0216296875 0.041323148148148144
0 0.88798828125 0.6610652777777778 0.005143229166666667 0.023982407407407407
0 0.8800484375 0.7041842592592593 0.006971875 0.012072222222222222
0 0.8159268229166667 0.6366648148148147 0.0141453125 0.025181481481481482
0 0.8568684895833333 0.7679064814814816 0.008528645833333333 0.026553703703703704
0 0.8330747395833333 0.7536032407407407 0.010941145833333334 0.031280555555555555
0 0.84109453125 0.8076069444444445 0.0165640625 0.03188055555555555
0 0.8759213541666667 0.8325546296296297 0.0049677083333333335 0.01696111111111111
0 0.8258611979166666 0.8268203703703704 0.0058890625 0.016603703703703704
0 0.8117549479166667 0.7899476851851852 0.009968229166666667 0.024339814814814814
0 0.7887432291666666 0.8117837962962963 0.022278125 0.05690092592592593
0 0.810228125 0.8745546296296296 0.010039583333333333 0.012072222222222222
0 0.8327927083333333 0.9111967592592592 0.010377083333333334 0.018689814814814815
0 0.7832544270833334 0.8780282407407407 0.012342187499999999 0.02642685185185185
0 0.77525625 0.862324537037037 0.014054166666666668 0.019093518518518517
0 0.7391619791666667 0.9755574074074075 0.012698958333333335 0.023337037037037038
0 0.7605903645833333 0.8650833333333333 0.0045140625 0.007944444444444445
0 0.7496851562500001 0.8687726851851851 0.004578645833333334 0.015323148148148148
0 0.6884627604166667 0.8081087962962964 0.0310921875 0.047699074074074074
0 0.7160208333333333 0.6888023148148149 0.014333333333333333 0.03316018518518519
0 0.65911171875 0.8555717592592593 0.028640104166666666 0.13706944444444444
0 0.6634723958333333 0.805124074074074 0.012361458333333334 0.03802592592592592
0 0.6945026041666666 0.9408087962962962 0.02858854166666667 0.027913888888888887
0 0.654059375 0.9573912037037038 0.00499375 0.029597222222222223
0 0.56381484375 0.6790314814814815 0.0120046875 0.019174074074074073
0 0.6169635416666667 0.7242879629629629 0.004760416666666667 0.015242592592592592
0 0.5823518229166668 0.8289546296296296 0.004286979166666666 0.01716851851851852
0 0.5351304687499999 0.6868967592592592 0.006719270833333333 0.021941666666666665
0 0.64829921875 0.13669351851851852 0.01951510416666667 0.03449814814814815
0 0.6295658854166667 0.14637685185185184 0.014340104166666668 0.033494444444444445
0 0.5443463541666667 0.16389907407407406 0.011609375 0.07039074074074074
0 0.62684296875 0.3710259259259259 0.0099359375 0.047607407407407404
0 0.6096901041666667 0.4310115740740741 0.022505208333333335 0.049060185185185186
0 0.4795520833333333 0.22465416666666665 0.0299375 0.05671574074074074
0 0.5146166666666666 0.08688055555555556 0.011525 0.018205555555555555
0 0.47106796875 0.10744212962962962 0.020260937500000003 0.02414351851851852
0 0.4265796875 0.06226342592592593 0.030242708333333333 0.05415648148148148
0 0.43137395833333336 0.06236157407407407 0.022122916666666666 0.05435277777777778
0 0.40965885416666664 0.1553240740740741 0.023484375000000002 0.018055555555555554
0 0.41684010416666667 0.1540351851851852 0.009721875 0.017329629629629632
0 0.40393697916666665 0.1200736111111111 0.021415625 0.04940648148148148
0 0.46624010416666667 0.3374319444444444 0.03248020833333334 0.050789814814814815
0 0.4857510416666667 0.40653703703703703 0.009002083333333332 0.022333333333333334
0 0.40893098958333335 0.20382083333333334 0.0074453125 0.01134537037037037
0 0.4055682291666667 0.01631064814814815 0.019469791666666666 0.028917592592592595
0 0.3549893229166667 0.21688935185185185 0.0141453125 0.03192685185185185
0 0.35003046875 0.09884722222222221 0.014644270833333334 0.02176851851851852
0 0.39911302083333333 0.3438972222222222 0.0076010416666666665 0.01372037037037037
0 0.3729955729166667 0.308975 0.0064078125 0.012394444444444444
0 0.3469578125 0.27014768518518517 0.004332291666666667 0.010665740740740741
0 0.3283684895833333 0.24075277777777776 0.0088203125 0.01483888888888889
0 0.32863489583333333 0.02551574074074074 0.017686458333333332 0.02695740740740741
0 0.28437395833333334 0.034091666666666666 0.044789583333333334 0.0422574074074074
0 0.3160875 0.08540601851851852 0.013425 0.02081203703703704
0 0.28517317708333334 0.1089861111111111 0.04222135416666666 0.09760185185185184
0 0.2866520833333333 0.10328842592592594 0.03997083333333333 0.08435462962962963
0 0.29273385416666664 0.08061064814814815 0.02921770833333333 0.04085092592592592
0 0.30478124999999995 0.13128657407407407 0.010604166666666666 0.038499074074074074
0 0.1335216145833333 0.1463962962962963 0.24933489583333335 0.2927925925925926
0 0.27748203125 0.12764398148148148 0.024755729166666667 0.036769444444444445
0 0.29965572916666666 0.19424398148148148 0.028478125 0.06256203703703703
0 0.30325390625 0.1819162037037037 0.02109114583333333 0.03605462962962963
0 0.3037565104166667 0.21518287037037037 0.0085546875 0.02851388888888889
0 0.2690065104166666 0.2156912037037037 0.008846354166666666 0.02582685185185185
0 0.2834536458333333 0.2914925925925926 0.022115625000000003 0.03668888888888889
0 0.2998361979166667 0.35456481481481483 0.009047395833333333 0.012833333333333332
0 0.28642109374999997 0.33531805555555555 0.009300520833333333 0.024339814814814814
0 0.055832291666666665 0.03201805555555556 0.07103958333333332 0.06403611111111111
0 0.10518723958333333 0.06517777777777778 0.047874479166666664 0.13035555555555556
0 0.29324895833333336 0.3852972222222222 0.008372916666666667 0.02615
0 0.25969375 0.3705912037037037 0.012095833333333333 0.02081203703703704
0 0.24693619791666668 0.38501851851851854 0.0105390625 0.023740740740740743
0 0.25981770833333334 0.4333106481481482 0.010260416666666666 0.024028703703703705
0 0.23456536458333332 0.4260717592592593 0.012880729166666667 0.020662037037037038
0 0.22874140625 0.3930486111111111 0.009566145833333334 0.015726851851851853
0 0.2687036458333333 0.46104814814814815 0.012407291666666665 0.02394814814814815
0 0.2734940104166667 0.4864893518518519 0.014696354166666667 0.04149722222222222
0 0.2212734375 0.4412981481481481 0.008171875 0.023337037037037038
0 0.204409375 0.4332240740740741 0.010902083333333333 0.023855555555555553
0 0.2496203125 0.5249611111111111 0.009657291666666668 0.02029259259259259
0 0.21514270833333335 0.4978990740740741 0.01049375 0.03653888888888889
0 0.16275625000000002 0.5180449074074075 0.014054166666666668 0.026830555555555555
0 0.13290286458333334 0.5552425925925927 0.0241390625 0.08826296296296296
0 0.13732760416666664 0.5286171296296297 0.015280208333333333 0.03316018518518519
0 0.21501432291666667 0.6492773148148149 0.011278645833333333 0.020776851851851852
0 0.20406640625 0.669824537037037 0.0081328125 0.043352777777777775
0 0.26785234374999994 0.7748768518518518 0.0200796875 0.021975925925925927
0 0.2531583333333333 0.7475935185185185 0.011525 0.02666851851851852
0 0.23730963541666666 0.7748069444444445 0.02461927083333333 0.04961388888888889
0 0.1643390625 0.6930129629629629 0.012011458333333334 0.04343333333333334
0 0.18278958333333334 0.7202949074074074 0.0051625 0.01836759259259259
0 0.12263932291666667 0.5878074074074074 0.022361979166666667 0.0996888888888889
0 0.11790442708333333 0.6772777777777778 0.0097671875 0.01937037037037037
0 0.11934375 0.6974115740740742 0.009520833333333334 0.01889722222222222
0 0.11688151041666667 0.7317898148148148 0.011888020833333334 0.017283333333333335
0 0.12027604166666667 0.7319143518518518 0.0072187499999999995 0.015680555555555555
0 0.07388828124999999 0.7359023148148148 0.014443229166666667 0.03661944444444444
0 0.16640520833333333 0.7570319444444444 0.005727083333333333 0.017767592592592592
0 0.09154635416666666 0.6775444444444445 0.0049677083333333335 0.0162
0 0.13874973958333334 0.5675819444444444 0.0035411458333333336 0.00553425925925926
0 0.12914296875 0.592550462962963 0.0072442708333333335 0.022137962962962963
0 0.10145572916666666 0.7566847222222223 0.008119791666666666 0.020776851851851852
1 0.5 0.47774675925925925 1.0 0.9554935185185185
0 0.08374427083333333 0.005430555555555556 0.009155208333333333 0.010861111111111111
0 0.06899661458333334 0.028386111111111112 0.009868229166666666 0.017883333333333334
0 0.15950677083333334 0.12668703703703704 0.016930208333333332 0.0330037037037037
0 0.06590442708333334 0.14296851851851852 0.007850520833333334 0.022974074074074074
0 0.11826901041666667 0.1542865740740741 0.010496354166666666 0.027091666666666667
0 0.12046979166666666 0.16266064814814815 0.007606249999999999 0.012358333333333332
0 0.12651588541666667 0.1963486111111111 0.021781770833333332 0.016771296296296295
0 0.17723411458333332 0.19972731481481482 0.009676562500000001 0.019825000000000002
0 0.2860200520833333 0.022489814814814817 0.06474843749999999 0.04497962962962963
0 0.05027447916666667 0.23933750000000004 0.009923958333333333 0.013860185185185185
0 0.11891536458333334 0.3668768518518518 0.0149140625 0.05597592592592593
0 0.03911015625 0.35267870370370374 0.007386979166666667 0.018320370370370372
0 0.1761953125 0.35786064814814816 0.008640625 0.021276851851851852
0 0.20952864583333333 0.3323365740740741 0.008640625 0.02578425925925926
0 0.09739192708333334 0.4044625 0.0062421874999999995 0.016332407407407407
0 0.1113828125 0.41234490740740737 0.012348958333333333 0.02098611111111111
0 0.13301875 0.3943759259259259 0.004579166666666666 0.007270370370370371
0 0.10300911458333334 0.48116388888888895 0.012268229166666667 0.017883333333333334
0 0.13900937500000002 0.49419768518518525 0.023852083333333333 0.03654351851851852
0 0.102753125 0.5277601851851852 0.00550625 0.024038888888888887
0 0.10492942708333333 0.5709453703703703 0.006733854166666667 0.012261111111111112
0 0.17514036458333332 0.5262421296296296 0.013822395833333334 0.026558333333333333
0 0.12171614583333333 0.6432537037037037 0.008015625 0.0253962962962963
0 0.14729609375 0.6351472222222222 0.011258854166666667 0.031405555555555555
0 0.13251067708333333 0.6877013888888889 0.015021354166666667 0.032810185185185185
0 0.09588671875 0.6989018518518518 0.005315104166666667 0.018174074074074075
0 0.1445971354166667 0.7105268518518518 0.0058609375 0.01735
0 0.16271640625 0.6786560185185185 0.010849479166666667 0.025830555555555555
0 0.1841479166666667 0.7079643518518518 0.018295833333333334 0.062225
0 0.1553328125 0.7630962962962963 0.009623958333333333 0.01322962962962963
0 0.1292471354166667 0.7909319444444445 0.010577604166666667 0.018900925925925925
0 0.18092942708333334 0.774899074074074 0.011858854166666665 0.027575925925925927
0 0.19081979166666668 0.7625736111111111 0.013931250000000001 0.017739814814814812
0 0.2139296875 0.8846773148148148 0.013276041666666665 0.024910185185185185
0 0.20467604166666667 0.7698111111111111 0.00414375 0.00814074074074074
0 0.21592708333333333 0.7773986111111111 0.0047708333333333335 0.01405648148148148
0 0.28234869791666667 0.7376912037037037 0.02928072916666667 0.045752777777777774
0 0.26772786458333336 0.6113287037037037 0.0125390625 0.03562037037037037
0 0.30851432291666664 0.7957643518518519 0.0243203125 0.13967685185185186
0 0.30731197916666664 0.7441976851851853 0.012540625 0.03654351851851852
0 0.2620005208333333 0.8680856481481481 0.027126041666666666 0.03246759259259259
0 0.2992427083333334 0.8963120370370371 0.005777083333333334 0.02966111111111111
0 0.4175953125 0.6536231481481481 0.011232291666666666 0.02020925925925926
0 0.3612255208333333 0.6813439814814815 0.004742708333333333 0.014539814814814814
0 0.38416953125000003 0.7949861111111112 0.004797395833333333 0.01589814814814815
0 0.44509843750000005 0.672287962962963 0.007905208333333334 0.02050185185185185
0 0.3932013020833333 0.09245277777777779 0.019735937500000002 0.0330537037037037
0 0.4105880208333333 0.10807824074074075 0.017009375 0.030971296296296295
0 0.49130520833333335 0.15456342592592592 0.01594375 0.0683861111111111
0 0.38917135416666665 0.3308407407407407 0.009592708333333333 0.04686666666666667
0 0.399709375 0.39585555555555557 0.025460416666666666 0.04541481481481482
0 0.548834375 0.23576527777777778 0.029960416666666666 0.054863888888888886
0 0.5296393229166667 0.08937037037037036 0.012403645833333334 0.01948148148148148
0 0.57045234375 0.12519444444444444 0.0190296875 0.026314814814814815
0 0.6192463541666666 0.09355185185185186 0.033284375 0.05006666666666667
0 0.6143604166666666 0.09379490740740741 0.02559583333333333 0.05055277777777778
0 0.62615625 0.19249212962962964 0.02314583333333333 0.018317592592592594
0 0.6190651041666667 0.18923055555555557 0.010005208333333333 0.01735
0 0.63595546875 0.1587287037037037 0.018785937500000002 0.05079074074074074
0 0.5501229166666667 0.35007453703703706 0.03462083333333333 0.04459351851851852
0 0.5246065104166667 0.4129689814814815 0.008588020833333333 0.024086111111111114
0 0.6212252604166667 0.23975462962962962 0.007033854166666667 0.012842592592592591
0 0.6448359375 0.05586157407407408 0.018838541666666667 0.030241666666666667
0 0.6729986979166667 0.27033240740740744 0.014747395833333335 0.031405555555555555
0 0.6906018229166667 0.15672962962962964 0.0134953125 0.02457037037037037
0 0.6154520833333332 0.3814458333333333 0.0079875 0.012891666666666666
0 0.6453497395833333 0.3551078703703704 0.006324479166666667 0.012067592592592592
0 0.6746583333333334 0.3262342592592593 0.004525 0.011727777777777778
0 0.69606953125 0.3030759259259259 0.008805729166666667 0.01541111111111111
0 0.6685388020833333 0.0375537037037037 0.006869270833333333 0.01584814814814815
0 0.7276057291666667 0.06485601851851852 0.009378125 0.020452777777777778
0 0.7189192708333334 0.09261851851851853 0.018046875 0.02597777777777778
0 0.7616075520833333 0.1172949074074074 0.0409234375 0.053108333333333334
0 0.7250341145833333 0.15551805555555553 0.012568229166666667 0.022147222222222224
0 0.75295625 0.18738564814814815 0.0371625 0.10254907407407407
0 0.75088515625 0.1838027777777778 0.0330203125 0.09353148148148148
0 0.7476903645833333 0.1594449074074074 0.027672395833333332 0.046667592592592594
0 0.73140546875 0.20379074074074074 0.012810937500000001 0.039062962962962966
0 0.8823296875000001 0.2516199074074074 0.23549270833333333 0.4087953703703704
0 0.7589554687500001 0.21006574074074075 0.023119270833333334 0.0423537037037037
0 0.728303125 0.2680425925925926 0.02535625 0.06571481481481481
0 0.72703671875 0.2541162037037037 0.021781770833333332 0.03601018518518519
0 0.723046875 0.28688240740740745 0.007552083333333333 0.02932037037037037
0 0.75765 0.29919675925925926 0.00905 0.026171296296296297
0 0.7353632812500001 0.3677449074074074 0.019684895833333334 0.04104537037037037
0 0.7120791666666667 0.42544861111111115 0.008533333333333334 0.013860185185185185
0 0.7271458333333333 0.4103796296296296 0.007416666666666667 0.026314814814814815
0 0.9581161458333334 0.15245462962962963 0.083940625 0.11787222222222223
0 0.9313268229166667 0.17511898148148147 0.04911197916666667 0.20208981481481483
0 0.7149989583333334 0.45757824074074077 0.008122916666666667 0.026267592592592592
0 0.7498052083333333 0.45459212962962964 0.011068749999999999 0.022147222222222224
0 0.7602416666666667 0.4727851851851852 0.009025 0.0252
0 0.7427989583333333 0.5165824074074074 0.011639583333333333 0.022053703703703704
0 0.7686989583333333 0.5168527777777778 0.013439583333333333 0.020742592592592594
0 0.77796328125 0.48697175925925923 0.0090515625 0.01468425925925926
0 0.7317638020833334 0.5419694444444444 0.012485937499999999 0.022827777777777777
0 0.7239145833333333 0.5634939814814814 0.011370833333333333 0.04550648148148148
0 0.7801648437500001 0.5373583333333333 0.006163020833333334 0.024716666666666665
0 0.7971390625 0.5345023148148148 0.008861458333333332 0.026412037037037036
0 0.7424921875 0.6086648148148147 0.008942708333333334 0.021033333333333334
0 0.78008046875 0.5946634259259259 0.011202604166666666 0.03562314814814815
0 0.9020572916666667 0.0794662037037037 0.014531249999999999 0.014487962962962963
0 0.828840625 0.6330625 0.013931250000000001 0.02723611111111111
0 0.8556138020833333 0.6792527777777777 0.017477604166666667 0.0918388888888889
0 0.8529114583333333 0.651924074074074 0.013114583333333334 0.03532962962962963
0 0.7638096354166667 0.742536574074074 0.011994270833333332 0.020258333333333333
0 0.7722682291666667 0.767349074074074 0.0059947916666666665 0.0439574074074074
0 0.698165625 0.8496421296296297 0.019247916666666667 0.023358333333333335
0 0.71609765625 0.8283606481481481 0.012403645833333334 0.027091666666666667
0 0.7283520833333333 0.858274537037037 0.022329166666666667 0.048030555555555556
0 0.80976796875 0.803363425925926 0.011202604166666666 0.04376388888888889
0 0.7875505208333333 0.8240717592592592 0.006351041666666667 0.01851388888888889
0 0.8601502604166666 0.7140875 0.013008854166666667 0.10410092592592593
0 0.85568671875 0.8041134259259259 0.010331770833333333 0.019337962962962963
0 0.8523158854166667 0.8238597222222223 0.009840104166666667 0.01623796296296296
0 0.8518848958333333 0.8570898148148148 0.012103125 0.017883333333333334
0 0.8484447916666666 0.8563143518518518 0.00730625 0.016332407407407407
0 0.8925484375 0.877361111111111 0.013221875 0.0362037037037037
0 0.7997614583333333 0.8643037037037037 0.006814583333333333 0.017496296296296298
0 0.88177265625 0.8123787037037037 0.0041703124999999995 0.01735
0 0.8471799479166666 0.6889703703703703 0.0037348958333333336 0.005718518518518519
0 0.8538736979166667 0.7166541666666666 0.006705729166666666 0.022197222222222222
0 0.8639815104166666 0.8878587962962964 0.009213020833333333 0.020162037037037037
1 0.49973958333333335 0.5171296296296296 0.9994791666666667 0.9638888888888889
0 0.05755208333333333 0.9287037037037037 0.0109375 0.040740740740740744
0 0.04375 0.8893518518518518 0.009375 0.017592592592592594
0 0.13932291666666666 0.8078703703703703 0.0171875 0.032407407407407406
0 0.04739583333333333 0.774074074074074 0.007291666666666667 0.024074074074074074
0 0.10026041666666667 0.7726851851851851 0.0109375 0.026851851851851852
0 0.10286458333333333 0.7652777777777777 0.0078125 0.012037037037037037
0 0.11067708333333333 0.7324074074074074 0.021354166666666667 0.018518518518518517
0 0.16119791666666666 0.7384259259259259 0.008854166666666666 0.021296296296296296
0 0.115625 0.9643518518518519 0.017708333333333333 0.021296296296296296
0 0.26015625 0.950925925925926 0.0640625 0.08703703703703704
0 0.0375 0.6759259259259259 0.010416666666666666 0.012962962962962963
0 0.11380208333333333 0.5615740740740741 0.016145833333333335 0.05462962962962963
0 0.03307291666666667 0.5611111111111111 0.0067708333333333336 0.018518518518518517
0 0.16927083333333334 0.5810185185185185 0.008333333333333333 0.021296296296296296
0 0.20130208333333333 0.6129629629629629 0.0078125 0.025925925925925925
0 0.09401041666666667 0.5199074074074074 0.005729166666666666 0.01574074074074074
0 0.10859375 0.5152777777777777 0.011979166666666667 0.021296296296296296
0 0.12864583333333332 0.5370370370370371 0.004166666666666667 0.007407407407407408
0 0.10416666666666667 0.4449074074074074 0.0125 0.017592592592592594
0 0.14088541666666668 0.4388888888888889 0.022395833333333334 0.03888888888888889
0 0.10625 0.3990740740740741 0.005208333333333333 0.024074074074074074
0 0.11119791666666666 0.3560185185185185 0.0067708333333333336 0.012037037037037037
0 0.17838541666666666 0.412962962962963 0.0140625 0.025925925925925925
0 0.13177083333333334 0.287962962962963 0.008333333333333333 0.025925925925925925
0 0.15651041666666668 0.29907407407407405 0.0109375 0.03148148148148148
0 0.1453125 0.24583333333333332 0.015625 0.032407407407407406
0 0.10963541666666667 0.2273148148148148 0.0046875 0.017592592592592594
0 0.15911458333333334 0.225 0.005729166666666666 0.016666666666666666
0 0.175 0.25972222222222224 0.010416666666666666 0.025
0 0.19765625 0.23425925925925925 0.0203125 0.05925925925925926
0 0.17265625 0.17453703703703705 0.009895833333333333 0.012037037037037037
0 0.1484375 0.14166666666666666 0.010416666666666666 0.018518518518518517
0 0.19921875 0.16712962962962963 0.011979166666666667 0.026851851851851852
0 0.20807291666666666 0.1814814814814815 0.0140625 0.018518518518518517
0 0.23828125 0.06388888888888888 0.013020833333333334 0.024074074074074074
0 0.22239583333333332 0.17685185185185184 0.004166666666666667 0.007407407407407408
0 0.23359375 0.1712962962962963 0.0046875 0.014814814814814815
0 0.29739583333333336 0.2222222222222222 0.030208333333333334 0.046296296296296294
0 0.27578125 0.3458333333333333 0.013020833333333334 0.03425925925925926
0 0.32526041666666666 0.17037037037037037 0.0265625 0.1388888888888889
0 0.3223958333333333 0.2212962962962963 0.0125 0.037037037037037035
0 0.28463541666666664 0.09074074074074075 0.027604166666666666 0.02962962962962963
0 0.32395833333333335 0.06851851851851852 0.004166666666666667 0.02962962962962963
0 0.4276041666666667 0.33194444444444443 0.011458333333333333 0.019444444444444445
0 0.37265625 0.29444444444444445 0.0046875 0.014814814814814815
0 0.40208333333333335 0.18518518518518517 0.004166666666666667 0.016666666666666666
0 0.4557291666666667 0.3189814814814815 0.007291666666666667 0.021296296296296296
0 0.37005208333333334 0.8851851851851852 0.019270833333333334 0.03333333333333333
0 0.3880208333333333 0.8726851851851852 0.015625 0.032407407407407406
0 0.47161458333333334 0.8421296296296297 0.013020833333333334 0.06944444444444445
0 0.3796875 0.6476851851851851 0.008333333333333333 0.04722222222222222
0 0.39427083333333335 0.5856481481481481 0.023958333333333335 0.04722222222222222
0 0.53359375 0.7712962962962963 0.0296875 0.05555555555555555
0 0.50546875 0.9138888888888889 0.011979166666666667 0.018518518518518517
0 0.5479166666666667 0.8865740740740741 0.019791666666666666 0.025
0 0.59453125 0.925 0.03177083333333333 0.05185185185185185
0 0.58984375 0.9254629629629629 0.0234375 0.05277777777777778
0 0.60703125 0.8287037037037037 0.0234375 0.016666666666666666
0 0.5997395833333333 0.8314814814814815 0.009895833333333333 0.016666666666666666
0 0.61484375 0.8638888888888889 0.0203125 0.05
0 0.5416666666666666 0.6574074074074074 0.03333333333333333 0.04814814814814815
0 0.5190104166666667 0.5912037037037037 0.008854166666666666 0.023148148148148147
0 0.6052083333333333 0.7810185185185186 0.007291666666666667 0.012037037037037037
0 0.61796875 0.9675925925925926 0.019270833333333334 0.02962962962962963
0 0.65859375 0.7601851851851852 0.0140625 0.03148148148148148
0 0.6690104166666667 0.8763888888888889 0.0140625 0.023148148148148147
0 0.6080729166666666 0.6398148148148148 0.0078125 0.012962962962962963
0 0.6359375 0.6708333333333333 0.00625 0.012037037037037037
0 0.6635416666666667 0.7055555555555556 0.004166666666666667 0.011111111111111112
0 0.68359375 0.7324074074074074 0.008854166666666666 0.014814814814814815
0 0.6401041666666667 0.9912037037037037 0.00625 0.01574074074074074
0 0.7010416666666667 0.975 0.009375 0.020370370370370372
0 0.69375 0.9453703703703704 0.017708333333333333 0.025925925925925925
0 0.7377604166666667 0.9296296296296296 0.043229166666666666 0.046296296296296294
0 0.7033854166666667 0.8847222222222222 0.013020833333333334 0.021296296296296296
0 0.7330729166666666 0.8574074074074074 0.04010416666666667 0.1
0 0.7315104166666667 0.862037037037037 0.03697916666666667 0.08888888888888889
0 0.7268229166666667 0.8856481481481482 0.028645833333333332 0.04351851851851852
0 0.7125 0.837037037037037 0.011458333333333333 0.03888888888888889
0 0.86796875 0.8148148148148148 0.2630208333333333 0.3685185185185185
0 0.7401041666666667 0.8361111111111111 0.023958333333333335 0.03888888888888889
0 0.7140625 0.774074074074074 0.027083333333333334 0.06296296296296296
0 0.71171875 0.7865740740740741 0.021354166666666667 0.03611111111111111
0 0.7096354166666666 0.7532407407407408 0.0078125 0.028703703703703703
0 0.7442708333333333 0.7472222222222222 0.008333333333333333 0.025925925925925925
0 0.7260416666666667 0.6754629629629629 0.020833333333333332 0.03796296296296296
0 0.7065104166666667 0.6138888888888889 0.008854166666666666 0.012962962962962963
0 0.7208333333333333 0.6310185185185185 0.008333333333333333 0.025
0 0.9447916666666667 0.9212962962962963 0.109375 0.12222222222222222
0 0.90859375 0.9018518518518519 0.0578125 0.19444444444444445
0 0.71171875 0.5824074074074074 0.0078125 0.025925925925925925
0 0.7458333333333333 0.5921296296296297 0.011458333333333333 0.021296296296296296
0 0.7575520833333333 0.575 0.009895833333333333 0.024074074074074074
0 0.7424479166666667 0.5291666666666667 0.0109375 0.023148148148148147
0 0.76796875 0.5324074074074074 0.013020833333333334 0.020370370370370372
0 0.7755208333333333 0.5648148148148148 0.009375 0.014814814814814815
0 0.7328125 0.5023148148148148 0.0125 0.023148148148148147
0 0.7263020833333333 0.47824074074074074 0.013020833333333334 0.04351851851851852
0 0.7807291666666667 0.5148148148148148 0.007291666666666667 0.024074074074074074
0 0.79765625 0.5208333333333334 0.009895833333333333 0.025
0 0.7479166666666667 0.43703703703703706 0.009375 0.020370370370370372
0 0.7841145833333333 0.45787037037037037 0.009895833333333333 0.03611111111111111
0 0.8752604166666667 0.9930555555555556 0.015104166666666667 0.012037037037037037
0 0.83515625 0.42916666666666664 0.0140625 0.026851851851851852
0 0.86328125 0.3875 0.0203125 0.08981481481481482
0 0.86015625 0.4152777777777778 0.0140625 0.03425925925925926
0 0.7765625 0.3074074074074074 0.011458333333333333 0.020370370370370372
0 0.7864583333333334 0.2847222222222222 0.00625 0.04351851851851852
0 0.7177083333333333 0.18981481481481483 0.019791666666666666 0.022222222222222223
0 0.7341145833333333 0.21435185185185185 0.011979166666666667 0.026851851851851852
0 0.7481770833333333 0.18564814814814815 0.0234375 0.049074074074074076
0 0.8255208333333334 0.25601851851851853 0.011458333333333333 0.04351851851851852
0 0.8049479166666667 0.23148148148148148 0.005729166666666666 0.018518518518518517
0 0.8713541666666667 0.35462962962962963 0.017708333333333333 0.10185185185185185
0 0.8716145833333333 0.26435185185185184 0.009895833333333333 0.019444444444444445
0 0.8692708333333333 0.2439814814814815 0.009375 0.017592592592592594
0 0.8705729166666667 0.20972222222222223 0.011979166666666667 0.017592592592592594
0 0.8671875 0.21064814814814814 0.007291666666666667 0.01574074074074074
0 0.9125 0.1986111111111111 0.013541666666666667 0.03611111111111111
0 0.8197916666666667 0.19305555555555556 0.00625 0.017592592592592594
0 0.8984375 0.2601851851851852 0.004166666666666667 0.016666666666666666
0 0.8565104166666667 0.3768518518518518 0.0036458333333333334 0.005555555555555556
0 0.86484375 0.35 0.0067708333333333336 0.022222222222222223
0 0.8848958333333333 0.1824074074074074 0.008333333333333333 0.020370370370370372
