1 0.49973958333333335 0.549074074074074 0.9994791666666667 0.9
0 0.7372395833333333 0.7685185185185185 0.009895833333333333 0.016666666666666666
0 0.7372395833333333 0.7685185185185185 0.009895833333333333 0.016666666666666666
0 0.6598958333333333 0.23287037037037037 0.027083333333333334 0.04351851851851852
0 0.8875 0.5967592592592592 0.00625 0.013888888888888888
0 0.228125 0.2962962962962963 0.007291666666666667 0.03333333333333333
0 0.03229166666666667 0.9879629629629629 0.011458333333333333 0.022222222222222223
0 0.002864583333333333 0.3921296296296296 0.005729166666666666 0.01574074074074074
0 0.88828125 0.6972222222222222 0.0109375 0.037037037037037035
1 0.5 0.5332453703703703 1.0 0.9331574074074074
0 0.7198580729166667 0.8108236111111111 0.010549479166666665 0.016091666666666667
0 0.7199125 0.8104847222222222 0.010658333333333332 0.015413888888888887
0 0.6748677083333334 0.2646263888888889 0.027860416666666665 0.04221574074074074
0 0.8797109375000001 0.6680175925925925 0.0062968749999999995 0.013812962962962963
0 0.24242942708333332 0.24688240740740738 0.006733854166666667 0.03450555555555555
0 0.005973697916666667 0.8980810185185185 0.010905729166666666 0.023939814814814817
0 0.011825260416666667 0.30061342592592594 0.0059421875 0.016041666666666666
0 0.8748072916666667 0.7681685185185185 0.01003125 0.03818888888888889
1 0.5 0.4530259259259259 1.0 0.9060518518518518
0 0.7513294270833334 0.2766060185185185 0.009950520833333334 0.018026851851851853
0 0.751275 0.2766060185185185 0.009841666666666667 0.018026851851851853
0 0.6432130208333333 0.7965851851851852 0.026009375 0.04502222222222223
0 0.8908255208333333 0.4754731481481481 0.006651041666666666 0.01390925925925926
0 0.2176265625 0.6520087962962963 0.009211458333333334 0.03179537037037037
0 0.0012786458333333335 0.5151861111111111 0.002557291666666667 0.015557407407407407
0 0.8978947916666667 0.37650833333333333 0.01245625 0.03635
1 0.49973958333333335 0.549074074074074 0.9994791666666667 0.9
0 0.7372395833333333 0.7685185185185185 0.009895833333333333 0.016666666666666666
0 0.7372395833333333 0.7685185185185185 0.009895833333333333 0.016666666666666666
0 0.6598958333333333 0.23287037037037037 0.027083333333333334 0.04351851851851852
0 0.8875 0.5967592592592592 0.00625 0.013888888888888888
0 0.228125 0.2962962962962963 0.007291666666666667 0.03333333333333333
0 0.03229166666666667 0.9879629629629629 0.011458333333333333 0.022222222222222223
0 0.002864583333333333 0.3921296296296296 0.005729166666666666 0.01574074074074074
0 0.88828125 0.6972222222222222 0.0109375 0.037037037037037035
1 0.5 0.5332453703703703 1.0 0.9331574074074074
0 0.7198580729166667 0.8108236111111111 0.010549479166666665 0.016091666666666667
0 0.7199125 0.8104847222222222 0.010658333333333332 0.015413888888888887
0 0.6748677083333334 0.2646263888888889 0.027860416666666665 0.04221574074074074
0 0.8797109375000001 0.6680175925925925 0.0062968749999999995 0.013812962962962963
0 0.24242942708333332 0.24688240740740738 0.006733854166666667 0.03450555555555555
0 0.005973697916666667 0.8980810185185185 0.010905729166666666 0.023939814814814817
0 0.011825260416666667 0.30061342592592594 0.0059421875 0.016041666666666666
0 0.8748072916666667 0.7681685185185185 0.01003125 0.03818888888888889
1 0.5 0.4530259259259259 1.0 0.9060518518518518
0 0.7513294270833334 0.2766060185185185 0.009950520833333334 0.018026851851851853
0 0.751275 0.2766060185185185 0.009841666666666667 0.018026851851851853
0 0.6432130208333333 0.7965851851851852 0.026009375 0.04502222222222223
0 0.8908255208333333 0.4754731481481481 0.006651041666666666 0.01390925925925926
0 0.2176265625 0.6520087962962963 0.009211458333333334 0.03179537037037037
0 0.0012786458333333335 0.5151861111111111 0.002557291666666667 0.015557407407407407
0 0.8978947916666667 0.37650833333333333 0.01245625 0.03635
1 0.49973958333333335 0.549074074074074 0.9994791666666667 0.9
0 0.7372395833333333 0.7685185185185185 0.009895833333333333 0.016666666666666666
0 0.7372395833333333 0.7685185185185185 0.009895833333333333 0.016666666666666666
0 0.6598958333333333 0.23287037037037037 0.027083333333333334 0.04351851851851852
0 0.8875 0.5967592592592592 0.00625 0.013888888888888888
0 0.228125 0.2962962962962963 0.007291666666666667 0.03333333333333333
0 0.03229166666666667 0.9879629629629629 0.011458333333333333 0.022222222222222223
0 0.002864583333333333 0.3921296296296296 0.005729166666666666 0.01574074074074074
0 0.88828125 0.6972222222222222 0.0109375 0.037037037037037035
1 0.5 0.5332453703703703 1.0 0.9331574074074074
0 0.7198580729166667 0.8108236111111111 0.010549479166666665 0.016091666666666667
0 0.7199125 0.8104847222222222 0.010658333333333332 0.015413888888888887
0 0.6748677083333334 0.2646263888888889 0.027860416666666665 0.04221574074074074
0 0.8797109375000001 0.6680175925925925 0.0062968749999999995 0.013812962962962963
0 0.24242942708333332 0.24688240740740738 0.006733854166666667 0.03450555555555555
0 0.005973697916666667 0.8980810185185185 0.010905729166666666 0.023939814814814817
0 0.011825260416666667 0.30061342592592594 0.0059421875 0.016041666666666666
0 0.8748072916666667 0.7681685185185185 0.01003125 0.03818888888888889
1 0.5 0.4530259259259259 1.0 0.9060518518518518
0 0.7513294270833334 0.2766060185185185 0.009950520833333334 0.018026851851851853
0 0.751275 0.2766060185185185 0.009841666666666667 0.018026851851851853
0 0.6432130208333333 0.7965851851851852 0.026009375 0.04502222222222223
0 0.8908255208333333 0.4754731481481481 0.006651041666666666 0.01390925925925926
0 0.2176265625 0.6520087962962963 0.009211458333333334 0.03179537037037037
0 0.0012786458333333335 0.5151861111111111 0.002557291666666667 0.015557407407407407
0 0.8978947916666667 0.37650833333333333 0.01245625 0.03635
