1 0.5 0.5426708333333333 1.0 0.9149712962962963
0 0.7891356770833333 0.2555236111111111 0.015771354166666664 0.03141759259259259
0 0.5970416666666666 0.43704675925925923 0.03054166666666667 0.055575
0 0.43392395833333336 0.6855490740740741 0.014722916666666667 0.015542592592592594
0 0.7347348958333334 0.8365935185185185 0.015303125 0.019483333333333335
0 0.7765424479166666 0.9917856481481482 0.0291265625 0.01690462962962963
0 0.24821067708333333 0.32603935185185184 0.012046354166666667 0.04467129629629629
0 0.26982265624999996 0.22990787037037036 0.009436979166666666 0.022778703703703704
0 0.2288015625 0.8657467592592593 0.013853124999999999 0.02223425925925926
0 0.27060833333333334 0.8482231481481481 0.006841666666666666 0.011261111111111112
0 0.7008419270833334 0.6164046296296296 0.0100171875 0.010587037037037037
0 0.8367059895833333 0.5897083333333333 0.010911979166666667 0.02015740740740741
0 0.746009375 0.5934388888888888 0.009727083333333332 0.014655555555555555
0 0.6522932291666667 0.39237361111111113 0.007711458333333333 0.018080555555555558
0 0.7314591145833333 0.3962833333333333 0.06083489583333333 0.10552962962962963
0 0.6395645833333333 0.24760138888888886 0.010379166666666667 0.015573148148148147
0 0.6474708333333333 0.2801189814814815 0.013691666666666666 0.03431203703703704
0 0.4209276041666667 0.14225833333333335 0.010605208333333333 0.010442592592592594
0 0.19216223958333334 0.5678513888888889 0.01661614583333333 0.04311018518518518
0 0.2334166666666667 0.6294375 0.0053750000000000004 0.012578703703703705
0 0.047784895833333334 0.8003444444444444 0.007028125 0.03587407407407407
0 0.0645890625 0.7836504629629629 0.014594791666666666 0.041375
0 0.17635520833333332 0.7341226851851852 0.008960416666666667 0.02935648148148148
0 0.5321828125 0.8670555555555555 0.019573958333333332 0.02114814814814815
0 0.5625874999999999 0.820162037037037 0.005383333333333334 0.01439814814814815
0 0.29407109375 0.9458782407407408 0.0100171875 0.015830555555555556
0 0.18449296874999999 0.703312037037037 0.010652604166666666 0.039957407407407414
0 0.06862109375 0.5557217592592593 0.003908854166666666 0.005887962962962963
0 0.06519765625 0.5546027777777778 0.0033119791666666666 0.005501851851851852
0 0.5277322916666667 0.5870666666666667 0.008589583333333334 0.035244444444444446
0 0.8421174479166668 0.7240662037037037 0.005068229166666666 0.014799074074074074
1 0.49973958333333335 0.5486111111111112 0.9994791666666667 0.9009259259259259
0 0.23255208333333333 0.1865740740740741 0.016145833333333335 0.030555555555555555
0 0.40859375 0.4134259259259259 0.028645833333333332 0.058333333333333334
0 0.5505208333333333 0.7 0.014583333333333334 0.012962962962962963
0 0.240625 0.7759259259259259 0.014583333333333334 0.020370370370370372
0 0.18515625 0.9486111111111111 0.033854166666666664 0.08055555555555556
0 0.7635416666666667 0.3902777777777778 0.011458333333333333 0.04537037037037037
0 0.7489583333333333 0.2898148148148148 0.010416666666666666 0.022222222222222223
0 0.9901041666666667 0.725925925925926 0.011458333333333333 0.025925925925925925
0 0.9854166666666667 0.7851851851851852 0.00625 0.018518518518518517
0 0.73984375 0.9296296296296296 0.0140625 0.020370370370370372
0 0.7 0.9018518518518519 0.00625 0.011111111111111112
0 0.29192708333333334 0.5657407407407408 0.009895833333333333 0.009259259259259259
0 0.15989583333333332 0.5064814814814815 0.011458333333333333 0.020370370370370372
0 0.24921875 0.5319444444444444 0.009895833333333333 0.013888888888888888
0 0.3580729166666667 0.3560185185185185 0.0067708333333333336 0.019444444444444445
0 0.27890625 0.33796296296296297 0.059895833333333336 0.1037037037037037
0 0.3815104166666667 0.21574074074074073 0.009895833333333333 0.014814814814814815
0 0.37109375 0.2449074074074074 0.0140625 0.03425925925925926
0 0.6065104166666667 0.1648148148148148 0.0109375 0.009259259259259259
0 0.79921875 0.6435185185185185 0.015104166666666667 0.044444444444444446
0 0.7541666666666667 0.6944444444444444 0.005208333333333333 0.012962962962962963
0 0.92421875 0.9092592592592592 0.008854166666666666 0.03518518518518519
0 0.90859375 0.8888888888888888 0.015104166666666667 0.040740740740740744
0 0.8026041666666667 0.8115740740740741 0.008333333333333333 0.030555555555555555
0 0.4393229166666667 0.8560185185185185 0.018229166666666668 0.025
0 0.4127604166666667 0.8013888888888889 0.005729166666666666 0.013888888888888888
0 0.66953125 0.9916666666666667 0.009895833333333333 0.014814814814814815
0 0.7973958333333333 0.7796296296296297 0.010416666666666666 0.040740740740740744
0 0.9229166666666667 0.6620370370370371 0.004166666666666667 0.005555555555555556
0 0.9265625 0.6620370370370371 0.003125 0.005555555555555556
0 0.465625 0.5791666666666667 0.007291666666666667 0.03611111111111111
0 0.14401041666666667 0.6375 0.0046875 0.01574074074074074
1 0.5 0.5388402777777778 1.0 0.922125
0 0.20837213541666666 0.2648157407407407 0.01570260416666667 0.031483333333333335
0 0.4023479166666667 0.4405393518518519 0.030737499999999997 0.05515277777777777
0 0.567809375 0.6838486111111112 0.014785416666666667 0.01584537037037037
0 0.26865625000000004 0.8441060185185185 0.0154375 0.019693518518518516
0 0.7499 0.31855740740740746 0.0123 0.04452222222222223
0 0.7270791666666666 0.22344583333333334 0.009366666666666667 0.022817592592592594
0 0.7746122395833334 0.8575148148148148 0.013807812499999999 0.022437037037037037
0 0.7326197916666667 0.8408171296296296 0.00690625 0.011263888888888888
0 0.3003216145833333 0.622962037037037 0.010018229166666667 0.01073888888888889
0 0.16426848958333334 0.5999240740740741 0.010828645833333334 0.020218518518518518
0 0.25539505208333335 0.6008842592592593 0.0097484375 0.01473148148148148
0 0.34665026041666663 0.39788935185185187 0.007883854166666667 0.018000925925925924
0 0.2679346354166666 0.4037824074074074 0.060869270833333336 0.10571296296296297
0 0.3578171875 0.2522675925925926 0.010426041666666667 0.015646296296296297
0 0.3506283854166667 0.2838523148148148 0.013756770833333333 0.034371296296296296
0 0.5756197916666667 0.1396060185185185 0.010614583333333334 0.010693518518518519
0 0.8084239583333334 0.5584787037037038 0.016847916666666667 0.042883333333333336
0 0.7677984375 0.6210717592592593 0.0053885416666666665 0.012513888888888889
0 0.9554781250000001 0.7855481481481482 0.006789583333333333 0.03591111111111111
0 0.9379846354166667 0.7697731481481481 0.0145109375 0.04139814814814815
0 0.8259328125 0.7238421296296297 0.009157291666666668 0.02916574074074074
0 0.47183697916666667 0.8677254629629629 0.019715625 0.02063611111111111
0 0.44019427083333335 0.8220356481481481 0.0053885416666666665 0.014441666666666667
0 0.7102174479166667 0.939449537037037 0.010018229166666667 0.01593611111111111
0 0.8174109375 0.693050462962963 0.010863541666666667 0.03980462962962963
0 0.9316229166666666 0.541849537037037 0.0038708333333333333 0.005921296296296296
0 0.93551953125 0.5416324074074074 0.0033307291666666663 0.005487037037037037
0 0.47315286458333333 0.5879634259259259 0.008805729166666667 0.035186111111111106
0 0.1603997395833333 0.7351662037037038 0.005174479166666667 0.014776851851851852
1 0.5 0.5426708333333333 1.0 0.9149712962962963
0 0.7891356770833333 0.2555236111111111 0.015771354166666664 0.03141759259259259
0 0.5970416666666666 0.43704675925925923 0.03054166666666667 0.055575
0 0.43392395833333336 0.6855490740740741 0.014722916666666667 0.015542592592592594
0 0.7347348958333334 0.8365935185185185 0.015303125 0.019483333333333335
0 0.7765424479166666 0.9917856481481482 0.0291265625 0.01690462962962963
0 0.24821067708333333 0.32603935185185184 0.012046354166666667 0.04467129629629629
0 0.26982265624999996 0.22990787037037036 0.009436979166666666 0.022778703703703704
0 0.2288015625 0.8657467592592593 0.013853124999999999 0.02223425925925926
0 0.27060833333333334 0.8482231481481481 0.006841666666666666 0.011261111111111112
0 0.7008419270833334 0.6164046296296296 0.0100171875 0.010587037037037037
0 0.8367059895833333 0.5897083333333333 0.010911979166666667 0.02015740740740741
0 0.746009375 0.5934388888888888 0.009727083333333332 0.014655555555555555
0 0.6522932291666667 0.39237361111111113 0.007711458333333333 0.018080555555555558
0 0.7314591145833333 0.3962833333333333 0.06083489583333333 0.10552962962962963
0 0.6395645833333333 0.24760138888888886 0.010379166666666667 0.015573148148148147
0 0.6474708333333333 0.2801189814814815 0.013691666666666666 0.03431203703703704
0 0.4209276041666667 0.14225833333333335 0.010605208333333333 0.010442592592592594
0 0.19216223958333334 0.5678513888888889 0.01661614583333333 0.04311018518518518
0 0.2334166666666667 0.6294375 0.0053750000000000004 0.012578703703703705
0 0.047784895833333334 0.8003444444444444 0.007028125 0.03587407407407407
0 0.0645890625 0.7836504629629629 0.014594791666666666 0.041375
0 0.17635520833333332 0.7341226851851852 0.008960416666666667 0.02935648148148148
0 0.5321828125 0.8670555555555555 0.019573958333333332 0.02114814814814815
0 0.5625874999999999 0.820162037037037 0.005383333333333334 0.01439814814814815
0 0.29407109375 0.9458782407407408 0.0100171875 0.015830555555555556
0 0.18449296874999999 0.703312037037037 0.010652604166666666 0.039957407407407414
0 0.06862109375 0.5557217592592593 0.003908854166666666 0.005887962962962963
0 0.06519765625 0.5546027777777778 0.0033119791666666666 0.005501851851851852
0 0.5277322916666667 0.5870666666666667 0.008589583333333334 0.035244444444444446
0 0.8421174479166668 0.7240662037037037 0.005068229166666666 0.014799074074074074
1 0.49973958333333335 0.5486111111111112 0.9994791666666667 0.9009259259259259
0 0.23255208333333333 0.1865740740740741 0.016145833333333335 0.030555555555555555
0 0.40859375 0.4134259259259259 0.028645833333333332 0.058333333333333334
0 0.5505208333333333 0.7 0.014583333333333334 0.012962962962962963
0 0.240625 0.7759259259259259 0.014583333333333334 0.020370370370370372
0 0.18515625 0.9486111111111111 0.033854166666666664 0.08055555555555556
0 0.7635416666666667 0.3902777777777778 0.011458333333333333 0.04537037037037037
0 0.7489583333333333 0.2898148148148148 0.010416666666666666 0.022222222222222223
0 0.9901041666666667 0.725925925925926 0.011458333333333333 0.025925925925925925
0 0.9854166666666667 0.7851851851851852 0.00625 0.018518518518518517
0 0.73984375 0.9296296296296296 0.0140625 0.020370370370370372
0 0.7 0.9018518518518519 0.00625 0.011111111111111112
0 0.29192708333333334 0.5657407407407408 0.009895833333333333 0.009259259259259259
0 0.15989583333333332 0.5064814814814815 0.011458333333333333 0.020370370370370372
0 0.24921875 0.5319444444444444 0.009895833333333333 0.013888888888888888
0 0.3580729166666667 0.3560185185185185 0.0067708333333333336 0.019444444444444445
0 0.27890625 0.33796296296296297 0.059895833333333336 0.1037037037037037
0 0.3815104166666667 0.21574074074074073 0.009895833333333333 0.014814814814814815
0 0.37109375 0.2449074074074074 0.0140625 0.03425925925925926
0 0.6065104166666667 0.1648148148148148 0.0109375 0.009259259259259259
0 0.79921875 0.6435185185185185 0.015104166666666667 0.044444444444444446
0 0.7541666666666667 0.6944444444444444 0.005208333333333333 0.012962962962962963
0 0.92421875 0.9092592592592592 0.008854166666666666 0.03518518518518519
0 0.90859375 0.8888888888888888 0.015104166666666667 0.040740740740740744
0 0.8026041666666667 0.8115740740740741 0.008333333333333333 0.030555555555555555
0 0.4393229166666667 0.8560185185185185 0.018229166666666668 0.025
0 0.4127604166666667 0.8013888888888889 0.005729166666666666 0.013888888888888888
0 0.66953125 0.9916666666666667 0.009895833333333333 0.014814814814814815
0 0.7973958333333333 0.7796296296296297 0.010416666666666666 0.040740740740740744
0 0.9229166666666667 0.6620370370370371 0.004166666666666667 0.005555555555555556
0 0.9265625 0.6620370370370371 0.003125 0.005555555555555556
0 0.465625 0.5791666666666667 0.007291666666666667 0.03611111111111111
0 0.14401041666666667 0.6375 0.0046875 0.01574074074074074
1 0.5 0.5388402777777778 1.0 0.922125
0 0.20837213541666666 0.2648157407407407 0.01570260416666667 0.031483333333333335
0 0.4023479166666667 0.4405393518518519 0.030737499999999997 0.05515277777777777
0 0.567809375 0.6838486111111112 0.014785416666666667 0.01584537037037037
0 0.26865625000000004 0.8441060185185185 0.0154375 0.019693518518518516
0 0.7499 0.31855740740740746 0.0123 0.04452222222222223
0 0.7270791666666666 0.22344583333333334 0.009366666666666667 0.022817592592592594
0 0.7746122395833334 0.8575148148148148 0.013807812499999999 0.022437037037037037
0 0.7326197916666667 0.8408171296296296 0.00690625 0.011263888888888888
0 0.3003216145833333 0.622962037037037 0.010018229166666667 0.01073888888888889
0 0.16426848958333334 0.5999240740740741 0.010828645833333334 0.020218518518518518
0 0.25539505208333335 0.6008842592592593 0.0097484375 0.01473148148148148
0 0.34665026041666663 0.39788935185185187 0.007883854166666667 0.018000925925925924
0 0.2679346354166666 0.4037824074074074 0.060869270833333336 0.10571296296296297
0 0.3578171875 0.2522675925925926 0.010426041666666667 0.015646296296296297
0 0.3506283854166667 0.2838523148148148 0.013756770833333333 0.034371296296296296
0 0.5756197916666667 0.1396060185185185 0.010614583333333334 0.010693518518518519
0 0.8084239583333334 0.5584787037037038 0.016847916666666667 0.042883333333333336
0 0.7677984375 0.6210717592592593 0.0053885416666666665 0.012513888888888889
0 0.9554781250000001 0.7855481481481482 0.006789583333333333 0.03591111111111111
0 0.9379846354166667 0.7697731481481481 0.0145109375 0.04139814814814815
0 0.8259328125 0.7238421296296297 0.009157291666666668 0.02916574074074074
0 0.47183697916666667 0.8677254629629629 0.019715625 0.02063611111111111
0 0.44019427083333335 0.8220356481481481 0.0053885416666666665 0.014441666666666667
0 0.7102174479166667 0.939449537037037 0.010018229166666667 0.01593611111111111
0 0.8174109375 0.693050462962963 0.010863541666666667 0.03980462962962963
0 0.9316229166666666 0.541849537037037 0.0038708333333333333 0.005921296296296296
0 0.93551953125 0.5416324074074074 0.0033307291666666663 0.005487037037037037
0 0.47315286458333333 0.5879634259259259 0.008805729166666667 0.035186111111111106
0 0.1603997395833333 0.7351662037037038 0.005174479166666667 0.014776851851851852
