1 0.4998046875 0.5916666666666667 0.999609375 0.8152777777777778
0 0.104296875 0.8137152777777777 0.007421875 0.021527777777777778
0 0.308984375 0.9916666666666667 0.0046875 0.014583333333333334
0 0.11435546875 0.6614583333333334 0.008984375 0.010416666666666666
0 0.13251953125 0.4616319444444444 0.019921875 0.05
0 0.34365234375 0.45868055555555554 0.030078125 0.025
0 0.0658203125 0.31545138888888885 0.0046875 0.011111111111111112
0 0.01826171875 0.3951388888888889 0.008203125 0.01597222222222222
0 0.15595703125 0.259375 0.004296875 0.008333333333333333
0 0.48681640625 0.19722222222222222 0.0078125 0.01597222222222222
0 0.53056640625 0.3133680555555556 0.011328125 0.024305555555555556
0 0.5060546875 0.21354166666666666 0.004296875 0.006944444444444444
0 0.48583984375 0.25486111111111115 0.00390625 0.00625
0 0.62666015625 0.2418402777777778 0.008203125 0.009722222222222222
0 0.65185546875 0.4395833333333333 0.00390625 0.0076388888888888895
0 0.48095703125 0.44687499999999997 0.021484375 0.03263888888888889
0 0.4828125 0.6175347222222222 0.010546875 0.014583333333333334
0 0.54111328125 0.3048611111111111 0.00703125 0.009027777777777779
0 0.850390625 0.40069444444444446 0.009375 0.016666666666666666
0 0.85029296875 0.4769097222222222 0.019921875 0.05277777777777778
0 0.89404296875 0.46423611111111107 0.00390625 0.008333333333333333
0 0.834375 0.6048611111111111 0.006640625 0.011805555555555555
0 0.84033203125 0.7180555555555556 0.021484375 0.05763888888888889
0 0.8736328125 0.6984375 0.00703125 0.03402777777777778
0 0.7134765625 0.8902777777777777 0.00703125 0.02361111111111111
0 0.9068359375 0.8420138888888888 0.005078125 0.006944444444444444
0 0.5779296875 0.8284722222222222 0.003515625 0.021527777777777778
0 0.99658203125 0.5157986111111111 0.005859375 0.01597222222222222
0 0.9193359375 0.9927083333333333 0.00859375 0.013194444444444444
0 0.6875 0.9829861111111112 0.005859375 0.011111111111111112
1 0.5 0.5588980034722222 1.0 0.8816848958333333
0 0.916245361328125 0.7128138020833333 0.00729541015625 0.021113715277777778
0 0.7278974609375 0.9406163194444443 0.004623046875 0.014913194444444444
0 0.894585205078125 0.5638489583333333 0.00889697265625 0.011378472222222222
0 0.860452880859375 0.37277647569444444 0.02266357421875 0.04937239583333333
0 0.6520986328125 0.42132899305555555 0.028806640625 0.030157986111111108
0 0.915651611328125 0.20930121527777779 0.00513134765625 0.010616319444444446
0 0.96879443359375 0.2774869791666667 0.0088779296875 0.015043402777777777
0 0.821599365234375 0.176484375 0.00452685546875 0.00921875
0 0.489083984375 0.19646397569444446 0.00746484375 0.016191840277777775
0 0.455150634765625 0.3225512152777778 0.01186376953125 0.023574652777777778
0 0.47152880859375 0.21813802083333333 0.0045810546875 0.007456597222222222
0 0.49460986328125 0.25386588541666666 0.0038681640625 0.0059956597222222225
0 0.354295166015625 0.27617881944444445 0.00839501953125 0.010690972222222223
0 0.345006591796875 0.4768723958333333 0.00446630859375 0.007564236111111112
0 0.51475830078125 0.44213975694444446 0.0187744140625 0.037057291666666665
0 0.52686962890625 0.6113875868055555 0.0107705078125 0.014441840277777777
0 0.444372314453125 0.3176931423611111 0.00690869140625 0.00865017361111111
0 0.145322265625 0.4886232638888889 0.01037109375 0.015440972222222222
0 0.151436279296875 0.5635568576388889 0.02064599609375 0.05419704861111111
0 0.1071591796875 0.56141796875 0.004357421875 0.008252604166666667
0 0.177438232421875 0.6864917534722221 0.00624365234375 0.011872395833333334
0 0.179937255859375 0.8001419270833333 0.02296044921875 0.05514496527777778
0 0.144595703125 0.7890329861111112 0.00794140625 0.03466319444444445
0 0.318885009765625 0.9388224826388889 0.00788720703125 0.02347829861111111
0 0.12412353515625 0.938720920138889 0.0050830078125 0.007650173611111112
0 0.448384033203125 0.8445164930555555 0.00516650390625 0.02063020833333333
0 0.0093857421875 0.6378098958333333 0.007052734375 0.015203125
1 0.5 0.44727734375 1.0 0.8945546875
0 0.918185546875 0.3004904513888889 0.00726953125 0.021119791666666665
0 0.732358154296875 0.06653862847222222 0.00475537109375 0.015021701388888888
0 0.895061767578125 0.4484500868055556 0.00887353515625 0.011483506944444444
0 0.85914453125 0.6385021701388889 0.0229765625 0.04957378472222222
0 0.651510986328125 0.5831336805555556 0.02860791015625 0.030850694444444444
0 0.91274609375 0.8030503472222222 0.0051796875 0.010614583333333334
0 0.966413818359375 0.7366197916666667 0.00899951171875 0.014906250000000001
0 0.818680908203125 0.8327834201388888 0.00454931640625 0.009316840277777778
0 0.486127197265625 0.80328125 0.00741064453125 0.016284722222222225
0 0.45324755859375 0.6758311631944445 0.0119638671875 0.023537326388888887
0 0.468614013671875 0.7806649305555555 0.00461083984375 0.007510416666666666
0 0.49216357421875 0.746033420138889 0.0038583984375 0.0059557291666666665
0 0.351860107421875 0.7189405381944445 0.00840771484375 0.010797743055555555
0 0.34455029296875 0.5185295138888889 0.0045302734375 0.007545138888888889
0 0.514108154296875 0.5578424479166667 0.01845068359375 0.03755989583333333
0 0.527852783203125 0.39001432291666666 0.01078369140625 0.014403645833333333
0 0.44240673828125 0.6805108506944444 0.0068837890625 0.008591145833333334
0 0.145377685546875 0.5006888020833333 0.01048193359375 0.015266493055555556
0 0.151980224609375 0.4255876736111111 0.02075732421875 0.054300347222222226
0 0.1076728515625 0.42685850694444444 0.004408203125 0.008230902777777778
0 0.17938671875 0.30371918402777776 0.006234375 0.011952256944444444
0 0.18294384765625 0.1897048611111111 0.0231142578125 0.05475694444444444
0 0.147576904296875 0.19963932291666667 0.00804443359375 0.0346953125
0 0.323339111328125 0.0551171875 0.00800634765625 0.023428819444444443
0 0.128026611328125 0.049871093750000005 0.00507666015625 0.007728298611111111
0 0.451902099609375 0.15351779513888889 0.00536669921875 0.02057725694444444
0 0.010920654296875 0.3470833333333333 0.00719287109375 0.015347222222222222
1 0.4998046875 0.5916666666666667 0.999609375 0.8152777777777778
0 0.104296875 0.8137152777777777 0.007421875 0.021527777777777778
0 0.308984375 0.9916666666666667 0.0046875 0.014583333333333334
0 0.11435546875 0.6614583333333334 0.008984375 0.010416666666666666
0 0.13251953125 0.4616319444444444 0.019921875 0.05
0 0.34365234375 0.45868055555555554 0.030078125 0.025
0 0.0658203125 0.31545138888888885 0.0046875 0.011111111111111112
0 0.01826171875 0.3951388888888889 0.008203125 0.01597222222222222
0 0.15595703125 0.259375 0.004296875 0.008333333333333333
0 0.48681640625 0.19722222222222222 0.0078125 0.01597222222222222
0 0.53056640625 0.3133680555555556 0.011328125 0.024305555555555556
0 0.5060546875 0.21354166666666666 0.004296875 0.006944444444444444
0 0.48583984375 0.25486111111111115 0.00390625 0.00625
0 0.62666015625 0.2418402777777778 0.008203125 0.009722222222222222
0 0.65185546875 0.4395833333333333 0.00390625 0.0076388888888888895
0 0.48095703125 0.44687499999999997 0.021484375 0.03263888888888889
0 0.4828125 0.6175347222222222 0.010546875 0.014583333333333334
0 0.54111328125 0.3048611111111111 0.00703125 0.009027777777777779
0 0.850390625 0.40069444444444446 0.009375 0.016666666666666666
0 0.85029296875 0.4769097222222222 0.019921875 0.05277777777777778
0 0.89404296875 0.46423611111111107 0.00390625 0.008333333333333333
0 0.834375 0.6048611111111111 0.006640625 0.011805555555555555
0 0.84033203125 0.7180555555555556 0.021484375 0.05763888888888889
0 0.8736328125 0.6984375 0.00703125 0.03402777777777778
0 0.7134765625 0.8902777777777777 0.00703125 0.02361111111111111
0 0.9068359375 0.8420138888888888 0.005078125 0.006944444444444444
0 0.5779296875 0.8284722222222222 0.003515625 0.021527777777777778
0 0.99658203125 0.5157986111111111 0.005859375 0.01597222222222222
0 0.9193359375 0.9927083333333333 0.00859375 0.013194444444444444
0 0.6875 0.9829861111111112 0.005859375 0.011111111111111112
1 0.5 0.5588980034722222 1.0 0.8816848958333333
0 0.916245361328125 0.7128138020833333 0.00729541015625 0.021113715277777778
0 0.7278974609375 0.9406163194444443 0.004623046875 0.014913194444444444
0 0.894585205078125 0.5638489583333333 0.00889697265625 0.011378472222222222
0 0.860452880859375 0.37277647569444444 0.02266357421875 0.04937239583333333
0 0.6520986328125 0.42132899305555555 0.028806640625 0.030157986111111108
0 0.915651611328125 0.20930121527777779 0.00513134765625 0.010616319444444446
0 0.96879443359375 0.2774869791666667 0.0088779296875 0.015043402777777777
0 0.821599365234375 0.176484375 0.00452685546875 0.00921875
0 0.489083984375 0.19646397569444446 0.00746484375 0.016191840277777775
0 0.455150634765625 0.3225512152777778 0.01186376953125 0.023574652777777778
0 0.47152880859375 0.21813802083333333 0.0045810546875 0.007456597222222222
0 0.49460986328125 0.25386588541666666 0.0038681640625 0.0059956597222222225
0 0.354295166015625 0.27617881944444445 0.00839501953125 0.010690972222222223
0 0.345006591796875 0.4768723958333333 0.00446630859375 0.007564236111111112
0 0.51475830078125 0.44213975694444446 0.0187744140625 0.037057291666666665
0 0.52686962890625 0.6113875868055555 0.0107705078125 0.014441840277777777
0 0.444372314453125 0.3176931423611111 0.00690869140625 0.00865017361111111
0 0.145322265625 0.4886232638888889 0.01037109375 0.015440972222222222
0 0.151436279296875 0.5635568576388889 0.02064599609375 0.05419704861111111
0 0.1071591796875 0.56141796875 0.004357421875 0.008252604166666667
0 0.177438232421875 0.6864917534722221 0.00624365234375 0.011872395833333334
0 0.179937255859375 0.8001419270833333 0.02296044921875 0.05514496527777778
0 0.144595703125 0.7890329861111112 0.00794140625 0.03466319444444445
0 0.318885009765625 0.9388224826388889 0.00788720703125 0.02347829861111111
0 0.12412353515625 0.938720920138889 0.0050830078125 0.007650173611111112
0 0.448384033203125 0.8445164930555555 0.00516650390625 0.02063020833333333
0 0.0093857421875 0.6378098958333333 0.007052734375 0.015203125
1 0.5 0.44727734375 1.0 0.8945546875
0 0.918185546875 0.3004904513888889 0.00726953125 0.021119791666666665
0 0.732358154296875 0.06653862847222222 0.00475537109375 0.015021701388888888
0 0.895061767578125 0.4484500868055556 0.00887353515625 0.011483506944444444
0 0.85914453125 0.6385021701388889 0.0229765625 0.04957378472222222
0 0.651510986328125 0.5831336805555556 0.02860791015625 0.030850694444444444
0 0.91274609375 0.8030503472222222 0.0051796875 0.010614583333333334
0 0.966413818359375 0.7366197916666667 0.00899951171875 0.014906250000000001
0 0.818680908203125 0.8327834201388888 0.00454931640625 0.009316840277777778
0 0.486127197265625 0.80328125 0.00741064453125 0.016284722222222225
0 0.45324755859375 0.6758311631944445 0.0119638671875 0.023537326388888887
0 0.468614013671875 0.7806649305555555 0.00461083984375 0.007510416666666666
0 0.49216357421875 0.746033420138889 0.0038583984375 0.0059557291666666665
0 0.351860107421875 0.7189405381944445 0.00840771484375 0.010797743055555555
0 0.34455029296875 0.5185295138888889 0.0045302734375 0.007545138888888889
0 0.514108154296875 0.5578424479166667 0.01845068359375 0.03755989583333333
0 0.527852783203125 0.39001432291666666 0.01078369140625 0.014403645833333333
0 0.44240673828125 0.6805108506944444 0.0068837890625 0.008591145833333334
0 0.145377685546875 0.5006888020833333 0.01048193359375 0.015266493055555556
0 0.151980224609375 0.4255876736111111 0.02075732421875 0.054300347222222226
0 0.1076728515625 0.42685850694444444 0.004408203125 0.008230902777777778
0 0.17938671875 0.30371918402777776 0.006234375 0.011952256944444444
0 0.18294384765625 0.1897048611111111 0.0231142578125 0.05475694444444444
0 0.147576904296875 0.19963932291666667 0.00804443359375 0.0346953125
0 0.323339111328125 0.0551171875 0.00800634765625 0.023428819444444443
0 0.128026611328125 0.049871093750000005 0.00507666015625 0.007728298611111111
0 0.451902099609375 0.15351779513888889 0.00536669921875 0.02057725694444444
0 0.010920654296875 0.3470833333333333 0.00719287109375 0.015347222222222222
1 0.4998046875 0.5916666666666667 0.999609375 0.8152777777777778
0 0.104296875 0.8137152777777777 0.007421875 0.021527777777777778
0 0.308984375 0.9916666666666667 0.0046875 0.014583333333333334
0 0.11435546875 0.6614583333333334 0.008984375 0.010416666666666666
0 0.13251953125 0.4616319444444444 0.019921875 0.05
0 0.34365234375 0.45868055555555554 0.030078125 0.025
0 0.0658203125 0.31545138888888885 0.0046875 0.011111111111111112
0 0.01826171875 0.3951388888888889 0.008203125 0.01597222222222222
0 0.15595703125 0.259375 0.004296875 0.008333333333333333
0 0.48681640625 0.19722222222222222 0.0078125 0.01597222222222222
0 0.53056640625 0.3133680555555556 0.011328125 0.024305555555555556
0 0.5060546875 0.21354166666666666 0.004296875 0.006944444444444444
0 0.48583984375 0.25486111111111115 0.00390625 0.00625
0 0.62666015625 0.2418402777777778 0.008203125 0.009722222222222222
0 0.65185546875 0.4395833333333333 0.00390625 0.0076388888888888895
0 0.48095703125 0.44687499999999997 0.021484375 0.03263888888888889
0 0.4828125 0.6175347222222222 0.010546875 0.014583333333333334
0 0.54111328125 0.3048611111111111 0.00703125 0.009027777777777779
0 0.850390625 0.40069444444444446 0.009375 0.016666666666666666
0 0.85029296875 0.4769097222222222 0.019921875 0.05277777777777778
0 0.89404296875 0.46423611111111107 0.00390625 0.008333333333333333
0 0.834375 0.6048611111111111 0.006640625 0.011805555555555555
0 0.84033203125 0.7180555555555556 0.021484375 0.05763888888888889
0 0.8736328125 0.6984375 0.00703125 0.03402777777777778
0 0.7134765625 0.8902777777777777 0.00703125 0.02361111111111111
0 0.9068359375 0.8420138888888888 0.005078125 0.006944444444444444
0 0.5779296875 0.8284722222222222 0.003515625 0.021527777777777778
0 0.99658203125 0.5157986111111111 0.005859375 0.01597222222222222
0 0.9193359375 0.9927083333333333 0.00859375 0.013194444444444444
0 0.6875 0.9829861111111112 0.005859375 0.011111111111111112
1 0.5 0.5588980034722222 1.0 0.8816848958333333
0 0.916245361328125 0.7128138020833333 0.00729541015625 0.021113715277777778
0 0.7278974609375 0.9406163194444443 0.004623046875 0.014913194444444444
0 0.894585205078125 0.5638489583333333 0.00889697265625 0.011378472222222222
0 0.860452880859375 0.37277647569444444 0.02266357421875 0.04937239583333333
0 0.6520986328125 0.42132899305555555 0.028806640625 0.030157986111111108
0 0.915651611328125 0.20930121527777779 0.00513134765625 0.010616319444444446
0 0.96879443359375 0.2774869791666667 0.0088779296875 0.015043402777777777
0 0.821599365234375 0.176484375 0.00452685546875 0.00921875
0 0.489083984375 0.19646397569444446 0.00746484375 0.016191840277777775
0 0.455150634765625 0.3225512152777778 0.01186376953125 0.023574652777777778
0 0.47152880859375 0.21813802083333333 0.0045810546875 0.007456597222222222
0 0.49460986328125 0.25386588541666666 0.0038681640625 0.0059956597222222225
0 0.354295166015625 0.27617881944444445 0.00839501953125 0.010690972222222223
0 0.345006591796875 0.4768723958333333 0.00446630859375 0.007564236111111112
0 0.51475830078125 0.44213975694444446 0.0187744140625 0.037057291666666665
0 0.52686962890625 0.6113875868055555 0.0107705078125 0.014441840277777777
0 0.444372314453125 0.3176931423611111 0.00690869140625 0.00865017361111111
0 0.145322265625 0.4886232638888889 0.01037109375 0.015440972222222222
0 0.151436279296875 0.5635568576388889 0.02064599609375 0.05419704861111111
0 0.1071591796875 0.56141796875 0.004357421875 0.008252604166666667
0 0.177438232421875 0.6864917534722221 0.00624365234375 0.011872395833333334
0 0.179937255859375 0.8001419270833333 0.02296044921875 0.05514496527777778
0 0.144595703125 0.7890329861111112 0.00794140625 0.03466319444444445
0 0.318885009765625 0.9388224826388889 0.00788720703125 0.02347829861111111
0 0.12412353515625 0.938720920138889 0.0050830078125 0.007650173611111112
0 0.448384033203125 0.8445164930555555 0.00516650390625 0.02063020833333333
0 0.0093857421875 0.6378098958333333 0.007052734375 0.015203125
1 0.5 0.44727734375 1.0 0.8945546875
0 0.918185546875 0.3004904513888889 0.00726953125 0.021119791666666665
0 0.732358154296875 0.06653862847222222 0.00475537109375 0.015021701388888888
0 0.895061767578125 0.4484500868055556 0.00887353515625 0.011483506944444444
0 0.85914453125 0.6385021701388889 0.0229765625 0.04957378472222222
0 0.651510986328125 0.5831336805555556 0.02860791015625 0.030850694444444444
0 0.91274609375 0.8030503472222222 0.0051796875 0.010614583333333334
0 0.966413818359375 0.7366197916666667 0.00899951171875 0.014906250000000001
0 0.818680908203125 0.8327834201388888 0.00454931640625 0.009316840277777778
0 0.486127197265625 0.80328125 0.00741064453125 0.016284722222222225
0 0.45324755859375 0.6758311631944445 0.0119638671875 0.023537326388888887
0 0.468614013671875 0.7806649305555555 0.00461083984375 0.007510416666666666
0 0.49216357421875 0.746033420138889 0.0038583984375 0.0059557291666666665
0 0.351860107421875 0.7189405381944445 0.00840771484375 0.010797743055555555
0 0.34455029296875 0.5185295138888889 0.0045302734375 0.007545138888888889
0 0.514108154296875 0.5578424479166667 0.01845068359375 0.03755989583333333
0 0.527852783203125 0.39001432291666666 0.01078369140625 0.014403645833333333
0 0.44240673828125 0.6805108506944444 0.0068837890625 0.008591145833333334
0 0.145377685546875 0.5006888020833333 0.01048193359375 0.015266493055555556
0 0.151980224609375 0.4255876736111111 0.02075732421875 0.054300347222222226
0 0.1076728515625 0.42685850694444444 0.004408203125 0.008230902777777778
0 0.17938671875 0.30371918402777776 0.006234375 0.011952256944444444
0 0.18294384765625 0.1897048611111111 0.0231142578125 0.05475694444444444
0 0.147576904296875 0.19963932291666667 0.00804443359375 0.0346953125
0 0.323339111328125 0.0551171875 0.00800634765625 0.023428819444444443
0 0.128026611328125 0.049871093750000005 0.00507666015625 0.007728298611111111
0 0.451902099609375 0.15351779513888889 0.00536669921875 0.02057725694444444
0 0.010920654296875 0.3470833333333333 0.00719287109375 0.015347222222222222
