1 0.5133921874999999 0.5852569444444444 0.973659375 0.8297731481481482
0 0.49766354166666665 0.5200615740740742 0.017202083333333333 0.05864166666666667
0 0.8838335937499999 0.5543467592592592 0.0176671875 0.040175
0 0.9048768229166666 0.5816143518518518 0.0107953125 0.022487962962962963
0 0.81845703125 0.9008657407407407 0.006705729166666666 0.012842592592592591
0 0.8429708333333333 0.8367629629629629 0.008858333333333333 0.019822222222222224
1 0.5169270833333334 0.5972222222222222 0.9651041666666667 0.8037037037037037
0 0.49921875 0.5203703703703704 0.018229166666666668 0.05740740740740741
0 0.8854166666666666 0.48194444444444445 0.01875 0.03796296296296296
0 0.9078125 0.5055555555555555 0.010416666666666666 0.022222222222222223
0 0.8401041666666667 0.8393518518518519 0.00625 0.012037037037037037
0 0.8611979166666667 0.7712962962962963 0.0078125 0.020370370370370372
1 0.48746510416666666 0.4193601851851852 0.9749302083333333 0.8387203703703704
0 0.5024291666666667 0.48031851851851853 0.017358333333333333 0.05878518518518518
0 0.11654635416666667 0.4341393518518518 0.01746770833333333 0.040500925925925926
0 0.0960484375 0.4056986111111111 0.010846875 0.022508333333333335
0 0.18567890625 0.08981481481481482 0.0067744791666666665 0.012962962962962963
0 0.16024114583333335 0.15252453703703703 0.009023958333333333 0.01986388888888889
1 0.5133921874999999 0.5852569444444444 0.973659375 0.8297731481481482
0 0.49766354166666665 0.5200615740740742 0.017202083333333333 0.05864166666666667
0 0.8838335937499999 0.5543467592592592 0.0176671875 0.040175
0 0.9048768229166666 0.5816143518518518 0.0107953125 0.022487962962962963
0 0.81845703125 0.9008657407407407 0.006705729166666666 0.012842592592592591
0 0.8429708333333333 0.8367629629629629 0.008858333333333333 0.019822222222222224
1 0.5169270833333334 0.5972222222222222 0.9651041666666667 0.8037037037037037
0 0.49921875 0.5203703703703704 0.018229166666666668 0.05740740740740741
0 0.8854166666666666 0.48194444444444445 0.01875 0.03796296296296296
0 0.9078125 0.5055555555555555 0.010416666666666666 0.022222222222222223
0 0.8401041666666667 0.8393518518518519 0.00625 0.012037037037037037
0 0.8611979166666667 0.7712962962962963 0.0078125 0.020370370370370372
1 0.48746510416666666 0.4193601851851852 0.9749302083333333 0.8387203703703704
0 0.5024291666666667 0.48031851851851853 0.017358333333333333 0.05878518518518518
0 0.11654635416666667 0.4341393518518518 0.01746770833333333 0.040500925925925926
0 0.0960484375 0.4056986111111111 0.010846875 0.022508333333333335
0 0.18567890625 0.08981481481481482 0.0067744791666666665 0.012962962962962963
0 0.16024114583333335 0.15252453703703703 0.009023958333333333 0.01986388888888889
