1 0.5 0.4493990740740741 1.0 0.8987981481481482
0 0.3950260416666667 0.7086444444444444 0.03484375 0.04136296296296296
0 0.3947515625 0.7091810185185184 0.035336458333333334 0.040584259259259264
1 0.39560208333333335 0.7079662037037038 0.0339125 0.04000648148148148
0 0.7091867187500001 0.01684259259259259 0.014206770833333333 0.02627777777777778
0 0.7019255208333333 0.7675717592592592 0.011142708333333333 0.02773611111111111
0 0.521228125 0.7514500000000001 0.024747916666666665 0.049196296296296294
0 0.7874817708333333 0.6470837962962963 0.008296875 0.021945370370370372
0 0.38622578125 0.40986203703703705 0.0224515625 0.03824259259259259
0 0.52345703125 0.09723518518518517 0.011497395833333333 0.016692592592592592
0 0.18941536458333333 0.22679722222222223 0.0277890625 0.03877962962962963
0 0.1971953125 0.2789041666666667 0.012098958333333333 0.02632685185185185
0 0.13529947916666665 0.2056601851851852 0.010182291666666668 0.024283333333333334
0 0.08557786458333334 0.1369824074074074 0.005530729166666666 0.00915
0 0.06922500000000001 0.15793472222222224 0.0072 0.01216574074074074
0 0.04311380208333333 0.15997685185185187 0.009144270833333332 0.01810185185185185
0 0.013935677083333332 0.15981111111111113 0.005996354166666666 0.012214814814814815
0 0.009344791666666666 0.18027962962962962 0.0041062500000000005 0.01055925925925926
0 0.006740104166666666 0.21075833333333333 0.0051468749999999995 0.01596111111111111
0 0.8018330729166667 0.3748046296296296 0.0234578125 0.040350000000000004
0 0.9552578125 0.4935300925925926 0.007390625 0.018541666666666665
0 0.9086510416666667 0.16709722222222223 0.014177083333333333 0.047157407407407405
0 0.7391757812499999 0.5870166666666666 0.013768229166666666 0.029588888888888887
1 0.5 0.45937638888888893 1.0 0.9187527777777779
0 0.40563958333333333 0.7238518518518519 0.03627916666666667 0.04214814814814815
0 0.40534036458333333 0.7235865740740741 0.03672239583333334 0.041617592592592595
1 0.4063104166666667 0.7229995370370371 0.0355375 0.04044351851851852
0 0.7146497395833333 0.7348898148148149 0.010549479166666665 0.02903888888888889
0 0.5329539062499999 0.7475439814814815 0.02424114583333333 0.05064351851851852
0 0.7932424479166666 0.6021875 0.0073182291666666665 0.02289351851851852
0 0.3822111979166667 0.42818657407407407 0.020672395833333336 0.041558333333333336
0 0.5036625 0.09442777777777778 0.011491666666666667 0.016633333333333333
0 0.17715885416666666 0.2762777777777778 0.02619270833333333 0.041444444444444443
0 0.1873625 0.32637962962962963 0.012225000000000001 0.026833333333333334
0 0.1224859375 0.26316805555555556 0.010596875 0.02448425925925926
0 0.06924973958333333 0.2026037037037037 0.005166145833333333 0.008911111111111111
0 0.054022395833333334 0.2255976851851852 0.007003125 0.012306481481481482
0 0.027789322916666668 0.2325675925925926 0.008703645833333332 0.018838888888888888
0 0.0008786458333333334 0.23555740740740738 0.0017572916666666668 0.010003703703703704
0 0.7949203125000001 0.32914074074074073 0.024215625 0.03791111111111111
0 0.9527135416666667 0.4231226851851852 0.007510416666666667 0.018467592592592594
0 0.8909080729166666 0.10486296296296296 0.015149479166666667 0.04676296296296296
0 0.7424479166666667 0.5498560185185185 0.0140625 0.029341666666666665
1 0.49973958333333335 0.549074074074074 0.9994791666666667 0.9
0 0.6106770833333334 0.3013888888888889 0.033854166666666664 0.041666666666666664
0 0.6109375 0.30092592592592593 0.034375 0.040740740740740744
1 0.61015625 0.30092592592592593 0.0328125 0.040740740740740744
0 0.27682291666666664 0.9629629629629629 0.0140625 0.025925925925925925
0 0.30625 0.21435185185185185 0.011458333333333333 0.026851851851851852
0 0.4859375 0.2462962962962963 0.025 0.04814814814814815
0 0.21744791666666666 0.3263888888888889 0.008854166666666666 0.021296296296296296
0 0.6111979166666667 0.600462962962963 0.0234375 0.03611111111111111
0 0.46458333333333335 0.9 0.011458333333333333 0.016666666666666666
0 0.80234375 0.8018518518518518 0.028645833333333332 0.037037037037037035
0 0.79609375 0.7490740740740741 0.011979166666666667 0.025925925925925925
0 0.85546875 0.8277777777777777 0.009895833333333333 0.024074074074074074
0 0.9033854166666667 0.9009259259259259 0.005729166666666666 0.009259259259259259
0 0.9203125 0.8819444444444444 0.007291666666666667 0.012037037037037037
0 0.9463541666666667 0.8819444444444444 0.009375 0.017592592592592594
0 0.9755208333333333 0.8847222222222222 0.00625 0.012037037037037037
0 0.9802083333333333 0.8652777777777778 0.004166666666666667 0.010185185185185186
0 0.984375 0.8347222222222223 0.005208333333333333 0.01574074074074074
0 0.19479166666666667 0.5967592592592592 0.022916666666666665 0.041666666666666664
0 0.0453125 0.4638888888888889 0.007291666666666667 0.018518518518518517
0 0.08229166666666667 0.7939814814814815 0.013541666666666667 0.04722222222222222
0 0.2640625 0.3907407407407407 0.013541666666666667 0.02962962962962963
1 0.5 0.4493990740740741 1.0 0.8987981481481482
0 0.3950260416666667 0.7086444444444444 0.03484375 0.04136296296296296
0 0.3947515625 0.7091810185185184 0.035336458333333334 0.040584259259259264
1 0.39560208333333335 0.7079662037037038 0.0339125 0.04000648148148148
0 0.7091867187500001 0.01684259259259259 0.014206770833333333 0.02627777777777778
0 0.7019255208333333 0.7675717592592592 0.011142708333333333 0.02773611111111111
0 0.521228125 0.7514500000000001 0.024747916666666665 0.049196296296296294
0 0.7874817708333333 0.6470837962962963 0.008296875 0.021945370370370372
0 0.38622578125 0.40986203703703705 0.0224515625 0.03824259259259259
0 0.52345703125 0.09723518518518517 0.011497395833333333 0.016692592592592592
0 0.18941536458333333 0.22679722222222223 0.0277890625 0.03877962962962963
0 0.1971953125 0.2789041666666667 0.012098958333333333 0.02632685185185185
0 0.13529947916666665 0.2056601851851852 0.010182291666666668 0.024283333333333334
0 0.08557786458333334 0.1369824074074074 0.005530729166666666 0.00915
0 0.06922500000000001 0.15793472222222224 0.0072 0.01216574074074074
0 0.04311380208333333 0.15997685185185187 0.009144270833333332 0.01810185185185185
0 0.013935677083333332 0.15981111111111113 0.005996354166666666 0.012214814814814815
0 0.009344791666666666 0.18027962962962962 0.0041062500000000005 0.01055925925925926
0 0.006740104166666666 0.21075833333333333 0.0051468749999999995 0.01596111111111111
0 0.8018330729166667 0.3748046296296296 0.0234578125 0.040350000000000004
0 0.9552578125 0.4935300925925926 0.007390625 0.018541666666666665
0 0.9086510416666667 0.16709722222222223 0.014177083333333333 0.047157407407407405
0 0.7391757812499999 0.5870166666666666 0.013768229166666666 0.029588888888888887
1 0.5 0.45937638888888893 1.0 0.9187527777777779
0 0.40563958333333333 0.7238518518518519 0.03627916666666667 0.04214814814814815
0 0.40534036458333333 0.7235865740740741 0.03672239583333334 0.041617592592592595
1 0.4063104166666667 0.7229995370370371 0.0355375 0.04044351851851852
0 0.7146497395833333 0.7348898148148149 0.010549479166666665 0.02903888888888889
0 0.5329539062499999 0.7475439814814815 0.02424114583333333 0.05064351851851852
0 0.7932424479166666 0.6021875 0.0073182291666666665 0.02289351851851852
0 0.3822111979166667 0.42818657407407407 0.020672395833333336 0.041558333333333336
0 0.5036625 0.09442777777777778 0.011491666666666667 0.016633333333333333
0 0.17715885416666666 0.2762777777777778 0.02619270833333333 0.041444444444444443
0 0.1873625 0.32637962962962963 0.012225000000000001 0.026833333333333334
0 0.1224859375 0.26316805555555556 0.010596875 0.02448425925925926
0 0.06924973958333333 0.2026037037037037 0.005166145833333333 0.008911111111111111
0 0.054022395833333334 0.2255976851851852 0.007003125 0.012306481481481482
0 0.027789322916666668 0.2325675925925926 0.008703645833333332 0.018838888888888888
0 0.0008786458333333334 0.23555740740740738 0.0017572916666666668 0.010003703703703704
0 0.7949203125000001 0.32914074074074073 0.024215625 0.03791111111111111
0 0.9527135416666667 0.4231226851851852 0.007510416666666667 0.018467592592592594
0 0.8909080729166666 0.10486296296296296 0.015149479166666667 0.04676296296296296
0 0.7424479166666667 0.5498560185185185 0.0140625 0.029341666666666665
1 0.49973958333333335 0.549074074074074 0.9994791666666667 0.9
0 0.6106770833333334 0.3013888888888889 0.033854166666666664 0.041666666666666664
0 0.6109375 0.30092592592592593 0.034375 0.040740740740740744
1 0.61015625 0.30092592592592593 0.0328125 0.040740740740740744
0 0.27682291666666664 0.9629629629629629 0.0140625 0.025925925925925925
0 0.30625 0.21435185185185185 0.011458333333333333 0.026851851851851852
0 0.4859375 0.2462962962962963 0.025 0.04814814814814815
0 0.21744791666666666 0.3263888888888889 0.008854166666666666 0.021296296296296296
0 0.6111979166666667 0.600462962962963 0.0234375 0.03611111111111111
0 0.46458333333333335 0.9 0.011458333333333333 0.016666666666666666
0 0.80234375 0.8018518518518518 0.028645833333333332 0.037037037037037035
0 0.79609375 0.7490740740740741 0.011979166666666667 0.025925925925925925
0 0.85546875 0.8277777777777777 0.009895833333333333 0.024074074074074074
0 0.9033854166666667 0.9009259259259259 0.005729166666666666 0.009259259259259259
0 0.9203125 0.8819444444444444 0.007291666666666667 0.012037037037037037
0 0.9463541666666667 0.8819444444444444 0.009375 0.017592592592592594
0 0.9755208333333333 0.8847222222222222 0.00625 0.012037037037037037
0 0.9802083333333333 0.8652777777777778 0.004166666666666667 0.010185185185185186
0 0.984375 0.8347222222222223 0.005208333333333333 0.01574074074074074
0 0.19479166666666667 0.5967592592592592 0.022916666666666665 0.041666666666666664
0 0.0453125 0.4638888888888889 0.007291666666666667 0.018518518518518517
0 0.08229166666666667 0.7939814814814815 0.013541666666666667 0.04722222222222222
0 0.2640625 0.3907407407407407 0.013541666666666667 0.02962962962962963
