1 0.49973958333333335 0.549074074074074 0.9994791666666667 0.9
0 0.4109375 0.5587962962962963 0.025 0.03611111111111111
0 0.4109375 0.5583333333333333 0.023958333333333335 0.03518518518518519
0 0.32083333333333336 0.5921296296296297 0.029166666666666667 0.05277777777777778
0 0.4075520833333333 0.6439814814814815 0.0203125 0.04537037037037037
0 0.43671875 0.5680555555555555 0.016145833333333335 0.019444444444444445
0 0.88125 0.324537037037037 0.010416666666666666 0.041666666666666664
0 0.8908854166666667 0.30092592592592593 0.008854166666666666 0.022222222222222223
0 0.8973958333333333 0.2712962962962963 0.016666666666666666 0.04259259259259259
0 0.4197916666666667 0.26296296296296295 0.013541666666666667 0.03148148148148148
0 0.94921875 0.9018518518518519 0.011979166666666667 0.020370370370370372
0 0.9424479166666667 0.8462962962962963 0.011979166666666667 0.024074074074074074
0 0.8643229166666667 0.6546296296296297 0.013020833333333334 0.03148148148148148
0 0.8408854166666667 0.46574074074074073 0.008854166666666666 0.025925925925925925
0 0.6072916666666667 0.3148148148148148 0.017708333333333333 0.03148148148148148
0 0.24765625 0.7930555555555555 0.016145833333333335 0.03981481481481482
0 0.5171875 0.9523148148148148 0.015625 0.019444444444444445
0 0.3736979166666667 0.5425925925925926 0.022395833333333334 0.020370370370370372
0 0.3125 0.29814814814814816 0.011458333333333333 0.05
0 0.28671875 0.9564814814814815 0.0078125 0.016666666666666666
0 0.6119791666666666 0.5847222222222223 0.008333333333333333 0.017592592592592594
0 0.88046875 0.625 0.008854166666666666 0.022222222222222223
0 0.5877604166666667 0.2972222222222222 0.0234375 0.020370370370370372
0 0.53125 0.20277777777777778 0.010416666666666666 0.03148148148148148
0 0.3455729166666667 0.8800925925925925 0.0078125 0.023148148148148147
0 0.5369791666666667 0.7791666666666667 0.016666666666666666 0.03796296296296296
0 0.9020833333333333 0.6143518518518518 0.014583333333333334 0.006481481481481481
0 0.76171875 0.3574074074074074 0.0046875 0.05
0 0.75390625 0.29953703703703705 0.018229166666666668 0.012037037037037037
0 0.30755208333333334 0.4837962962962963 0.009895833333333333 0.021296296296296296
0 0.84453125 0.5356481481481481 0.008854166666666666 0.01574074074074074
0 0.375 0.9458333333333333 0.00625 0.013888888888888888
1 0.5 0.5508912037037037 1.0 0.8980787037037037
0 0.41188984375 0.5639157407407407 0.024821354166666663 0.037090740740740744
0 0.4119083333333334 0.5634694444444445 0.023816666666666667 0.036198148148148146
0 0.32301692708333335 0.6038273148148149 0.0293671875 0.052099074074074075
0 0.41041354166666666 0.6499967592592593 0.020827083333333333 0.044437962962962964
0 0.43775546875 0.571737037037037 0.0161359375 0.0194
0 0.8773645833333333 0.30144074074074073 0.009937499999999998 0.041770370370370374
0 0.8866161458333334 0.27700648148148144 0.008648958333333335 0.022531481481481482
0 0.89249140625 0.2463800925925926 0.01727447916666667 0.042760185185185186
0 0.41541171875 0.26774444444444445 0.013115104166666667 0.03178518518518519
0 0.9570367187500001 0.8732875 0.011990104166666666 0.020649074074074073
0 0.9490697916666666 0.8188018518518518 0.01168125 0.02464074074074074
0 0.8672166666666666 0.6317467592592593 0.012558333333333333 0.03201203703703704
0 0.8398229166666666 0.4445013888888889 0.008812500000000001 0.026039814814814814
0 0.6038677083333333 0.30830740740740736 0.018152083333333333 0.031429629629629634
0 0.25398307291666666 0.8088810185185186 0.01629947916666667 0.03998425925925926
0 0.5260369791666667 0.9512699074074074 0.015615625 0.01920648148148148
0 0.37468723958333333 0.5500907407407407 0.022291145833333335 0.020551851851851852
0 0.3088205729166667 0.30992777777777775 0.0124328125 0.04948518518518519
0 0.295525 0.9695847222222221 0.007716666666666667 0.016947222222222225
0 0.6135299479166666 0.5773416666666666 0.008309895833333334 0.017646296296296295
0 0.8826221354166666 0.6009675925925926 0.008994270833333333 0.022305555555555554
0 0.5836229166666667 0.2918703703703704 0.023495833333333334 0.02077777777777778
0 0.5251421875 0.2008837962962963 0.010701041666666666 0.03139722222222222
0 0.35282578125 0.889587037037037 0.007734895833333334 0.023618518518518518
0 0.5425885416666667 0.7767652777777778 0.01642708333333333 0.038715740740740745
0 0.90418046875 0.5897537037037037 0.0146109375 0.007285185185185185
0 0.7587104166666666 0.3415708333333333 0.0049208333333333335 0.04980833333333333
0 0.7496703124999999 0.28411574074074075 0.018090625000000003 0.012675925925925926
0 0.3075671875 0.4959722222222222 0.009926041666666666 0.021574074074074075
0 0.8450403645833333 0.514363425925926 0.008830729166666666 0.015763888888888886
0 0.38392499999999996 0.953300925925926 0.006391666666666667 0.01400925925925926
1 0.5 0.44964166666666666 1.0 0.8992833333333333
0 0.58678515625 0.43012361111111114 0.02461197916666667 0.038025
0 0.5868229166666666 0.4306203703703704 0.02364583333333333 0.03716666666666667
0 0.6751825520833333 0.38493796296296295 0.029531770833333335 0.05135740740740741
0 0.5867 0.34487361111111114 0.021316666666666664 0.04345092592592593
0 0.5606572916666667 0.424762037037037 0.01610625 0.019894444444444444
0 0.1265984375 0.7218375 0.009446875 0.041823148148148144
0 0.11775807291666666 0.7465921296296296 0.0084328125 0.022813888888888887
0 0.11257656249999999 0.7779194444444445 0.017861458333333333 0.04287592592592592
0 0.5891489583333333 0.7262106481481482 0.012672916666666667 0.03205092592592593
0 0.0362015625 0.15489537037037038 0.011986458333333333 0.020901851851851852
0 0.044746875 0.20981111111111111 0.01136875 0.025177777777777778
0 0.13051953125 0.3912513888888889 0.012080729166666667 0.032502777777777776
0 0.16115078124999999 0.576949537037037 0.008759895833333333 0.026121296296296295
0 0.39991171875000003 0.6980773148148148 0.0185734375 0.03133981481481481
0 0.7399875 0.17653425925925928 0.016433333333333335 0.040105555555555554
0 0.46508515624999996 0.05113935185185185 0.015586979166666666 0.01894537037037037
0 0.6241005208333333 0.44183564814814813 0.022159375 0.020708333333333332
0 0.6947169270833334 0.6781583333333334 0.013392187500000001 0.04890925925925926
0 0.6949518229166666 0.017862962962962966 0.007611979166666667 0.017207407407407407
0 0.38486744791666666 0.4292097222222222 0.0082765625 0.017678703703703703
0 0.11549921875 0.4222921296296296 0.0091234375 0.022362037037037038
0 0.42061692708333337 0.7124319444444445 0.02352552083333333 0.021160185185185188
0 0.4804861979166667 0.7998972222222223 0.010972395833333334 0.03127592592592592
0 0.6397614583333334 0.10184490740740741 0.007647916666666667 0.024060185185185184
0 0.45209401041666664 0.22619166666666668 0.01668802083333333 0.03942037037037037
0 0.09428932291666667 0.43552175925925923 0.014620312500000001 0.008080555555555556
0 0.24445338541666667 0.6747777777777778 0.0055734375 0.04955555555555556
0 0.25479843750000003 0.7316495370370371 0.017930208333333333 0.013299074074074074
0 0.6924721354166666 0.4923944444444444 0.009944270833333333 0.021825925925925926
0 0.15491901041666667 0.5069574074074075 0.008796354166666666 0.015766666666666665
0 0.6074294270833334 0.03946388888888889 0.006525520833333334 0.014112962962962964
1 0.49973958333333335 0.549074074074074 0.9994791666666667 0.9
0 0.4109375 0.5587962962962963 0.025 0.03611111111111111
0 0.4109375 0.5583333333333333 0.023958333333333335 0.03518518518518519
0 0.32083333333333336 0.5921296296296297 0.029166666666666667 0.05277777777777778
0 0.4075520833333333 0.6439814814814815 0.0203125 0.04537037037037037
0 0.43671875 0.5680555555555555 0.016145833333333335 0.019444444444444445
0 0.88125 0.324537037037037 0.010416666666666666 0.041666666666666664
0 0.8908854166666667 0.30092592592592593 0.008854166666666666 0.022222222222222223
0 0.8973958333333333 0.2712962962962963 0.016666666666666666 0.04259259259259259
0 0.4197916666666667 0.26296296296296295 0.013541666666666667 0.03148148148148148
0 0.94921875 0.9018518518518519 0.011979166666666667 0.020370370370370372
0 0.9424479166666667 0.8462962962962963 0.011979166666666667 0.024074074074074074
0 0.8643229166666667 0.6546296296296297 0.013020833333333334 0.03148148148148148
0 0.8408854166666667 0.46574074074074073 0.008854166666666666 0.025925925925925925
0 0.6072916666666667 0.3148148148148148 0.017708333333333333 0.03148148148148148
0 0.24765625 0.7930555555555555 0.016145833333333335 0.03981481481481482
0 0.5171875 0.9523148148148148 0.015625 0.019444444444444445
0 0.3736979166666667 0.5425925925925926 0.022395833333333334 0.020370370370370372
0 0.3125 0.29814814814814816 0.011458333333333333 0.05
0 0.28671875 0.9564814814814815 0.0078125 0.016666666666666666
0 0.6119791666666666 0.5847222222222223 0.008333333333333333 0.017592592592592594
0 0.88046875 0.625 0.008854166666666666 0.022222222222222223
0 0.5877604166666667 0.2972222222222222 0.0234375 0.020370370370370372
0 0.53125 0.20277777777777778 0.010416666666666666 0.03148148148148148
0 0.3455729166666667 0.8800925925925925 0.0078125 0.023148148148148147
0 0.5369791666666667 0.7791666666666667 0.016666666666666666 0.03796296296296296
0 0.9020833333333333 0.6143518518518518 0.014583333333333334 0.006481481481481481
0 0.76171875 0.3574074074074074 0.0046875 0.05
0 0.75390625 0.29953703703703705 0.018229166666666668 0.012037037037037037
0 0.30755208333333334 0.4837962962962963 0.009895833333333333 0.021296296296296296
0 0.84453125 0.5356481481481481 0.008854166666666666 0.01574074074074074
0 0.375 0.9458333333333333 0.00625 0.013888888888888888
1 0.5 0.5508912037037037 1.0 0.8980787037037037
0 0.41188984375 0.5639157407407407 0.024821354166666663 0.037090740740740744
0 0.4119083333333334 0.5634694444444445 0.023816666666666667 0.036198148148148146
0 0.32301692708333335 0.6038273148148149 0.0293671875 0.052099074074074075
0 0.41041354166666666 0.6499967592592593 0.020827083333333333 0.044437962962962964
0 0.43775546875 0.571737037037037 0.0161359375 0.0194
0 0.8773645833333333 0.30144074074074073 0.009937499999999998 0.041770370370370374
0 0.8866161458333334 0.27700648148148144 0.008648958333333335 0.022531481481481482
0 0.89249140625 0.2463800925925926 0.01727447916666667 0.042760185185185186
0 0.41541171875 0.26774444444444445 0.013115104166666667 0.03178518518518519
0 0.9570367187500001 0.8732875 0.011990104166666666 0.020649074074074073
0 0.9490697916666666 0.8188018518518518 0.01168125 0.02464074074074074
0 0.8672166666666666 0.6317467592592593 0.012558333333333333 0.03201203703703704
0 0.8398229166666666 0.4445013888888889 0.008812500000000001 0.026039814814814814
0 0.6038677083333333 0.30830740740740736 0.018152083333333333 0.031429629629629634
0 0.25398307291666666 0.8088810185185186 0.01629947916666667 0.03998425925925926
0 0.5260369791666667 0.9512699074074074 0.015615625 0.01920648148148148
0 0.37468723958333333 0.5500907407407407 0.022291145833333335 0.020551851851851852
0 0.3088205729166667 0.30992777777777775 0.0124328125 0.04948518518518519
0 0.295525 0.9695847222222221 0.007716666666666667 0.016947222222222225
0 0.6135299479166666 0.5773416666666666 0.008309895833333334 0.017646296296296295
0 0.8826221354166666 0.6009675925925926 0.008994270833333333 0.022305555555555554
0 0.5836229166666667 0.2918703703703704 0.023495833333333334 0.02077777777777778
0 0.5251421875 0.2008837962962963 0.010701041666666666 0.03139722222222222
0 0.35282578125 0.889587037037037 0.007734895833333334 0.023618518518518518
0 0.5425885416666667 0.7767652777777778 0.01642708333333333 0.038715740740740745
0 0.90418046875 0.5897537037037037 0.0146109375 0.007285185185185185
0 0.7587104166666666 0.3415708333333333 0.0049208333333333335 0.04980833333333333
0 0.7496703124999999 0.28411574074074075 0.018090625000000003 0.012675925925925926
0 0.3075671875 0.4959722222222222 0.009926041666666666 0.021574074074074075
0 0.8450403645833333 0.514363425925926 0.008830729166666666 0.015763888888888886
0 0.38392499999999996 0.953300925925926 0.006391666666666667 0.01400925925925926
1 0.5 0.44964166666666666 1.0 0.8992833333333333
0 0.58678515625 0.43012361111111114 0.02461197916666667 0.038025
0 0.5868229166666666 0.4306203703703704 0.02364583333333333 0.03716666666666667
0 0.6751825520833333 0.38493796296296295 0.029531770833333335 0.05135740740740741
0 0.5867 0.34487361111111114 0.021316666666666664 0.04345092592592593
0 0.5606572916666667 0.424762037037037 0.01610625 0.019894444444444444
0 0.1265984375 0.7218375 0.009446875 0.041823148148148144
0 0.11775807291666666 0.7465921296296296 0.0084328125 0.022813888888888887
0 0.11257656249999999 0.7779194444444445 0.017861458333333333 0.04287592592592592
0 0.5891489583333333 0.7262106481481482 0.012672916666666667 0.03205092592592593
0 0.0362015625 0.15489537037037038 0.011986458333333333 0.020901851851851852
0 0.044746875 0.20981111111111111 0.01136875 0.025177777777777778
0 0.13051953125 0.3912513888888889 0.012080729166666667 0.032502777777777776
0 0.16115078124999999 0.576949537037037 0.008759895833333333 0.026121296296296295
0 0.39991171875000003 0.6980773148148148 0.0185734375 0.03133981481481481
0 0.7399875 0.17653425925925928 0.016433333333333335 0.040105555555555554
0 0.46508515624999996 0.05113935185185185 0.015586979166666666 0.01894537037037037
0 0.6241005208333333 0.44183564814814813 0.022159375 0.020708333333333332
0 0.6947169270833334 0.6781583333333334 0.013392187500000001 0.04890925925925926
0 0.6949518229166666 0.017862962962962966 0.007611979166666667 0.017207407407407407
0 0.38486744791666666 0.4292097222222222 0.0082765625 0.017678703703703703
0 0.11549921875 0.4222921296296296 0.0091234375 0.022362037037037038
0 0.42061692708333337 0.7124319444444445 0.02352552083333333 0.021160185185185188
0 0.4804861979166667 0.7998972222222223 0.010972395833333334 0.03127592592592592
0 0.6397614583333334 0.10184490740740741 0.007647916666666667 0.024060185185185184
0 0.45209401041666664 0.22619166666666668 0.01668802083333333 0.03942037037037037
0 0.09428932291666667 0.43552175925925923 0.014620312500000001 0.008080555555555556
0 0.24445338541666667 0.6747777777777778 0.0055734375 0.04955555555555556
0 0.25479843750000003 0.7316495370370371 0.017930208333333333 0.013299074074074074
0 0.6924721354166666 0.4923944444444444 0.009944270833333333 0.021825925925925926
0 0.15491901041666667 0.5069574074074075 0.008796354166666666 0.015766666666666665
0 0.6074294270833334 0.03946388888888889 0.006525520833333334 0.014112962962962964
1 0.49973958333333335 0.549074074074074 0.9994791666666667 0.9
0 0.4109375 0.5587962962962963 0.025 0.03611111111111111
0 0.4109375 0.5583333333333333 0.023958333333333335 0.03518518518518519
0 0.32083333333333336 0.5921296296296297 0.029166666666666667 0.05277777777777778
0 0.4075520833333333 0.6439814814814815 0.0203125 0.04537037037037037
0 0.43671875 0.5680555555555555 0.016145833333333335 0.019444444444444445
0 0.88125 0.324537037037037 0.010416666666666666 0.041666666666666664
0 0.8908854166666667 0.30092592592592593 0.008854166666666666 0.022222222222222223
0 0.8973958333333333 0.2712962962962963 0.016666666666666666 0.04259259259259259
0 0.4197916666666667 0.26296296296296295 0.013541666666666667 0.03148148148148148
0 0.94921875 0.9018518518518519 0.011979166666666667 0.020370370370370372
0 0.9424479166666667 0.8462962962962963 0.011979166666666667 0.024074074074074074
0 0.8643229166666667 0.6546296296296297 0.013020833333333334 0.03148148148148148
0 0.8408854166666667 0.46574074074074073 0.008854166666666666 0.025925925925925925
0 0.6072916666666667 0.3148148148148148 0.017708333333333333 0.03148148148148148
0 0.24765625 0.7930555555555555 0.016145833333333335 0.03981481481481482
0 0.5171875 0.9523148148148148 0.015625 0.019444444444444445
0 0.3736979166666667 0.5425925925925926 0.022395833333333334 0.020370370370370372
0 0.3125 0.29814814814814816 0.011458333333333333 0.05
0 0.28671875 0.9564814814814815 0.0078125 0.016666666666666666
0 0.6119791666666666 0.5847222222222223 0.008333333333333333 0.017592592592592594
0 0.88046875 0.625 0.008854166666666666 0.022222222222222223
0 0.5877604166666667 0.2972222222222222 0.0234375 0.020370370370370372
0 0.53125 0.20277777777777778 0.010416666666666666 0.03148148148148148
0 0.3455729166666667 0.8800925925925925 0.0078125 0.023148148148148147
0 0.5369791666666667 0.7791666666666667 0.016666666666666666 0.03796296296296296
0 0.9020833333333333 0.6143518518518518 0.014583333333333334 0.006481481481481481
0 0.76171875 0.3574074074074074 0.0046875 0.05
0 0.75390625 0.29953703703703705 0.018229166666666668 0.012037037037037037
0 0.30755208333333334 0.4837962962962963 0.009895833333333333 0.021296296296296296
0 0.84453125 0.5356481481481481 0.008854166666666666 0.01574074074074074
0 0.375 0.9458333333333333 0.00625 0.013888888888888888
1 0.5 0.5508912037037037 1.0 0.8980787037037037
0 0.41188984375 0.5639157407407407 0.024821354166666663 0.037090740740740744
0 0.4119083333333334 0.5634694444444445 0.023816666666666667 0.036198148148148146
0 0.32301692708333335 0.6038273148148149 0.0293671875 0.052099074074074075
0 0.41041354166666666 0.6499967592592593 0.020827083333333333 0.044437962962962964
0 0.43775546875 0.571737037037037 0.0161359375 0.0194
0 0.8773645833333333 0.30144074074074073 0.009937499999999998 0.041770370370370374
0 0.8866161458333334 0.27700648148148144 0.008648958333333335 0.022531481481481482
0 0.89249140625 0.2463800925925926 0.01727447916666667 0.042760185185185186
0 0.41541171875 0.26774444444444445 0.013115104166666667 0.03178518518518519
0 0.9570367187500001 0.8732875 0.011990104166666666 0.020649074074074073
0 0.9490697916666666 0.8188018518518518 0.01168125 0.02464074074074074
0 0.8672166666666666 0.6317467592592593 0.012558333333333333 0.03201203703703704
0 0.8398229166666666 0.4445013888888889 0.008812500000000001 0.026039814814814814
0 0.6038677083333333 0.30830740740740736 0.018152083333333333 0.031429629629629634
0 0.25398307291666666 0.8088810185185186 0.01629947916666667 0.03998425925925926
0 0.5260369791666667 0.9512699074074074 0.015615625 0.01920648148148148
0 0.37468723958333333 0.5500907407407407 0.022291145833333335 0.020551851851851852
0 0.3088205729166667 0.30992777777777775 0.0124328125 0.04948518518518519
0 0.295525 0.9695847222222221 0.007716666666666667 0.016947222222222225
0 0.6135299479166666 0.5773416666666666 0.008309895833333334 0.017646296296296295
0 0.8826221354166666 0.6009675925925926 0.008994270833333333 0.022305555555555554
0 0.5836229166666667 0.2918703703703704 0.023495833333333334 0.02077777777777778
0 0.5251421875 0.2008837962962963 0.010701041666666666 0.03139722222222222
0 0.35282578125 0.889587037037037 0.007734895833333334 0.023618518518518518
0 0.5425885416666667 0.7767652777777778 0.01642708333333333 0.038715740740740745
0 0.90418046875 0.5897537037037037 0.0146109375 0.007285185185185185
0 0.7587104166666666 0.3415708333333333 0.0049208333333333335 0.04980833333333333
0 0.7496703124999999 0.28411574074074075 0.018090625000000003 0.012675925925925926
0 0.3075671875 0.4959722222222222 0.009926041666666666 0.021574074074074075
0 0.8450403645833333 0.514363425925926 0.008830729166666666 0.015763888888888886
0 0.38392499999999996 0.953300925925926 0.006391666666666667 0.01400925925925926
1 0.5 0.44964166666666666 1.0 0.8992833333333333
0 0.58678515625 0.43012361111111114 0.02461197916666667 0.038025
0 0.5868229166666666 0.4306203703703704 0.02364583333333333 0.03716666666666667
0 0.6751825520833333 0.38493796296296295 0.029531770833333335 0.05135740740740741
0 0.5867 0.34487361111111114 0.021316666666666664 0.04345092592592593
0 0.5606572916666667 0.424762037037037 0.01610625 0.019894444444444444
0 0.1265984375 0.7218375 0.009446875 0.041823148148148144
0 0.11775807291666666 0.7465921296296296 0.0084328125 0.022813888888888887
0 0.11257656249999999 0.7779194444444445 0.017861458333333333 0.04287592592592592
0 0.5891489583333333 0.7262106481481482 0.012672916666666667 0.03205092592592593
0 0.0362015625 0.15489537037037038 0.011986458333333333 0.020901851851851852
0 0.044746875 0.20981111111111111 0.01136875 0.025177777777777778
0 0.13051953125 0.3912513888888889 0.012080729166666667 0.032502777777777776
0 0.16115078124999999 0.576949537037037 0.008759895833333333 0.026121296296296295
0 0.39991171875000003 0.6980773148148148 0.0185734375 0.03133981481481481
0 0.7399875 0.17653425925925928 0.016433333333333335 0.040105555555555554
0 0.46508515624999996 0.05113935185185185 0.015586979166666666 0.01894537037037037
0 0.6241005208333333 0.44183564814814813 0.022159375 0.020708333333333332
0 0.6947169270833334 0.6781583333333334 0.013392187500000001 0.04890925925925926
0 0.6949518229166666 0.017862962962962966 0.007611979166666667 0.017207407407407407
0 0.38486744791666666 0.4292097222222222 0.0082765625 0.017678703703703703
0 0.11549921875 0.4222921296296296 0.0091234375 0.022362037037037038
0 0.42061692708333337 0.7124319444444445 0.02352552083333333 0.021160185185185188
0 0.4804861979166667 0.7998972222222223 0.010972395833333334 0.03127592592592592
0 0.6397614583333334 0.10184490740740741 0.007647916666666667 0.024060185185185184
0 0.45209401041666664 0.22619166666666668 0.01668802083333333 0.03942037037037037
0 0.09428932291666667 0.43552175925925923 0.014620312500000001 0.008080555555555556
0 0.24445338541666667 0.6747777777777778 0.0055734375 0.04955555555555556
0 0.25479843750000003 0.7316495370370371 0.017930208333333333 0.013299074074074074
0 0.6924721354166666 0.4923944444444444 0.009944270833333333 0.021825925925925926
0 0.15491901041666667 0.5069574074074075 0.008796354166666666 0.015766666666666665
0 0.6074294270833334 0.03946388888888889 0.006525520833333334 0.014112962962962964
