1 0.50995859375 0.5191828703703704 0.9803338541666666 0.9624398148148148
0 0.17656901041666667 0.9490685185185185 0.008346354166666665 0.018507407407407406
0 0.29569531250000003 0.8646472222222222 0.016390625 0.020035185185185187
0 0.35058984375 0.9489402777777777 0.012638020833333334 0.014547222222222222
0 0.420371875 0.9143125 0.013660416666666668 0.023069444444444445
0 0.35042604166666663 0.8060439814814815 0.012310416666666666 0.023199074074074073
0 0.3414752604166667 0.823175 0.0121171875 0.018572222222222223
0 0.4051596354166667 0.8624615740740741 0.010319270833333333 0.019367592592592592
0 0.30159661458333337 0.5356449074074073 0.007359895833333334 0.010178703703703704
0 0.2547265625 0.2214634259259259 0.010494791666666666 0.035519444444444444
0 0.3762994791666667 0.2894277777777778 0.008848958333333332 0.015892592592592594
0 0.27557942708333333 0.0995125 0.016783854166666667 0.026802777777777776
0 0.5849286458333334 0.20326527777777778 0.011523958333333334 0.025049074074074074
0 0.6341398437500001 0.43660370370370366 0.04432135416666667 0.0806148148148148
0 0.7676609375000001 0.17755324074074075 0.02490520833333333 0.03288425925925926
0 0.7886078125 0.17953703703703705 0.022007291666666665 0.031296296296296294
0 0.8931708333333332 0.34723009259259263 0.012383333333333333 0.02779351851851852
0 0.89893984375 0.4878356481481481 0.011421354166666666 0.04604166666666667
0 0.9639169270833333 0.519275 0.0111671875 0.025587037037037037
0 0.73840234375 0.8943550925925926 0.020554687500000002 0.027599074074074074
0 0.6650518229166666 0.9162541666666666 0.022811979166666666 0.012137962962962963
0 0.8321643229166666 0.26507870370370373 0.011203645833333333 0.017194444444444446
0 0.38012734375 0.32406805555555557 0.008171354166666667 0.020358333333333332
0 0.5552065104166667 0.8397953703703704 0.0062463541666666665 0.011072222222222223
0 0.7456947916666666 0.9794773148148147 0.017431250000000002 0.021917592592592593
1 0.5096354166666667 0.5203703703703704 0.9796875 0.9574074074074074
0 0.18541666666666667 0.9685185185185186 0.008333333333333333 0.018518518518518517
0 0.3028645833333333 0.8768518518518519 0.016145833333333335 0.020370370370370372
0 0.359375 0.9583333333333334 0.0125 0.014814814814814815
0 0.42864583333333334 0.9189814814814815 0.013541666666666667 0.023148148148148147
0 0.3567708333333333 0.8152777777777778 0.0125 0.023148148148148147
0 0.34765625 0.8333333333333334 0.011979166666666667 0.018518518518518517
0 0.4125 0.8680555555555556 0.010416666666666666 0.019444444444444445
0 0.3026041666666667 0.5476851851851852 0.007291666666666667 0.010185185185185186
0 0.24973958333333332 0.23703703703703705 0.0109375 0.03518518518518519
0 0.37213541666666666 0.29768518518518516 0.008854166666666666 0.01574074074074074
0 0.2677083333333333 0.11342592592592593 0.016666666666666666 0.026851851851851852
0 0.5791666666666667 0.19768518518518519 0.011458333333333333 0.025
0 0.6325520833333333 0.42777777777777776 0.0453125 0.07962962962962963
0 0.7611979166666667 0.16111111111111112 0.025520833333333333 0.03148148148148148
0 0.7817708333333333 0.16157407407407406 0.021875 0.030555555555555555
0 0.8901041666666667 0.32314814814814813 0.0125 0.027777777777777776
0 0.8981770833333333 0.46296296296296297 0.0109375 0.046296296296296294
0 0.9643229166666667 0.49074074074074076 0.0109375 0.025925925925925925
0 0.74609375 0.8796296296296297 0.0203125 0.027777777777777776
0 0.6729166666666667 0.9055555555555556 0.022916666666666665 0.011111111111111112
0 0.82734375 0.2449074074074074 0.0109375 0.017592592592592594
0 0.3768229166666667 0.3314814814814815 0.0078125 0.020370370370370372
0 0.5619791666666667 0.8361111111111111 0.00625 0.011111111111111112
0 0.7549479166666667 0.9638888888888889 0.0171875 0.022222222222222223
1 0.5098802083333334 0.5177893518518518 0.9801770833333333 0.9652083333333333
0 0.1724036458333333 0.9388763888888889 0.008348958333333333 0.018493518518518517
0 0.29210677083333336 0.8580768518518518 0.016505208333333334 0.01985740740740741
0 0.34593385416666667 0.9442402777777777 0.012701041666666666 0.01440648148148148
0 0.41623203124999997 0.9115097222222223 0.0137140625 0.023019444444444447
0 0.347771875 0.8014212962962962 0.012210416666666666 0.023212962962962963
0 0.33786119791666663 0.8185541666666667 0.012180729166666666 0.018589814814814816
0 0.4014872395833333 0.8596606481481481 0.010266145833333332 0.019321296296296298
0 0.30161197916666665 0.5291597222222222 0.007390625 0.010171296296296296
0 0.25773828125000003 0.21413148148148148 0.010268229166666667 0.03567037037037037
0 0.37837942708333333 0.28575833333333334 0.0088421875 0.01596111111111111
0 0.27925052083333335 0.09208703703703705 0.016834375000000002 0.026766666666666668
0 0.5880674479166667 0.20512407407407407 0.0115515625 0.025062962962962964
0 0.6344028645833333 0.4414615740740741 0.04380572916666667 0.0810712962962963
0 0.7706265625000001 0.1853037037037037 0.024586458333333335 0.03357037037037037
0 0.7917606770833333 0.18804861111111112 0.022063020833333332 0.03165277777777778
0 0.8947013020833333 0.35926435185185185 0.012319270833333333 0.027787962962962962
0 0.8990583333333333 0.4997986111111111 0.011658333333333333 0.045893518518518514
0 0.963971875 0.5339990740740741 0.011277083333333333 0.025405555555555553
0 0.7348122395833333 0.901711574074074 0.020666145833333333 0.02749722222222222
0 0.6608536458333333 0.9211379629629629 0.022748958333333333 0.012646296296296296
0 0.8343114583333333 0.2751601851851852 0.01133125 0.016987037037037037
0 0.3817776041666667 0.3203564814814815 0.008346875 0.020342592592592593
0 0.5520791666666667 0.8416347222222222 0.006241666666666667 0.011047222222222222
0 0.7410643229166667 0.9868037037037037 0.0175453125 0.021755555555555556
1 0.50995859375 0.5191828703703704 0.9803338541666666 0.9624398148148148
0 0.17656901041666667 0.9490685185185185 0.008346354166666665 0.018507407407407406
0 0.29569531250000003 0.8646472222222222 0.016390625 0.020035185185185187
0 0.35058984375 0.9489402777777777 0.012638020833333334 0.014547222222222222
0 0.420371875 0.9143125 0.013660416666666668 0.023069444444444445
0 0.35042604166666663 0.8060439814814815 0.012310416666666666 0.023199074074074073
0 0.3414752604166667 0.823175 0.0121171875 0.018572222222222223
0 0.4051596354166667 0.8624615740740741 0.010319270833333333 0.019367592592592592
0 0.30159661458333337 0.5356449074074073 0.007359895833333334 0.010178703703703704
0 0.2547265625 0.2214634259259259 0.010494791666666666 0.035519444444444444
0 0.3762994791666667 0.2894277777777778 0.008848958333333332 0.015892592592592594
0 0.27557942708333333 0.0995125 0.016783854166666667 0.026802777777777776
0 0.5849286458333334 0.20326527777777778 0.011523958333333334 0.025049074074074074
0 0.6341398437500001 0.43660370370370366 0.04432135416666667 0.0806148148148148
0 0.7676609375000001 0.17755324074074075 0.02490520833333333 0.03288425925925926
0 0.7886078125 0.17953703703703705 0.022007291666666665 0.031296296296296294
0 0.8931708333333332 0.34723009259259263 0.012383333333333333 0.02779351851851852
0 0.89893984375 0.4878356481481481 0.011421354166666666 0.04604166666666667
0 0.9639169270833333 0.519275 0.0111671875 0.025587037037037037
0 0.73840234375 0.8943550925925926 0.020554687500000002 0.027599074074074074
0 0.6650518229166666 0.9162541666666666 0.022811979166666666 0.012137962962962963
0 0.8321643229166666 0.26507870370370373 0.011203645833333333 0.017194444444444446
0 0.38012734375 0.32406805555555557 0.008171354166666667 0.020358333333333332
0 0.5552065104166667 0.8397953703703704 0.0062463541666666665 0.011072222222222223
0 0.7456947916666666 0.9794773148148147 0.017431250000000002 0.021917592592592593
1 0.5096354166666667 0.5203703703703704 0.9796875 0.9574074074074074
0 0.18541666666666667 0.9685185185185186 0.008333333333333333 0.018518518518518517
0 0.3028645833333333 0.8768518518518519 0.016145833333333335 0.020370370370370372
0 0.359375 0.9583333333333334 0.0125 0.014814814814814815
0 0.42864583333333334 0.9189814814814815 0.013541666666666667 0.023148148148148147
0 0.3567708333333333 0.8152777777777778 0.0125 0.023148148148148147
0 0.34765625 0.8333333333333334 0.011979166666666667 0.018518518518518517
0 0.4125 0.8680555555555556 0.010416666666666666 0.019444444444444445
0 0.3026041666666667 0.5476851851851852 0.007291666666666667 0.010185185185185186
0 0.24973958333333332 0.23703703703703705 0.0109375 0.03518518518518519
0 0.37213541666666666 0.29768518518518516 0.008854166666666666 0.01574074074074074
0 0.2677083333333333 0.11342592592592593 0.016666666666666666 0.026851851851851852
0 0.5791666666666667 0.19768518518518519 0.011458333333333333 0.025
0 0.6325520833333333 0.42777777777777776 0.0453125 0.07962962962962963
0 0.7611979166666667 0.16111111111111112 0.025520833333333333 0.03148148148148148
0 0.7817708333333333 0.16157407407407406 0.021875 0.030555555555555555
0 0.8901041666666667 0.32314814814814813 0.0125 0.027777777777777776
0 0.8981770833333333 0.46296296296296297 0.0109375 0.046296296296296294
0 0.9643229166666667 0.49074074074074076 0.0109375 0.025925925925925925
0 0.74609375 0.8796296296296297 0.0203125 0.027777777777777776
0 0.6729166666666667 0.9055555555555556 0.022916666666666665 0.011111111111111112
0 0.82734375 0.2449074074074074 0.0109375 0.017592592592592594
0 0.3768229166666667 0.3314814814814815 0.0078125 0.020370370370370372
0 0.5619791666666667 0.8361111111111111 0.00625 0.011111111111111112
0 0.7549479166666667 0.9638888888888889 0.0171875 0.022222222222222223
1 0.5098802083333334 0.5177893518518518 0.9801770833333333 0.9652083333333333
0 0.1724036458333333 0.9388763888888889 0.008348958333333333 0.018493518518518517
0 0.29210677083333336 0.8580768518518518 0.016505208333333334 0.01985740740740741
0 0.34593385416666667 0.9442402777777777 0.012701041666666666 0.01440648148148148
0 0.41623203124999997 0.9115097222222223 0.0137140625 0.023019444444444447
0 0.347771875 0.8014212962962962 0.012210416666666666 0.023212962962962963
0 0.33786119791666663 0.8185541666666667 0.012180729166666666 0.018589814814814816
0 0.4014872395833333 0.8596606481481481 0.010266145833333332 0.019321296296296298
0 0.30161197916666665 0.5291597222222222 0.007390625 0.010171296296296296
0 0.25773828125000003 0.21413148148148148 0.010268229166666667 0.03567037037037037
0 0.37837942708333333 0.28575833333333334 0.0088421875 0.01596111111111111
0 0.27925052083333335 0.09208703703703705 0.016834375000000002 0.026766666666666668
0 0.5880674479166667 0.20512407407407407 0.0115515625 0.025062962962962964
0 0.6344028645833333 0.4414615740740741 0.04380572916666667 0.0810712962962963
0 0.7706265625000001 0.1853037037037037 0.024586458333333335 0.03357037037037037
0 0.7917606770833333 0.18804861111111112 0.022063020833333332 0.03165277777777778
0 0.8947013020833333 0.35926435185185185 0.012319270833333333 0.027787962962962962
0 0.8990583333333333 0.4997986111111111 0.011658333333333333 0.045893518518518514
0 0.963971875 0.5339990740740741 0.011277083333333333 0.025405555555555553
0 0.7348122395833333 0.901711574074074 0.020666145833333333 0.02749722222222222
0 0.6608536458333333 0.9211379629629629 0.022748958333333333 0.012646296296296296
0 0.8343114583333333 0.2751601851851852 0.01133125 0.016987037037037037
0 0.3817776041666667 0.3203564814814815 0.008346875 0.020342592592592593
0 0.5520791666666667 0.8416347222222222 0.006241666666666667 0.011047222222222222
0 0.7410643229166667 0.9868037037037037 0.0175453125 0.021755555555555556
