1 0.51953125 0.5810185185185185 0.9609375 0.8379629629629629
0 0.3924479166666667 0.36527777777777776 0.04635416666666667 0.03981481481481482
0 0.66484375 0.9800925925925926 0.013020833333333334 0.023148148148148147
0 0.5184895833333333 0.9671296296296297 0.0203125 0.028703703703703703
0 0.60234375 0.9328703703703703 0.018229166666666668 0.04351851851851852
0 0.7651041666666667 0.7157407407407408 0.01875 0.05555555555555555
0 0.9046875 0.9004629629629629 0.008333333333333333 0.05462962962962963
0 0.9221354166666667 0.8435185185185186 0.016145833333333335 0.03518518518518519
0 0.91484375 0.6203703703703703 0.0078125 0.020370370370370372
0 0.7546875 0.5777777777777777 0.005208333333333333 0.053703703703703705
0 0.48776041666666664 0.4027777777777778 0.0046875 0.05185185185185185
0 0.7205729166666667 0.23472222222222222 0.008854166666666666 0.025
0 0.46848958333333335 0.36203703703703705 0.011979166666666667 0.027777777777777776
0 0.5947916666666667 0.5592592592592592 0.00625 0.016666666666666666
1 0.52034453125 0.5838402777777778 0.9594390625 0.8324953703703704
0 0.38980234374999995 0.3716398148148148 0.04627135416666666 0.039575925925925924
0 0.6741330729166666 0.9699810185185186 0.012849479166666667 0.02329537037037037
0 0.5273283854166667 0.9655921296296297 0.020281770833333334 0.029332407407407408
0 0.610846875 0.925999074074074 0.017527083333333335 0.04459074074074074
0 0.76912890625 0.6995416666666666 0.018466145833333333 0.05649074074074074
0 0.9124911458333334 0.8746657407407408 0.007273958333333333 0.05488703703703703
0 0.9282533854166667 0.8170435185185185 0.015881770833333333 0.03593888888888889
0 0.9167703125000001 0.5943736111111111 0.007498958333333333 0.020228703703703704
0 0.7565966145833334 0.5620851851851852 0.004859895833333333 0.0538
0 0.4853127604166667 0.40363935185185185 0.005000520833333333 0.05172314814814814
0 0.7153072916666667 0.22163842592592592 0.008739583333333334 0.024758333333333334
0 0.46576354166666667 0.363912962962963 0.011735416666666667 0.027825925925925924
0 0.5957223958333333 0.5538439814814815 0.006028125 0.016947222222222225
1 0.5205763020833333 0.5802731481481481 0.9588609375 0.8401759259259259
0 0.38332578125 0.38720740740740744 0.04581822916666667 0.04108148148148148
0 0.69628046875 0.941399537037037 0.012352604166666666 0.023539814814814812
0 0.54963203125 0.9598175925925927 0.020097395833333333 0.0307462962962963
0 0.6307572916666667 0.907774537037037 0.01568125 0.047030555555555555
0 0.7775791666666667 0.6570412037037038 0.017658333333333335 0.05852685185185186
0 0.9293020833333333 0.8091004629629629 0.006520833333333333 0.05523796296296296
0 0.94225625 0.7493712962962963 0.0157625 0.03763148148148148
0 0.92005859375 0.5296018518518518 0.006783854166666667 0.020314814814814817
0 0.7587708333333333 0.5222476851851852 0.0050416666666666665 0.05375462962962963
0 0.4806109375 0.40611898148148146 0.007055208333333333 0.051126851851851854
0 0.7005401041666667 0.18978981481481483 0.009413541666666667 0.024024074074074076
0 0.45926875 0.3694537037037037 0.011245833333333333 0.027796296296296295
0 0.5982192708333333 0.5384087962962962 0.005813541666666667 0.017558333333333336
1 0.51953125 0.5810185185185185 0.9609375 0.8379629629629629
0 0.3924479166666667 0.36527777777777776 0.04635416666666667 0.03981481481481482
0 0.66484375 0.9800925925925926 0.013020833333333334 0.023148148148148147
0 0.5184895833333333 0.9671296296296297 0.0203125 0.028703703703703703
0 0.60234375 0.9328703703703703 0.018229166666666668 0.04351851851851852
0 0.7651041666666667 0.7157407407407408 0.01875 0.05555555555555555
0 0.9046875 0.9004629629629629 0.008333333333333333 0.05462962962962963
0 0.9221354166666667 0.8435185185185186 0.016145833333333335 0.03518518518518519
0 0.91484375 0.6203703703703703 0.0078125 0.020370370370370372
0 0.7546875 0.5777777777777777 0.005208333333333333 0.053703703703703705
0 0.48776041666666664 0.4027777777777778 0.0046875 0.05185185185185185
0 0.7205729166666667 0.23472222222222222 0.008854166666666666 0.025
0 0.46848958333333335 0.36203703703703705 0.011979166666666667 0.027777777777777776
0 0.5947916666666667 0.5592592592592592 0.00625 0.016666666666666666
1 0.52034453125 0.5838402777777778 0.9594390625 0.8324953703703704
0 0.38980234374999995 0.3716398148148148 0.04627135416666666 0.039575925925925924
0 0.6741330729166666 0.9699810185185186 0.012849479166666667 0.02329537037037037
0 0.5273283854166667 0.9655921296296297 0.020281770833333334 0.029332407407407408
0 0.610846875 0.925999074074074 0.017527083333333335 0.04459074074074074
0 0.76912890625 0.6995416666666666 0.018466145833333333 0.05649074074074074
0 0.9124911458333334 0.8746657407407408 0.007273958333333333 0.05488703703703703
0 0.9282533854166667 0.8170435185185185 0.015881770833333333 0.03593888888888889
0 0.9167703125000001 0.5943736111111111 0.007498958333333333 0.020228703703703704
0 0.7565966145833334 0.5620851851851852 0.004859895833333333 0.0538
0 0.4853127604166667 0.40363935185185185 0.005000520833333333 0.05172314814814814
0 0.7153072916666667 0.22163842592592592 0.008739583333333334 0.024758333333333334
0 0.46576354166666667 0.363912962962963 0.011735416666666667 0.027825925925925924
0 0.5957223958333333 0.5538439814814815 0.006028125 0.016947222222222225
1 0.5205763020833333 0.5802731481481481 0.9588609375 0.8401759259259259
0 0.38332578125 0.38720740740740744 0.04581822916666667 0.04108148148148148
0 0.69628046875 0.941399537037037 0.012352604166666666 0.023539814814814812
0 0.54963203125 0.9598175925925927 0.020097395833333333 0.0307462962962963
0 0.6307572916666667 0.907774537037037 0.01568125 0.047030555555555555
0 0.7775791666666667 0.6570412037037038 0.017658333333333335 0.05852685185185186
0 0.9293020833333333 0.8091004629629629 0.006520833333333333 0.05523796296296296
0 0.94225625 0.7493712962962963 0.0157625 0.03763148148148148
0 0.92005859375 0.5296018518518518 0.006783854166666667 0.020314814814814817
0 0.7587708333333333 0.5222476851851852 0.0050416666666666665 0.05375462962962963
0 0.4806109375 0.40611898148148146 0.007055208333333333 0.051126851851851854
0 0.7005401041666667 0.18978981481481483 0.009413541666666667 0.024024074074074076
0 0.45926875 0.3694537037037037 0.011245833333333333 0.027796296296296295
0 0.5982192708333333 0.5384087962962962 0.005813541666666667 0.017558333333333336
