1 0.5 0.5 1.0 1.0
0 0.39309401041666664 0.8406912037037038 0.012229687500000001 0.02212314814814815
0 0.5592635416666667 0.5372162037037037 0.022693750000000002 0.04665462962962963
0 0.9007002604166666 0.8358648148148149 0.0066088541666666665 0.034692592592592594
0 0.9897296875 0.40084259259259264 0.015917708333333332 0.049833333333333334
0 0.5224802083333333 0.3653324074074074 0.0053770833333333335 0.008442592592592594
1 0.49973958333333335 0.49953703703703706 0.9994791666666667 0.9990740740740741
0 0.3796875 0.8263888888888888 0.011458333333333333 0.023148148148148147
0 0.5578125 0.5449074074074074 0.021875 0.04722222222222222
0 0.8864583333333333 0.8847222222222222 0.007291666666666667 0.03425925925925926
0 0.9924479166666667 0.4615740740740741 0.0140625 0.05092592592592592
0 0.5276041666666667 0.36898148148148147 0.005208333333333333 0.008333333333333333
1 0.5 0.5 1.0 1.0
0 0.35534296875 0.7941027777777777 0.0106859375 0.025242592592592594
0 0.5537111979166667 0.559275462962963 0.019922395833333332 0.04818055555555555
0 0.8526143229166667 0.9766972222222223 0.009395312500000001 0.033024074074074074
0 0.9920895833333333 0.5840402777777778 0.013345833333333333 0.05326574074074074
0 0.5375109375 0.3767347222222222 0.005230208333333333 0.009025
1 0.5 0.5 1.0 1.0
0 0.39309401041666664 0.8406912037037038 0.012229687500000001 0.02212314814814815
0 0.5592635416666667 0.5372162037037037 0.022693750000000002 0.04665462962962963
0 0.9007002604166666 0.8358648148148149 0.0066088541666666665 0.034692592592592594
0 0.9897296875 0.40084259259259264 0.015917708333333332 0.049833333333333334
0 0.5224802083333333 0.3653324074074074 0.0053770833333333335 0.008442592592592594
1 0.49973958333333335 0.49953703703703706 0.9994791666666667 0.9990740740740741
0 0.3796875 0.8263888888888888 0.011458333333333333 0.023148148148148147
0 0.5578125 0.5449074074074074 0.021875 0.04722222222222222
0 0.8864583333333333 0.8847222222222222 0.007291666666666667 0.03425925925925926
0 0.9924479166666667 0.4615740740740741 0.0140625 0.05092592592592592
0 0.5276041666666667 0.36898148148148147 0.005208333333333333 0.008333333333333333
1 0.5 0.5 1.0 1.0
0 0.35534296875 0.7941027777777777 0.0106859375 0.025242592592592594
0 0.5537111979166667 0.559275462962963 0.019922395833333332 0.04818055555555555
0 0.8526143229166667 0.9766972222222223 0.009395312500000001 0.033024074074074074
0 0.9920895833333333 0.5840402777777778 0.013345833333333333 0.05326574074074074
0 0.5375109375 0.3767347222222222 0.005230208333333333 0.009025
1 0.5 0.5 1.0 1.0
0 0.39309401041666664 0.8406912037037038 0.012229687500000001 0.02212314814814815
0 0.5592635416666667 0.5372162037037037 0.022693750000000002 0.04665462962962963
0 0.9007002604166666 0.8358648148148149 0.0066088541666666665 0.034692592592592594
0 0.9897296875 0.40084259259259264 0.015917708333333332 0.049833333333333334
0 0.5224802083333333 0.3653324074074074 0.0053770833333333335 0.008442592592592594
1 0.49973958333333335 0.49953703703703706 0.9994791666666667 0.9990740740740741
0 0.3796875 0.8263888888888888 0.011458333333333333 0.023148148148148147
0 0.5578125 0.5449074074074074 0.021875 0.04722222222222222
0 0.8864583333333333 0.8847222222222222 0.007291666666666667 0.03425925925925926
0 0.9924479166666667 0.4615740740740741 0.0140625 0.05092592592592592
0 0.5276041666666667 0.36898148148148147 0.005208333333333333 0.008333333333333333
1 0.5 0.5 1.0 1.0
0 0.35534296875 0.7941027777777777 0.0106859375 0.025242592592592594
0 0.5537111979166667 0.559275462962963 0.019922395833333332 0.04818055555555555
0 0.8526143229166667 0.9766972222222223 0.009395312500000001 0.033024074074074074
0 0.9920895833333333 0.5840402777777778 0.013345833333333333 0.05326574074074074
0 0.5375109375 0.3767347222222222 0.005230208333333333 0.009025
