1 0.49973958333333335 0.5486111111111112 0.9994791666666667 0.9009259259259259
0 0.47994791666666664 0.29444444444444445 0.0203125 0.03148148148148148
0 0.4783854166666667 0.274537037037037 0.0109375 0.013888888888888888
0 0.68125 0.7467592592592592 0.021875 0.05277777777777778
0 0.8559895833333333 0.40879629629629627 0.018229166666666668 0.03611111111111111
0 0.9135416666666667 0.7907407407407407 0.008333333333333333 0.03333333333333333
0 0.2825520833333333 0.5402777777777777 0.016145833333333335 0.019444444444444445
0 0.19869791666666667 0.24675925925925926 0.011979166666666667 0.019444444444444445
1 0.5 0.5369328703703704 1.0 0.9257175925925926
0 0.509825 0.29172592592592594 0.021733333333333334 0.02974814814814815
0 0.5104520833333334 0.2726587962962963 0.0104875 0.013836111111111112
0 0.33170520833333333 0.7735106481481481 0.020702083333333333 0.052576851851851854
0 0.14105494791666665 0.46387962962962964 0.01856822916666667 0.035166666666666666
0 0.10202317708333333 0.8536402777777778 0.009254687499999999 0.03320648148148148
0 0.71895703125 0.5063425925925926 0.0160390625 0.01824074074074074
0 0.7878966145833334 0.20151342592592592 0.0122515625 0.019693518518518516
1 0.5 0.4528143518518518 1.0 0.9056287037037036
0 0.4678622395833333 0.7013407407407407 0.0190578125 0.034162962962962964
0 0.46505885416666665 0.7201347222222222 0.011367708333333334 0.014343518518518518
0 0.6948643229166667 0.28828148148148147 0.02306197916666667 0.05248888888888889
0 0.8489239583333333 0.6564037037037037 0.017639583333333334 0.03688148148148148
0 0.9279239583333333 0.2878717592592593 0.007931249999999999 0.033150925925925924
0 0.2859596354166667 0.4196055555555555 0.016710937500000002 0.020692592592592592
0 0.18515078125 0.6955865740740741 0.011968229166666667 0.018950925925925923
1 0.49973958333333335 0.5486111111111112 0.9994791666666667 0.9009259259259259
0 0.47994791666666664 0.29444444444444445 0.0203125 0.03148148148148148
0 0.4783854166666667 0.274537037037037 0.0109375 0.013888888888888888
0 0.68125 0.7467592592592592 0.021875 0.05277777777777778
0 0.8559895833333333 0.40879629629629627 0.018229166666666668 0.03611111111111111
0 0.9135416666666667 0.7907407407407407 0.008333333333333333 0.03333333333333333
0 0.2825520833333333 0.5402777777777777 0.016145833333333335 0.019444444444444445
0 0.19869791666666667 0.24675925925925926 0.011979166666666667 0.019444444444444445
1 0.5 0.5369328703703704 1.0 0.9257175925925926
0 0.509825 0.29172592592592594 0.021733333333333334 0.02974814814814815
0 0.5104520833333334 0.2726587962962963 0.0104875 0.013836111111111112
0 0.33170520833333333 0.7735106481481481 0.020702083333333333 0.052576851851851854
0 0.14105494791666665 0.46387962962962964 0.01856822916666667 0.035166666666666666
0 0.10202317708333333 0.8536402777777778 0.009254687499999999 0.03320648148148148
0 0.71895703125 0.5063425925925926 0.0160390625 0.01824074074074074
0 0.7878966145833334 0.20151342592592592 0.0122515625 0.019693518518518516
1 0.5 0.4528143518518518 1.0 0.9056287037037036
0 0.4678622395833333 0.7013407407407407 0.0190578125 0.034162962962962964
0 0.46505885416666665 0.7201347222222222 0.011367708333333334 0.014343518518518518
0 0.6948643229166667 0.28828148148148147 0.02306197916666667 0.05248888888888889
0 0.8489239583333333 0.6564037037037037 0.017639583333333334 0.03688148148148148
0 0.9279239583333333 0.2878717592592593 0.007931249999999999 0.033150925925925924
0 0.2859596354166667 0.4196055555555555 0.016710937500000002 0.020692592592592592
0 0.18515078125 0.6955865740740741 0.011968229166666667 0.018950925925925923
1 0.49973958333333335 0.5486111111111112 0.9994791666666667 0.9009259259259259
0 0.47994791666666664 0.29444444444444445 0.0203125 0.03148148148148148
0 0.4783854166666667 0.274537037037037 0.0109375 0.013888888888888888
0 0.68125 0.7467592592592592 0.021875 0.05277777777777778
0 0.8559895833333333 0.40879629629629627 0.018229166666666668 0.03611111111111111
0 0.9135416666666667 0.7907407407407407 0.008333333333333333 0.03333333333333333
0 0.2825520833333333 0.5402777777777777 0.016145833333333335 0.019444444444444445
0 0.19869791666666667 0.24675925925925926 0.011979166666666667 0.019444444444444445
1 0.5 0.5369328703703704 1.0 0.9257175925925926
0 0.509825 0.29172592592592594 0.021733333333333334 0.02974814814814815
0 0.5104520833333334 0.2726587962962963 0.0104875 0.013836111111111112
0 0.33170520833333333 0.7735106481481481 0.020702083333333333 0.052576851851851854
0 0.14105494791666665 0.46387962962962964 0.01856822916666667 0.035166666666666666
0 0.10202317708333333 0.8536402777777778 0.009254687499999999 0.03320648148148148
0 0.71895703125 0.5063425925925926 0.0160390625 0.01824074074074074
0 0.7878966145833334 0.20151342592592592 0.0122515625 0.019693518518518516
1 0.5 0.4528143518518518 1.0 0.9056287037037036
0 0.4678622395833333 0.7013407407407407 0.0190578125 0.034162962962962964
0 0.46505885416666665 0.7201347222222222 0.011367708333333334 0.014343518518518518
0 0.6948643229166667 0.28828148148148147 0.02306197916666667 0.05248888888888889
0 0.8489239583333333 0.6564037037037037 0.017639583333333334 0.03688148148148148
0 0.9279239583333333 0.2878717592592593 0.007931249999999999 0.033150925925925924
0 0.2859596354166667 0.4196055555555555 0.016710937500000002 0.020692592592592592
0 0.18515078125 0.6955865740740741 0.011968229166666667 0.018950925925925923
