1 0.49973958333333335 0.5375 0.9994791666666667 0.9231481481481482
0 0.062239583333333334 0.9444444444444444 0.015104166666666667 0.04259259259259259
0 0.01953125 0.8356481481481481 0.011979166666666667 0.041666666666666664
0 0.4783854166666667 0.6134259259259259 0.0203125 0.03796296296296296
0 0.45703125 0.8069444444444445 0.013020833333333334 0.028703703703703703
0 0.46822916666666664 0.7402777777777778 0.01875 0.032407407407407406
0 0.4895833333333333 0.8023148148148148 0.029166666666666667 0.0712962962962963
0 0.60859375 0.17037037037037037 0.009895833333333333 0.027777777777777776
0 0.4708333333333333 0.2569444444444444 0.0125 0.041666666666666664
0 0.48880208333333336 0.5055555555555555 0.0109375 0.03518518518518519
0 0.9520833333333333 0.8425925925925926 0.010416666666666666 0.020370370370370372
0 0.011197916666666667 0.7828703703703703 0.0046875 0.01574074074074074
1 0.5 0.47729212962962964 1.0 0.9545842592592593
0 0.9539578125 0.0632375 0.014165625 0.039437962962962966
0 0.5137078125 0.3827851851851852 0.019082291666666664 0.03779259259259259
0 0.5218833333333334 0.18559768518518518 0.013558333333333334 0.028602777777777776
0 0.5150976562499999 0.25474629629629625 0.018736979166666667 0.031714814814814814
0 0.48944296875 0.1983222222222222 0.0288859375 0.07257037037037037
0 0.41472578125 0.8515226851851851 0.010701562500000001 0.027119444444444446
0 0.5457419270833334 0.7349851851851852 0.013358854166666666 0.04034074074074074
0 0.5110760416666666 0.4923486111111111 0.011735416666666667 0.03469722222222222
0 0.027895833333333335 0.25730833333333336 0.009958333333333335 0.022024074074074074
0 0.9656729166666668 0.11376203703703704 0.0042625 0.016412962962962963
1 0.5 0.4808569444444445 1.0 0.961713888888889
0 0.9499765625 0.049164814814814814 0.014536458333333334 0.039070370370370366
0 0.51256640625 0.3818240740740741 0.018882812500000002 0.037722222222222226
0 0.5187885416666667 0.18464675925925925 0.01361875 0.028552777777777778
0 0.51248125 0.2537513888888889 0.0187125 0.031576851851851856
0 0.48628020833333335 0.1993523148148148 0.028810416666666668 0.0727787037037037
0 0.41793932291666663 0.854236574074074 0.010878645833333334 0.026991666666666667
0 0.5478786458333332 0.7339398148148147 0.013465625 0.040101851851851854
0 0.51116328125 0.4922925925925926 0.011909895833333333 0.034585185185185184
0 0.0257734375 0.27222824074074076 0.009880208333333333 0.02223425925925926
0 0.9615104166666666 0.09898564814814814 0.004270833333333333 0.016489814814814815
1 0.49973958333333335 0.5375 0.9994791666666667 0.9231481481481482
0 0.062239583333333334 0.9444444444444444 0.015104166666666667 0.04259259259259259
0 0.01953125 0.8356481481481481 0.011979166666666667 0.041666666666666664
0 0.4783854166666667 0.6134259259259259 0.0203125 0.03796296296296296
0 0.45703125 0.8069444444444445 0.013020833333333334 0.028703703703703703
0 0.46822916666666664 0.7402777777777778 0.01875 0.032407407407407406
0 0.4895833333333333 0.8023148148148148 0.029166666666666667 0.0712962962962963
0 0.60859375 0.17037037037037037 0.009895833333333333 0.027777777777777776
0 0.4708333333333333 0.2569444444444444 0.0125 0.041666666666666664
0 0.48880208333333336 0.5055555555555555 0.0109375 0.03518518518518519
0 0.9520833333333333 0.8425925925925926 0.010416666666666666 0.020370370370370372
0 0.011197916666666667 0.7828703703703703 0.0046875 0.01574074074074074
1 0.5 0.47729212962962964 1.0 0.9545842592592593
0 0.9539578125 0.0632375 0.014165625 0.039437962962962966
0 0.5137078125 0.3827851851851852 0.019082291666666664 0.03779259259259259
0 0.5218833333333334 0.18559768518518518 0.013558333333333334 0.028602777777777776
0 0.5150976562499999 0.25474629629629625 0.018736979166666667 0.031714814814814814
0 0.48944296875 0.1983222222222222 0.0288859375 0.07257037037037037
0 0.41472578125 0.8515226851851851 0.010701562500000001 0.027119444444444446
0 0.5457419270833334 0.7349851851851852 0.013358854166666666 0.04034074074074074
0 0.5110760416666666 0.4923486111111111 0.011735416666666667 0.03469722222222222
0 0.027895833333333335 0.25730833333333336 0.009958333333333335 0.022024074074074074
0 0.9656729166666668 0.11376203703703704 0.0042625 0.016412962962962963
1 0.5 0.4808569444444445 1.0 0.961713888888889
0 0.9499765625 0.049164814814814814 0.014536458333333334 0.039070370370370366
0 0.51256640625 0.3818240740740741 0.018882812500000002 0.037722222222222226
0 0.5187885416666667 0.18464675925925925 0.01361875 0.028552777777777778
0 0.51248125 0.2537513888888889 0.0187125 0.031576851851851856
0 0.48628020833333335 0.1993523148148148 0.028810416666666668 0.0727787037037037
0 0.41793932291666663 0.854236574074074 0.010878645833333334 0.026991666666666667
0 0.5478786458333332 0.7339398148148147 0.013465625 0.040101851851851854
0 0.51116328125 0.4922925925925926 0.011909895833333333 0.034585185185185184
0 0.0257734375 0.27222824074074076 0.009880208333333333 0.02223425925925926
0 0.9615104166666666 0.09898564814814814 0.004270833333333333 0.016489814814814815
