1 0.5 0.4499472222222222 1.0 0.8998944444444444
1 0.9387528645833334 0.8353425925925926 0.011880729166666666 0.013277777777777777
1 0.9793406250000001 0.8104453703703703 0.026389583333333334 0.02829814814814815
0 0.7034828125 0.6130847222222222 0.009048958333333332 0.024317592592592596
0 0.4705416666666667 0.7229717592592593 0.012958333333333332 0.014462037037037037
0 0.66286640625 0.20955648148148148 0.0101078125 0.013557407407407407
0 0.32685598958333334 0.40848935185185187 0.011003645833333332 0.018830555555555555
0 0.36250781249999997 0.1467574074074074 0.004182291666666667 0.0064777777777777785
0 0.12392031249999999 0.21292592592592594 0.005132291666666666 0.01474074074074074
0 0.024756249999999997 0.18764027777777778 0.004720833333333333 0.01787314814814815
0 0.009560677083333333 0.1758736111111111 0.006621354166666666 0.012858333333333334
0 0.016225 0.13350787037037037 0.008491666666666666 0.011460185185185186
0 0.0061851562500000005 0.10368379629629629 0.004036979166666667 0.012923148148148149
0 0.06757760416666667 0.5704592592592592 0.011196875 0.026103703703703705
0 0.5246916666666667 0.054389814814814814 0.007716666666666667 0.010631481481481481
0 0.8454190104166667 0.4531074074074074 0.008546354166666666 0.013622222222222221
1 0.5 0.508762962962963 1.0 0.9823407407407408
1 0.10507786458333333 0.022778703703703704 0.0122390625 0.012224074074074075
1 0.06302994791666666 0.032808796296296294 0.025018229166666666 0.030432407407407405
0 0.3125109375 0.3202222222222222 0.009396875 0.023777777777777776
0 0.5523859375 0.2911523148148148 0.013105208333333333 0.011934259259259259
0 0.3087963541666667 0.7288796296296297 0.009259374999999999 0.015166666666666665
0 0.6597309895833334 0.6477712962962963 0.011128645833333334 0.017764814814814813
0 0.5970937500000001 0.8935226851851852 0.004604166666666667 0.007415740740740741
0 0.8381518229166667 0.9093129629629629 0.0054703125 0.014922222222222222
0 0.9332971354166666 0.9682212962962964 0.006177604166666667 0.016072222222222224
0 0.9463778645833333 0.9848314814814815 0.007339062499999999 0.014107407407407409
0 0.9317497395833333 0.5771837962962963 0.0124578125 0.02473796296296296
0 0.4280200520833333 0.9290657407407407 0.0081234375 0.00813148148148148
0 0.15570989583333333 0.4278087962962963 0.007253125 0.014876851851851851
1 0.49973958333333335 0.5458333333333333 0.9994791666666667 0.9064814814814814
1 0.06796875 0.13796296296296295 0.011979166666666667 0.012962962962962963
1 0.027083333333333334 0.1597222222222222 0.026041666666666668 0.028703703703703703
0 0.2986979166666667 0.37407407407407406 0.008854166666666666 0.024074074074074074
0 0.53359375 0.2791666666666667 0.013020833333333334 0.013888888888888888
0 0.33151041666666664 0.7800925925925926 0.009895833333333333 0.013888888888888888
0 0.67109375 0.6018518518518519 0.0109375 0.018518518518518517
0 0.6307291666666667 0.861574074074074 0.004166666666666667 0.006481481481481481
0 0.8703125 0.8101851851851852 0.005208333333333333 0.014814814814814815
0 0.9690104166666667 0.8421296296296297 0.0046875 0.017592592592592594
0 0.98359375 0.8546296296296296 0.0067708333333333336 0.012962962962962963
0 0.9760416666666667 0.8962962962962963 0.008333333333333333 0.011111111111111112
0 0.9859375 0.9268518518518518 0.004166666666666667 0.012962962962962963
0 0.9333333333333333 0.4564814814814815 0.011458333333333333 0.025925925925925925
0 0.46640625 0.9439814814814815 0.0078125 0.010185185185185186
0 0.15364583333333334 0.5254629629629629 0.008333333333333333 0.013888888888888888
1 0.5 0.4499472222222222 1.0 0.8998944444444444
1 0.9387528645833334 0.8353425925925926 0.011880729166666666 0.013277777777777777
1 0.9793406250000001 0.8104453703703703 0.026389583333333334 0.02829814814814815
0 0.7034828125 0.6130847222222222 0.009048958333333332 0.024317592592592596
0 0.4705416666666667 0.7229717592592593 0.012958333333333332 0.014462037037037037
0 0.66286640625 0.20955648148148148 0.0101078125 0.013557407407407407
0 0.32685598958333334 0.40848935185185187 0.011003645833333332 0.018830555555555555
0 0.36250781249999997 0.1467574074074074 0.004182291666666667 0.0064777777777777785
0 0.12392031249999999 0.21292592592592594 0.005132291666666666 0.01474074074074074
0 0.024756249999999997 0.18764027777777778 0.004720833333333333 0.01787314814814815
0 0.009560677083333333 0.1758736111111111 0.006621354166666666 0.012858333333333334
0 0.016225 0.13350787037037037 0.008491666666666666 0.011460185185185186
0 0.0061851562500000005 0.10368379629629629 0.004036979166666667 0.012923148148148149
0 0.06757760416666667 0.5704592592592592 0.011196875 0.026103703703703705
0 0.5246916666666667 0.054389814814814814 0.007716666666666667 0.010631481481481481
0 0.8454190104166667 0.4531074074074074 0.008546354166666666 0.013622222222222221
1 0.5 0.508762962962963 1.0 0.9823407407407408
1 0.10507786458333333 0.022778703703703704 0.0122390625 0.012224074074074075
1 0.06302994791666666 0.032808796296296294 0.025018229166666666 0.030432407407407405
0 0.3125109375 0.3202222222222222 0.009396875 0.023777777777777776
0 0.5523859375 0.2911523148148148 0.013105208333333333 0.011934259259259259
0 0.3087963541666667 0.7288796296296297 0.009259374999999999 0.015166666666666665
0 0.6597309895833334 0.6477712962962963 0.011128645833333334 0.017764814814814813
0 0.5970937500000001 0.8935226851851852 0.004604166666666667 0.007415740740740741
0 0.8381518229166667 0.9093129629629629 0.0054703125 0.014922222222222222
0 0.9332971354166666 0.9682212962962964 0.006177604166666667 0.016072222222222224
0 0.9463778645833333 0.9848314814814815 0.007339062499999999 0.014107407407407409
0 0.9317497395833333 0.5771837962962963 0.0124578125 0.02473796296296296
0 0.4280200520833333 0.9290657407407407 0.0081234375 0.00813148148148148
0 0.15570989583333333 0.4278087962962963 0.007253125 0.014876851851851851
1 0.49973958333333335 0.5458333333333333 0.9994791666666667 0.9064814814814814
1 0.06796875 0.13796296296296295 0.011979166666666667 0.012962962962962963
1 0.027083333333333334 0.1597222222222222 0.026041666666666668 0.028703703703703703
0 0.2986979166666667 0.37407407407407406 0.008854166666666666 0.024074074074074074
0 0.53359375 0.2791666666666667 0.013020833333333334 0.013888888888888888
0 0.33151041666666664 0.7800925925925926 0.009895833333333333 0.013888888888888888
0 0.67109375 0.6018518518518519 0.0109375 0.018518518518518517
0 0.6307291666666667 0.861574074074074 0.004166666666666667 0.006481481481481481
0 0.8703125 0.8101851851851852 0.005208333333333333 0.014814814814814815
0 0.9690104166666667 0.8421296296296297 0.0046875 0.017592592592592594
0 0.98359375 0.8546296296296296 0.0067708333333333336 0.012962962962962963
0 0.9760416666666667 0.8962962962962963 0.008333333333333333 0.011111111111111112
0 0.9859375 0.9268518518518518 0.004166666666666667 0.012962962962962963
0 0.9333333333333333 0.4564814814814815 0.011458333333333333 0.025925925925925925
0 0.46640625 0.9439814814814815 0.0078125 0.010185185185185186
0 0.15364583333333334 0.5254629629629629 0.008333333333333333 0.013888888888888888
1 0.5 0.4499472222222222 1.0 0.8998944444444444
1 0.9387528645833334 0.8353425925925926 0.011880729166666666 0.013277777777777777
1 0.9793406250000001 0.8104453703703703 0.026389583333333334 0.02829814814814815
0 0.7034828125 0.6130847222222222 0.009048958333333332 0.024317592592592596
0 0.4705416666666667 0.7229717592592593 0.012958333333333332 0.014462037037037037
0 0.66286640625 0.20955648148148148 0.0101078125 0.013557407407407407
0 0.32685598958333334 0.40848935185185187 0.011003645833333332 0.018830555555555555
0 0.36250781249999997 0.1467574074074074 0.004182291666666667 0.0064777777777777785
0 0.12392031249999999 0.21292592592592594 0.005132291666666666 0.01474074074074074
0 0.024756249999999997 0.18764027777777778 0.004720833333333333 0.01787314814814815
0 0.009560677083333333 0.1758736111111111 0.006621354166666666 0.012858333333333334
0 0.016225 0.13350787037037037 0.008491666666666666 0.011460185185185186
0 0.0061851562500000005 0.10368379629629629 0.004036979166666667 0.012923148148148149
0 0.06757760416666667 0.5704592592592592 0.011196875 0.026103703703703705
0 0.5246916666666667 0.054389814814814814 0.007716666666666667 0.010631481481481481
0 0.8454190104166667 0.4531074074074074 0.008546354166666666 0.013622222222222221
1 0.5 0.508762962962963 1.0 0.9823407407407408
1 0.10507786458333333 0.022778703703703704 0.0122390625 0.012224074074074075
1 0.06302994791666666 0.032808796296296294 0.025018229166666666 0.030432407407407405
0 0.3125109375 0.3202222222222222 0.009396875 0.023777777777777776
0 0.5523859375 0.2911523148148148 0.013105208333333333 0.011934259259259259
0 0.3087963541666667 0.7288796296296297 0.009259374999999999 0.015166666666666665
0 0.6597309895833334 0.6477712962962963 0.011128645833333334 0.017764814814814813
0 0.5970937500000001 0.8935226851851852 0.004604166666666667 0.007415740740740741
0 0.8381518229166667 0.9093129629629629 0.0054703125 0.014922222222222222
0 0.9332971354166666 0.9682212962962964 0.006177604166666667 0.016072222222222224
0 0.9463778645833333 0.9848314814814815 0.007339062499999999 0.014107407407407409
0 0.9317497395833333 0.5771837962962963 0.0124578125 0.02473796296296296
0 0.4280200520833333 0.9290657407407407 0.0081234375 0.00813148148148148
0 0.15570989583333333 0.4278087962962963 0.007253125 0.014876851851851851
1 0.49973958333333335 0.5458333333333333 0.9994791666666667 0.9064814814814814
1 0.06796875 0.13796296296296295 0.011979166666666667 0.012962962962962963
1 0.027083333333333334 0.1597222222222222 0.026041666666666668 0.028703703703703703
0 0.2986979166666667 0.37407407407407406 0.008854166666666666 0.024074074074074074
0 0.53359375 0.2791666666666667 0.013020833333333334 0.013888888888888888
0 0.33151041666666664 0.7800925925925926 0.009895833333333333 0.013888888888888888
0 0.67109375 0.6018518518518519 0.0109375 0.018518518518518517
0 0.6307291666666667 0.861574074074074 0.004166666666666667 0.006481481481481481
0 0.8703125 0.8101851851851852 0.005208333333333333 0.014814814814814815
0 0.9690104166666667 0.8421296296296297 0.0046875 0.017592592592592594
0 0.98359375 0.8546296296296296 0.0067708333333333336 0.012962962962962963
0 0.9760416666666667 0.8962962962962963 0.008333333333333333 0.011111111111111112
0 0.9859375 0.9268518518518518 0.004166666666666667 0.012962962962962963
0 0.9333333333333333 0.4564814814814815 0.011458333333333333 0.025925925925925925
0 0.46640625 0.9439814814814815 0.0078125 0.010185185185185186
0 0.15364583333333334 0.5254629629629629 0.008333333333333333 0.013888888888888888
