1 0.49973958333333335 0.5310185185185186 0.9994791666666667 0.9361111111111111
0 0.2786458333333333 0.5092592592592593 0.029166666666666667 0.03888888888888889
0 0.2946515625 0.44857546296296297 0.024719791666666668 0.03974351851851852
0 0.6145833333333334 0.6805555555555556 0.015625 0.044444444444444446
0 0.617628125 0.5254629629629629 0.02275625 0.04537037037037037
0 0.2544671875 0.5537037037037037 0.015184375 0.025925925925925925
0 0.3880208333333333 0.4476851851851852 0.016666666666666666 0.03796296296296296
0 0.4921875 0.8407407407407408 0.0125 0.012962962962962963
0 0.20963541666666666 0.10833333333333334 0.013020833333333334 0.027777777777777776
0 0.22132447916666667 0.29682546296296297 0.024940625 0.05846574074074074
0 0.17709088541666668 0.6371032407407408 0.012515104166666667 0.027910185185185187
0 0.1046875 0.3575925925925926 0.028125 0.08555555555555557
0 0.8692708333333333 0.34523796296296294 0.017708333333333333 0.03306851851851852
0 0.91875 0.24814814814814815 0.013541666666666667 0.018518518518518517
0 0.8568825520833333 0.4273810185185185 0.024181770833333335 0.062169444444444444
0 0.83984375 0.7958333333333333 0.015104166666666667 0.04537037037037037
0 0.8200520833333333 0.7152777777777778 0.0140625 0.026851851851851852
0 0.6705729166666666 0.8882541666666667 0.016145833333333335 0.017249074074074076
0 0.30416666666666664 0.26481481481481484 0.010416666666666666 0.05925925925925926
0 0.5559895833333334 0.9819444444444444 0.024479166666666666 0.03425925925925926
0 0.5833333333333334 0.9717592592592592 0.008333333333333333 0.023148148148148147
0 0.83125 0.6564814814814814 0.017708333333333333 0.018518518518518517
0 0.08567708333333333 0.8564814814814815 0.015104166666666667 0.024074074074074074
0 0.7042411458333333 0.902976388888889 0.04910729166666667 0.1355824074074074
1 0.5 0.531862962962963 1.0 0.9359481481481481
0 0.27865520833333335 0.5234805555555556 0.02918541666666667 0.037701851851851854
0 0.2936588541666667 0.46097962962962963 0.024817708333333334 0.04047777777777778
0 0.6178518229166666 0.6733768518518518 0.0148703125 0.04490185185185185
0 0.61783671875 0.518074074074074 0.022131770833333335 0.0454074074074074
0 0.2555677083333333 0.5692101851851852 0.015302083333333332 0.025457407407407408
0 0.38727395833333333 0.45490324074074073 0.017256249999999997 0.03758425925925926
0 0.4989635416666667 0.8409791666666667 0.012510416666666666 0.013439814814814816
0 0.20177343749999999 0.12689166666666668 0.012921875 0.027857407407407407
0 0.2176046875 0.3140976851851852 0.025834375 0.057825
0 0.18018072916666666 0.6567148148148148 0.012444791666666667 0.028244444444444447
0 0.10257734375 0.3823490740740741 0.028071354166666666 0.08506851851851852
0 0.8662130208333333 0.3219069444444444 0.017842708333333335 0.03270277777777778
0 0.9136466145833333 0.22215185185185185 0.0137515625 0.018377777777777778
0 0.8547916666666667 0.40459814814814815 0.024166666666666666 0.0629
0 0.8456802083333332 0.7746523148148148 0.014277083333333333 0.04560092592592593
0 0.8241325520833332 0.6950287037037037 0.013890104166666667 0.027094444444444445
0 0.6778052083333334 0.8779180555555556 0.016027083333333334 0.016947222222222225
0 0.29934583333333337 0.2768013888888889 0.011191666666666666 0.059158333333333334
0 0.5651208333333333 0.9775143518518519 0.023991666666666668 0.03465833333333333
0 0.5925604166666666 0.9661805555555555 0.0080375 0.023101851851851853
0 0.8338942708333333 0.6361541666666667 0.017788541666666668 0.01860462962962963
0 0.09302786458333333 0.8816032407407407 0.015222395833333334 0.024317592592592596
0 0.7123127604166667 0.8905027777777778 0.04858385416666667 0.1365611111111111
1 0.5 0.4715199074074074 1.0 0.9430398148148148
0 0.27968046874999997 0.45588101851851853 0.029152604166666665 0.03583611111111112
0 0.2926625 0.5198171296296297 0.02490833333333333 0.04148611111111111
0 0.6229979166666666 0.3375578703703704 0.013704166666666667 0.04548611111111111
0 0.6180580729166666 0.4922222222222222 0.0215328125 0.04555555555555556
0 0.25773515625 0.4086449074074074 0.0154703125 0.02469722222222222
0 0.3861338541666666 0.5351319444444445 0.018101041666666665 0.03693055555555556
0 0.508853125 0.1589138888888889 0.012497916666666666 0.014124074074074074
0 0.19126796875000002 0.8445125 0.012744270833333333 0.027913888888888887
0 0.2125158854166667 0.6589222222222222 0.027115104166666668 0.05673333333333333
0 0.18490807291666667 0.3134152777777778 0.012524479166666666 0.028682407407407406
0 0.10002760416666666 0.581238888888889 0.028180208333333335 0.0847
0 0.8600437500000001 0.7114097222222222 0.018004166666666665 0.032078703703703706
0 0.90441328125 0.8155439814814816 0.014034895833333333 0.018125
0 0.8505864583333334 0.6291476851851853 0.024089583333333334 0.06385092592592592
0 0.85285625 0.25837175925925926 0.013004166666666667 0.04637314814814815
0 0.8297169270833333 0.33499398148148146 0.013600520833333333 0.02739537037037037
0 0.6886351562499999 0.1401462962962963 0.015811979166666667 0.017329629629629632
0 0.29314375 0.7035101851851853 0.012329166666666667 0.05887222222222222
0 0.5793111979166666 0.029625925925925924 0.023205729166666668 0.03517777777777777
0 0.6059520833333334 0.04297129629629629 0.0077375 0.02297962962962963
0 0.8375796875 0.39545601851851847 0.017867708333333333 0.018689814814814815
0 0.10455729166666666 0.08083240740740741 0.015364583333333333 0.024627777777777776
0 0.72436484375 0.1290439814814815 0.04768802083333334 0.1377175925925926
1 0.49973958333333335 0.5310185185185186 0.9994791666666667 0.9361111111111111
0 0.2786458333333333 0.5092592592592593 0.029166666666666667 0.03888888888888889
0 0.2946515625 0.44857546296296297 0.024719791666666668 0.03974351851851852
0 0.6145833333333334 0.6805555555555556 0.015625 0.044444444444444446
0 0.617628125 0.5254629629629629 0.02275625 0.04537037037037037
0 0.2544671875 0.5537037037037037 0.015184375 0.025925925925925925
0 0.3880208333333333 0.4476851851851852 0.016666666666666666 0.03796296296296296
0 0.4921875 0.8407407407407408 0.0125 0.012962962962962963
0 0.20963541666666666 0.10833333333333334 0.013020833333333334 0.027777777777777776
0 0.22132447916666667 0.29682546296296297 0.024940625 0.05846574074074074
0 0.17709088541666668 0.6371032407407408 0.012515104166666667 0.027910185185185187
0 0.1046875 0.3575925925925926 0.028125 0.08555555555555557
0 0.8692708333333333 0.34523796296296294 0.017708333333333333 0.03306851851851852
0 0.91875 0.24814814814814815 0.013541666666666667 0.018518518518518517
0 0.8568825520833333 0.4273810185185185 0.024181770833333335 0.062169444444444444
0 0.83984375 0.7958333333333333 0.015104166666666667 0.04537037037037037
0 0.8200520833333333 0.7152777777777778 0.0140625 0.026851851851851852
0 0.6705729166666666 0.8882541666666667 0.016145833333333335 0.017249074074074076
0 0.30416666666666664 0.26481481481481484 0.010416666666666666 0.05925925925925926
0 0.5559895833333334 0.9819444444444444 0.024479166666666666 0.03425925925925926
0 0.5833333333333334 0.9717592592592592 0.008333333333333333 0.023148148148148147
0 0.83125 0.6564814814814814 0.017708333333333333 0.018518518518518517
0 0.08567708333333333 0.8564814814814815 0.015104166666666667 0.024074074074074074
0 0.7042411458333333 0.902976388888889 0.04910729166666667 0.1355824074074074
1 0.5 0.531862962962963 1.0 0.9359481481481481
0 0.27865520833333335 0.5234805555555556 0.02918541666666667 0.037701851851851854
0 0.2936588541666667 0.46097962962962963 0.024817708333333334 0.04047777777777778
0 0.6178518229166666 0.6733768518518518 0.0148703125 0.04490185185185185
0 0.61783671875 0.518074074074074 0.022131770833333335 0.0454074074074074
0 0.2555677083333333 0.5692101851851852 0.015302083333333332 0.025457407407407408
0 0.38727395833333333 0.45490324074074073 0.017256249999999997 0.03758425925925926
0 0.4989635416666667 0.8409791666666667 0.012510416666666666 0.013439814814814816
0 0.20177343749999999 0.12689166666666668 0.012921875 0.027857407407407407
0 0.2176046875 0.3140976851851852 0.025834375 0.057825
0 0.18018072916666666 0.6567148148148148 0.012444791666666667 0.028244444444444447
0 0.10257734375 0.3823490740740741 0.028071354166666666 0.08506851851851852
0 0.8662130208333333 0.3219069444444444 0.017842708333333335 0.03270277777777778
0 0.9136466145833333 0.22215185185185185 0.0137515625 0.018377777777777778
0 0.8547916666666667 0.40459814814814815 0.024166666666666666 0.0629
0 0.8456802083333332 0.7746523148148148 0.014277083333333333 0.04560092592592593
0 0.8241325520833332 0.6950287037037037 0.013890104166666667 0.027094444444444445
0 0.6778052083333334 0.8779180555555556 0.016027083333333334 0.016947222222222225
0 0.29934583333333337 0.2768013888888889 0.011191666666666666 0.059158333333333334
0 0.5651208333333333 0.9775143518518519 0.023991666666666668 0.03465833333333333
0 0.5925604166666666 0.9661805555555555 0.0080375 0.023101851851851853
0 0.8338942708333333 0.6361541666666667 0.017788541666666668 0.01860462962962963
0 0.09302786458333333 0.8816032407407407 0.015222395833333334 0.024317592592592596
0 0.7123127604166667 0.8905027777777778 0.04858385416666667 0.1365611111111111
1 0.5 0.4715199074074074 1.0 0.9430398148148148
0 0.27968046874999997 0.45588101851851853 0.029152604166666665 0.03583611111111112
0 0.2926625 0.5198171296296297 0.02490833333333333 0.04148611111111111
0 0.6229979166666666 0.3375578703703704 0.013704166666666667 0.04548611111111111
0 0.6180580729166666 0.4922222222222222 0.0215328125 0.04555555555555556
0 0.25773515625 0.4086449074074074 0.0154703125 0.02469722222222222
0 0.3861338541666666 0.5351319444444445 0.018101041666666665 0.03693055555555556
0 0.508853125 0.1589138888888889 0.012497916666666666 0.014124074074074074
0 0.19126796875000002 0.8445125 0.012744270833333333 0.027913888888888887
0 0.2125158854166667 0.6589222222222222 0.027115104166666668 0.05673333333333333
0 0.18490807291666667 0.3134152777777778 0.012524479166666666 0.028682407407407406
0 0.10002760416666666 0.581238888888889 0.028180208333333335 0.0847
0 0.8600437500000001 0.7114097222222222 0.018004166666666665 0.032078703703703706
0 0.90441328125 0.8155439814814816 0.014034895833333333 0.018125
0 0.8505864583333334 0.6291476851851853 0.024089583333333334 0.06385092592592592
0 0.85285625 0.25837175925925926 0.013004166666666667 0.04637314814814815
0 0.8297169270833333 0.33499398148148146 0.013600520833333333 0.02739537037037037
0 0.6886351562499999 0.1401462962962963 0.015811979166666667 0.017329629629629632
0 0.29314375 0.7035101851851853 0.012329166666666667 0.05887222222222222
0 0.5793111979166666 0.029625925925925924 0.023205729166666668 0.03517777777777777
0 0.6059520833333334 0.04297129629629629 0.0077375 0.02297962962962963
0 0.8375796875 0.39545601851851847 0.017867708333333333 0.018689814814814815
0 0.10455729166666666 0.08083240740740741 0.015364583333333333 0.024627777777777776
0 0.72436484375 0.1290439814814815 0.04768802083333334 0.1377175925925926
