1 0.49973958333333335 0.5370370370370371 0.9994791666666667 0.924074074074074
0 0.035416666666666666 0.15 0.010416666666666666 0.020370370370370372
0 0.042708333333333334 0.4888888888888889 0.009375 0.03148148148148148
0 0.9716145833333333 0.2898148148148148 0.0046875 0.009259259259259259
0 0.9143229166666667 0.27175925925925926 0.005729166666666666 0.010185185185185186
0 0.9565104166666667 0.8763888888888889 0.0078125 0.028703703703703703
1 0.5 0.4815486111111111 1.0 0.9630972222222222
0 0.05852265625 0.9347657407407408 0.0107953125 0.019531481481481483
0 0.04584453125 0.5955810185185185 0.0104390625 0.030050925925925925
0 0.9809768229166667 0.6217064814814814 0.004661979166666667 0.01007962962962963
0 0.9256567708333333 0.6499444444444445 0.0054802083333333335 0.011000000000000001
0 0.9315161458333333 0.040834722222222224 0.007823958333333334 0.02796574074074074
1 0.5 0.4666615740740741 1.0 0.9333231481481482
0 0.9902348958333334 0.7162671296296296 0.009636458333333332 0.02142314814814815
0 0.9519033854166667 0.3840810185185185 0.009015104166666668 0.032976851851851854
0 0.05272239583333334 0.8383402777777778 0.005444791666666667 0.010013888888888888
0 0.11132552083333333 0.8404893518518519 0.005984375 0.008756481481481481
0 0.0156703125 0.255350462962963 0.008423958333333334 0.029219444444444444
1 0.49973958333333335 0.5370370370370371 0.9994791666666667 0.924074074074074
0 0.035416666666666666 0.15 0.010416666666666666 0.020370370370370372
0 0.042708333333333334 0.4888888888888889 0.009375 0.03148148148148148
0 0.9716145833333333 0.2898148148148148 0.0046875 0.009259259259259259
0 0.9143229166666667 0.27175925925925926 0.005729166666666666 0.010185185185185186
0 0.9565104166666667 0.8763888888888889 0.0078125 0.028703703703703703
1 0.5 0.4815486111111111 1.0 0.9630972222222222
0 0.05852265625 0.9347657407407408 0.0107953125 0.019531481481481483
0 0.04584453125 0.5955810185185185 0.0104390625 0.030050925925925925
0 0.9809768229166667 0.6217064814814814 0.004661979166666667 0.01007962962962963
0 0.9256567708333333 0.6499444444444445 0.0054802083333333335 0.011000000000000001
0 0.9315161458333333 0.040834722222222224 0.007823958333333334 0.02796574074074074
1 0.5 0.4666615740740741 1.0 0.9333231481481482
0 0.9902348958333334 0.7162671296296296 0.009636458333333332 0.02142314814814815
0 0.9519033854166667 0.3840810185185185 0.009015104166666668 0.032976851851851854
0 0.05272239583333334 0.8383402777777778 0.005444791666666667 0.010013888888888888
0 0.11132552083333333 0.8404893518518519 0.005984375 0.008756481481481481
0 0.0156703125 0.255350462962963 0.008423958333333334 0.029219444444444444
1 0.49973958333333335 0.5370370370370371 0.9994791666666667 0.924074074074074
0 0.035416666666666666 0.15 0.010416666666666666 0.020370370370370372
0 0.042708333333333334 0.4888888888888889 0.009375 0.03148148148148148
0 0.9716145833333333 0.2898148148148148 0.0046875 0.009259259259259259
0 0.9143229166666667 0.27175925925925926 0.005729166666666666 0.010185185185185186
0 0.9565104166666667 0.8763888888888889 0.0078125 0.028703703703703703
1 0.5 0.4815486111111111 1.0 0.9630972222222222
0 0.05852265625 0.9347657407407408 0.0107953125 0.019531481481481483
0 0.04584453125 0.5955810185185185 0.0104390625 0.030050925925925925
0 0.9809768229166667 0.6217064814814814 0.004661979166666667 0.01007962962962963
0 0.9256567708333333 0.6499444444444445 0.0054802083333333335 0.011000000000000001
0 0.9315161458333333 0.040834722222222224 0.007823958333333334 0.02796574074074074
1 0.5 0.4666615740740741 1.0 0.9333231481481482
0 0.9902348958333334 0.7162671296296296 0.009636458333333332 0.02142314814814815
0 0.9519033854166667 0.3840810185185185 0.009015104166666668 0.032976851851851854
0 0.05272239583333334 0.8383402777777778 0.005444791666666667 0.010013888888888888
0 0.11132552083333333 0.8404893518518519 0.005984375 0.008756481481481481
0 0.0156703125 0.255350462962963 0.008423958333333334 0.029219444444444444
