1 0.49973958333333335 0.5310185185185186 0.9994791666666667 0.9361111111111111
0 0.33619791666666665 0.20833333333333334 0.0296875 0.022222222222222223
0 0.275 0.19490740740740742 0.016666666666666666 0.026851851851851852
0 0.48802083333333335 0.27546296296296297 0.021875 0.025
0 0.5161458333333333 0.39675925925925926 0.01875 0.04351851851851852
0 0.30078125 0.5861111111111111 0.030729166666666665 0.04814814814814815
0 0.27578125 0.6814814814814815 0.04114583333333333 0.07407407407407407
0 0.31197916666666664 0.3060185185185185 0.00625 0.032407407407407406
0 0.3692708333333333 0.6347222222222222 0.04791666666666667 0.030555555555555555
0 0.55 0.6388888888888888 0.01875 0.02962962962962963
0 0.30833333333333335 0.524537037037037 0.010416666666666666 0.019444444444444445
0 0.62890625 0.5634259259259259 0.011979166666666667 0.019444444444444445
0 0.2953125 0.7546296296296297 0.009375 0.014814814814814815
0 0.34921875 0.8662037037037037 0.0171875 0.05462962962962963
0 0.16432291666666668 0.8814814814814815 0.0067708333333333336 0.024074074074074074
0 0.590625 0.8152777777777778 0.009375 0.013888888888888888
0 0.6747395833333333 0.6916666666666667 0.005729166666666666 0.020370370370370372
0 0.4953125 0.48657407407407405 0.008333333333333333 0.017592592592592594
0 0.5653645833333333 0.16712962962962963 0.009895833333333333 0.03981481481481482
0 0.5830729166666667 0.15092592592592594 0.03177083333333333 0.05
0 0.71015625 0.19074074074074074 0.013020833333333334 0.024074074074074074
0 0.7947916666666667 0.42407407407407405 0.025 0.040740740740740744
0 0.7283854166666667 0.6013888888888889 0.0140625 0.025
0 0.91953125 0.6800925925925926 0.018229166666666668 0.125
0 0.83671875 0.6689814814814815 0.005729166666666666 0.012037037037037037
0 0.8359375 0.5902777777777778 0.01875 0.06388888888888888
0 0.84296875 0.44583333333333336 0.009895833333333333 0.013888888888888888
0 0.7580729166666667 0.26851851851851855 0.0109375 0.025925925925925925
0 0.9380208333333333 0.37037037037037035 0.005208333333333333 0.018518518518518517
0 0.9572916666666667 0.9171296296296296 0.008333333333333333 0.021296296296296296
0 0.9291666666666667 0.8324074074074074 0.004166666666666667 0.012962962962962963
0 0.9903645833333333 0.7055555555555556 0.0046875 0.016666666666666666
0 0.9609375 0.6782407407407407 0.004166666666666667 0.008333333333333333
0 0.9921875 0.9263888888888889 0.007291666666666667 0.019444444444444445
0 0.9489583333333333 0.9935185185185185 0.008333333333333333 0.011111111111111112
0 0.7356770833333334 0.9148148148148149 0.005729166666666666 0.012962962962962963
0 0.7184895833333333 0.5504629629629629 0.013020833333333334 0.012037037037037037
0 0.58125 0.5185185185185185 0.005208333333333333 0.009259259259259259
0 0.25738177083333336 0.6051620370370371 0.006430208333333334 0.03439814814814815
0 0.36380208333333336 0.7300925925925926 0.011979166666666667 0.03611111111111111
0 0.45807291666666666 0.85 0.008854166666666666 0.012962962962962963
0 0.46901041666666665 0.8111111111111111 0.011979166666666667 0.012962962962962963
0 0.39869791666666665 0.9606481481481481 0.015104166666666667 0.019444444444444445
0 0.40703125 0.7273148148148149 0.0046875 0.006481481481481481
0 0.43333333333333335 0.6935185185185185 0.004166666666666667 0.005555555555555556
0 0.3984375 0.8513888888888889 0.004166666666666667 0.004629629629629629
0 0.36796875 0.8495370370370371 0.005729166666666666 0.008333333333333333
0 0.4674479166666667 0.6592592592592592 0.0078125 0.009259259259259259
0 0.4328125 0.65 0.003125 0.009259259259259259
0 0.34479166666666666 0.5310185185185186 0.019791666666666666 0.05462962962962963
0 0.5171875 0.25416666666666665 0.026041666666666668 0.017592592592592594
0 0.7690104166666667 0.4111111111111111 0.0140625 0.014814814814814815
0 0.7341145833333333 0.3490740740740741 0.011979166666666667 0.022222222222222223
1 0.5 0.481099537037037 1.0 0.962199074074074
0 0.6548049479166667 0.8059814814814815 0.0294015625 0.021222222222222222
0 0.7155861979166667 0.8258564814814814 0.016589062499999998 0.02763888888888889
0 0.5056869791666666 0.7248347222222222 0.021790625 0.025595370370370372
0 0.4810315104166667 0.6015773148148148 0.018313020833333336 0.04389537037037037
0 0.70091015625 0.43234814814814815 0.030986979166666664 0.04802962962962963
0 0.7295002604166666 0.33905092592592595 0.03920885416666667 0.07625
0 0.6817666666666666 0.7108199074074074 0.006241666666666667 0.032750925925925926
0 0.6347268229166667 0.3778564814814815 0.047578645833333336 0.02978703703703704
0 0.4541130208333334 0.35696990740740736 0.01864270833333333 0.03060648148148148
0 0.6921122395833332 0.4930421296296296 0.010266145833333332 0.019417592592592594
0 0.37304609375000003 0.42471759259259256 0.0117171875 0.019805555555555555
0 0.7117955729166667 0.26516805555555556 0.0090078125 0.015521296296296299
0 0.6613661458333334 0.14825370370370372 0.016482291666666666 0.055766666666666666
0 0.8464190104166666 0.15005601851851852 0.0063796875 0.02418611111111111
0 0.4189208333333333 0.1764037037037037 0.009716666666666667 0.01391851851851852
0 0.3309856770833333 0.29179814814814814 0.005721354166666666 0.020633333333333333
0 0.50403828125 0.5136078703703704 0.0080765625 0.017956481481481483
0 0.42496458333333337 0.8263856481481481 0.010345833333333334 0.039808333333333334
0 0.40690052083333333 0.8404157407407408 0.031509375 0.049350000000000005
0 0.28089895833333334 0.7900162037037036 0.012839583333333333 0.02447685185185185
0 0.20361510416666664 0.5479694444444445 0.024938541666666664 0.04223518518518518
0 0.2748390625 0.3771037037037037 0.014261458333333334 0.024577777777777778
0 0.08521197916666666 0.2813203703703704 0.018340625 0.1256037037037037
0 0.16902005208333334 0.3002125 0.0057484375 0.011536111111111112
0 0.16718541666666667 0.3780032407407407 0.0197875 0.06341388888888888
0 0.156078125 0.5226513888888888 0.010072916666666666 0.013821296296296295
0 0.23543802083333334 0.7069 0.010459375 0.026762962962962964
0 0.059000520833333334 0.5888763888888888 0.005501041666666666 0.018493518518518517
0 0.055434375 0.04111620370370371 0.008785416666666665 0.021121296296296298
0 0.08124713541666666 0.12871898148148148 0.0041609375 0.012993518518518519
0 0.016539322916666665 0.24906250000000002 0.004953645833333333 0.01664351851851852
0 0.04480234375 0.27899120370370367 0.0041880208333333335 0.007982407407407409
0 0.02107369791666667 0.0289837962962963 0.007772395833333333 0.019078703703703705
0 0.27694166666666664 0.06392824074074074 0.005966666666666666 0.013041666666666667
0 0.28346223958333333 0.42966712962962966 0.0127578125 0.013037962962962963
0 0.4193763020833333 0.4740435185185185 0.005419270833333333 0.009198148148148148
0 0.7458713541666667 0.4171666666666667 0.006326041666666667 0.034333333333333334
0 0.6430151041666666 0.28267592592592594 0.012071875000000001 0.03572222222222222
0 0.5518986979166667 0.15393703703703704 0.009005729166666667 0.01342962962962963
0 0.5404109375 0.19205046296296296 0.012071875000000001 0.011878703703703704
0 0.6145744791666666 0.04915509259259259 0.014565625 0.02053240740740741
0 0.5997364583333333 0.28203703703703703 0.00468125 0.006666666666666667
0 0.5724473958333333 0.3129592592592592 0.0042697916666666665 0.005548148148148148
0 0.6115236979166667 0.15879305555555556 0.004297395833333333 0.004623148148148149
0 0.6420049479166666 0.1633476851851852 0.005884895833333333 0.008176851851851852
0 0.5372341145833333 0.34424444444444446 0.0078015624999999995 0.00885925925925926
0 0.5714200520833334 0.356475 0.0032567708333333333 0.009246296296296298
0 0.65629375 0.48329351851851854 0.0188375 0.05547592592592593
0 0.47561197916666664 0.7443361111111112 0.026223958333333335 0.01645
0 0.2289375 0.5640967592592593 0.014125 0.015230555555555556
0 0.2616833333333333 0.6288578703703704 0.011908333333333333 0.022530555555555554
1 0.5 0.5282226851851852 1.0 0.9434824074074074
0 0.33927968750000004 0.20354027777777778 0.029601041666666668 0.02189537037037037
0 0.27811458333333333 0.1876351851851852 0.016645833333333335 0.027122222222222225
0 0.4900934895833334 0.27556620370370366 0.021853645833333334 0.02520648148148148
0 0.51711328125 0.3977546296296296 0.018601562500000002 0.04365740740740741
0 0.30030807291666667 0.5804953703703704 0.030824479166666665 0.04802777777777777
0 0.2739020833333334 0.6744481481481481 0.0405125 0.07482222222222223
0 0.31406197916666667 0.300525 0.006248958333333333 0.03253148148148148
0 0.36817994791666664 0.6308949074074074 0.04781822916666667 0.03030833333333333
0 0.5484223958333333 0.6399824074074074 0.018719791666666666 0.029964814814814816
0 0.30830989583333335 0.5189800925925926 0.010369791666666666 0.019441666666666666
0 0.6283434895833333 0.5671925925925926 0.0118953125 0.01957037037037037
0 0.29264843749999997 0.7482680555555555 0.009255208333333332 0.01505462962962963
0 0.34545807291666664 0.8617717592592592 0.0169578125 0.055025
0 0.16061302083333334 0.8713185185185185 0.006642708333333333 0.02411851851851852
0 0.5875583333333334 0.8180625 0.009491666666666667 0.013902777777777778
0 0.6726557291666667 0.6972689814814815 0.005728125 0.02046388888888889
0 0.4952708333333333 0.4866375 0.00825 0.017719444444444444
0 0.5685661458333333 0.16898657407407408 0.010048958333333333 0.039825
0 0.5866799479166667 0.15360277777777778 0.03169322916666666 0.04979814814814815
0 0.7132528645833334 0.19729305555555557 0.0129640625 0.02421574074074074
0 0.7953059895833333 0.4335888888888889 0.024986979166666666 0.04125185185185185
0 0.7273791666666667 0.6087296296296296 0.014133333333333333 0.02486666666666667
0 0.9179901041666666 0.693175462962963 0.018271875 0.1252398148148148
0 0.8351604166666667 0.6790847222222223 0.0057375 0.011873148148148148
0 0.8350716145833333 0.6003935185185185 0.0191015625 0.06375
0 0.8435205729166667 0.4560092592592593 0.0099578125 0.013870370370370371
0 0.7600781249999999 0.27699537037037036 0.01078125 0.026212962962962962
0 0.9391119791666667 0.38425787037037035 0.005307291666666667 0.018515740740740742
0 0.9532015625 0.9309925925925926 0.008486458333333334 0.021244444444444444
0 0.92604140625 0.8453773148148148 0.004166145833333333 0.012976851851851852
0 0.9883263020833333 0.7203689814814815 0.004777604166666667 0.016663888888888888
0 0.9588583333333334 0.6920722222222222 0.004175 0.008218518518518517
0 0.9881020833333333 0.9411458333333333 0.007454166666666666 0.019328703703703702
0 0.7315507812500001 0.9222374999999999 0.005809895833333333 0.012993518518518519
0 0.7179268229166667 0.5571134259259259 0.012936979166666666 0.012375
0 0.5812859375 0.5212875 0.005280208333333333 0.009241666666666667
0 0.25632369791666665 0.5977490740740741 0.006397395833333333 0.034387037037037035
0 0.3617359375 0.7254037037037038 0.012013541666666665 0.03599259259259259
0 0.45445364583333336 0.8491537037037037 0.008907291666666668 0.013122222222222223
0 0.4659026041666667 0.8100064814814815 0.012013541666666665 0.012605555555555556
0 0.39444375 0.9571287037037037 0.014929166666666667 0.019812962962962963
0 0.40494765625 0.7245689814814814 0.0046869791666666666 0.006545370370370371
0 0.43126796875 0.6916662037037037 0.004202604166666667 0.005554629629629629
0 0.3948140625 0.8476847222222222 0.0042114583333333335 0.0046287037037037035
0 0.36434973958333333 0.8448824074074074 0.0057828125 0.008283333333333334
0 0.46588489583333337 0.6582680555555556 0.007811458333333333 0.009128703703703703
0 0.4312723958333333 0.6481472222222222 0.0031697916666666667 0.009257407407407407
0 0.34463567708333337 0.5265384259259259 0.019479687500000002 0.0549287037037037
0 0.5198260416666667 0.25488935185185185 0.026110416666666667 0.01718611111111111
0 0.7700645833333333 0.4195162037037037 0.0140875 0.014958333333333334
0 0.7356671875 0.3565365740740741 0.011959375 0.02233240740740741
1 0.49973958333333335 0.5310185185185186 0.9994791666666667 0.9361111111111111
0 0.33619791666666665 0.20833333333333334 0.0296875 0.022222222222222223
0 0.275 0.19490740740740742 0.016666666666666666 0.026851851851851852
0 0.48802083333333335 0.27546296296296297 0.021875 0.025
0 0.5161458333333333 0.39675925925925926 0.01875 0.04351851851851852
0 0.30078125 0.5861111111111111 0.030729166666666665 0.04814814814814815
0 0.27578125 0.6814814814814815 0.04114583333333333 0.07407407407407407
0 0.31197916666666664 0.3060185185185185 0.00625 0.032407407407407406
0 0.3692708333333333 0.6347222222222222 0.04791666666666667 0.030555555555555555
0 0.55 0.6388888888888888 0.01875 0.02962962962962963
0 0.30833333333333335 0.524537037037037 0.010416666666666666 0.019444444444444445
0 0.62890625 0.5634259259259259 0.011979166666666667 0.019444444444444445
0 0.2953125 0.7546296296296297 0.009375 0.014814814814814815
0 0.34921875 0.8662037037037037 0.0171875 0.05462962962962963
0 0.16432291666666668 0.8814814814814815 0.0067708333333333336 0.024074074074074074
0 0.590625 0.8152777777777778 0.009375 0.013888888888888888
0 0.6747395833333333 0.6916666666666667 0.005729166666666666 0.020370370370370372
0 0.4953125 0.48657407407407405 0.008333333333333333 0.017592592592592594
0 0.5653645833333333 0.16712962962962963 0.009895833333333333 0.03981481481481482
0 0.5830729166666667 0.15092592592592594 0.03177083333333333 0.05
0 0.71015625 0.19074074074074074 0.013020833333333334 0.024074074074074074
0 0.7947916666666667 0.42407407407407405 0.025 0.040740740740740744
0 0.7283854166666667 0.6013888888888889 0.0140625 0.025
0 0.91953125 0.6800925925925926 0.018229166666666668 0.125
0 0.83671875 0.6689814814814815 0.005729166666666666 0.012037037037037037
0 0.8359375 0.5902777777777778 0.01875 0.06388888888888888
0 0.84296875 0.44583333333333336 0.009895833333333333 0.013888888888888888
0 0.7580729166666667 0.26851851851851855 0.0109375 0.025925925925925925
0 0.9380208333333333 0.37037037037037035 0.005208333333333333 0.018518518518518517
0 0.9572916666666667 0.9171296296296296 0.008333333333333333 0.021296296296296296
0 0.9291666666666667 0.8324074074074074 0.004166666666666667 0.012962962962962963
0 0.9903645833333333 0.7055555555555556 0.0046875 0.016666666666666666
0 0.9609375 0.6782407407407407 0.004166666666666667 0.008333333333333333
0 0.9921875 0.9263888888888889 0.007291666666666667 0.019444444444444445
0 0.9489583333333333 0.9935185185185185 0.008333333333333333 0.011111111111111112
0 0.7356770833333334 0.9148148148148149 0.005729166666666666 0.012962962962962963
0 0.7184895833333333 0.5504629629629629 0.013020833333333334 0.012037037037037037
0 0.58125 0.5185185185185185 0.005208333333333333 0.009259259259259259
0 0.25738177083333336 0.6051620370370371 0.006430208333333334 0.03439814814814815
0 0.36380208333333336 0.7300925925925926 0.011979166666666667 0.03611111111111111
0 0.45807291666666666 0.85 0.008854166666666666 0.012962962962962963
0 0.46901041666666665 0.8111111111111111 0.011979166666666667 0.012962962962962963
0 0.39869791666666665 0.9606481481481481 0.015104166666666667 0.019444444444444445
0 0.40703125 0.7273148148148149 0.0046875 0.006481481481481481
0 0.43333333333333335 0.6935185185185185 0.004166666666666667 0.005555555555555556
0 0.3984375 0.8513888888888889 0.004166666666666667 0.004629629629629629
0 0.36796875 0.8495370370370371 0.005729166666666666 0.008333333333333333
0 0.4674479166666667 0.6592592592592592 0.0078125 0.009259259259259259
0 0.4328125 0.65 0.003125 0.009259259259259259
0 0.34479166666666666 0.5310185185185186 0.019791666666666666 0.05462962962962963
0 0.5171875 0.25416666666666665 0.026041666666666668 0.017592592592592594
0 0.7690104166666667 0.4111111111111111 0.0140625 0.014814814814814815
0 0.7341145833333333 0.3490740740740741 0.011979166666666667 0.022222222222222223
1 0.5 0.481099537037037 1.0 0.962199074074074
0 0.6548049479166667 0.8059814814814815 0.0294015625 0.021222222222222222
0 0.7155861979166667 0.8258564814814814 0.016589062499999998 0.02763888888888889
0 0.5056869791666666 0.7248347222222222 0.021790625 0.025595370370370372
0 0.4810315104166667 0.6015773148148148 0.018313020833333336 0.04389537037037037
0 0.70091015625 0.43234814814814815 0.030986979166666664 0.04802962962962963
0 0.7295002604166666 0.33905092592592595 0.03920885416666667 0.07625
0 0.6817666666666666 0.7108199074074074 0.006241666666666667 0.032750925925925926
0 0.6347268229166667 0.3778564814814815 0.047578645833333336 0.02978703703703704
0 0.4541130208333334 0.35696990740740736 0.01864270833333333 0.03060648148148148
0 0.6921122395833332 0.4930421296296296 0.010266145833333332 0.019417592592592594
0 0.37304609375000003 0.42471759259259256 0.0117171875 0.019805555555555555
0 0.7117955729166667 0.26516805555555556 0.0090078125 0.015521296296296299
0 0.6613661458333334 0.14825370370370372 0.016482291666666666 0.055766666666666666
0 0.8464190104166666 0.15005601851851852 0.0063796875 0.02418611111111111
0 0.4189208333333333 0.1764037037037037 0.009716666666666667 0.01391851851851852
0 0.3309856770833333 0.29179814814814814 0.005721354166666666 0.020633333333333333
0 0.50403828125 0.5136078703703704 0.0080765625 0.017956481481481483
0 0.42496458333333337 0.8263856481481481 0.010345833333333334 0.039808333333333334
0 0.40690052083333333 0.8404157407407408 0.031509375 0.049350000000000005
0 0.28089895833333334 0.7900162037037036 0.012839583333333333 0.02447685185185185
0 0.20361510416666664 0.5479694444444445 0.024938541666666664 0.04223518518518518
0 0.2748390625 0.3771037037037037 0.014261458333333334 0.024577777777777778
0 0.08521197916666666 0.2813203703703704 0.018340625 0.1256037037037037
0 0.16902005208333334 0.3002125 0.0057484375 0.011536111111111112
0 0.16718541666666667 0.3780032407407407 0.0197875 0.06341388888888888
0 0.156078125 0.5226513888888888 0.010072916666666666 0.013821296296296295
0 0.23543802083333334 0.7069 0.010459375 0.026762962962962964
0 0.059000520833333334 0.5888763888888888 0.005501041666666666 0.018493518518518517
0 0.055434375 0.04111620370370371 0.008785416666666665 0.021121296296296298
0 0.08124713541666666 0.12871898148148148 0.0041609375 0.012993518518518519
0 0.016539322916666665 0.24906250000000002 0.004953645833333333 0.01664351851851852
0 0.04480234375 0.27899120370370367 0.0041880208333333335 0.007982407407407409
0 0.02107369791666667 0.0289837962962963 0.007772395833333333 0.019078703703703705
0 0.27694166666666664 0.06392824074074074 0.005966666666666666 0.013041666666666667
0 0.28346223958333333 0.42966712962962966 0.0127578125 0.013037962962962963
0 0.4193763020833333 0.4740435185185185 0.005419270833333333 0.009198148148148148
0 0.7458713541666667 0.4171666666666667 0.006326041666666667 0.034333333333333334
0 0.6430151041666666 0.28267592592592594 0.012071875000000001 0.03572222222222222
0 0.5518986979166667 0.15393703703703704 0.009005729166666667 0.01342962962962963
0 0.5404109375 0.19205046296296296 0.012071875000000001 0.011878703703703704
0 0.6145744791666666 0.04915509259259259 0.014565625 0.02053240740740741
0 0.5997364583333333 0.28203703703703703 0.00468125 0.006666666666666667
0 0.5724473958333333 0.3129592592592592 0.0042697916666666665 0.005548148148148148
0 0.6115236979166667 0.15879305555555556 0.004297395833333333 0.004623148148148149
0 0.6420049479166666 0.1633476851851852 0.005884895833333333 0.008176851851851852
0 0.5372341145833333 0.34424444444444446 0.0078015624999999995 0.00885925925925926
0 0.5714200520833334 0.356475 0.0032567708333333333 0.009246296296296298
0 0.65629375 0.48329351851851854 0.0188375 0.05547592592592593
0 0.47561197916666664 0.7443361111111112 0.026223958333333335 0.01645
0 0.2289375 0.5640967592592593 0.014125 0.015230555555555556
0 0.2616833333333333 0.6288578703703704 0.011908333333333333 0.022530555555555554
1 0.5 0.5282226851851852 1.0 0.9434824074074074
0 0.33927968750000004 0.20354027777777778 0.029601041666666668 0.02189537037037037
0 0.27811458333333333 0.1876351851851852 0.016645833333333335 0.027122222222222225
0 0.4900934895833334 0.27556620370370366 0.021853645833333334 0.02520648148148148
0 0.51711328125 0.3977546296296296 0.018601562500000002 0.04365740740740741
0 0.30030807291666667 0.5804953703703704 0.030824479166666665 0.04802777777777777
0 0.2739020833333334 0.6744481481481481 0.0405125 0.07482222222222223
0 0.31406197916666667 0.300525 0.006248958333333333 0.03253148148148148
0 0.36817994791666664 0.6308949074074074 0.04781822916666667 0.03030833333333333
0 0.5484223958333333 0.6399824074074074 0.018719791666666666 0.029964814814814816
0 0.30830989583333335 0.5189800925925926 0.010369791666666666 0.019441666666666666
0 0.6283434895833333 0.5671925925925926 0.0118953125 0.01957037037037037
0 0.29264843749999997 0.7482680555555555 0.009255208333333332 0.01505462962962963
0 0.34545807291666664 0.8617717592592592 0.0169578125 0.055025
0 0.16061302083333334 0.8713185185185185 0.006642708333333333 0.02411851851851852
0 0.5875583333333334 0.8180625 0.009491666666666667 0.013902777777777778
0 0.6726557291666667 0.6972689814814815 0.005728125 0.02046388888888889
0 0.4952708333333333 0.4866375 0.00825 0.017719444444444444
0 0.5685661458333333 0.16898657407407408 0.010048958333333333 0.039825
0 0.5866799479166667 0.15360277777777778 0.03169322916666666 0.04979814814814815
0 0.7132528645833334 0.19729305555555557 0.0129640625 0.02421574074074074
0 0.7953059895833333 0.4335888888888889 0.024986979166666666 0.04125185185185185
0 0.7273791666666667 0.6087296296296296 0.014133333333333333 0.02486666666666667
0 0.9179901041666666 0.693175462962963 0.018271875 0.1252398148148148
0 0.8351604166666667 0.6790847222222223 0.0057375 0.011873148148148148
0 0.8350716145833333 0.6003935185185185 0.0191015625 0.06375
0 0.8435205729166667 0.4560092592592593 0.0099578125 0.013870370370370371
0 0.7600781249999999 0.27699537037037036 0.01078125 0.026212962962962962
0 0.9391119791666667 0.38425787037037035 0.005307291666666667 0.018515740740740742
0 0.9532015625 0.9309925925925926 0.008486458333333334 0.021244444444444444
0 0.92604140625 0.8453773148148148 0.004166145833333333 0.012976851851851852
0 0.9883263020833333 0.7203689814814815 0.004777604166666667 0.016663888888888888
0 0.9588583333333334 0.6920722222222222 0.004175 0.008218518518518517
0 0.9881020833333333 0.9411458333333333 0.007454166666666666 0.019328703703703702
0 0.7315507812500001 0.9222374999999999 0.005809895833333333 0.012993518518518519
0 0.7179268229166667 0.5571134259259259 0.012936979166666666 0.012375
0 0.5812859375 0.5212875 0.005280208333333333 0.009241666666666667
0 0.25632369791666665 0.5977490740740741 0.006397395833333333 0.034387037037037035
0 0.3617359375 0.7254037037037038 0.012013541666666665 0.03599259259259259
0 0.45445364583333336 0.8491537037037037 0.008907291666666668 0.013122222222222223
0 0.4659026041666667 0.8100064814814815 0.012013541666666665 0.012605555555555556
0 0.39444375 0.9571287037037037 0.014929166666666667 0.019812962962962963
0 0.40494765625 0.7245689814814814 0.0046869791666666666 0.006545370370370371
0 0.43126796875 0.6916662037037037 0.004202604166666667 0.005554629629629629
0 0.3948140625 0.8476847222222222 0.0042114583333333335 0.0046287037037037035
0 0.36434973958333333 0.8448824074074074 0.0057828125 0.008283333333333334
0 0.46588489583333337 0.6582680555555556 0.007811458333333333 0.009128703703703703
0 0.4312723958333333 0.6481472222222222 0.0031697916666666667 0.009257407407407407
0 0.34463567708333337 0.5265384259259259 0.019479687500000002 0.0549287037037037
0 0.5198260416666667 0.25488935185185185 0.026110416666666667 0.01718611111111111
0 0.7700645833333333 0.4195162037037037 0.0140875 0.014958333333333334
0 0.7356671875 0.3565365740740741 0.011959375 0.02233240740740741
