1 0.5 0.48361435185185186 1.0 0.9672287037037037
0 0.9850393229166666 0.32757731481481484 0.011745312499999999 0.06811759259259259
0 0.8282390625 0.18272037037037037 0.012728125 0.03210740740740741
0 0.53844609375 0.39382500000000004 0.0268921875 0.0728351851851852
0 0.8900598958333333 0.8081166666666666 0.014494791666666666 0.038455555555555555
0 0.9938880208333334 0.4117675925925926 0.011734375 0.055016666666666665
0 0.5227885416666667 0.04908935185185185 0.016410416666666667 0.016697222222222224
0 0.38674817708333337 0.018537962962962964 0.008913020833333334 0.020409259259259262
0 0.37182838541666663 0.05110555555555556 0.0165734375 0.03369259259259259
0 0.31896458333333333 0.014583333333333334 0.016054166666666668 0.029166666666666667
0 0.17149661458333335 0.04929212962962963 0.030493229166666667 0.03562129629629629
0 0.15279322916666666 0.07391435185185186 0.009753125 0.025606481481481484
0 0.07171484374999999 0.059625 0.017388020833333333 0.026657407407407407
0 0.25249739583333336 0.19529444444444444 0.019578125000000002 0.02392222222222222
0 0.12177317708333332 0.2944643518518519 0.019588020833333334 0.06300277777777778
0 0.12127760416666668 0.4092074074074074 0.030055208333333337 0.044340740740740736
0 0.10022578125 0.39462824074074077 0.012951562500000001 0.04851574074074074
0 0.27880703125 0.34511574074074075 0.0076140625 0.02912037037037037
0 0.05237083333333333 0.7007587962962962 0.008908333333333332 0.03855462962962963
0 0.09356197916666667 0.5938467592592593 0.015248958333333333 0.05250833333333334
0 0.04819114583333333 0.642174537037037 0.010965625 0.03620092592592593
0 0.012427083333333333 0.6745930555555556 0.0113125 0.030667592592592594
0 0.14576328125 0.7541842592592592 0.024859895833333333 0.03244259259259259
0 0.253384375 0.7161263888888889 0.008852083333333333 0.032252777777777776
0 0.23656588541666668 0.7458203703703704 0.013756770833333333 0.013862962962962962
0 0.25361848958333333 0.6313449074074073 0.011403645833333333 0.021949074074074072
0 0.14870963541666665 0.4377847222222222 0.008877604166666667 0.036680555555555557
0 0.12244348958333333 0.4462773148148148 0.014678645833333333 0.025887962962962963
0 0.13669453125 0.48110046296296294 0.0108890625 0.01775648148148148
0 0.10367421874999999 0.48070509259259264 0.021931770833333333 0.039187962962962966
0 0.30516588541666667 0.4450277777777778 0.009290104166666667 0.019685185185185188
0 0.23516875 0.26378287037037035 0.012004166666666666 0.036825000000000004
0 0.18723567708333333 0.34257037037037036 0.0390546875 0.04995555555555555
0 0.2929234375 0.47804398148148153 0.023346875 0.03016203703703704
0 0.1092359375 0.7350296296296296 0.009096875 0.033022222222222224
0 0.07466848958333333 0.7710736111111112 0.0357953125 0.04585092592592593
0 0.200684375 0.14225370370370372 0.009702083333333333 0.03450740740740741
0 0.13025833333333334 0.20146342592592592 0.01885 0.03440833333333333
0 0.305615625 0.3731791666666667 0.0049812500000000004 0.014876851851851851
0 0.2591822916666667 0.4411791666666667 0.00690625 0.011987962962962962
1 0.5 0.49369675925925927 1.0 0.9873935185185185
0 0.06196796875 0.09710972222222222 0.01872760416666667 0.06458981481481482
0 0.23357239583333333 0.033216203703703706 0.012978125 0.03124722222222222
0 0.4782953125 0.37996157407407405 0.02638229166666667 0.06733055555555556
0 0.07703046875000001 0.6052675925925926 0.009269270833333334 0.04201666666666667
0 0.03932421875 0.17381064814814814 0.0130234375 0.055028703703703705
0 0.5476361979166666 0.05518101851851852 0.0150640625 0.019621296296296296
0 0.6826947916666666 0.09244537037037036 0.00705625 0.021927777777777775
0 0.6929760416666666 0.13094722222222221 0.015118749999999999 0.03411666666666666
0 0.7511067708333333 0.10801342592592593 0.017838541666666666 0.05491574074074074
0 0.8863690104166667 0.23361296296296297 0.031071354166666666 0.03574444444444445
0 0.8993119791666667 0.26048333333333334 0.007998958333333334 0.02652222222222222
0 0.9793885416666667 0.28701620370370373 0.013985416666666667 0.031439814814814816
0 0.7845403645833334 0.32859074074074074 0.018039062499999998 0.0257
0 0.8954252604166667 0.4899680555555555 0.0137671875 0.0651212962962963
0 0.87800703125 0.6007259259259259 0.028930729166666665 0.04034074074074074
0 0.9010377604166667 0.5955226851851851 0.008325520833333332 0.05030462962962963
0 0.7362263020833333 0.4592050925925926 0.0057859375 0.029521296296296295
0 0.8992408854166667 0.9118356481481482 0.009940104166666667 0.03848611111111111
0 0.8776630208333334 0.7897125 0.014701041666666666 0.05535092592592593
0 0.9114940104166667 0.857637962962963 0.013613020833333333 0.03379444444444444
0 0.94143984375 0.9068606481481482 0.0141296875 0.026684259259259258
0 0.80158984375 0.9171467592592593 0.0219296875 0.034293518518518515
0 0.7039197916666667 0.8281351851851851 0.010964583333333333 0.030344444444444445
0 0.7150854166666666 0.8649208333333334 0.013504166666666668 0.01502685185185185
0 0.7165638020833334 0.7472439814814815 0.009169270833333333 0.022265740740740742
0 0.8479684895833334 0.6118990740740741 0.0105203125 0.03676111111111111
0 0.8716658854166667 0.6327967592592592 0.0131234375 0.030408333333333336
0 0.851934375 0.6611398148148148 0.008035416666666666 0.020427777777777777
0 0.8850317708333333 0.6755388888888889 0.022146875 0.03811481481481482
0 0.6959104166666666 0.5426861111111111 0.007445833333333333 0.02055740740740741
0 0.7927833333333333 0.4035990740740741 0.011608333333333333 0.03867962962962963
0 0.8243229166666667 0.5050439814814814 0.03197916666666666 0.058236111111111113
0 0.7019682291666667 0.5802499999999999 0.018519791666666667 0.04012962962962963
0 0.838746875 0.9184657407407407 0.009785416666666666 0.031375925925925925
0 0.8673643229166667 0.9669166666666666 0.03681197916666667 0.03938888888888889
0 0.8443434895833334 0.3035574074074074 0.007436979166666666 0.03674444444444444
0 0.90102890625 0.39515277777777774 0.015599479166666668 0.038453703703703705
0 0.70683828125 0.4735592592592593 0.006384895833333334 0.013785185185185185
0 0.7403432291666667 0.5612953703703704 0.005686458333333333 0.01147962962962963
1 0.49973958333333335 0.524074074074074 0.9994791666666667 0.95
0 0.0375 0.8046296296296296 0.014583333333333334 0.06666666666666667
0 0.20416666666666666 0.9046296296296297 0.0125 0.03148148148148148
0 0.46979166666666666 0.6148148148148148 0.025 0.07037037037037037
0 0.0875 0.3037037037037037 0.011458333333333333 0.040740740740740744
0 0.0203125 0.7240740740740741 0.011458333333333333 0.05555555555555555
0 0.5171875 0.9518518518518518 0.015625 0.018518518518518517
0 0.65390625 0.9439814814814815 0.0078125 0.021296296296296296
0 0.6661458333333333 0.9078703703703703 0.015625 0.03425925925925926
0 0.7223958333333333 0.9425925925925925 0.016666666666666666 0.05555555555555555
0 0.8643229166666667 0.85 0.030729166666666665 0.03518518518518519
0 0.88046875 0.8240740740740741 0.0078125 0.025925925925925925
0 0.9614583333333333 0.8157407407407408 0.015625 0.02962962962962963
0 0.7708333333333334 0.7324074074074074 0.01875 0.024074074074074074
0 0.8916666666666667 0.5962962962962963 0.015625 0.06481481481481481
0 0.88203125 0.4828703703703704 0.0296875 0.041666666666666664
0 0.9044270833333333 0.4925925925925926 0.009895833333333333 0.05
0 0.73203125 0.5916666666666667 0.005729166666666666 0.02962962962962963
0 0.9244791666666666 0.17777777777777778 0.009375 0.03888888888888889
0 0.8942708333333333 0.29398148148148145 0.013541666666666667 0.05462962962962963
0 0.9333333333333333 0.23425925925925925 0.0125 0.03518518518518519
0 0.9658854166666667 0.19212962962962962 0.013020833333333334 0.028703703703703703
0 0.8278645833333333 0.15046296296296297 0.0234375 0.032407407407407406
0 0.7247395833333333 0.21851851851851853 0.009895833333333333 0.03148148148148148
0 0.7385416666666667 0.1837962962962963 0.013541666666666667 0.013888888888888888
0 0.73203125 0.30185185185185187 0.009895833333333333 0.022222222222222223
0 0.8528645833333334 0.4638888888888889 0.009895833333333333 0.037037037037037035
0 0.8776041666666666 0.4486111111111111 0.013541666666666667 0.028703703703703703
0 0.8604166666666667 0.41712962962962963 0.009375 0.019444444444444445
0 0.89375 0.40879629629629627 0.021875 0.03796296296296296
0 0.6973958333333333 0.5 0.008333333333333333 0.020370370370370372
0 0.78359375 0.6592592592592592 0.0109375 0.037037037037037035
0 0.8223958333333333 0.5657407407407408 0.035416666666666666 0.053703703703703705
0 0.70625 0.46435185185185185 0.020833333333333332 0.03611111111111111
0 0.8651041666666667 0.1587962962962963 0.009375 0.032407407407407406
0 0.89609375 0.11481481481481481 0.0359375 0.040740740740740744
0 0.8276041666666667 0.7699074074074074 0.008333333333333333 0.03611111111111111
0 0.8908854166666667 0.6916666666666667 0.0171875 0.037037037037037035
0 0.7033854166666667 0.5717592592592593 0.005729166666666666 0.013888888888888888
0 0.7427083333333333 0.49166666666666664 0.00625 0.011111111111111112
1 0.5 0.48361435185185186 1.0 0.9672287037037037
0 0.9850393229166666 0.32757731481481484 0.011745312499999999 0.06811759259259259
0 0.8282390625 0.18272037037037037 0.012728125 0.03210740740740741
0 0.53844609375 0.39382500000000004 0.0268921875 0.0728351851851852
0 0.8900598958333333 0.8081166666666666 0.014494791666666666 0.038455555555555555
0 0.9938880208333334 0.4117675925925926 0.011734375 0.055016666666666665
0 0.5227885416666667 0.04908935185185185 0.016410416666666667 0.016697222222222224
0 0.38674817708333337 0.018537962962962964 0.008913020833333334 0.020409259259259262
0 0.37182838541666663 0.05110555555555556 0.0165734375 0.03369259259259259
0 0.31896458333333333 0.014583333333333334 0.016054166666666668 0.029166666666666667
0 0.17149661458333335 0.04929212962962963 0.030493229166666667 0.03562129629629629
0 0.15279322916666666 0.07391435185185186 0.009753125 0.025606481481481484
0 0.07171484374999999 0.059625 0.017388020833333333 0.026657407407407407
0 0.25249739583333336 0.19529444444444444 0.019578125000000002 0.02392222222222222
0 0.12177317708333332 0.2944643518518519 0.019588020833333334 0.06300277777777778
0 0.12127760416666668 0.4092074074074074 0.030055208333333337 0.044340740740740736
0 0.10022578125 0.39462824074074077 0.012951562500000001 0.04851574074074074
0 0.27880703125 0.34511574074074075 0.0076140625 0.02912037037037037
0 0.05237083333333333 0.7007587962962962 0.008908333333333332 0.03855462962962963
0 0.09356197916666667 0.5938467592592593 0.015248958333333333 0.05250833333333334
0 0.04819114583333333 0.642174537037037 0.010965625 0.03620092592592593
0 0.012427083333333333 0.6745930555555556 0.0113125 0.030667592592592594
0 0.14576328125 0.7541842592592592 0.024859895833333333 0.03244259259259259
0 0.253384375 0.7161263888888889 0.008852083333333333 0.032252777777777776
0 0.23656588541666668 0.7458203703703704 0.013756770833333333 0.013862962962962962
0 0.25361848958333333 0.6313449074074073 0.011403645833333333 0.021949074074074072
0 0.14870963541666665 0.4377847222222222 0.008877604166666667 0.036680555555555557
0 0.12244348958333333 0.4462773148148148 0.014678645833333333 0.025887962962962963
0 0.13669453125 0.48110046296296294 0.0108890625 0.01775648148148148
0 0.10367421874999999 0.48070509259259264 0.021931770833333333 0.039187962962962966
0 0.30516588541666667 0.4450277777777778 0.009290104166666667 0.019685185185185188
0 0.23516875 0.26378287037037035 0.012004166666666666 0.036825000000000004
0 0.18723567708333333 0.34257037037037036 0.0390546875 0.04995555555555555
0 0.2929234375 0.47804398148148153 0.023346875 0.03016203703703704
0 0.1092359375 0.7350296296296296 0.009096875 0.033022222222222224
0 0.07466848958333333 0.7710736111111112 0.0357953125 0.04585092592592593
0 0.200684375 0.14225370370370372 0.009702083333333333 0.03450740740740741
0 0.13025833333333334 0.20146342592592592 0.01885 0.03440833333333333
0 0.305615625 0.3731791666666667 0.0049812500000000004 0.014876851851851851
0 0.2591822916666667 0.4411791666666667 0.00690625 0.011987962962962962
1 0.5 0.49369675925925927 1.0 0.9873935185185185
0 0.06196796875 0.09710972222222222 0.01872760416666667 0.06458981481481482
0 0.23357239583333333 0.033216203703703706 0.012978125 0.03124722222222222
0 0.4782953125 0.37996157407407405 0.02638229166666667 0.06733055555555556
0 0.07703046875000001 0.6052675925925926 0.009269270833333334 0.04201666666666667
0 0.03932421875 0.17381064814814814 0.0130234375 0.055028703703703705
0 0.5476361979166666 0.05518101851851852 0.0150640625 0.019621296296296296
0 0.6826947916666666 0.09244537037037036 0.00705625 0.021927777777777775
0 0.6929760416666666 0.13094722222222221 0.015118749999999999 0.03411666666666666
0 0.7511067708333333 0.10801342592592593 0.017838541666666666 0.05491574074074074
0 0.8863690104166667 0.23361296296296297 0.031071354166666666 0.03574444444444445
0 0.8993119791666667 0.26048333333333334 0.007998958333333334 0.02652222222222222
0 0.9793885416666667 0.28701620370370373 0.013985416666666667 0.031439814814814816
0 0.7845403645833334 0.32859074074074074 0.018039062499999998 0.0257
0 0.8954252604166667 0.4899680555555555 0.0137671875 0.0651212962962963
0 0.87800703125 0.6007259259259259 0.028930729166666665 0.04034074074074074
0 0.9010377604166667 0.5955226851851851 0.008325520833333332 0.05030462962962963
0 0.7362263020833333 0.4592050925925926 0.0057859375 0.029521296296296295
0 0.8992408854166667 0.9118356481481482 0.009940104166666667 0.03848611111111111
0 0.8776630208333334 0.7897125 0.014701041666666666 0.05535092592592593
0 0.9114940104166667 0.857637962962963 0.013613020833333333 0.03379444444444444
0 0.94143984375 0.9068606481481482 0.0141296875 0.026684259259259258
0 0.80158984375 0.9171467592592593 0.0219296875 0.034293518518518515
0 0.7039197916666667 0.8281351851851851 0.010964583333333333 0.030344444444444445
0 0.7150854166666666 0.8649208333333334 0.013504166666666668 0.01502685185185185
0 0.7165638020833334 0.7472439814814815 0.009169270833333333 0.022265740740740742
0 0.8479684895833334 0.6118990740740741 0.0105203125 0.03676111111111111
0 0.8716658854166667 0.6327967592592592 0.0131234375 0.030408333333333336
0 0.851934375 0.6611398148148148 0.008035416666666666 0.020427777777777777
0 0.8850317708333333 0.6755388888888889 0.022146875 0.03811481481481482
0 0.6959104166666666 0.5426861111111111 0.007445833333333333 0.02055740740740741
0 0.7927833333333333 0.4035990740740741 0.011608333333333333 0.03867962962962963
0 0.8243229166666667 0.5050439814814814 0.03197916666666666 0.058236111111111113
0 0.7019682291666667 0.5802499999999999 0.018519791666666667 0.04012962962962963
0 0.838746875 0.9184657407407407 0.009785416666666666 0.031375925925925925
0 0.8673643229166667 0.9669166666666666 0.03681197916666667 0.03938888888888889
0 0.8443434895833334 0.3035574074074074 0.007436979166666666 0.03674444444444444
0 0.90102890625 0.39515277777777774 0.015599479166666668 0.038453703703703705
0 0.70683828125 0.4735592592592593 0.006384895833333334 0.013785185185185185
0 0.7403432291666667 0.5612953703703704 0.005686458333333333 0.01147962962962963
1 0.49973958333333335 0.524074074074074 0.9994791666666667 0.95
0 0.0375 0.8046296296296296 0.014583333333333334 0.06666666666666667
0 0.20416666666666666 0.9046296296296297 0.0125 0.03148148148148148
0 0.46979166666666666 0.6148148148148148 0.025 0.07037037037037037
0 0.0875 0.3037037037037037 0.011458333333333333 0.040740740740740744
0 0.0203125 0.7240740740740741 0.011458333333333333 0.05555555555555555
0 0.5171875 0.9518518518518518 0.015625 0.018518518518518517
0 0.65390625 0.9439814814814815 0.0078125 0.021296296296296296
0 0.6661458333333333 0.9078703703703703 0.015625 0.03425925925925926
0 0.7223958333333333 0.9425925925925925 0.016666666666666666 0.05555555555555555
0 0.8643229166666667 0.85 0.030729166666666665 0.03518518518518519
0 0.88046875 0.8240740740740741 0.0078125 0.025925925925925925
0 0.9614583333333333 0.8157407407407408 0.015625 0.02962962962962963
0 0.7708333333333334 0.7324074074074074 0.01875 0.024074074074074074
0 0.8916666666666667 0.5962962962962963 0.015625 0.06481481481481481
0 0.88203125 0.4828703703703704 0.0296875 0.041666666666666664
0 0.9044270833333333 0.4925925925925926 0.009895833333333333 0.05
0 0.73203125 0.5916666666666667 0.005729166666666666 0.02962962962962963
0 0.9244791666666666 0.17777777777777778 0.009375 0.03888888888888889
0 0.8942708333333333 0.29398148148148145 0.013541666666666667 0.05462962962962963
0 0.9333333333333333 0.23425925925925925 0.0125 0.03518518518518519
0 0.9658854166666667 0.19212962962962962 0.013020833333333334 0.028703703703703703
0 0.8278645833333333 0.15046296296296297 0.0234375 0.032407407407407406
0 0.7247395833333333 0.21851851851851853 0.009895833333333333 0.03148148148148148
0 0.7385416666666667 0.1837962962962963 0.013541666666666667 0.013888888888888888
0 0.73203125 0.30185185185185187 0.009895833333333333 0.022222222222222223
0 0.8528645833333334 0.4638888888888889 0.009895833333333333 0.037037037037037035
0 0.8776041666666666 0.4486111111111111 0.013541666666666667 0.028703703703703703
0 0.8604166666666667 0.41712962962962963 0.009375 0.019444444444444445
0 0.89375 0.40879629629629627 0.021875 0.03796296296296296
0 0.6973958333333333 0.5 0.008333333333333333 0.020370370370370372
0 0.78359375 0.6592592592592592 0.0109375 0.037037037037037035
0 0.8223958333333333 0.5657407407407408 0.035416666666666666 0.053703703703703705
0 0.70625 0.46435185185185185 0.020833333333333332 0.03611111111111111
0 0.8651041666666667 0.1587962962962963 0.009375 0.032407407407407406
0 0.89609375 0.11481481481481481 0.0359375 0.040740740740740744
0 0.8276041666666667 0.7699074074074074 0.008333333333333333 0.03611111111111111
0 0.8908854166666667 0.6916666666666667 0.0171875 0.037037037037037035
0 0.7033854166666667 0.5717592592592593 0.005729166666666666 0.013888888888888888
0 0.7427083333333333 0.49166666666666664 0.00625 0.011111111111111112
