1 0.5081809895833334 0.5044115740740741 0.9840703125 0.9903046296296296
1 0.8103708333333334 0.03124212962962963 0.054075 0.04211388888888889
0 0.3539377604166667 0.612975 0.0151671875 0.029653703703703706
0 0.28868125 0.5898157407407407 0.0148625 0.024075925925925924
0 0.29675729166666664 0.6910842592592592 0.012264583333333332 0.015501851851851853
1 0.51171875 0.5208333333333334 0.9755208333333333 0.9564814814814815
1 0.8479166666666667 0.12037037037037036 0.053125 0.04814814814814815
0 0.3458333333333333 0.5699074074074074 0.013541666666666667 0.028703703703703703
0 0.2833333333333333 0.5296296296296297 0.015625 0.022222222222222223
0 0.28229166666666666 0.6324074074074074 0.0125 0.016666666666666666
1 0.5114270833333333 0.4886847222222222 0.9770208333333333 0.9773694444444444
1 0.8681960937500001 0.8131439814814815 0.0520171875 0.05591759259259259
0 0.3425932291666667 0.4583240740740741 0.012269791666666667 0.029611111111111112
0 0.2824393229166667 0.5106148148148149 0.0159203125 0.02122962962962963
0 0.2760346354166667 0.40891666666666665 0.012485937499999999 0.017833333333333336
1 0.5081809895833334 0.5044115740740741 0.9840703125 0.9903046296296296
1 0.8103708333333334 0.03124212962962963 0.054075 0.04211388888888889
0 0.3539377604166667 0.612975 0.0151671875 0.029653703703703706
0 0.28868125 0.5898157407407407 0.0148625 0.024075925925925924
0 0.29675729166666664 0.6910842592592592 0.012264583333333332 0.015501851851851853
1 0.51171875 0.5208333333333334 0.9755208333333333 0.9564814814814815
1 0.8479166666666667 0.12037037037037036 0.053125 0.04814814814814815
0 0.3458333333333333 0.5699074074074074 0.013541666666666667 0.028703703703703703
0 0.2833333333333333 0.5296296296296297 0.015625 0.022222222222222223
0 0.28229166666666666 0.6324074074074074 0.0125 0.016666666666666666
1 0.5114270833333333 0.4886847222222222 0.9770208333333333 0.9773694444444444
1 0.8681960937500001 0.8131439814814815 0.0520171875 0.05591759259259259
0 0.3425932291666667 0.4583240740740741 0.012269791666666667 0.029611111111111112
0 0.2824393229166667 0.5106148148148149 0.0159203125 0.02122962962962963
0 0.2760346354166667 0.40891666666666665 0.012485937499999999 0.017833333333333336
