1 0.5208333333333334 0.5976851851851852 0.9572916666666667 0.8027777777777778
0 0.39453125 0.45046296296296295 0.019270833333333334 0.04537037037037037
0 0.4583333333333333 0.3425925925925926 0.019791666666666666 0.012962962962962963
0 0.659375 0.30787037037037035 0.011458333333333333 0.030555555555555555
0 0.7708333333333334 0.48935185185185187 0.007291666666666667 0.017592592592592594
0 0.21302083333333333 0.6875 0.014583333333333334 0.019444444444444445
0 0.47942708333333334 0.25416666666666665 0.005729166666666666 0.01574074074074074
0 0.31640625 0.20925925925925926 0.0078125 0.011111111111111112
1 0.47765260416666666 0.5897277777777777 0.9553052083333333 0.8201962962962963
0 0.60746875 0.4671666666666667 0.0180625 0.047296296296296295
0 0.54910234375 0.3494333333333333 0.0200796875 0.01182962962962963
0 0.35067942708333333 0.28402083333333333 0.010733854166666668 0.03100462962962963
0 0.2310104166666667 0.4478532407407408 0.007854166666666667 0.017928703703703704
0 0.7765802083333334 0.7308606481481482 0.014618750000000002 0.019128703703703703
0 0.5323369791666667 0.25800185185185187 0.0052989583333333335 0.016003703703703704
0 0.6973247395833333 0.23894861111111113 0.008191145833333333 0.011230555555555554
1 0.47830078125 0.5956939814814816 0.9566015625 0.8080546296296296
0 0.60627734375 0.45735092592592597 0.018804687499999997 0.04618333333333333
0 0.5448583333333333 0.3450916666666667 0.019925000000000002 0.012405555555555555
0 0.3446518229166667 0.29778888888888894 0.011178645833333334 0.03076296296296296
0 0.22980338541666667 0.47276064814814817 0.0075234375 0.01774351851851852
0 0.7833471354166667 0.7050384259259259 0.0146109375 0.01933611111111111
0 0.5251768229166667 0.2551523148148148 0.0055619791666666665 0.015860185185185185
0 0.68940234375 0.22039907407407408 0.007971354166666667 0.011168518518518519
1 0.5208333333333334 0.5976851851851852 0.9572916666666667 0.8027777777777778
0 0.39453125 0.45046296296296295 0.019270833333333334 0.04537037037037037
0 0.4583333333333333 0.3425925925925926 0.019791666666666666 0.012962962962962963
0 0.659375 0.30787037037037035 0.011458333333333333 0.030555555555555555
0 0.7708333333333334 0.48935185185185187 0.007291666666666667 0.017592592592592594
0 0.21302083333333333 0.6875 0.014583333333333334 0.019444444444444445
0 0.47942708333333334 0.25416666666666665 0.005729166666666666 0.01574074074074074
0 0.31640625 0.20925925925925926 0.0078125 0.011111111111111112
1 0.47765260416666666 0.5897277777777777 0.9553052083333333 0.8201962962962963
0 0.60746875 0.4671666666666667 0.0180625 0.047296296296296295
0 0.54910234375 0.3494333333333333 0.0200796875 0.01182962962962963
0 0.35067942708333333 0.28402083333333333 0.010733854166666668 0.03100462962962963
0 0.2310104166666667 0.4478532407407408 0.007854166666666667 0.017928703703703704
0 0.7765802083333334 0.7308606481481482 0.014618750000000002 0.019128703703703703
0 0.5323369791666667 0.25800185185185187 0.0052989583333333335 0.016003703703703704
0 0.6973247395833333 0.23894861111111113 0.008191145833333333 0.011230555555555554
1 0.47830078125 0.5956939814814816 0.9566015625 0.8080546296296296
0 0.60627734375 0.45735092592592597 0.018804687499999997 0.04618333333333333
0 0.5448583333333333 0.3450916666666667 0.019925000000000002 0.012405555555555555
0 0.3446518229166667 0.29778888888888894 0.011178645833333334 0.03076296296296296
0 0.22980338541666667 0.47276064814814817 0.0075234375 0.01774351851851852
0 0.7833471354166667 0.7050384259259259 0.0146109375 0.01933611111111111
0 0.5251768229166667 0.2551523148148148 0.0055619791666666665 0.015860185185185185
0 0.68940234375 0.22039907407407408 0.007971354166666667 0.011168518518518519
1 0.5208333333333334 0.5976851851851852 0.9572916666666667 0.8027777777777778
0 0.39453125 0.45046296296296295 0.019270833333333334 0.04537037037037037
0 0.4583333333333333 0.3425925925925926 0.019791666666666666 0.012962962962962963
0 0.659375 0.30787037037037035 0.011458333333333333 0.030555555555555555
0 0.7708333333333334 0.48935185185185187 0.007291666666666667 0.017592592592592594
0 0.21302083333333333 0.6875 0.014583333333333334 0.019444444444444445
0 0.47942708333333334 0.25416666666666665 0.005729166666666666 0.01574074074074074
0 0.31640625 0.20925925925925926 0.0078125 0.011111111111111112
1 0.47765260416666666 0.5897277777777777 0.9553052083333333 0.8201962962962963
0 0.60746875 0.4671666666666667 0.0180625 0.047296296296296295
0 0.54910234375 0.3494333333333333 0.0200796875 0.01182962962962963
0 0.35067942708333333 0.28402083333333333 0.010733854166666668 0.03100462962962963
0 0.2310104166666667 0.4478532407407408 0.007854166666666667 0.017928703703703704
0 0.7765802083333334 0.7308606481481482 0.014618750000000002 0.019128703703703703
0 0.5323369791666667 0.25800185185185187 0.0052989583333333335 0.016003703703703704
0 0.6973247395833333 0.23894861111111113 0.008191145833333333 0.011230555555555554
1 0.47830078125 0.5956939814814816 0.9566015625 0.8080546296296296
0 0.60627734375 0.45735092592592597 0.018804687499999997 0.04618333333333333
0 0.5448583333333333 0.3450916666666667 0.019925000000000002 0.012405555555555555
0 0.3446518229166667 0.29778888888888894 0.011178645833333334 0.03076296296296296
0 0.22980338541666667 0.47276064814814817 0.0075234375 0.01774351851851852
0 0.7833471354166667 0.7050384259259259 0.0146109375 0.01933611111111111
0 0.5251768229166667 0.2551523148148148 0.0055619791666666665 0.015860185185185185
0 0.68940234375 0.22039907407407408 0.007971354166666667 0.011168518518518519
