1 0.49973958333333335 0.5467592592592593 0.9994791666666667 0.9046296296296297
0 0.01875 0.8967592592592593 0.011458333333333333 0.01574074074074074
0 0.140625 0.5875 0.010416666666666666 0.028703703703703703
0 0.12473958333333333 0.9643518518518519 0.0109375 0.023148148148148147
0 0.43463541666666666 0.7564814814814815 0.0234375 0.046296296296296294
0 0.6763020833333333 0.861574074074074 0.0234375 0.023148148148148147
0 0.9765625 0.850925925925926 0.009375 0.022222222222222223
0 0.8028645833333333 0.45416666666666666 0.015104166666666667 0.030555555555555555
0 0.65625 0.7472222222222222 0.010416666666666666 0.016666666666666666
0 0.8630208333333333 0.7578703703703704 0.004166666666666667 0.04351851851851852
0 0.5174479166666667 0.3333333333333333 0.019270833333333334 0.02962962962962963
0 0.14791666666666667 0.5115740740740741 0.004166666666666667 0.019444444444444445
0 0.20963541666666666 0.5995370370370371 0.0067708333333333336 0.01574074074074074
1 0.5 0.4865865740740741 1.0 0.9731731481481481
0 0.86271640625 0.5019175925925926 0.0098078125 0.02790925925925926
0 0.9080692708333333 0.13279814814814814 0.009888541666666667 0.024855555555555558
0 0.5850244791666667 0.2624078703703704 0.024215625 0.045186111111111114
0 0.35358828125 0.09903055555555555 0.021759895833333334 0.027690740740740738
0 0.05533046875 0.03449722222222222 0.0106609375 0.020846296296296297
0 0.19639609375000003 0.4706847222222222 0.014667187500000001 0.030258333333333335
0 0.36504921875 0.217125 0.010306770833333334 0.01573148148148148
0 0.16091328125 0.15533194444444445 0.007243229166666667 0.04399722222222222
0 0.47047916666666667 0.6610550925925925 0.019083333333333334 0.02766574074074074
0 0.84969921875 0.5757787037037038 0.005648437500000001 0.018224074074074073
0 0.7949828125 0.47353472222222226 0.0066322916666666665 0.015587962962962963
1 0.5 0.4592314814814815 1.0 0.918462962962963
0 0.9884835937500001 0.13307546296296296 0.0113421875 0.016150925925925926
0 0.8608708333333334 0.43464907407407405 0.010283333333333334 0.028557407407407406
0 0.8839932291666667 0.059031481481481476 0.010694791666666667 0.023618518518518518
0 0.5701177083333333 0.24802083333333336 0.023568750000000003 0.04604166666666667
0 0.33080078125 0.12790555555555555 0.023059895833333333 0.024329629629629628
0 0.030378125 0.12021805555555555 0.009714583333333334 0.021917592592592593
0 0.19657369791666665 0.5273055555555556 0.015022395833333334 0.030537037037037033
0 0.34893697916666666 0.24341666666666664 0.010373958333333332 0.016462962962962964
0 0.14205625 0.2200074074074074 0.004945833333333333 0.04371851851851852
0 0.47942109375 0.6655217592592593 0.019258854166666665 0.029191666666666668
0 0.8522729166666667 0.510512962962963 0.004545833333333333 0.019174074074074073
0 0.7919158854166667 0.41897685185185185 0.0067484375 0.01573148148148148
1 0.49973958333333335 0.5467592592592593 0.9994791666666667 0.9046296296296297
0 0.01875 0.8967592592592593 0.011458333333333333 0.01574074074074074
0 0.140625 0.5875 0.010416666666666666 0.028703703703703703
0 0.12473958333333333 0.9643518518518519 0.0109375 0.023148148148148147
0 0.43463541666666666 0.7564814814814815 0.0234375 0.046296296296296294
0 0.6763020833333333 0.861574074074074 0.0234375 0.023148148148148147
0 0.9765625 0.850925925925926 0.009375 0.022222222222222223
0 0.8028645833333333 0.45416666666666666 0.015104166666666667 0.030555555555555555
0 0.65625 0.7472222222222222 0.010416666666666666 0.016666666666666666
0 0.8630208333333333 0.7578703703703704 0.004166666666666667 0.04351851851851852
0 0.5174479166666667 0.3333333333333333 0.019270833333333334 0.02962962962962963
0 0.14791666666666667 0.5115740740740741 0.004166666666666667 0.019444444444444445
0 0.20963541666666666 0.5995370370370371 0.0067708333333333336 0.01574074074074074
1 0.5 0.4865865740740741 1.0 0.9731731481481481
0 0.86271640625 0.5019175925925926 0.0098078125 0.02790925925925926
0 0.9080692708333333 0.13279814814814814 0.009888541666666667 0.024855555555555558
0 0.5850244791666667 0.2624078703703704 0.024215625 0.045186111111111114
0 0.35358828125 0.09903055555555555 0.021759895833333334 0.027690740740740738
0 0.05533046875 0.03449722222222222 0.0106609375 0.020846296296296297
0 0.19639609375000003 0.4706847222222222 0.014667187500000001 0.030258333333333335
0 0.36504921875 0.217125 0.010306770833333334 0.01573148148148148
0 0.16091328125 0.15533194444444445 0.007243229166666667 0.04399722222222222
0 0.47047916666666667 0.6610550925925925 0.019083333333333334 0.02766574074074074
0 0.84969921875 0.5757787037037038 0.005648437500000001 0.018224074074074073
0 0.7949828125 0.47353472222222226 0.0066322916666666665 0.015587962962962963
1 0.5 0.4592314814814815 1.0 0.918462962962963
0 0.9884835937500001 0.13307546296296296 0.0113421875 0.016150925925925926
0 0.8608708333333334 0.43464907407407405 0.010283333333333334 0.028557407407407406
0 0.8839932291666667 0.059031481481481476 0.010694791666666667 0.023618518518518518
0 0.5701177083333333 0.24802083333333336 0.023568750000000003 0.04604166666666667
0 0.33080078125 0.12790555555555555 0.023059895833333333 0.024329629629629628
0 0.030378125 0.12021805555555555 0.009714583333333334 0.021917592592592593
0 0.19657369791666665 0.5273055555555556 0.015022395833333334 0.030537037037037033
0 0.34893697916666666 0.24341666666666664 0.010373958333333332 0.016462962962962964
0 0.14205625 0.2200074074074074 0.004945833333333333 0.04371851851851852
0 0.47942109375 0.6655217592592593 0.019258854166666665 0.029191666666666668
0 0.8522729166666667 0.510512962962963 0.004545833333333333 0.019174074074074073
0 0.7919158854166667 0.41897685185185185 0.0067484375 0.01573148148148148
