1 0.5265625 0.5810185185185185 0.946875 0.8379629629629629
0 0.3651041666666667 0.3819444444444444 0.013541666666666667 0.026851851851851852
0 0.7463541666666667 0.7685185185185185 0.019791666666666666 0.03888888888888889
0 0.6565104166666667 0.961574074074074 0.0140625 0.04537037037037037
0 0.68984375 0.9513888888888888 0.0015625 0.004629629629629629
0 0.6911458333333333 0.9703703703703703 0.004166666666666667 0.024074074074074074
0 0.971875 0.8898148148148148 0.004166666666666667 0.012962962962962963
0 0.29609375 0.9462962962962963 0.0067708333333333336 0.007407407407407408
0 0.33515625 0.8875 0.034895833333333334 0.021296296296296296
0 0.35390625 0.9111111111111111 0.011979166666666667 0.007407407407407408
0 0.3734375 0.8481481481481481 0.005208333333333333 0.007407407407407408
0 0.33828125 0.25092592592592594 0.011979166666666667 0.014814814814814815
0 0.24010416666666667 0.3731481481481482 0.008333333333333333 0.018518518518518517
0 0.22447916666666667 0.34953703703703703 0.03958333333333333 0.019444444444444445
0 0.41302083333333334 0.38287037037037036 0.008333333333333333 0.010185185185185186
0 0.38984375 0.45046296296296295 0.0046875 0.008333333333333333
0 0.45729166666666665 0.19814814814814816 0.021875 0.027777777777777776
0 0.32708333333333334 0.5351851851851852 0.010416666666666666 0.022222222222222223
1 0.11328125 0.21342592592592594 0.030729166666666665 0.030555555555555555
0 0.32708333333333334 0.21805555555555556 0.010416666666666666 0.021296296296296296
0 0.7559895833333333 0.7310185185185185 0.019270833333333334 0.028703703703703703
0 0.32109375 0.6731481481481482 0.0067708333333333336 0.009259259259259259
0 0.36223958333333334 0.6796296296296296 0.0036458333333333334 0.005555555555555556
0 0.41380208333333335 0.6898148148148148 0.0036458333333333334 0.005555555555555556
0 0.25108177083333333 0.5376782407407408 0.008413541666666666 0.06980092592592593
1 0.47957942708333334 0.44528333333333336 0.9591588541666667 0.8905666666666667
0 0.6247622395833333 0.6509046296296296 0.015149479166666667 0.027735185185185186
0 0.27675208333333334 0.17266064814814816 0.020170833333333336 0.03606203703703704
0 0.38068203125 0.013282407407407408 0.0144890625 0.026564814814814815
0 0.34723645833333333 0.005995833333333334 0.0017645833333333333 0.004584259259259259
0 0.06312890624999999 0.0020810185185185185 0.0043828124999999996 0.004162037037037037
0 0.7368669270833333 0.10928750000000001 0.0070671875000000006 0.007463888888888889
0 0.69369140625 0.1570675925925926 0.034257812500000005 0.02895
0 0.6767645833333333 0.12870833333333334 0.0118625 0.009268518518518518
0 0.6526151041666667 0.18700092592592593 0.005230208333333333 0.007335185185185185
0 0.6403559895833334 0.7871342592592593 0.0109203125 0.01686111111111111
0 0.747559375 0.6896199074074074 0.009702083333333333 0.01627685185185185
0 0.7612067708333333 0.7172379629629629 0.03803854166666667 0.02892037037037037
0 0.5768614583333334 0.6369111111111111 0.007889583333333334 0.01085925925925926
0 0.6049934895833334 0.5759541666666667 0.0047786458333333335 0.007463888888888889
0 0.5185171875 0.8088018518518518 0.022451041666666668 0.026862962962962963
0 0.67392109375 0.5076138888888888 0.009300520833333333 0.022635185185185185
1 0.8598617187500001 0.8777162037037037 0.030140104166666667 0.03135833333333333
0 0.6491614583333334 0.8221949074074074 0.010822916666666666 0.02031574074074074
0 0.2650533854166667 0.20829583333333332 0.0186484375 0.02955462962962963
0 0.69054921875 0.3721699074074074 0.007140104166666666 0.00915462962962963
0 0.6507997395833333 0.3566476851851852 0.0036828125 0.005887962962962963
0 0.6003877604166666 0.33375740740740745 0.003900520833333333 0.006403703703703704
0 0.7492096354166667 0.5254004629629629 0.013002604166666666 0.06931944444444443
1 0.5233364583333333 0.43392453703703704 0.9529229166666667 0.8678490740740741
0 0.37135234375 0.6385592592592593 0.014579687499999999 0.027118518518518517
0 0.73233515625 0.1936037037037037 0.019878645833333333 0.037207407407407404
0 0.6335473958333334 0.018887962962962964 0.013969791666666667 0.03777592592592593
0 0.6669921875 0.020824537037037037 0.0016927083333333334 0.004612037037037037
0 0.6671151041666668 0.007018055555555556 0.004021875 0.014036111111111112
0 0.9507851562499999 0.03902546296296296 0.004695312500000001 0.013236111111111112
0 0.27484010416666665 0.08706342592592592 0.006971875 0.007460185185185185
0 0.31670182291666665 0.13992083333333333 0.034445312500000005 0.026137962962962964
0 0.3340916666666667 0.11355416666666666 0.011933333333333332 0.008589814814814814
0 0.35678359375 0.17313425925925927 0.005233854166666666 0.007379629629629629
0 0.35098411458333334 0.7738060185185185 0.011343229166666666 0.016130555555555554
0 0.24731302083333334 0.6669115740740741 0.009209374999999999 0.01715648148148148
0 0.23289479166666668 0.6923412037037038 0.038706250000000005 0.02542314814814815
0 0.41914140624999996 0.6303152777777777 0.008074479166666667 0.010630555555555556
0 0.3929825520833334 0.5667912037037037 0.004715104166666667 0.007656481481481482
0 0.47251302083333335 0.8071527777777778 0.022109375 0.02726851851851852
0 0.326225 0.49164722222222224 0.009741666666666668 0.022183333333333333
1 0.12927786458333335 0.8442060185185185 0.030430729166666667 0.03100462962962963
0 0.3418057291666667 0.807587962962963 0.010694791666666667 0.020731481481481483
0 0.7433166666666666 0.23036064814814816 0.018925 0.029239814814814816
0 0.3134044270833333 0.3554976851851852 0.0070171875 0.009143518518518518
0 0.35392213541666667 0.34270324074074077 0.0036776041666666667 0.005776851851851852
0 0.4050317708333333 0.32434583333333333 0.003813541666666667 0.006099074074074074
0 0.25029427083333333 0.5014962962962963 0.011005208333333332 0.06965925925925925
1 0.5265625 0.5810185185185185 0.946875 0.8379629629629629
0 0.3651041666666667 0.3819444444444444 0.013541666666666667 0.026851851851851852
0 0.7463541666666667 0.7685185185185185 0.019791666666666666 0.03888888888888889
0 0.6565104166666667 0.961574074074074 0.0140625 0.04537037037037037
0 0.68984375 0.9513888888888888 0.0015625 0.004629629629629629
0 0.6911458333333333 0.9703703703703703 0.004166666666666667 0.024074074074074074
0 0.971875 0.8898148148148148 0.004166666666666667 0.012962962962962963
0 0.29609375 0.9462962962962963 0.0067708333333333336 0.007407407407407408
0 0.33515625 0.8875 0.034895833333333334 0.021296296296296296
0 0.35390625 0.9111111111111111 0.011979166666666667 0.007407407407407408
0 0.3734375 0.8481481481481481 0.005208333333333333 0.007407407407407408
0 0.33828125 0.25092592592592594 0.011979166666666667 0.014814814814814815
0 0.24010416666666667 0.3731481481481482 0.008333333333333333 0.018518518518518517
0 0.22447916666666667 0.34953703703703703 0.03958333333333333 0.019444444444444445
0 0.41302083333333334 0.38287037037037036 0.008333333333333333 0.010185185185185186
0 0.38984375 0.45046296296296295 0.0046875 0.008333333333333333
0 0.45729166666666665 0.19814814814814816 0.021875 0.027777777777777776
0 0.32708333333333334 0.5351851851851852 0.010416666666666666 0.022222222222222223
1 0.11328125 0.21342592592592594 0.030729166666666665 0.030555555555555555
0 0.32708333333333334 0.21805555555555556 0.010416666666666666 0.021296296296296296
0 0.7559895833333333 0.7310185185185185 0.019270833333333334 0.028703703703703703
0 0.32109375 0.6731481481481482 0.0067708333333333336 0.009259259259259259
0 0.36223958333333334 0.6796296296296296 0.0036458333333333334 0.005555555555555556
0 0.41380208333333335 0.6898148148148148 0.0036458333333333334 0.005555555555555556
0 0.25108177083333333 0.5376782407407408 0.008413541666666666 0.06980092592592593
1 0.47957942708333334 0.44528333333333336 0.9591588541666667 0.8905666666666667
0 0.6247622395833333 0.6509046296296296 0.015149479166666667 0.027735185185185186
0 0.27675208333333334 0.17266064814814816 0.020170833333333336 0.03606203703703704
0 0.38068203125 0.013282407407407408 0.0144890625 0.026564814814814815
0 0.34723645833333333 0.005995833333333334 0.0017645833333333333 0.004584259259259259
0 0.06312890624999999 0.0020810185185185185 0.0043828124999999996 0.004162037037037037
0 0.7368669270833333 0.10928750000000001 0.0070671875000000006 0.007463888888888889
0 0.69369140625 0.1570675925925926 0.034257812500000005 0.02895
0 0.6767645833333333 0.12870833333333334 0.0118625 0.009268518518518518
0 0.6526151041666667 0.18700092592592593 0.005230208333333333 0.007335185185185185
0 0.6403559895833334 0.7871342592592593 0.0109203125 0.01686111111111111
0 0.747559375 0.6896199074074074 0.009702083333333333 0.01627685185185185
0 0.7612067708333333 0.7172379629629629 0.03803854166666667 0.02892037037037037
0 0.5768614583333334 0.6369111111111111 0.007889583333333334 0.01085925925925926
0 0.6049934895833334 0.5759541666666667 0.0047786458333333335 0.007463888888888889
0 0.5185171875 0.8088018518518518 0.022451041666666668 0.026862962962962963
0 0.67392109375 0.5076138888888888 0.009300520833333333 0.022635185185185185
1 0.8598617187500001 0.8777162037037037 0.030140104166666667 0.03135833333333333
0 0.6491614583333334 0.8221949074074074 0.010822916666666666 0.02031574074074074
0 0.2650533854166667 0.20829583333333332 0.0186484375 0.02955462962962963
0 0.69054921875 0.3721699074074074 0.007140104166666666 0.00915462962962963
0 0.6507997395833333 0.3566476851851852 0.0036828125 0.005887962962962963
0 0.6003877604166666 0.33375740740740745 0.003900520833333333 0.006403703703703704
0 0.7492096354166667 0.5254004629629629 0.013002604166666666 0.06931944444444443
1 0.5233364583333333 0.43392453703703704 0.9529229166666667 0.8678490740740741
0 0.37135234375 0.6385592592592593 0.014579687499999999 0.027118518518518517
0 0.73233515625 0.1936037037037037 0.019878645833333333 0.037207407407407404
0 0.6335473958333334 0.018887962962962964 0.013969791666666667 0.03777592592592593
0 0.6669921875 0.020824537037037037 0.0016927083333333334 0.004612037037037037
0 0.6671151041666668 0.007018055555555556 0.004021875 0.014036111111111112
0 0.9507851562499999 0.03902546296296296 0.004695312500000001 0.013236111111111112
0 0.27484010416666665 0.08706342592592592 0.006971875 0.007460185185185185
0 0.31670182291666665 0.13992083333333333 0.034445312500000005 0.026137962962962964
0 0.3340916666666667 0.11355416666666666 0.011933333333333332 0.008589814814814814
0 0.35678359375 0.17313425925925927 0.005233854166666666 0.007379629629629629
0 0.35098411458333334 0.7738060185185185 0.011343229166666666 0.016130555555555554
0 0.24731302083333334 0.6669115740740741 0.009209374999999999 0.01715648148148148
0 0.23289479166666668 0.6923412037037038 0.038706250000000005 0.02542314814814815
0 0.41914140624999996 0.6303152777777777 0.008074479166666667 0.010630555555555556
0 0.3929825520833334 0.5667912037037037 0.004715104166666667 0.007656481481481482
0 0.47251302083333335 0.8071527777777778 0.022109375 0.02726851851851852
0 0.326225 0.49164722222222224 0.009741666666666668 0.022183333333333333
1 0.12927786458333335 0.8442060185185185 0.030430729166666667 0.03100462962962963
0 0.3418057291666667 0.807587962962963 0.010694791666666667 0.020731481481481483
0 0.7433166666666666 0.23036064814814816 0.018925 0.029239814814814816
0 0.3134044270833333 0.3554976851851852 0.0070171875 0.009143518518518518
0 0.35392213541666667 0.34270324074074077 0.0036776041666666667 0.005776851851851852
0 0.4050317708333333 0.32434583333333333 0.003813541666666667 0.006099074074074074
0 0.25029427083333333 0.5014962962962963 0.011005208333333332 0.06965925925925925
