1 0.49498671875 0.5515162037037038 0.9899734375 0.8974768518518518
0 0.70205625 0.6108125 0.0197375 0.05495833333333333
0 0.6451776041666667 0.48536712962962963 0.023688541666666667 0.04851203703703704
0 0.6149950520833334 0.7073796296296296 0.029990104166666667 0.04438888888888889
0 0.6631 0.3234925925925926 0.02099166666666667 0.034022222222222225
0 0.5396380208333333 0.22713287037037036 0.019901041666666668 0.030191666666666665
0 0.36808125 0.6975842592592593 0.018454166666666667 0.04516851851851852
0 0.28973828125 0.6182939814814815 0.0232265625 0.03658796296296296
0 0.27639973958333336 0.5985425925925927 0.0142578125 0.02486296296296296
0 0.25774401041666667 0.7079851851851852 0.024863020833333336 0.028933333333333335
0 0.4202442708333333 0.7912351851851852 0.019655208333333334 0.03247037037037037
0 0.2954744791666667 0.8229657407407407 0.010740625 0.02185740740740741
0 0.32802057291666664 0.7722398148148149 0.008124479166666667 0.020405555555555555
0 0.3867184895833333 0.7887444444444445 0.015103645833333334 0.025637037037037035
0 0.6476338541666667 0.7878587962962963 0.012976041666666667 0.020162037037037037
0 0.6343356770833334 0.8572990740740741 0.0332546875 0.07570925925925927
0 0.5269833333333334 0.8207199074074074 0.016466666666666668 0.03218055555555556
0 0.3821752604166667 0.2196125 0.016433854166666668 0.05033611111111111
0 0.09877552083333334 0.8298115740740741 0.012134375 0.04851203703703704
0 0.12726510416666667 0.8302601851851852 0.018071875 0.045705555555555555
0 0.1176109375 0.8039476851851852 0.016471875 0.037525
0 0.20570520833333333 0.5437708333333333 0.01349375 0.03198611111111111
0 0.12338098958333334 0.8953375 0.010303645833333335 0.029563888888888886
0 0.9515929687500001 0.7003796296296296 0.022977604166666665 0.06557407407407406
0 0.70488984375 0.2764935185185185 0.010821354166666667 0.03261666666666667
0 0.7224875 0.23854259259259258 0.0064333333333333334 0.019677777777777777
0 0.5844411458333333 0.23513796296296297 0.015757291666666666 0.01657222222222222
0 0.4498385416666667 0.15529351851851853 0.00384375 0.006883333333333333
0 0.4399169270833333 0.1478287037037037 0.0131671875 0.027138888888888886
0 0.452940625 0.13988564814814816 0.012131250000000001 0.018660185185185182
0 0.3759088541666667 0.16694444444444445 0.013276041666666665 0.02277777777777778
0 0.31846718749999997 0.35490787037037036 0.04735104166666667 0.06351944444444445
0 0.41294583333333335 0.6413856481481481 0.017558333333333336 0.030919444444444444
0 0.20687395833333333 0.694424074074074 0.002289583333333333 0.007366666666666667
0 0.1960609375 0.695124537037037 0.011913541666666666 0.018026851851851853
0 0.16051666666666667 0.7182875 0.008533333333333334 0.021760185185185188
0 0.68413046875 0.48133750000000003 0.014094270833333334 0.016378703703703704
1 0.5050283854166666 0.46285046296296295 0.9902651041666667 0.9257009259259259
0 0.2912015625 0.45363842592592596 0.019903125 0.05357314814814815
0 0.3586151041666667 0.5591481481481482 0.021396875 0.04607407407407407
0 0.36647109375000003 0.33143194444444446 0.031900520833333335 0.040641666666666666
0 0.35717552083333337 0.7246685185185185 0.020601041666666667 0.03267037037037037
0 0.487971875 0.7798638888888889 0.020735416666666666 0.028246296296296297
0 0.6113471354166666 0.26443796296296296 0.016444270833333333 0.04369074074074074
0 0.6957442708333333 0.3185425925925926 0.023780208333333334 0.033381481481481484
0 0.7105442708333333 0.3340888888888889 0.014838541666666667 0.025585185185185187
0 0.71715703125 0.22011898148148148 0.0249390625 0.030978703703703703
0 0.5497888020833333 0.18910879629629632 0.019369270833333334 0.031921296296296295
0 0.6695125 0.1187175925925926 0.0109 0.02262037037037037
0 0.6432734375 0.17847314814814816 0.008421875 0.02176111111111111
0 0.5829388020833334 0.17995324074074073 0.015877604166666667 0.02657314814814815
0 0.3263588541666667 0.2614092592592593 0.013134375 0.020966666666666665
0 0.3327455729166667 0.19088055555555555 0.027991145833333335 0.08176111111111112
0 0.44141614583333333 0.193112962962963 0.017207291666666666 0.03252222222222222
0 0.6422260416666667 0.7410472222222222 0.017785416666666668 0.04876111111111111
0 0.8633609375 0.051040740740740734 0.015263541666666667 0.04652592592592592
0 0.8349851562499999 0.05823287037037037 0.014761979166666666 0.047947222222222224
0 0.84749609375 0.0811425925925926 0.01895052083333333 0.03450740740740741
0 0.7860005208333334 0.3664023148148148 0.012626041666666667 0.03095277777777778
0 0.8321151041666667 0.0048342592592592595 0.007980208333333332 0.009668518518518519
0 0.03465833333333333 0.44320138888888894 0.0214 0.0660324074074074
0 0.31971302083333336 0.7839185185185185 0.009217708333333333 0.032651851851851856
0 0.3062005208333333 0.8270208333333333 0.006151041666666667 0.020708333333333332
0 0.44276197916666665 0.7864277777777777 0.015732291666666665 0.013596296296296296
0 0.5829958333333334 0.8242263888888889 0.0034916666666666664 0.007712037037037037
0 0.59333984375 0.8282199074074074 0.013763020833333334 0.024958333333333332
0 0.5809023437499999 0.8386282407407407 0.0118046875 0.019849074074074075
0 0.6548231770833334 0.7900138888888889 0.012771354166666667 0.02262037037037037
0 0.692696875 0.5904592592592592 0.04789375 0.0624
0 0.5722153645833333 0.3327361111111111 0.019430729166666667 0.03028703703703704
0 0.76986171875 0.21850972222222223 0.0022234375 0.007389814814814814
0 0.7804541666666667 0.21338425925925927 0.011949999999999999 0.015657407407407408
0 0.8128403645833333 0.1807986111111111 0.0090140625 0.02085648148148148
0 0.3204401041666667 0.5753587962962964 0.014838541666666667 0.013680555555555555
1 0.5057291666666667 0.5486111111111112 0.9875 0.9009259259259259
0 0.29322916666666665 0.5722222222222222 0.019791666666666666 0.053703703703703705
0 0.35651041666666666 0.4587962962962963 0.022395833333333334 0.04722222222222222
0 0.3734375 0.6842592592592592 0.03125 0.040740740740740744
0 0.3484375 0.2935185185185185 0.020833333333333332 0.03333333333333333
0 0.47682291666666665 0.22175925925925927 0.0203125 0.028703703703703703
0 0.6200520833333333 0.7212962962962963 0.0171875 0.044444444444444446
0 0.70234375 0.6569444444444444 0.0234375 0.03425925925925926
0 0.7166666666666667 0.6393518518518518 0.014583333333333334 0.025
0 0.728125 0.7518518518518519 0.025 0.02962962962962963
0 0.5622395833333333 0.8046296296296296 0.019270833333333334 0.03148148148148148
0 0.6838541666666667 0.8592592592592593 0.010416666666666666 0.022222222222222223
0 0.6552083333333333 0.8032407407407407 0.008333333333333333 0.021296296296296296
0 0.5953125 0.8083333333333333 0.015625 0.025925925925925925
0 0.33619791666666665 0.7592592592592593 0.013020833333333334 0.020370370370370372
0 0.3453125 0.8296296296296296 0.030208333333333334 0.07962962962962963
0 0.45364583333333336 0.8134259259259259 0.016666666666666666 0.032407407407407406
0 0.6326122395833333 0.2423787037037037 0.017307812500000002 0.04957222222222222
0 0.8799479166666667 0.9032407407407408 0.0140625 0.04722222222222222
0 0.8513020833333333 0.8986111111111111 0.016145833333333335 0.04722222222222222
0 0.8630643229166667 0.8740740740740741 0.0177953125 0.03518518518518519
0 0.7903645833333334 0.5981481481481481 0.013020833333333334 0.03148148148148148
0 0.8513020833333333 0.9629629629629629 0.009895833333333333 0.02962962962962963
0 0.03854166666666667 0.6152777777777778 0.020833333333333332 0.06574074074074074
0 0.30911458333333336 0.23935185185185184 0.009895833333333333 0.032407407407407406
0 0.29375 0.19814814814814816 0.00625 0.020370370370370372
0 0.4317708333333333 0.2212962962962963 0.015625 0.014814814814814815
0 0.5700520833333333 0.16666666666666666 0.0036458333333333334 0.007407407407407408
0 0.5802083333333333 0.16111111111111112 0.013541666666666667 0.025925925925925925
0 0.5674479166666667 0.15138888888888888 0.011979166666666667 0.019444444444444445
0 0.64296875 0.19166666666666668 0.013020833333333334 0.022222222222222223
0 0.6890299479166667 0.38709490740740743 0.0478515625 0.0630787037037037
0 0.5786458333333333 0.6578703703703703 0.01875 0.030555555555555555
0 0.7802083333333333 0.7472222222222222 0.0020833333333333333 0.007407407407407408
0 0.7908854166666667 0.7509259259259259 0.011979166666666667 0.016666666666666666
0 0.8247395833333333 0.7800925925925926 0.008854166666666666 0.021296296296296296
0 0.3177083333333333 0.44722222222222224 0.014583333333333334 0.014814814814814815
1 0.49498671875 0.5515162037037038 0.9899734375 0.8974768518518518
0 0.70205625 0.6108125 0.0197375 0.05495833333333333
0 0.6451776041666667 0.48536712962962963 0.023688541666666667 0.04851203703703704
0 0.6149950520833334 0.7073796296296296 0.029990104166666667 0.04438888888888889
0 0.6631 0.3234925925925926 0.02099166666666667 0.034022222222222225
0 0.5396380208333333 0.22713287037037036 0.019901041666666668 0.030191666666666665
0 0.36808125 0.6975842592592593 0.018454166666666667 0.04516851851851852
0 0.28973828125 0.6182939814814815 0.0232265625 0.03658796296296296
0 0.27639973958333336 0.5985425925925927 0.0142578125 0.02486296296296296
0 0.25774401041666667 0.7079851851851852 0.024863020833333336 0.028933333333333335
0 0.4202442708333333 0.7912351851851852 0.019655208333333334 0.03247037037037037
0 0.2954744791666667 0.8229657407407407 0.010740625 0.02185740740740741
0 0.32802057291666664 0.7722398148148149 0.008124479166666667 0.020405555555555555
0 0.3867184895833333 0.7887444444444445 0.015103645833333334 0.025637037037037035
0 0.6476338541666667 0.7878587962962963 0.012976041666666667 0.020162037037037037
0 0.6343356770833334 0.8572990740740741 0.0332546875 0.07570925925925927
0 0.5269833333333334 0.8207199074074074 0.016466666666666668 0.03218055555555556
0 0.3821752604166667 0.2196125 0.016433854166666668 0.05033611111111111
0 0.09877552083333334 0.8298115740740741 0.012134375 0.04851203703703704
0 0.12726510416666667 0.8302601851851852 0.018071875 0.045705555555555555
0 0.1176109375 0.8039476851851852 0.016471875 0.037525
0 0.20570520833333333 0.5437708333333333 0.01349375 0.03198611111111111
0 0.12338098958333334 0.8953375 0.010303645833333335 0.029563888888888886
0 0.9515929687500001 0.7003796296296296 0.022977604166666665 0.06557407407407406
0 0.70488984375 0.2764935185185185 0.010821354166666667 0.03261666666666667
0 0.7224875 0.23854259259259258 0.0064333333333333334 0.019677777777777777
0 0.5844411458333333 0.23513796296296297 0.015757291666666666 0.01657222222222222
0 0.4498385416666667 0.15529351851851853 0.00384375 0.006883333333333333
0 0.4399169270833333 0.1478287037037037 0.0131671875 0.027138888888888886
0 0.452940625 0.13988564814814816 0.012131250000000001 0.018660185185185182
0 0.3759088541666667 0.16694444444444445 0.013276041666666665 0.02277777777777778
0 0.31846718749999997 0.35490787037037036 0.04735104166666667 0.06351944444444445
0 0.41294583333333335 0.6413856481481481 0.017558333333333336 0.030919444444444444
0 0.20687395833333333 0.694424074074074 0.002289583333333333 0.007366666666666667
0 0.1960609375 0.695124537037037 0.011913541666666666 0.018026851851851853
0 0.16051666666666667 0.7182875 0.008533333333333334 0.021760185185185188
0 0.68413046875 0.48133750000000003 0.014094270833333334 0.016378703703703704
1 0.5050283854166666 0.46285046296296295 0.9902651041666667 0.9257009259259259
0 0.2912015625 0.45363842592592596 0.019903125 0.05357314814814815
0 0.3586151041666667 0.5591481481481482 0.021396875 0.04607407407407407
0 0.36647109375000003 0.33143194444444446 0.031900520833333335 0.040641666666666666
0 0.35717552083333337 0.7246685185185185 0.020601041666666667 0.03267037037037037
0 0.487971875 0.7798638888888889 0.020735416666666666 0.028246296296296297
0 0.6113471354166666 0.26443796296296296 0.016444270833333333 0.04369074074074074
0 0.6957442708333333 0.3185425925925926 0.023780208333333334 0.033381481481481484
0 0.7105442708333333 0.3340888888888889 0.014838541666666667 0.025585185185185187
0 0.71715703125 0.22011898148148148 0.0249390625 0.030978703703703703
0 0.5497888020833333 0.18910879629629632 0.019369270833333334 0.031921296296296295
0 0.6695125 0.1187175925925926 0.0109 0.02262037037037037
0 0.6432734375 0.17847314814814816 0.008421875 0.02176111111111111
0 0.5829388020833334 0.17995324074074073 0.015877604166666667 0.02657314814814815
0 0.3263588541666667 0.2614092592592593 0.013134375 0.020966666666666665
0 0.3327455729166667 0.19088055555555555 0.027991145833333335 0.08176111111111112
0 0.44141614583333333 0.193112962962963 0.017207291666666666 0.03252222222222222
0 0.6422260416666667 0.7410472222222222 0.017785416666666668 0.04876111111111111
0 0.8633609375 0.051040740740740734 0.015263541666666667 0.04652592592592592
0 0.8349851562499999 0.05823287037037037 0.014761979166666666 0.047947222222222224
0 0.84749609375 0.0811425925925926 0.01895052083333333 0.03450740740740741
0 0.7860005208333334 0.3664023148148148 0.012626041666666667 0.03095277777777778
0 0.8321151041666667 0.0048342592592592595 0.007980208333333332 0.009668518518518519
0 0.03465833333333333 0.44320138888888894 0.0214 0.0660324074074074
0 0.31971302083333336 0.7839185185185185 0.009217708333333333 0.032651851851851856
0 0.3062005208333333 0.8270208333333333 0.006151041666666667 0.020708333333333332
0 0.44276197916666665 0.7864277777777777 0.015732291666666665 0.013596296296296296
0 0.5829958333333334 0.8242263888888889 0.0034916666666666664 0.007712037037037037
0 0.59333984375 0.8282199074074074 0.013763020833333334 0.024958333333333332
0 0.5809023437499999 0.8386282407407407 0.0118046875 0.019849074074074075
0 0.6548231770833334 0.7900138888888889 0.012771354166666667 0.02262037037037037
0 0.692696875 0.5904592592592592 0.04789375 0.0624
0 0.5722153645833333 0.3327361111111111 0.019430729166666667 0.03028703703703704
0 0.76986171875 0.21850972222222223 0.0022234375 0.007389814814814814
0 0.7804541666666667 0.21338425925925927 0.011949999999999999 0.015657407407407408
0 0.8128403645833333 0.1807986111111111 0.0090140625 0.02085648148148148
0 0.3204401041666667 0.5753587962962964 0.014838541666666667 0.013680555555555555
1 0.5057291666666667 0.5486111111111112 0.9875 0.9009259259259259
0 0.29322916666666665 0.5722222222222222 0.019791666666666666 0.053703703703703705
0 0.35651041666666666 0.4587962962962963 0.022395833333333334 0.04722222222222222
0 0.3734375 0.6842592592592592 0.03125 0.040740740740740744
0 0.3484375 0.2935185185185185 0.020833333333333332 0.03333333333333333
0 0.47682291666666665 0.22175925925925927 0.0203125 0.028703703703703703
0 0.6200520833333333 0.7212962962962963 0.0171875 0.044444444444444446
0 0.70234375 0.6569444444444444 0.0234375 0.03425925925925926
0 0.7166666666666667 0.6393518518518518 0.014583333333333334 0.025
0 0.728125 0.7518518518518519 0.025 0.02962962962962963
0 0.5622395833333333 0.8046296296296296 0.019270833333333334 0.03148148148148148
0 0.6838541666666667 0.8592592592592593 0.010416666666666666 0.022222222222222223
0 0.6552083333333333 0.8032407407407407 0.008333333333333333 0.021296296296296296
0 0.5953125 0.8083333333333333 0.015625 0.025925925925925925
0 0.33619791666666665 0.7592592592592593 0.013020833333333334 0.020370370370370372
0 0.3453125 0.8296296296296296 0.030208333333333334 0.07962962962962963
0 0.45364583333333336 0.8134259259259259 0.016666666666666666 0.032407407407407406
0 0.6326122395833333 0.2423787037037037 0.017307812500000002 0.04957222222222222
0 0.8799479166666667 0.9032407407407408 0.0140625 0.04722222222222222
0 0.8513020833333333 0.8986111111111111 0.016145833333333335 0.04722222222222222
0 0.8630643229166667 0.8740740740740741 0.0177953125 0.03518518518518519
0 0.7903645833333334 0.5981481481481481 0.013020833333333334 0.03148148148148148
0 0.8513020833333333 0.9629629629629629 0.009895833333333333 0.02962962962962963
0 0.03854166666666667 0.6152777777777778 0.020833333333333332 0.06574074074074074
0 0.30911458333333336 0.23935185185185184 0.009895833333333333 0.032407407407407406
0 0.29375 0.19814814814814816 0.00625 0.020370370370370372
0 0.4317708333333333 0.2212962962962963 0.015625 0.014814814814814815
0 0.5700520833333333 0.16666666666666666 0.0036458333333333334 0.007407407407407408
0 0.5802083333333333 0.16111111111111112 0.013541666666666667 0.025925925925925925
0 0.5674479166666667 0.15138888888888888 0.011979166666666667 0.019444444444444445
0 0.64296875 0.19166666666666668 0.013020833333333334 0.022222222222222223
0 0.6890299479166667 0.38709490740740743 0.0478515625 0.0630787037037037
0 0.5786458333333333 0.6578703703703703 0.01875 0.030555555555555555
0 0.7802083333333333 0.7472222222222222 0.0020833333333333333 0.007407407407407408
0 0.7908854166666667 0.7509259259259259 0.011979166666666667 0.016666666666666666
0 0.8247395833333333 0.7800925925925926 0.008854166666666666 0.021296296296296296
0 0.3177083333333333 0.44722222222222224 0.014583333333333334 0.014814814814814815
