1 0.49973958333333335 0.5138888888888888 0.9994791666666667 0.9703703703703703
0 0.15390625 0.48194444444444445 0.0078125 0.023148148148148147
0 0.17630208333333333 0.9560185185185185 0.0109375 0.03425925925925926
0 0.8052083333333333 0.8222222222222222 0.029166666666666667 0.07037037037037037
1 0.5 0.5155555555555555 1.0 0.9681481481481481
0 0.84603671875 0.50325 0.0076984375 0.023166666666666665
0 0.8143921875 0.9753231481481481 0.011076041666666666 0.03397962962962963
0 0.18882630208333331 0.8029662037037036 0.028694270833333334 0.07074722222222223
1 0.5 0.5009828703703704 1.0 0.9982620370370371
0 0.15669270833333335 0.4179439814814815 0.008177083333333333 0.022925
0 0.15125442708333334 0.894275 0.011883854166666668 0.0348462962962963
0 0.7844546875 0.8774884259259259 0.030367708333333333 0.06979166666666667
1 0.49973958333333335 0.5138888888888888 0.9994791666666667 0.9703703703703703
0 0.15390625 0.48194444444444445 0.0078125 0.023148148148148147
0 0.17630208333333333 0.9560185185185185 0.0109375 0.03425925925925926
0 0.8052083333333333 0.8222222222222222 0.029166666666666667 0.07037037037037037
1 0.5 0.5155555555555555 1.0 0.9681481481481481
0 0.84603671875 0.50325 0.0076984375 0.023166666666666665
0 0.8143921875 0.9753231481481481 0.011076041666666666 0.03397962962962963
0 0.18882630208333331 0.8029662037037036 0.028694270833333334 0.07074722222222223
1 0.5 0.5009828703703704 1.0 0.9982620370370371
0 0.15669270833333335 0.4179439814814815 0.008177083333333333 0.022925
0 0.15125442708333334 0.894275 0.011883854166666668 0.0348462962962963
0 0.7844546875 0.8774884259259259 0.030367708333333333 0.06979166666666667
