1 0.5203125 0.5972222222222222 0.9583333333333334 0.8037037037037037
0 0.38828125 0.537962962962963 0.027604166666666666 0.05
0 0.3125 0.3939814814814815 0.005208333333333333 0.023148148148148147
0 0.3567708333333333 0.47129629629629627 0.0020833333333333333 0.018518518518518517
0 0.36171875 0.46296296296296297 0.013020833333333334 0.037037037037037035
0 0.35442708333333334 0.425462962962963 0.005729166666666666 0.026851851851851852
0 0.64921875 0.5388888888888889 0.008854166666666666 0.022222222222222223
0 0.6716145833333333 0.5393518518518519 0.013020833333333334 0.03425925925925926
0 0.68125 0.6231481481481481 0.01875 0.025925925925925925
0 0.68359375 0.3768518518518518 0.008854166666666666 0.025925925925925925
0 0.7231770833333333 0.5888888888888889 0.009895833333333333 0.007407407407407408
0 0.8544270833333333 0.7199074074074074 0.009895833333333333 0.028703703703703703
0 0.92734375 0.39675925925925926 0.024479166666666666 0.028703703703703703
0 0.4205729166666667 0.7481481481481481 0.009895833333333333 0.020370370370370372
1 0.4758588541666667 0.5688101851851852 0.9517177083333334 0.8616944444444444
0 0.6067479166666666 0.5684050925925926 0.028079166666666665 0.04977314814814815
0 0.6942067708333333 0.44666666666666666 0.006121875 0.022962962962962963
0 0.6438658854166667 0.5110694444444445 0.0012734374999999998 0.018435185185185186
0 0.6400223958333334 0.5020740740740741 0.010253125 0.03933333333333333
0 0.6499981770833333 0.46645740740740743 0.007288020833333334 0.025507407407407406
0 0.3489197916666667 0.496449074074074 0.00825625 0.022527777777777775
0 0.3267083333333333 0.49038333333333334 0.01175 0.03447037037037037
0 0.3100848958333334 0.5700092592592593 0.018086458333333333 0.027055555555555555
0 0.3291369791666667 0.32705416666666665 0.009315625 0.026330555555555555
0 0.27207447916666666 0.5250537037037037 0.009773958333333332 0.0075148148148148144
0 0.13080651041666666 0.6190222222222223 0.0095296875 0.028785185185185184
0 0.08693463541666667 0.27873148148148147 0.0249109375 0.03153703703703704
0 0.55693828125 0.7673222222222222 0.0107515625 0.01982962962962963
1 0.5247114583333333 0.5628310185185186 0.9504645833333334 0.8738101851851852
0 0.39429765625 0.5721101851851852 0.028178645833333335 0.04977592592592593
0 0.305190625 0.45317175925925923 0.006214583333333333 0.023010185185185186
0 0.3563778645833333 0.5156805555555555 0.0012973958333333333 0.01839814814814815
0 0.36017265625 0.5068018518518519 0.009928645833333333 0.03952962962962963
0 0.34955885416666665 0.47099259259259263 0.007451041666666667 0.025318518518518518
0 0.6509635416666666 0.4918194444444444 0.008177083333333333 0.022527777777777775
0 0.6735617187499999 0.4849166666666667 0.011706770833333333 0.03464814814814815
0 0.6907921874999999 0.5644958333333333 0.018042708333333334 0.027139814814814815
0 0.6692596354166667 0.3215013888888889 0.009352604166666667 0.026336111111111112
0 0.72831015625 0.5177499999999999 0.009745312499999999 0.007722222222222222
0 0.8703619791666667 0.6069675925925926 0.009473958333333334 0.02875
0 0.9108981770833334 0.26590231481481486 0.024921354166666666 0.03180462962962963
0 0.44551953125000004 0.7691287037037037 0.010830729166666667 0.01973888888888889
1 0.5203125 0.5972222222222222 0.9583333333333334 0.8037037037037037
0 0.38828125 0.537962962962963 0.027604166666666666 0.05
0 0.3125 0.3939814814814815 0.005208333333333333 0.023148148148148147
0 0.3567708333333333 0.47129629629629627 0.0020833333333333333 0.018518518518518517
0 0.36171875 0.46296296296296297 0.013020833333333334 0.037037037037037035
0 0.35442708333333334 0.425462962962963 0.005729166666666666 0.026851851851851852
0 0.64921875 0.5388888888888889 0.008854166666666666 0.022222222222222223
0 0.6716145833333333 0.5393518518518519 0.013020833333333334 0.03425925925925926
0 0.68125 0.6231481481481481 0.01875 0.025925925925925925
0 0.68359375 0.3768518518518518 0.008854166666666666 0.025925925925925925
0 0.7231770833333333 0.5888888888888889 0.009895833333333333 0.007407407407407408
0 0.8544270833333333 0.7199074074074074 0.009895833333333333 0.028703703703703703
0 0.92734375 0.39675925925925926 0.024479166666666666 0.028703703703703703
0 0.4205729166666667 0.7481481481481481 0.009895833333333333 0.020370370370370372
1 0.4758588541666667 0.5688101851851852 0.9517177083333334 0.8616944444444444
0 0.6067479166666666 0.5684050925925926 0.028079166666666665 0.04977314814814815
0 0.6942067708333333 0.44666666666666666 0.006121875 0.022962962962962963
0 0.6438658854166667 0.5110694444444445 0.0012734374999999998 0.018435185185185186
0 0.6400223958333334 0.5020740740740741 0.010253125 0.03933333333333333
0 0.6499981770833333 0.46645740740740743 0.007288020833333334 0.025507407407407406
0 0.3489197916666667 0.496449074074074 0.00825625 0.022527777777777775
0 0.3267083333333333 0.49038333333333334 0.01175 0.03447037037037037
0 0.3100848958333334 0.5700092592592593 0.018086458333333333 0.027055555555555555
0 0.3291369791666667 0.32705416666666665 0.009315625 0.026330555555555555
0 0.27207447916666666 0.5250537037037037 0.009773958333333332 0.0075148148148148144
0 0.13080651041666666 0.6190222222222223 0.0095296875 0.028785185185185184
0 0.08693463541666667 0.27873148148148147 0.0249109375 0.03153703703703704
0 0.55693828125 0.7673222222222222 0.0107515625 0.01982962962962963
1 0.5247114583333333 0.5628310185185186 0.9504645833333334 0.8738101851851852
0 0.39429765625 0.5721101851851852 0.028178645833333335 0.04977592592592593
0 0.305190625 0.45317175925925923 0.006214583333333333 0.023010185185185186
0 0.3563778645833333 0.5156805555555555 0.0012973958333333333 0.01839814814814815
0 0.36017265625 0.5068018518518519 0.009928645833333333 0.03952962962962963
0 0.34955885416666665 0.47099259259259263 0.007451041666666667 0.025318518518518518
0 0.6509635416666666 0.4918194444444444 0.008177083333333333 0.022527777777777775
0 0.6735617187499999 0.4849166666666667 0.011706770833333333 0.03464814814814815
0 0.6907921874999999 0.5644958333333333 0.018042708333333334 0.027139814814814815
0 0.6692596354166667 0.3215013888888889 0.009352604166666667 0.026336111111111112
0 0.72831015625 0.5177499999999999 0.009745312499999999 0.007722222222222222
0 0.8703619791666667 0.6069675925925926 0.009473958333333334 0.02875
0 0.9108981770833334 0.26590231481481486 0.024921354166666666 0.03180462962962963
0 0.44551953125000004 0.7691287037037037 0.010830729166666667 0.01973888888888889
1 0.5203125 0.5972222222222222 0.9583333333333334 0.8037037037037037
0 0.38828125 0.537962962962963 0.027604166666666666 0.05
0 0.3125 0.3939814814814815 0.005208333333333333 0.023148148148148147
0 0.3567708333333333 0.47129629629629627 0.0020833333333333333 0.018518518518518517
0 0.36171875 0.46296296296296297 0.013020833333333334 0.037037037037037035
0 0.35442708333333334 0.425462962962963 0.005729166666666666 0.026851851851851852
0 0.64921875 0.5388888888888889 0.008854166666666666 0.022222222222222223
0 0.6716145833333333 0.5393518518518519 0.013020833333333334 0.03425925925925926
0 0.68125 0.6231481481481481 0.01875 0.025925925925925925
0 0.68359375 0.3768518518518518 0.008854166666666666 0.025925925925925925
0 0.7231770833333333 0.5888888888888889 0.009895833333333333 0.007407407407407408
0 0.8544270833333333 0.7199074074074074 0.009895833333333333 0.028703703703703703
0 0.92734375 0.39675925925925926 0.024479166666666666 0.028703703703703703
0 0.4205729166666667 0.7481481481481481 0.009895833333333333 0.020370370370370372
1 0.4758588541666667 0.5688101851851852 0.9517177083333334 0.8616944444444444
0 0.6067479166666666 0.5684050925925926 0.028079166666666665 0.04977314814814815
0 0.6942067708333333 0.44666666666666666 0.006121875 0.022962962962962963
0 0.6438658854166667 0.5110694444444445 0.0012734374999999998 0.018435185185185186
0 0.6400223958333334 0.5020740740740741 0.010253125 0.03933333333333333
0 0.6499981770833333 0.46645740740740743 0.007288020833333334 0.025507407407407406
0 0.3489197916666667 0.496449074074074 0.00825625 0.022527777777777775
0 0.3267083333333333 0.49038333333333334 0.01175 0.03447037037037037
0 0.3100848958333334 0.5700092592592593 0.018086458333333333 0.027055555555555555
0 0.3291369791666667 0.32705416666666665 0.009315625 0.026330555555555555
0 0.27207447916666666 0.5250537037037037 0.009773958333333332 0.0075148148148148144
0 0.13080651041666666 0.6190222222222223 0.0095296875 0.028785185185185184
0 0.08693463541666667 0.27873148148148147 0.0249109375 0.03153703703703704
0 0.55693828125 0.7673222222222222 0.0107515625 0.01982962962962963
1 0.5247114583333333 0.5628310185185186 0.9504645833333334 0.8738101851851852
0 0.39429765625 0.5721101851851852 0.028178645833333335 0.04977592592592593
0 0.305190625 0.45317175925925923 0.006214583333333333 0.023010185185185186
0 0.3563778645833333 0.5156805555555555 0.0012973958333333333 0.01839814814814815
0 0.36017265625 0.5068018518518519 0.009928645833333333 0.03952962962962963
0 0.34955885416666665 0.47099259259259263 0.007451041666666667 0.025318518518518518
0 0.6509635416666666 0.4918194444444444 0.008177083333333333 0.022527777777777775
0 0.6735617187499999 0.4849166666666667 0.011706770833333333 0.03464814814814815
0 0.6907921874999999 0.5644958333333333 0.018042708333333334 0.027139814814814815
0 0.6692596354166667 0.3215013888888889 0.009352604166666667 0.026336111111111112
0 0.72831015625 0.5177499999999999 0.009745312499999999 0.007722222222222222
0 0.8703619791666667 0.6069675925925926 0.009473958333333334 0.02875
0 0.9108981770833334 0.26590231481481486 0.024921354166666666 0.03180462962962963
0 0.44551953125000004 0.7691287037037037 0.010830729166666667 0.01973888888888889
