0 0.49973958333333335 0.5217592592592593 0.9994791666666667 0.9546296296296296
0 0.3963541666666667 0.46574074074074073 0.011458333333333333 0.037037037037037035
0 0.49270833333333336 0.44537037037037036 0.029166666666666667 0.04814814814814815
0 0.5403645833333334 0.4046296296296296 0.0640625 0.0962962962962963
0 0.5114583333333333 0.5212962962962963 0.013541666666666667 0.025925925925925925
0 0.3296875 0.1375 0.659375 0.19722222222222222
0 0.31536458333333334 0.15046296296296297 0.005729166666666666 0.008333333333333333
0 0.41744791666666664 0.1486111111111111 0.0265625 0.03611111111111111
0 0.11067708333333333 0.21898148148148147 0.019270833333333334 0.06018518518518518
0 0.10963541666666667 0.25787037037037036 0.011979166666666667 0.008333333333333333
0 0.004166666666666667 0.8180296296296297 0.008333333333333333 0.026799999999999997
0 0.03671875 0.7379629629629629 0.018229166666666668 0.06851851851851852
0 0.12838541666666667 0.6101851851851852 0.022395833333333334 0.06666666666666667
0 0.4127604166666667 0.040740740740740744 0.011979166666666667 0.012962962962962963
0 0.4661458333333333 0.05787037037037037 0.014583333333333334 0.01574074074074074
0 0.044270833333333336 0.17824074074074073 0.0125 0.026851851851851852
0 0.19505208333333332 0.6527777777777778 0.0109375 0.022222222222222223
0 0.27682291666666664 0.5828703703703704 0.018229166666666668 0.03981481481481482
0 0.11901041666666666 0.7902777777777777 0.022395833333333334 0.05092592592592592
0 0.08151041666666667 0.7421296296296296 0.011979166666666667 0.021296296296296296
0 0.00625 0.6291666666666667 0.0125 0.07685185185185185
0 0.0046875 0.6134259259259259 0.009375 0.03611111111111111
0 0.40130208333333334 0.674537037037037 0.034895833333333334 0.05648148148148148
0 0.41458333333333336 0.925 0.01875 0.046296296296296294
0 0.9096354166666667 0.8726851851851852 0.0390625 0.13055555555555556
0 0.8015625 0.6722222222222223 0.009375 0.012962962962962963
0 0.8583333333333333 0.21342592592592594 0.28229166666666666 0.20833333333333334
0 0.71796875 0.1675925925925926 0.0234375 0.04259259259259259
0 0.8072916666666666 0.1935185185185185 0.019791666666666666 0.03518518518518519
0 0.5635416666666667 0.7958333333333333 0.07291666666666667 0.1398148148148148
0 0.6453125 0.6768518518518518 0.013541666666666667 0.02962962962962963
0 0.19114583333333332 0.8050925925925926 0.009375 0.025
0 0.6841145833333333 0.9092592592592592 0.0234375 0.02962962962962963
0 0.46119791666666665 0.262037037037037 0.013020833333333334 0.020370370370370372
0 0.15364583333333334 0.9462962962962963 0.023958333333333335 0.025925925925925925
0 0.05520833333333333 0.5662037037037037 0.009375 0.017592592592592594
0 0.05703125 0.5263888888888889 0.008854166666666666 0.023148148148148147
0 0.5 0.5 1.0 1.0
0 0.5991903645833333 0.43750231481481483 0.014005729166666666 0.03426388888888889
0 0.5030916666666667 0.44185879629629626 0.030141666666666667 0.048532407407407406
0 0.45173125 0.4153550925925926 0.0659625 0.1029324074074074
0 0.49060156250000003 0.5250731481481481 0.012453125 0.027924074074074077
0 0.63751796875 0.13047824074074074 0.6646192708333333 0.2609564814814815
0 0.6514296875 0.10404305555555556 0.005984375 0.008086111111111112
0 0.5503994791666666 0.13028935185185186 0.028923958333333333 0.034652777777777775
0 0.8587755208333333 0.11583333333333333 0.019634375 0.059444444444444446
0 0.8642898437500001 0.1524013888888889 0.011913020833333334 0.010358333333333332
0 0.9784682291666668 0.6062925925925926 0.017353125 0.06999259259259259
0 0.8770778645833333 0.5037277777777778 0.026030729166666666 0.06671481481481482
0 0.5452546875 0.02148333333333333 0.011342708333333333 0.013337037037037036
0 0.49454765625 0.05362824074074074 0.015136979166666667 0.01651574074074074
0 0.9221151041666666 0.05479814814814815 0.011938541666666667 0.028114814814814815
0 0.8149307291666666 0.5661833333333333 0.010069791666666666 0.023107407407407406
0 0.7275575520833333 0.5203708333333333 0.018656770833333332 0.038889814814814815
0 0.9010244791666667 0.6814601851851851 0.019757291666666666 0.055512962962962965
0 0.9343322916666666 0.6223680555555556 0.011372916666666667 0.024365740740740743
0 0.9958661458333334 0.47436990740740737 0.008398958333333335 0.04503611111111112
0 0.9972528645833333 0.47512638888888886 0.005964062500000001 0.03728981481481482
0 0.61324453125 0.645962962962963 0.03482239583333333 0.05859259259259259
0 0.6212940104166667 0.8963319444444444 0.0155046875 0.050071296296296294
0 0.125846875 0.9597666666666667 0.04127708333333333 0.08064444444444445
0 0.21733359375 0.7544050925925926 0.0096671875 0.012513888888888889
0 0.13025182291666665 0.31877685185185184 0.2605036458333333 0.26718333333333333
0 0.25544661458333334 0.2317986111111111 0.023393229166666665 0.04322685185185186
0 0.16954765624999998 0.2827703703703704 0.019303645833333334 0.03591111111111111
0 0.4629442708333333 0.8123481481481482 0.06859687499999999 0.13765925925925926
0 0.37099453125 0.716137962962963 0.0138640625 0.030424074074074072
0 0.8318848958333334 0.7155199074074073 0.010644791666666665 0.023632407407407408
0 0.35402968749999997 0.9555990740740741 0.021601041666666664 0.03342037037037037
0 0.5176442708333333 0.25411944444444445 0.012371875000000001 0.01935
0 0.8819723958333333 0.8448231481481482 0.022278125 0.030387037037037035
0 0.94524609375 0.44174722222222224 0.008200520833333332 0.01867962962962963
0 0.9391143229166666 0.40324305555555556 0.009478645833333334 0.023152777777777776
0 0.5 0.5 1.0 1.0
0 0.5982802083333334 0.5650990740740741 0.01426875 0.03390185185185185
0 0.5021393229166666 0.5577907407407408 0.030320312500000002 0.04891481481481482
0 0.45126614583333335 0.5832393518518518 0.06607395833333334 0.10351574074074074
0 0.49108124999999997 0.475163425925926 0.012370833333333333 0.028104629629629632
0 0.6336575520833333 0.8665162037037036 0.6641901041666666 0.26636574074074076
0 0.6477934895833334 0.9003194444444444 0.006003645833333333 0.008046296296296296
0 0.5468635416666667 0.8709222222222223 0.029143750000000003 0.03443703703703704
0 0.85519296875 0.8953763888888888 0.019760937500000002 0.0592712962962963
0 0.8611520833333334 0.8590393518518519 0.0118875 0.010671296296296297
0 0.97958203125 0.40817314814814815 0.017497395833333332 0.07005
0 0.8772609374999999 0.5083092592592593 0.026396875 0.06661851851851851
0 0.5410440104166666 0.9798791666666667 0.0112546875 0.013462037037037036
0 0.4904002604166667 0.9463027777777777 0.015175520833333334 0.016679629629629628
0 0.9173872395833332 0.957625 0.0118578125 0.02821296296296296
0 0.8153953125 0.44399305555555557 0.009957291666666666 0.023171296296296294
0 0.7280877604166667 0.4869564814814815 0.018675520833333334 0.03872777777777778
0 0.9024544270833333 0.3307481481481481 0.019492187499999997 0.055940740740740735
0 0.9353895833333333 0.3910388888888889 0.011404166666666667 0.02467037037037037
0 0.9954916666666667 0.5415171296296296 0.008691666666666665 0.045997222222222224
0 0.9969187500000001 0.5411810185185185 0.006337499999999999 0.03791759259259259
0 0.6148346354166667 0.35725 0.034877604166666666 0.05894444444444444
0 0.6252677083333332 0.10761574074074073 0.015118749999999999 0.05041666666666667
0 0.12829166666666666 0.03439768518518519 0.03783333333333334 0.06879537037037038
0 0.21994661458333334 0.23677777777777778 0.009684895833333334 0.012444444444444444
0 0.12924817708333333 0.6690782407407407 0.25849635416666666 0.27334166666666665
0 0.25334296875 0.7614569444444445 0.02335260416666667 0.04328425925925926
0 0.16742239583333335 0.7068574074074073 0.019219791666666666 0.03593703703703704
0 0.46634140625 0.18619675925925927 0.06809947916666667 0.13720833333333335
0 0.37308515625 0.2800476851851852 0.013878645833333333 0.03046574074074074
0 0.8340309895833333 0.29510694444444446 0.010770312499999999 0.023547222222222223
0 0.35859817708333336 0.04009583333333333 0.021363020833333336 0.03389537037037037
0 0.5149942708333334 0.7466921296296296 0.012280208333333332 0.019310185185185187
0 0.88498671875 0.16727083333333334 0.022056770833333333 0.030837962962962963
0 0.9446533854166667 0.572349074074074 0.008056770833333332 0.01877222222222222
0 0.9381002604166666 0.6106328703703704 0.009533854166666666 0.023117592592592592
0 0.49973958333333335 0.5217592592592593 0.9994791666666667 0.9546296296296296
0 0.3963541666666667 0.46574074074074073 0.011458333333333333 0.037037037037037035
0 0.49270833333333336 0.44537037037037036 0.029166666666666667 0.04814814814814815
0 0.5403645833333334 0.4046296296296296 0.0640625 0.0962962962962963
0 0.5114583333333333 0.5212962962962963 0.013541666666666667 0.025925925925925925
0 0.3296875 0.1375 0.659375 0.19722222222222222
0 0.31536458333333334 0.15046296296296297 0.005729166666666666 0.008333333333333333
0 0.41744791666666664 0.1486111111111111 0.0265625 0.03611111111111111
0 0.11067708333333333 0.21898148148148147 0.019270833333333334 0.06018518518518518
0 0.10963541666666667 0.25787037037037036 0.011979166666666667 0.008333333333333333
0 0.004166666666666667 0.8180296296296297 0.008333333333333333 0.026799999999999997
0 0.03671875 0.7379629629629629 0.018229166666666668 0.06851851851851852
0 0.12838541666666667 0.6101851851851852 0.022395833333333334 0.06666666666666667
0 0.4127604166666667 0.040740740740740744 0.011979166666666667 0.012962962962962963
0 0.4661458333333333 0.05787037037037037 0.014583333333333334 0.01574074074074074
0 0.044270833333333336 0.17824074074074073 0.0125 0.026851851851851852
0 0.19505208333333332 0.6527777777777778 0.0109375 0.022222222222222223
0 0.27682291666666664 0.5828703703703704 0.018229166666666668 0.03981481481481482
0 0.11901041666666666 0.7902777777777777 0.022395833333333334 0.05092592592592592
0 0.08151041666666667 0.7421296296296296 0.011979166666666667 0.021296296296296296
0 0.00625 0.6291666666666667 0.0125 0.07685185185185185
0 0.0046875 0.6134259259259259 0.009375 0.03611111111111111
0 0.40130208333333334 0.674537037037037 0.034895833333333334 0.05648148148148148
0 0.41458333333333336 0.925 0.01875 0.046296296296296294
0 0.9096354166666667 0.8726851851851852 0.0390625 0.13055555555555556
0 0.8015625 0.6722222222222223 0.009375 0.012962962962962963
0 0.8583333333333333 0.21342592592592594 0.28229166666666666 0.20833333333333334
0 0.71796875 0.1675925925925926 0.0234375 0.04259259259259259
0 0.8072916666666666 0.1935185185185185 0.019791666666666666 0.03518518518518519
0 0.5635416666666667 0.7958333333333333 0.07291666666666667 0.1398148148148148
0 0.6453125 0.6768518518518518 0.013541666666666667 0.02962962962962963
0 0.19114583333333332 0.8050925925925926 0.009375 0.025
0 0.6841145833333333 0.9092592592592592 0.0234375 0.02962962962962963
0 0.46119791666666665 0.262037037037037 0.013020833333333334 0.020370370370370372
0 0.15364583333333334 0.9462962962962963 0.023958333333333335 0.025925925925925925
0 0.05520833333333333 0.5662037037037037 0.009375 0.017592592592592594
0 0.05703125 0.5263888888888889 0.008854166666666666 0.023148148148148147
0 0.5 0.5 1.0 1.0
0 0.5991903645833333 0.43750231481481483 0.014005729166666666 0.03426388888888889
0 0.5030916666666667 0.44185879629629626 0.030141666666666667 0.048532407407407406
0 0.45173125 0.4153550925925926 0.0659625 0.1029324074074074
0 0.49060156250000003 0.5250731481481481 0.012453125 0.027924074074074077
0 0.63751796875 0.13047824074074074 0.6646192708333333 0.2609564814814815
0 0.6514296875 0.10404305555555556 0.005984375 0.008086111111111112
0 0.5503994791666666 0.13028935185185186 0.028923958333333333 0.034652777777777775
0 0.8587755208333333 0.11583333333333333 0.019634375 0.059444444444444446
0 0.8642898437500001 0.1524013888888889 0.011913020833333334 0.010358333333333332
0 0.9784682291666668 0.6062925925925926 0.017353125 0.06999259259259259
0 0.8770778645833333 0.5037277777777778 0.026030729166666666 0.06671481481481482
0 0.5452546875 0.02148333333333333 0.011342708333333333 0.013337037037037036
0 0.49454765625 0.05362824074074074 0.015136979166666667 0.01651574074074074
0 0.9221151041666666 0.05479814814814815 0.011938541666666667 0.028114814814814815
0 0.8149307291666666 0.5661833333333333 0.010069791666666666 0.023107407407407406
0 0.7275575520833333 0.5203708333333333 0.018656770833333332 0.038889814814814815
0 0.9010244791666667 0.6814601851851851 0.019757291666666666 0.055512962962962965
0 0.9343322916666666 0.6223680555555556 0.011372916666666667 0.024365740740740743
0 0.9958661458333334 0.47436990740740737 0.008398958333333335 0.04503611111111112
0 0.9972528645833333 0.47512638888888886 0.005964062500000001 0.03728981481481482
0 0.61324453125 0.645962962962963 0.03482239583333333 0.05859259259259259
0 0.6212940104166667 0.8963319444444444 0.0155046875 0.050071296296296294
0 0.125846875 0.9597666666666667 0.04127708333333333 0.08064444444444445
0 0.21733359375 0.7544050925925926 0.0096671875 0.012513888888888889
0 0.13025182291666665 0.31877685185185184 0.2605036458333333 0.26718333333333333
0 0.25544661458333334 0.2317986111111111 0.023393229166666665 0.04322685185185186
0 0.16954765624999998 0.2827703703703704 0.019303645833333334 0.03591111111111111
0 0.4629442708333333 0.8123481481481482 0.06859687499999999 0.13765925925925926
0 0.37099453125 0.716137962962963 0.0138640625 0.030424074074074072
0 0.8318848958333334 0.7155199074074073 0.010644791666666665 0.023632407407407408
0 0.35402968749999997 0.9555990740740741 0.021601041666666664 0.03342037037037037
0 0.5176442708333333 0.25411944444444445 0.012371875000000001 0.01935
0 0.8819723958333333 0.8448231481481482 0.022278125 0.030387037037037035
0 0.94524609375 0.44174722222222224 0.008200520833333332 0.01867962962962963
0 0.9391143229166666 0.40324305555555556 0.009478645833333334 0.023152777777777776
0 0.5 0.5 1.0 1.0
0 0.5982802083333334 0.5650990740740741 0.01426875 0.03390185185185185
0 0.5021393229166666 0.5577907407407408 0.030320312500000002 0.04891481481481482
0 0.45126614583333335 0.5832393518518518 0.06607395833333334 0.10351574074074074
0 0.49108124999999997 0.475163425925926 0.012370833333333333 0.028104629629629632
0 0.6336575520833333 0.8665162037037036 0.6641901041666666 0.26636574074074076
0 0.6477934895833334 0.9003194444444444 0.006003645833333333 0.008046296296296296
0 0.5468635416666667 0.8709222222222223 0.029143750000000003 0.03443703703703704
0 0.85519296875 0.8953763888888888 0.019760937500000002 0.0592712962962963
0 0.8611520833333334 0.8590393518518519 0.0118875 0.010671296296296297
0 0.97958203125 0.40817314814814815 0.017497395833333332 0.07005
0 0.8772609374999999 0.5083092592592593 0.026396875 0.06661851851851851
0 0.5410440104166666 0.9798791666666667 0.0112546875 0.013462037037037036
0 0.4904002604166667 0.9463027777777777 0.015175520833333334 0.016679629629629628
0 0.9173872395833332 0.957625 0.0118578125 0.02821296296296296
0 0.8153953125 0.44399305555555557 0.009957291666666666 0.023171296296296294
0 0.7280877604166667 0.4869564814814815 0.018675520833333334 0.03872777777777778
0 0.9024544270833333 0.3307481481481481 0.019492187499999997 0.055940740740740735
0 0.9353895833333333 0.3910388888888889 0.011404166666666667 0.02467037037037037
0 0.9954916666666667 0.5415171296296296 0.008691666666666665 0.045997222222222224
0 0.9969187500000001 0.5411810185185185 0.006337499999999999 0.03791759259259259
0 0.6148346354166667 0.35725 0.034877604166666666 0.05894444444444444
0 0.6252677083333332 0.10761574074074073 0.015118749999999999 0.05041666666666667
0 0.12829166666666666 0.03439768518518519 0.03783333333333334 0.06879537037037038
0 0.21994661458333334 0.23677777777777778 0.009684895833333334 0.012444444444444444
0 0.12924817708333333 0.6690782407407407 0.25849635416666666 0.27334166666666665
0 0.25334296875 0.7614569444444445 0.02335260416666667 0.04328425925925926
0 0.16742239583333335 0.7068574074074073 0.019219791666666666 0.03593703703703704
0 0.46634140625 0.18619675925925927 0.06809947916666667 0.13720833333333335
0 0.37308515625 0.2800476851851852 0.013878645833333333 0.03046574074074074
0 0.8340309895833333 0.29510694444444446 0.010770312499999999 0.023547222222222223
0 0.35859817708333336 0.04009583333333333 0.021363020833333336 0.03389537037037037
0 0.5149942708333334 0.7466921296296296 0.012280208333333332 0.019310185185185187
0 0.88498671875 0.16727083333333334 0.022056770833333333 0.030837962962962963
0 0.9446533854166667 0.572349074074074 0.008056770833333332 0.01877222222222222
0 0.9381002604166666 0.6106328703703704 0.009533854166666666 0.023117592592592592
0 0.49973958333333335 0.5217592592592593 0.9994791666666667 0.9546296296296296
0 0.3963541666666667 0.46574074074074073 0.011458333333333333 0.037037037037037035
0 0.49270833333333336 0.44537037037037036 0.029166666666666667 0.04814814814814815
0 0.5403645833333334 0.4046296296296296 0.0640625 0.0962962962962963
0 0.5114583333333333 0.5212962962962963 0.013541666666666667 0.025925925925925925
0 0.3296875 0.1375 0.659375 0.19722222222222222
0 0.31536458333333334 0.15046296296296297 0.005729166666666666 0.008333333333333333
0 0.41744791666666664 0.1486111111111111 0.0265625 0.03611111111111111
0 0.11067708333333333 0.21898148148148147 0.019270833333333334 0.06018518518518518
0 0.10963541666666667 0.25787037037037036 0.011979166666666667 0.008333333333333333
0 0.004166666666666667 0.8180296296296297 0.008333333333333333 0.026799999999999997
0 0.03671875 0.7379629629629629 0.018229166666666668 0.06851851851851852
0 0.12838541666666667 0.6101851851851852 0.022395833333333334 0.06666666666666667
0 0.4127604166666667 0.040740740740740744 0.011979166666666667 0.012962962962962963
0 0.4661458333333333 0.05787037037037037 0.014583333333333334 0.01574074074074074
0 0.044270833333333336 0.17824074074074073 0.0125 0.026851851851851852
0 0.19505208333333332 0.6527777777777778 0.0109375 0.022222222222222223
0 0.27682291666666664 0.5828703703703704 0.018229166666666668 0.03981481481481482
0 0.11901041666666666 0.7902777777777777 0.022395833333333334 0.05092592592592592
0 0.08151041666666667 0.7421296296296296 0.011979166666666667 0.021296296296296296
0 0.00625 0.6291666666666667 0.0125 0.07685185185185185
0 0.0046875 0.6134259259259259 0.009375 0.03611111111111111
0 0.40130208333333334 0.674537037037037 0.034895833333333334 0.05648148148148148
0 0.41458333333333336 0.925 0.01875 0.046296296296296294
0 0.9096354166666667 0.8726851851851852 0.0390625 0.13055555555555556
0 0.8015625 0.6722222222222223 0.009375 0.012962962962962963
0 0.8583333333333333 0.21342592592592594 0.28229166666666666 0.20833333333333334
0 0.71796875 0.1675925925925926 0.0234375 0.04259259259259259
0 0.8072916666666666 0.1935185185185185 0.019791666666666666 0.03518518518518519
0 0.5635416666666667 0.7958333333333333 0.07291666666666667 0.1398148148148148
0 0.6453125 0.6768518518518518 0.013541666666666667 0.02962962962962963
0 0.19114583333333332 0.8050925925925926 0.009375 0.025
0 0.6841145833333333 0.9092592592592592 0.0234375 0.02962962962962963
0 0.46119791666666665 0.262037037037037 0.013020833333333334 0.020370370370370372
0 0.15364583333333334 0.9462962962962963 0.023958333333333335 0.025925925925925925
0 0.05520833333333333 0.5662037037037037 0.009375 0.017592592592592594
0 0.05703125 0.5263888888888889 0.008854166666666666 0.023148148148148147
0 0.5 0.5 1.0 1.0
0 0.5991903645833333 0.43750231481481483 0.014005729166666666 0.03426388888888889
0 0.5030916666666667 0.44185879629629626 0.030141666666666667 0.048532407407407406
0 0.45173125 0.4153550925925926 0.0659625 0.1029324074074074
0 0.49060156250000003 0.5250731481481481 0.012453125 0.027924074074074077
0 0.63751796875 0.13047824074074074 0.6646192708333333 0.2609564814814815
0 0.6514296875 0.10404305555555556 0.005984375 0.008086111111111112
0 0.5503994791666666 0.13028935185185186 0.028923958333333333 0.034652777777777775
0 0.8587755208333333 0.11583333333333333 0.019634375 0.059444444444444446
0 0.8642898437500001 0.1524013888888889 0.011913020833333334 0.010358333333333332
0 0.9784682291666668 0.6062925925925926 0.017353125 0.06999259259259259
0 0.8770778645833333 0.5037277777777778 0.026030729166666666 0.06671481481481482
0 0.5452546875 0.02148333333333333 0.011342708333333333 0.013337037037037036
0 0.49454765625 0.05362824074074074 0.015136979166666667 0.01651574074074074
0 0.9221151041666666 0.05479814814814815 0.011938541666666667 0.028114814814814815
0 0.8149307291666666 0.5661833333333333 0.010069791666666666 0.023107407407407406
0 0.7275575520833333 0.5203708333333333 0.018656770833333332 0.038889814814814815
0 0.9010244791666667 0.6814601851851851 0.019757291666666666 0.055512962962962965
0 0.9343322916666666 0.6223680555555556 0.011372916666666667 0.024365740740740743
0 0.9958661458333334 0.47436990740740737 0.008398958333333335 0.04503611111111112
0 0.9972528645833333 0.47512638888888886 0.005964062500000001 0.03728981481481482
0 0.61324453125 0.645962962962963 0.03482239583333333 0.05859259259259259
0 0.6212940104166667 0.8963319444444444 0.0155046875 0.050071296296296294
0 0.125846875 0.9597666666666667 0.04127708333333333 0.08064444444444445
0 0.21733359375 0.7544050925925926 0.0096671875 0.012513888888888889
0 0.13025182291666665 0.31877685185185184 0.2605036458333333 0.26718333333333333
0 0.25544661458333334 0.2317986111111111 0.023393229166666665 0.04322685185185186
0 0.16954765624999998 0.2827703703703704 0.019303645833333334 0.03591111111111111
0 0.4629442708333333 0.8123481481481482 0.06859687499999999 0.13765925925925926
0 0.37099453125 0.716137962962963 0.0138640625 0.030424074074074072
0 0.8318848958333334 0.7155199074074073 0.010644791666666665 0.023632407407407408
0 0.35402968749999997 0.9555990740740741 0.021601041666666664 0.03342037037037037
0 0.5176442708333333 0.25411944444444445 0.012371875000000001 0.01935
0 0.8819723958333333 0.8448231481481482 0.022278125 0.030387037037037035
0 0.94524609375 0.44174722222222224 0.008200520833333332 0.01867962962962963
0 0.9391143229166666 0.40324305555555556 0.009478645833333334 0.023152777777777776
0 0.5 0.5 1.0 1.0
0 0.5982802083333334 0.5650990740740741 0.01426875 0.03390185185185185
0 0.5021393229166666 0.5577907407407408 0.030320312500000002 0.04891481481481482
0 0.45126614583333335 0.5832393518518518 0.06607395833333334 0.10351574074074074
0 0.49108124999999997 0.475163425925926 0.012370833333333333 0.028104629629629632
0 0.6336575520833333 0.8665162037037036 0.6641901041666666 0.26636574074074076
0 0.6477934895833334 0.9003194444444444 0.006003645833333333 0.008046296296296296
0 0.5468635416666667 0.8709222222222223 0.029143750000000003 0.03443703703703704
0 0.85519296875 0.8953763888888888 0.019760937500000002 0.0592712962962963
0 0.8611520833333334 0.8590393518518519 0.0118875 0.010671296296296297
0 0.97958203125 0.40817314814814815 0.017497395833333332 0.07005
0 0.8772609374999999 0.5083092592592593 0.026396875 0.06661851851851851
0 0.5410440104166666 0.9798791666666667 0.0112546875 0.013462037037037036
0 0.4904002604166667 0.9463027777777777 0.015175520833333334 0.016679629629629628
0 0.9173872395833332 0.957625 0.0118578125 0.02821296296296296
0 0.8153953125 0.44399305555555557 0.009957291666666666 0.023171296296296294
0 0.7280877604166667 0.4869564814814815 0.018675520833333334 0.03872777777777778
0 0.9024544270833333 0.3307481481481481 0.019492187499999997 0.055940740740740735
0 0.9353895833333333 0.3910388888888889 0.011404166666666667 0.02467037037037037
0 0.9954916666666667 0.5415171296296296 0.008691666666666665 0.045997222222222224
0 0.9969187500000001 0.5411810185185185 0.006337499999999999 0.03791759259259259
0 0.6148346354166667 0.35725 0.034877604166666666 0.05894444444444444
0 0.6252677083333332 0.10761574074074073 0.015118749999999999 0.05041666666666667
0 0.12829166666666666 0.03439768518518519 0.03783333333333334 0.06879537037037038
0 0.21994661458333334 0.23677777777777778 0.009684895833333334 0.012444444444444444
0 0.12924817708333333 0.6690782407407407 0.25849635416666666 0.27334166666666665
0 0.25334296875 0.7614569444444445 0.02335260416666667 0.04328425925925926
0 0.16742239583333335 0.7068574074074073 0.019219791666666666 0.03593703703703704
0 0.46634140625 0.18619675925925927 0.06809947916666667 0.13720833333333335
0 0.37308515625 0.2800476851851852 0.013878645833333333 0.03046574074074074
0 0.8340309895833333 0.29510694444444446 0.010770312499999999 0.023547222222222223
0 0.35859817708333336 0.04009583333333333 0.021363020833333336 0.03389537037037037
0 0.5149942708333334 0.7466921296296296 0.012280208333333332 0.019310185185185187
0 0.88498671875 0.16727083333333334 0.022056770833333333 0.030837962962962963
0 0.9446533854166667 0.572349074074074 0.008056770833333332 0.01877222222222222
0 0.9381002604166666 0.6106328703703704 0.009533854166666666 0.023117592592592592
