1 0.49655494791666666 0.4530175925925926 0.9931098958333333 0.9060351851851852
0 0.70829609375 0.7399810185185185 0.012425520833333334 0.02070277777777778
0 0.65065234375 0.7915194444444444 0.009638020833333334 0.018224074074074073
0 0.92158671875 0.6165435185185185 0.0056734375000000005 0.021975925925925927
0 0.7359270833333333 0.615500462962963 0.01872916666666667 0.04581574074074074
0 0.6514755208333334 0.5617 0.010242708333333333 0.01414074074074074
0 0.7163200520833333 0.5338546296296296 0.011806770833333334 0.023264814814814815
0 0.7079119791666667 0.6493615740740741 0.009573958333333334 0.006130555555555556
0 0.6474901041666666 0.6506652777777777 0.010605208333333333 0.02355277777777778
0 0.5937356770833334 0.5726583333333334 0.010388020833333334 0.015687037037037038
0 0.6924359375000001 0.5124263888888888 0.009871875 0.011889814814814815
0 0.6937609375 0.5525245370370371 0.005230208333333333 0.008752777777777778
0 0.7583046875 0.4431541666666666 0.012442708333333333 0.01964166666666667
0 0.7753841145833333 0.3282106481481481 0.011184895833333335 0.019384259259259257
0 0.5485083333333333 0.24592453703703704 0.013683333333333332 0.01962685185185185
0 0.46828020833333334 0.13596712962962965 0.02197708333333333 0.049712037037037034
0 0.45672916666666663 0.1917259259259259 0.03741666666666667 0.05567407407407408
0 0.27784010416666666 0.07354351851851851 0.018180208333333333 0.028568518518518517
0 0.24667604166666665 0.09009907407407408 0.008977083333333333 0.024642592592592594
0 0.30378645833333334 0.17036712962962963 0.016947916666666667 0.03888240740740741
0 0.018713541666666667 0.18453287037037036 0.008260416666666666 0.04869537037037037
0 0.33741458333333335 0.2417699074074074 0.024829166666666666 0.03909537037037037
0 0.3192169270833333 0.2426652777777778 0.0123921875 0.06310833333333334
0 0.34533072916666663 0.2877763888888889 0.03753645833333333 0.044071296296296296
0 0.40118125 0.3950342592592593 0.0179875 0.027105555555555556
0 0.29219088541666666 0.34980185185185186 0.012506770833333335 0.025529629629629628
0 0.2532317708333333 0.4599226851851852 0.010630208333333334 0.025400925925925927
0 0.2150046875 0.5343712962962963 0.018551041666666667 0.037261111111111106
0 0.13834192708333332 0.35521851851851854 0.0100171875 0.01414074074074074
0 0.005273177083333334 0.313900462962963 0.007421354166666667 0.02409722222222222
0 0.12857916666666666 0.4461175925925926 0.01445 0.03482777777777778
0 0.15002682291666666 0.4759662037037037 0.009428645833333334 0.016747222222222222
0 0.4636401041666666 0.5970768518518518 0.010613541666666667 0.016375925925925926
0 0.41902473958333336 0.6730296296296296 0.0120078125 0.02568888888888889
0 0.16128854166666665 0.522562037037037 0.020493749999999998 0.04697592592592593
0 0.14869947916666665 0.572099074074074 0.020315625 0.016420370370370373
0 0.054786979166666666 0.5965986111111111 0.009573958333333334 0.020974999999999997
0 0.035618750000000005 0.7322273148148148 0.0118625 0.021862037037037037
0 0.04049088541666667 0.7518305555555556 0.0132734375 0.027735185185185186
0 0.08353359375 0.6743018518518519 0.0139421875 0.030085185185185184
1 0.5015625 0.5486111111111112 0.9958333333333333 0.9009259259259259
0 0.31223958333333335 0.21064814814814814 0.0109375 0.021296296296296296
0 0.3736979166666667 0.17453703703703705 0.008854166666666666 0.019444444444444445
0 0.09166666666666666 0.28055555555555556 0.007291666666666667 0.020370370370370372
0 0.2765625 0.3277777777777778 0.019791666666666666 0.044444444444444446
0 0.35520833333333335 0.4013888888888889 0.010416666666666666 0.01574074074074074
0 0.28880208333333335 0.412962962962963 0.013020833333333334 0.020370370370370372
0 0.30572916666666666 0.3 0.009375 0.005555555555555556
0 0.365625 0.3138888888888889 0.010416666666666666 0.022222222222222223
0 0.41302083333333334 0.4050925925925926 0.010416666666666666 0.013888888888888888
0 0.3106770833333333 0.44027777777777777 0.009895833333333333 0.010185185185185186
0 0.31223958333333335 0.399537037037037 0.005729166666666666 0.008333333333333333
0 0.23984375 0.49212962962962964 0.011979166666666667 0.019444444444444445
0 0.2140625 0.6013888888888889 0.010416666666666666 0.019444444444444445
0 0.43203125 0.7398148148148148 0.013020833333333334 0.020370370370370372
0 0.5033854166666667 0.8675925925925926 0.0234375 0.046296296296296294
0 0.51796875 0.8162037037037037 0.03802083333333333 0.05648148148148148
0 0.6861979166666666 0.9777777777777777 0.0171875 0.02962962962962963
0 0.71875 0.9685185185185186 0.008333333333333333 0.025925925925925925
0 0.6690104166666667 0.875 0.0171875 0.03888888888888889
0 0.9520833333333333 0.9310185185185185 0.010416666666666666 0.04722222222222222
0 0.6401041666666667 0.7962962962962963 0.025 0.03518518518518519
0 0.6598958333333333 0.799537037037037 0.011458333333333333 0.062037037037037036
0 0.6364583333333333 0.750462962962963 0.035416666666666666 0.049074074074074076
0 0.5895833333333333 0.6287037037037037 0.01875 0.027777777777777776
0 0.69375 0.7 0.011458333333333333 0.025925925925925925
0 0.74140625 0.6013888888888889 0.011979166666666667 0.025
0 0.78515625 0.5370370370370371 0.019270833333333334 0.03333333333333333
0 0.8471354166666667 0.7328703703703704 0.009895833333333333 0.013888888888888888
0 0.9752604166666666 0.8064814814814815 0.0067708333333333336 0.024074074074074074
0 0.8640625 0.6449074074074074 0.015625 0.03425925925925926
0 0.84453125 0.6097222222222223 0.009895833333333333 0.01574074074074074
0 0.5434895833333333 0.412962962962963 0.0109375 0.016666666666666666
0 0.5934895833333333 0.3486111111111111 0.011979166666666667 0.026851851851851852
0 0.83671875 0.5611111111111111 0.021354166666666667 0.044444444444444446
0 0.853125 0.5152777777777777 0.019791666666666666 0.019444444444444445
0 0.9489583333333333 0.5148148148148148 0.009375 0.022222222222222223
0 0.9778645833333334 0.38472222222222224 0.011979166666666667 0.021296296296296296
0 0.9752604166666666 0.36435185185185187 0.0140625 0.026851851851851852
0 0.92578125 0.4305555555555556 0.015104166666666667 0.027777777777777776
1 0.5 0.5279 1.0 0.9446888888888889
0 0.67001171875 0.17781249999999998 0.009815104166666666 0.022291666666666664
0 0.60700703125 0.1526486111111111 0.008805729166666667 0.020112037037037036
0 0.8932872395833333 0.20628055555555555 0.008449479166666666 0.019968518518518517
0 0.7113049479166667 0.2876476851851852 0.0205265625 0.04381388888888889
0 0.63801953125 0.3751712962962963 0.0104140625 0.01700925925925926
0 0.7047997395833333 0.37378287037037033 0.013766145833333333 0.01793611111111111
0 0.6816361979166667 0.26506527777777783 0.009105729166666666 0.006056481481481482
0 0.6230515625 0.2900990740740741 0.010686458333333334 0.02093888888888889
0 0.58068671875 0.38936203703703703 0.010331770833333333 0.01390925925925926
0 0.6845809895833334 0.40579722222222225 0.009786979166666666 0.009742592592592593
0 0.6806708333333333 0.3647162037037037 0.0061333333333333335 0.009062037037037039
0 0.7583432291666666 0.4443152777777778 0.011478125 0.020112037037037036
0 0.7903375 0.5475833333333333 0.009841666666666667 0.019240740740740742
0 0.5819138020833333 0.7262805555555556 0.0127859375 0.02107962962962963
0 0.5178463541666667 0.8660138888888889 0.024234375 0.04313888888888889
0 0.5010580729166667 0.8179976851851852 0.03857447916666667 0.056365740740740744
0 0.353365625 0.9044745370370371 0.017147916666666665 0.038578703703703705
0 0.073778125 0.9949800925925927 0.009014583333333333 0.010330555555555556
0 0.3785502604166667 0.8209615740740741 0.02480885416666667 0.03266388888888889
0 0.35892083333333336 0.8274416666666666 0.014716666666666666 0.06043888888888889
0 0.3796213541666667 0.7756060185185185 0.03424270833333333 0.05306388888888889
0 0.4183955729166666 0.6447555555555555 0.0190828125 0.0284
0 0.31932473958333335 0.7352111111111111 0.010524479166666666 0.02597777777777778
0 0.26579453124999997 0.6455226851851852 0.0128390625 0.024378703703703705
0 0.21780338541666666 0.5903888888888889 0.019981770833333336 0.03077777777777778
0 0.16857135416666666 0.7959888888888889 0.010059375 0.0142
0 0.04511510416666666 0.8933560185185184 0.006896875 0.023749074074074075
0 0.14647109374999998 0.7111416666666667 0.01690052083333333 0.03339444444444445
0 0.16399270833333332 0.6731324074074073 0.010277083333333333 0.014783333333333332
0 0.45154427083333337 0.42222499999999996 0.011421875 0.016672222222222224
0 0.39808984375 0.3664689814814815 0.0118046875 0.027382407407407407
0 0.169196875 0.6228393518518519 0.021727083333333334 0.041975
0 0.14970078125 0.5801782407407408 0.019193229166666666 0.02146759259259259
0 0.05403203125 0.598474537037037 0.009105729166666666 0.022875
0 0.018456770833333334 0.474212037037037 0.011913541666666666 0.020646296296296295
0 0.01887265625 0.4537060185185185 0.014828645833333333 0.025930555555555554
0 0.07247526041666667 0.5100671296296296 0.015783854166666667 0.025689814814814815
1 0.49655494791666666 0.4530175925925926 0.9931098958333333 0.9060351851851852
0 0.70829609375 0.7399810185185185 0.012425520833333334 0.02070277777777778
0 0.65065234375 0.7915194444444444 0.009638020833333334 0.018224074074074073
0 0.92158671875 0.6165435185185185 0.0056734375000000005 0.021975925925925927
0 0.7359270833333333 0.615500462962963 0.01872916666666667 0.04581574074074074
0 0.6514755208333334 0.5617 0.010242708333333333 0.01414074074074074
0 0.7163200520833333 0.5338546296296296 0.011806770833333334 0.023264814814814815
0 0.7079119791666667 0.6493615740740741 0.009573958333333334 0.006130555555555556
0 0.6474901041666666 0.6506652777777777 0.010605208333333333 0.02355277777777778
0 0.5937356770833334 0.5726583333333334 0.010388020833333334 0.015687037037037038
0 0.6924359375000001 0.5124263888888888 0.009871875 0.011889814814814815
0 0.6937609375 0.5525245370370371 0.005230208333333333 0.008752777777777778
0 0.7583046875 0.4431541666666666 0.012442708333333333 0.01964166666666667
0 0.7753841145833333 0.3282106481481481 0.011184895833333335 0.019384259259259257
0 0.5485083333333333 0.24592453703703704 0.013683333333333332 0.01962685185185185
0 0.46828020833333334 0.13596712962962965 0.02197708333333333 0.049712037037037034
0 0.45672916666666663 0.1917259259259259 0.03741666666666667 0.05567407407407408
0 0.27784010416666666 0.07354351851851851 0.018180208333333333 0.028568518518518517
0 0.24667604166666665 0.09009907407407408 0.008977083333333333 0.024642592592592594
0 0.30378645833333334 0.17036712962962963 0.016947916666666667 0.03888240740740741
0 0.018713541666666667 0.18453287037037036 0.008260416666666666 0.04869537037037037
0 0.33741458333333335 0.2417699074074074 0.024829166666666666 0.03909537037037037
0 0.3192169270833333 0.2426652777777778 0.0123921875 0.06310833333333334
0 0.34533072916666663 0.2877763888888889 0.03753645833333333 0.044071296296296296
0 0.40118125 0.3950342592592593 0.0179875 0.027105555555555556
0 0.29219088541666666 0.34980185185185186 0.012506770833333335 0.025529629629629628
0 0.2532317708333333 0.4599226851851852 0.010630208333333334 0.025400925925925927
0 0.2150046875 0.5343712962962963 0.018551041666666667 0.037261111111111106
0 0.13834192708333332 0.35521851851851854 0.0100171875 0.01414074074074074
0 0.005273177083333334 0.313900462962963 0.007421354166666667 0.02409722222222222
0 0.12857916666666666 0.4461175925925926 0.01445 0.03482777777777778
0 0.15002682291666666 0.4759662037037037 0.009428645833333334 0.016747222222222222
0 0.4636401041666666 0.5970768518518518 0.010613541666666667 0.016375925925925926
0 0.41902473958333336 0.6730296296296296 0.0120078125 0.02568888888888889
0 0.16128854166666665 0.522562037037037 0.020493749999999998 0.04697592592592593
0 0.14869947916666665 0.572099074074074 0.020315625 0.016420370370370373
0 0.054786979166666666 0.5965986111111111 0.009573958333333334 0.020974999999999997
0 0.035618750000000005 0.7322273148148148 0.0118625 0.021862037037037037
0 0.04049088541666667 0.7518305555555556 0.0132734375 0.027735185185185186
0 0.08353359375 0.6743018518518519 0.0139421875 0.030085185185185184
1 0.5015625 0.5486111111111112 0.9958333333333333 0.9009259259259259
0 0.31223958333333335 0.21064814814814814 0.0109375 0.021296296296296296
0 0.3736979166666667 0.17453703703703705 0.008854166666666666 0.019444444444444445
0 0.09166666666666666 0.28055555555555556 0.007291666666666667 0.020370370370370372
0 0.2765625 0.3277777777777778 0.019791666666666666 0.044444444444444446
0 0.35520833333333335 0.4013888888888889 0.010416666666666666 0.01574074074074074
0 0.28880208333333335 0.412962962962963 0.013020833333333334 0.020370370370370372
0 0.30572916666666666 0.3 0.009375 0.005555555555555556
0 0.365625 0.3138888888888889 0.010416666666666666 0.022222222222222223
0 0.41302083333333334 0.4050925925925926 0.010416666666666666 0.013888888888888888
0 0.3106770833333333 0.44027777777777777 0.009895833333333333 0.010185185185185186
0 0.31223958333333335 0.399537037037037 0.005729166666666666 0.008333333333333333
0 0.23984375 0.49212962962962964 0.011979166666666667 0.019444444444444445
0 0.2140625 0.6013888888888889 0.010416666666666666 0.019444444444444445
0 0.43203125 0.7398148148148148 0.013020833333333334 0.020370370370370372
0 0.5033854166666667 0.8675925925925926 0.0234375 0.046296296296296294
0 0.51796875 0.8162037037037037 0.03802083333333333 0.05648148148148148
0 0.6861979166666666 0.9777777777777777 0.0171875 0.02962962962962963
0 0.71875 0.9685185185185186 0.008333333333333333 0.025925925925925925
0 0.6690104166666667 0.875 0.0171875 0.03888888888888889
0 0.9520833333333333 0.9310185185185185 0.010416666666666666 0.04722222222222222
0 0.6401041666666667 0.7962962962962963 0.025 0.03518518518518519
0 0.6598958333333333 0.799537037037037 0.011458333333333333 0.062037037037037036
0 0.6364583333333333 0.750462962962963 0.035416666666666666 0.049074074074074076
0 0.5895833333333333 0.6287037037037037 0.01875 0.027777777777777776
0 0.69375 0.7 0.011458333333333333 0.025925925925925925
0 0.74140625 0.6013888888888889 0.011979166666666667 0.025
0 0.78515625 0.5370370370370371 0.019270833333333334 0.03333333333333333
0 0.8471354166666667 0.7328703703703704 0.009895833333333333 0.013888888888888888
0 0.9752604166666666 0.8064814814814815 0.0067708333333333336 0.024074074074074074
0 0.8640625 0.6449074074074074 0.015625 0.03425925925925926
0 0.84453125 0.6097222222222223 0.009895833333333333 0.01574074074074074
0 0.5434895833333333 0.412962962962963 0.0109375 0.016666666666666666
0 0.5934895833333333 0.3486111111111111 0.011979166666666667 0.026851851851851852
0 0.83671875 0.5611111111111111 0.021354166666666667 0.044444444444444446
0 0.853125 0.5152777777777777 0.019791666666666666 0.019444444444444445
0 0.9489583333333333 0.5148148148148148 0.009375 0.022222222222222223
0 0.9778645833333334 0.38472222222222224 0.011979166666666667 0.021296296296296296
0 0.9752604166666666 0.36435185185185187 0.0140625 0.026851851851851852
0 0.92578125 0.4305555555555556 0.015104166666666667 0.027777777777777776
1 0.5 0.5279 1.0 0.9446888888888889
0 0.67001171875 0.17781249999999998 0.009815104166666666 0.022291666666666664
0 0.60700703125 0.1526486111111111 0.008805729166666667 0.020112037037037036
0 0.8932872395833333 0.20628055555555555 0.008449479166666666 0.019968518518518517
0 0.7113049479166667 0.2876476851851852 0.0205265625 0.04381388888888889
0 0.63801953125 0.3751712962962963 0.0104140625 0.01700925925925926
0 0.7047997395833333 0.37378287037037033 0.013766145833333333 0.01793611111111111
0 0.6816361979166667 0.26506527777777783 0.009105729166666666 0.006056481481481482
0 0.6230515625 0.2900990740740741 0.010686458333333334 0.02093888888888889
0 0.58068671875 0.38936203703703703 0.010331770833333333 0.01390925925925926
0 0.6845809895833334 0.40579722222222225 0.009786979166666666 0.009742592592592593
0 0.6806708333333333 0.3647162037037037 0.0061333333333333335 0.009062037037037039
0 0.7583432291666666 0.4443152777777778 0.011478125 0.020112037037037036
0 0.7903375 0.5475833333333333 0.009841666666666667 0.019240740740740742
0 0.5819138020833333 0.7262805555555556 0.0127859375 0.02107962962962963
0 0.5178463541666667 0.8660138888888889 0.024234375 0.04313888888888889
0 0.5010580729166667 0.8179976851851852 0.03857447916666667 0.056365740740740744
0 0.353365625 0.9044745370370371 0.017147916666666665 0.038578703703703705
0 0.073778125 0.9949800925925927 0.009014583333333333 0.010330555555555556
0 0.3785502604166667 0.8209615740740741 0.02480885416666667 0.03266388888888889
0 0.35892083333333336 0.8274416666666666 0.014716666666666666 0.06043888888888889
0 0.3796213541666667 0.7756060185185185 0.03424270833333333 0.05306388888888889
0 0.4183955729166666 0.6447555555555555 0.0190828125 0.0284
0 0.31932473958333335 0.7352111111111111 0.010524479166666666 0.02597777777777778
0 0.26579453124999997 0.6455226851851852 0.0128390625 0.024378703703703705
0 0.21780338541666666 0.5903888888888889 0.019981770833333336 0.03077777777777778
0 0.16857135416666666 0.7959888888888889 0.010059375 0.0142
0 0.04511510416666666 0.8933560185185184 0.006896875 0.023749074074074075
0 0.14647109374999998 0.7111416666666667 0.01690052083333333 0.03339444444444445
0 0.16399270833333332 0.6731324074074073 0.010277083333333333 0.014783333333333332
0 0.45154427083333337 0.42222499999999996 0.011421875 0.016672222222222224
0 0.39808984375 0.3664689814814815 0.0118046875 0.027382407407407407
0 0.169196875 0.6228393518518519 0.021727083333333334 0.041975
0 0.14970078125 0.5801782407407408 0.019193229166666666 0.02146759259259259
0 0.05403203125 0.598474537037037 0.009105729166666666 0.022875
0 0.018456770833333334 0.474212037037037 0.011913541666666666 0.020646296296296295
0 0.01887265625 0.4537060185185185 0.014828645833333333 0.025930555555555554
0 0.07247526041666667 0.5100671296296296 0.015783854166666667 0.025689814814814815
1 0.49655494791666666 0.4530175925925926 0.9931098958333333 0.9060351851851852
0 0.70829609375 0.7399810185185185 0.012425520833333334 0.02070277777777778
0 0.65065234375 0.7915194444444444 0.009638020833333334 0.018224074074074073
0 0.92158671875 0.6165435185185185 0.0056734375000000005 0.021975925925925927
0 0.7359270833333333 0.615500462962963 0.01872916666666667 0.04581574074074074
0 0.6514755208333334 0.5617 0.010242708333333333 0.01414074074074074
0 0.7163200520833333 0.5338546296296296 0.011806770833333334 0.023264814814814815
0 0.7079119791666667 0.6493615740740741 0.009573958333333334 0.006130555555555556
0 0.6474901041666666 0.6506652777777777 0.010605208333333333 0.02355277777777778
0 0.5937356770833334 0.5726583333333334 0.010388020833333334 0.015687037037037038
0 0.6924359375000001 0.5124263888888888 0.009871875 0.011889814814814815
0 0.6937609375 0.5525245370370371 0.005230208333333333 0.008752777777777778
0 0.7583046875 0.4431541666666666 0.012442708333333333 0.01964166666666667
0 0.7753841145833333 0.3282106481481481 0.011184895833333335 0.019384259259259257
0 0.5485083333333333 0.24592453703703704 0.013683333333333332 0.01962685185185185
0 0.46828020833333334 0.13596712962962965 0.02197708333333333 0.049712037037037034
0 0.45672916666666663 0.1917259259259259 0.03741666666666667 0.05567407407407408
0 0.27784010416666666 0.07354351851851851 0.018180208333333333 0.028568518518518517
0 0.24667604166666665 0.09009907407407408 0.008977083333333333 0.024642592592592594
0 0.30378645833333334 0.17036712962962963 0.016947916666666667 0.03888240740740741
0 0.018713541666666667 0.18453287037037036 0.008260416666666666 0.04869537037037037
0 0.33741458333333335 0.2417699074074074 0.024829166666666666 0.03909537037037037
0 0.3192169270833333 0.2426652777777778 0.0123921875 0.06310833333333334
0 0.34533072916666663 0.2877763888888889 0.03753645833333333 0.044071296296296296
0 0.40118125 0.3950342592592593 0.0179875 0.027105555555555556
0 0.29219088541666666 0.34980185185185186 0.012506770833333335 0.025529629629629628
0 0.2532317708333333 0.4599226851851852 0.010630208333333334 0.025400925925925927
0 0.2150046875 0.5343712962962963 0.018551041666666667 0.037261111111111106
0 0.13834192708333332 0.35521851851851854 0.0100171875 0.01414074074074074
0 0.005273177083333334 0.313900462962963 0.007421354166666667 0.02409722222222222
0 0.12857916666666666 0.4461175925925926 0.01445 0.03482777777777778
0 0.15002682291666666 0.4759662037037037 0.009428645833333334 0.016747222222222222
0 0.4636401041666666 0.5970768518518518 0.010613541666666667 0.016375925925925926
0 0.41902473958333336 0.6730296296296296 0.0120078125 0.02568888888888889
0 0.16128854166666665 0.522562037037037 0.020493749999999998 0.04697592592592593
0 0.14869947916666665 0.572099074074074 0.020315625 0.016420370370370373
0 0.054786979166666666 0.5965986111111111 0.009573958333333334 0.020974999999999997
0 0.035618750000000005 0.7322273148148148 0.0118625 0.021862037037037037
0 0.04049088541666667 0.7518305555555556 0.0132734375 0.027735185185185186
0 0.08353359375 0.6743018518518519 0.0139421875 0.030085185185185184
1 0.5015625 0.5486111111111112 0.9958333333333333 0.9009259259259259
0 0.31223958333333335 0.21064814814814814 0.0109375 0.021296296296296296
0 0.3736979166666667 0.17453703703703705 0.008854166666666666 0.019444444444444445
0 0.09166666666666666 0.28055555555555556 0.007291666666666667 0.020370370370370372
0 0.2765625 0.3277777777777778 0.019791666666666666 0.044444444444444446
0 0.35520833333333335 0.4013888888888889 0.010416666666666666 0.01574074074074074
0 0.28880208333333335 0.412962962962963 0.013020833333333334 0.020370370370370372
0 0.30572916666666666 0.3 0.009375 0.005555555555555556
0 0.365625 0.3138888888888889 0.010416666666666666 0.022222222222222223
0 0.41302083333333334 0.4050925925925926 0.010416666666666666 0.013888888888888888
0 0.3106770833333333 0.44027777777777777 0.009895833333333333 0.010185185185185186
0 0.31223958333333335 0.399537037037037 0.005729166666666666 0.008333333333333333
0 0.23984375 0.49212962962962964 0.011979166666666667 0.019444444444444445
0 0.2140625 0.6013888888888889 0.010416666666666666 0.019444444444444445
0 0.43203125 0.7398148148148148 0.013020833333333334 0.020370370370370372
0 0.5033854166666667 0.8675925925925926 0.0234375 0.046296296296296294
0 0.51796875 0.8162037037037037 0.03802083333333333 0.05648148148148148
0 0.6861979166666666 0.9777777777777777 0.0171875 0.02962962962962963
0 0.71875 0.9685185185185186 0.008333333333333333 0.025925925925925925
0 0.6690104166666667 0.875 0.0171875 0.03888888888888889
0 0.9520833333333333 0.9310185185185185 0.010416666666666666 0.04722222222222222
0 0.6401041666666667 0.7962962962962963 0.025 0.03518518518518519
0 0.6598958333333333 0.799537037037037 0.011458333333333333 0.062037037037037036
0 0.6364583333333333 0.750462962962963 0.035416666666666666 0.049074074074074076
0 0.5895833333333333 0.6287037037037037 0.01875 0.027777777777777776
0 0.69375 0.7 0.011458333333333333 0.025925925925925925
0 0.74140625 0.6013888888888889 0.011979166666666667 0.025
0 0.78515625 0.5370370370370371 0.019270833333333334 0.03333333333333333
0 0.8471354166666667 0.7328703703703704 0.009895833333333333 0.013888888888888888
0 0.9752604166666666 0.8064814814814815 0.0067708333333333336 0.024074074074074074
0 0.8640625 0.6449074074074074 0.015625 0.03425925925925926
0 0.84453125 0.6097222222222223 0.009895833333333333 0.01574074074074074
0 0.5434895833333333 0.412962962962963 0.0109375 0.016666666666666666
0 0.5934895833333333 0.3486111111111111 0.011979166666666667 0.026851851851851852
0 0.83671875 0.5611111111111111 0.021354166666666667 0.044444444444444446
0 0.853125 0.5152777777777777 0.019791666666666666 0.019444444444444445
0 0.9489583333333333 0.5148148148148148 0.009375 0.022222222222222223
0 0.9778645833333334 0.38472222222222224 0.011979166666666667 0.021296296296296296
0 0.9752604166666666 0.36435185185185187 0.0140625 0.026851851851851852
0 0.92578125 0.4305555555555556 0.015104166666666667 0.027777777777777776
1 0.5 0.5279 1.0 0.9446888888888889
0 0.67001171875 0.17781249999999998 0.009815104166666666 0.022291666666666664
0 0.60700703125 0.1526486111111111 0.008805729166666667 0.020112037037037036
0 0.8932872395833333 0.20628055555555555 0.008449479166666666 0.019968518518518517
0 0.7113049479166667 0.2876476851851852 0.0205265625 0.04381388888888889
0 0.63801953125 0.3751712962962963 0.0104140625 0.01700925925925926
0 0.7047997395833333 0.37378287037037033 0.013766145833333333 0.01793611111111111
0 0.6816361979166667 0.26506527777777783 0.009105729166666666 0.006056481481481482
0 0.6230515625 0.2900990740740741 0.010686458333333334 0.02093888888888889
0 0.58068671875 0.38936203703703703 0.010331770833333333 0.01390925925925926
0 0.6845809895833334 0.40579722222222225 0.009786979166666666 0.009742592592592593
0 0.6806708333333333 0.3647162037037037 0.0061333333333333335 0.009062037037037039
0 0.7583432291666666 0.4443152777777778 0.011478125 0.020112037037037036
0 0.7903375 0.5475833333333333 0.009841666666666667 0.019240740740740742
0 0.5819138020833333 0.7262805555555556 0.0127859375 0.02107962962962963
0 0.5178463541666667 0.8660138888888889 0.024234375 0.04313888888888889
0 0.5010580729166667 0.8179976851851852 0.03857447916666667 0.056365740740740744
0 0.353365625 0.9044745370370371 0.017147916666666665 0.038578703703703705
0 0.073778125 0.9949800925925927 0.009014583333333333 0.010330555555555556
0 0.3785502604166667 0.8209615740740741 0.02480885416666667 0.03266388888888889
0 0.35892083333333336 0.8274416666666666 0.014716666666666666 0.06043888888888889
0 0.3796213541666667 0.7756060185185185 0.03424270833333333 0.05306388888888889
0 0.4183955729166666 0.6447555555555555 0.0190828125 0.0284
0 0.31932473958333335 0.7352111111111111 0.010524479166666666 0.02597777777777778
0 0.26579453124999997 0.6455226851851852 0.0128390625 0.024378703703703705
0 0.21780338541666666 0.5903888888888889 0.019981770833333336 0.03077777777777778
0 0.16857135416666666 0.7959888888888889 0.010059375 0.0142
0 0.04511510416666666 0.8933560185185184 0.006896875 0.023749074074074075
0 0.14647109374999998 0.7111416666666667 0.01690052083333333 0.03339444444444445
0 0.16399270833333332 0.6731324074074073 0.010277083333333333 0.014783333333333332
0 0.45154427083333337 0.42222499999999996 0.011421875 0.016672222222222224
0 0.39808984375 0.3664689814814815 0.0118046875 0.027382407407407407
0 0.169196875 0.6228393518518519 0.021727083333333334 0.041975
0 0.14970078125 0.5801782407407408 0.019193229166666666 0.02146759259259259
0 0.05403203125 0.598474537037037 0.009105729166666666 0.022875
0 0.018456770833333334 0.474212037037037 0.011913541666666666 0.020646296296296295
0 0.01887265625 0.4537060185185185 0.014828645833333333 0.025930555555555554
0 0.07247526041666667 0.5100671296296296 0.015783854166666667 0.025689814814814815
