1 0.5 0.5 1.0 1.0
0 0.752570556640625 0.8860551215277778 0.00904736328125 0.016901909722222223
0 0.522065185546875 0.5687035590277777 0.01092724609375 0.0193515625
0 0.434208984375 0.07406770833333333 0.01392578125 0.031815972222222225
0 0.242085693359375 0.6071506076388888 0.02811669921875 0.0615234375
0 0.361814453125 0.19531119791666668 0.01659765625 0.031247395833333334
0 0.294319091796875 0.9035789930555556 0.01148974609375 0.03458854166666667
0 0.690583740234375 0.9711857638888889 0.01397998046875 0.018760416666666665
0 0.765090087890625 0.26504774305555556 0.01064892578125 0.02141493055555556
0 0.136122314453125 0.7590455729166666 0.01150244140625 0.021563368055555556
0 0.30257177734375 0.6535295138888889 0.0094404296875 0.025809027777777778
0 0.431325439453125 0.8765920138888889 0.01011181640625 0.017072916666666667
1 0.5 0.5345750868055555 1.0 0.9302612847222222
0 0.210465087890625 0.7934453124999999 0.00784423828125 0.017446180555555555
0 0.470942626953125 0.5602743055555556 0.01024462890625 0.019854166666666666
0 0.610049072265625 0.10571788194444445 0.01404345703125 0.030880208333333332
0 0.740464111328125 0.6939552951388889 0.02877978515625 0.05978559027777778
0 0.668376708984375 0.24779383680555556 0.01839404296875 0.03204600694444445
0 0.657460693359375 0.9665594618055555 0.01121044921875 0.03554947916666667
0 0.262382568359375 0.8984327256944444 0.01402294921875 0.019087673611111113
0 0.265489501953125 0.17913368055555556 0.01047119140625 0.021461805555555557
0 0.8296982421875 0.8779296875 0.012912109375 0.019748263888888888
0 0.6768076171875 0.7180303819444445 0.008888671875 0.024602430555555554
0 0.526842529296875 0.8920750868055555 0.01071630859375 0.0167890625
1 0.4998046875 0.528125 0.999609375 0.9416666666666667
0 0.219921875 0.8194444444444444 0.008203125 0.017361111111111112
0 0.4728515625 0.5635416666666667 0.01015625 0.019444444444444445
0 0.59833984375 0.0954861111111111 0.0140625 0.03125
0 0.74599609375 0.6704861111111111 0.028125 0.05972222222222222
0 0.66083984375 0.2329861111111111 0.01796875 0.03194444444444444
0 0.67119140625 0.9508680555555556 0.011328125 0.035416666666666666
0 0.27412109375 0.9199652777777777 0.0140625 0.018750000000000003
0 0.25625 0.20173611111111112 0.010546875 0.021527777777777778
0 0.840234375 0.846875 0.0125 0.020138888888888887
0 0.683203125 0.7017361111111111 0.008984375 0.025
0 0.5384765625 0.8894097222222221 0.010546875 0.016666666666666666
1 0.5 0.5 1.0 1.0
0 0.752570556640625 0.8860551215277778 0.00904736328125 0.016901909722222223
0 0.522065185546875 0.5687035590277777 0.01092724609375 0.0193515625
0 0.434208984375 0.07406770833333333 0.01392578125 0.031815972222222225
0 0.242085693359375 0.6071506076388888 0.02811669921875 0.0615234375
0 0.361814453125 0.19531119791666668 0.01659765625 0.031247395833333334
0 0.294319091796875 0.9035789930555556 0.01148974609375 0.03458854166666667
0 0.690583740234375 0.9711857638888889 0.01397998046875 0.018760416666666665
0 0.765090087890625 0.26504774305555556 0.01064892578125 0.02141493055555556
0 0.136122314453125 0.7590455729166666 0.01150244140625 0.021563368055555556
0 0.30257177734375 0.6535295138888889 0.0094404296875 0.025809027777777778
0 0.431325439453125 0.8765920138888889 0.01011181640625 0.017072916666666667
1 0.5 0.5345750868055555 1.0 0.9302612847222222
0 0.210465087890625 0.7934453124999999 0.00784423828125 0.017446180555555555
0 0.470942626953125 0.5602743055555556 0.01024462890625 0.019854166666666666
0 0.610049072265625 0.10571788194444445 0.01404345703125 0.030880208333333332
0 0.740464111328125 0.6939552951388889 0.02877978515625 0.05978559027777778
0 0.668376708984375 0.24779383680555556 0.01839404296875 0.03204600694444445
0 0.657460693359375 0.9665594618055555 0.01121044921875 0.03554947916666667
0 0.262382568359375 0.8984327256944444 0.01402294921875 0.019087673611111113
0 0.265489501953125 0.17913368055555556 0.01047119140625 0.021461805555555557
0 0.8296982421875 0.8779296875 0.012912109375 0.019748263888888888
0 0.6768076171875 0.7180303819444445 0.008888671875 0.024602430555555554
0 0.526842529296875 0.8920750868055555 0.01071630859375 0.0167890625
1 0.4998046875 0.528125 0.999609375 0.9416666666666667
0 0.219921875 0.8194444444444444 0.008203125 0.017361111111111112
0 0.4728515625 0.5635416666666667 0.01015625 0.019444444444444445
0 0.59833984375 0.0954861111111111 0.0140625 0.03125
0 0.74599609375 0.6704861111111111 0.028125 0.05972222222222222
0 0.66083984375 0.2329861111111111 0.01796875 0.03194444444444444
0 0.67119140625 0.9508680555555556 0.011328125 0.035416666666666666
0 0.27412109375 0.9199652777777777 0.0140625 0.018750000000000003
0 0.25625 0.20173611111111112 0.010546875 0.021527777777777778
0 0.840234375 0.846875 0.0125 0.020138888888888887
0 0.683203125 0.7017361111111111 0.008984375 0.025
0 0.5384765625 0.8894097222222221 0.010546875 0.016666666666666666
1 0.5 0.5 1.0 1.0
0 0.752570556640625 0.8860551215277778 0.00904736328125 0.016901909722222223
0 0.522065185546875 0.5687035590277777 0.01092724609375 0.0193515625
0 0.434208984375 0.07406770833333333 0.01392578125 0.031815972222222225
0 0.242085693359375 0.6071506076388888 0.02811669921875 0.0615234375
0 0.361814453125 0.19531119791666668 0.01659765625 0.031247395833333334
0 0.294319091796875 0.9035789930555556 0.01148974609375 0.03458854166666667
0 0.690583740234375 0.9711857638888889 0.01397998046875 0.018760416666666665
0 0.765090087890625 0.26504774305555556 0.01064892578125 0.02141493055555556
0 0.136122314453125 0.7590455729166666 0.01150244140625 0.021563368055555556
0 0.30257177734375 0.6535295138888889 0.0094404296875 0.025809027777777778
0 0.431325439453125 0.8765920138888889 0.01011181640625 0.017072916666666667
1 0.5 0.5345750868055555 1.0 0.9302612847222222
0 0.210465087890625 0.7934453124999999 0.00784423828125 0.017446180555555555
0 0.470942626953125 0.5602743055555556 0.01024462890625 0.019854166666666666
0 0.610049072265625 0.10571788194444445 0.01404345703125 0.030880208333333332
0 0.740464111328125 0.6939552951388889 0.02877978515625 0.05978559027777778
0 0.668376708984375 0.24779383680555556 0.01839404296875 0.03204600694444445
0 0.657460693359375 0.9665594618055555 0.01121044921875 0.03554947916666667
0 0.262382568359375 0.8984327256944444 0.01402294921875 0.019087673611111113
0 0.265489501953125 0.17913368055555556 0.01047119140625 0.021461805555555557
0 0.8296982421875 0.8779296875 0.012912109375 0.019748263888888888
0 0.6768076171875 0.7180303819444445 0.008888671875 0.024602430555555554
0 0.526842529296875 0.8920750868055555 0.01071630859375 0.0167890625
1 0.4998046875 0.528125 0.999609375 0.9416666666666667
0 0.219921875 0.8194444444444444 0.008203125 0.017361111111111112
0 0.4728515625 0.5635416666666667 0.01015625 0.019444444444444445
0 0.59833984375 0.0954861111111111 0.0140625 0.03125
0 0.74599609375 0.6704861111111111 0.028125 0.05972222222222222
0 0.66083984375 0.2329861111111111 0.01796875 0.03194444444444444
0 0.67119140625 0.9508680555555556 0.011328125 0.035416666666666666
0 0.27412109375 0.9199652777777777 0.0140625 0.018750000000000003
0 0.25625 0.20173611111111112 0.010546875 0.021527777777777778
0 0.840234375 0.846875 0.0125 0.020138888888888887
0 0.683203125 0.7017361111111111 0.008984375 0.025
0 0.5384765625 0.8894097222222221 0.010546875 0.016666666666666666
