1 0.5 0.48916898148148147 1.0 0.9783379629629629
0 0.8260294270833334 0.8319212962962963 0.009350520833333332 0.021249999999999998
0 0.8643372395833333 0.8727462962962963 0.0047161458333333335 0.014011111111111111
0 0.6911622395833333 0.5422374999999999 0.026074479166666668 0.0381787037037037
0 0.5981872395833334 0.9078203703703704 0.042207812500000004 0.10638148148148148
0 0.5237359375 0.5459263888888889 0.04330520833333333 0.18074166666666666
0 0.49301614583333336 0.6476921296296296 0.021448958333333334 0.04353240740740741
0 0.5317908854166666 0.6952208333333333 0.025040104166666667 0.04414537037037037
0 0.78056796875 0.4037912037037037 0.024677604166666665 0.050175
0 0.6312932291666667 0.4026134259259259 0.01883645833333333 0.045967592592592595
0 0.3564231770833333 0.37722083333333334 0.05972135416666667 0.07666388888888889
0 0.3328921875 0.34750555555555557 0.011617708333333334 0.01538148148148148
0 0.37511197916666666 0.3960236111111111 0.012723958333333334 0.040195370370370374
0 0.3601606770833333 0.7320921296296297 0.018238020833333334 0.049369444444444445
0 0.24486796875 0.5727444444444444 0.03556927083333334 0.04919259259259259
0 0.7782208333333334 0.7484995370370371 0.023108333333333335 0.046999074074074075
0 0.8203171875 0.08048518518518519 0.007301041666666667 0.016525925925925927
0 0.07547109375000001 0.1732212962962963 0.015525520833333334 0.09088703703703704
0 0.5774927083333333 0.1671699074074074 0.01019375 0.019525
0 0.5349151041666667 0.7863175925925926 0.03858020833333333 0.08559814814814815
0 0.02585234375 0.5058643518518519 0.008996354166666666 0.043210185185185185
0 0.2791200520833333 0.7728231481481481 0.012406770833333334 0.021572222222222222
0 0.34067369791666663 0.8281231481481482 0.012597395833333334 0.011801851851851852
0 0.2597651041666667 0.8233819444444445 0.008071875 0.013430555555555557
0 0.20493828125 0.7251222222222222 0.0098765625 0.015059259259259258
0 0.22037213541666667 0.7554231481481481 0.008452604166666666 0.020105555555555554
0 0.17696484375 0.8092111111111111 0.006013020833333333 0.012866666666666667
0 0.030562760416666668 0.7055013888888889 0.0090421875 0.01655833333333333
0 0.6076018229166666 0.639250462962963 0.011036979166666665 0.01183425925925926
0 0.46426276041666664 0.1688361111111111 0.01602552083333333 0.019153703703703704
0 0.11306979166666667 0.07664583333333333 0.013639583333333333 0.05699537037037037
0 0.11238854166666666 0.09536712962962962 0.01019375 0.020363888888888886
0 0.6660109375 0.09797268518518518 0.038271875 0.07372314814814815
0 0.47756145833333336 0.10800555555555556 0.011372916666666667 0.01601111111111111
0 0.5706471354166667 0.18411898148148148 0.005877604166666666 0.007126851851851852
0 0.5667184895833334 0.1788990740740741 0.0032286458333333334 0.00965
0 0.4306177083333333 0.06326944444444445 0.01019375 0.013575925925925927
0 0.44807994791666667 0.03307175925925926 0.007618229166666667 0.006884259259259259
0 0.40330052083333334 0.009804166666666666 0.005559375 0.008497222222222222
0 0.7044065104166666 0.06795324074074074 0.0067296874999999996 0.009980555555555555
0 0.5175697916666667 0.44204768518518517 0.010139583333333334 0.017428703703703703
0 0.2863346354166667 0.39816435185185184 0.0049609375 0.01299537037037037
0 0.5803127604166666 0.8459509259259259 0.007500520833333333 0.014124074074074074
0 0.6277325520833333 0.9635435185185185 0.009631770833333332 0.014124074074074074
0 0.2650841145833333 0.7096694444444445 0.0041265625 0.01193148148148148
0 0.35071119791666666 0.8157361111111111 0.007672395833333333 0.018509259259259257
0 0.38589010416666664 0.8369944444444444 0.004071875 0.009174074074074074
0 0.41900468750000003 0.6402467592592592 0.008842708333333334 0.02123425925925926
0 0.15220781249999998 0.026837962962962963 0.010665625000000001 0.016638888888888887
0 0.2595635416666667 0.23881851851851849 0.011835416666666666 0.029488888888888887
0 0.33704713541666664 0.5458365740740742 0.0074276041666666666 0.012043518518518518
0 0.22831536458333332 0.6466800925925925 0.007672395833333333 0.021137962962962963
0 0.244809375 0.6474777777777777 0.006285416666666667 0.022733333333333335
0 0.3184635416666667 0.670850462962963 0.0056770833333333335 0.008367592592592593
0 0.3079291666666667 0.007349537037037037 0.014816666666666667 0.014699074074074074
0 0.06454322916666667 0.21758703703703702 0.008253125 0.016655555555555555
0 0.6258453125 0.5287884259259259 0.0048156250000000005 0.029799074074074075
0 0.6257856770833333 0.49847314814814814 0.005738020833333333 0.017316666666666668
0 0.81962578125 0.2695351851851852 0.010084895833333333 0.01684814814814815
0 0.7517674479166666 0.08637268518518518 0.008743229166666667 0.01904166666666667
0 0.7692877604166667 0.9226611111111112 0.0052421874999999995 0.019396296296296297
0 0.2510395833333333 0.3035162037037037 0.0041625 0.03481018518518519
0 0.32987500000000003 0.8747101851851852 0.010791666666666666 0.07719814814814814
1 0.5 0.5122925925925925 1.0 0.9745851851851851
0 0.17075234374999998 0.17823101851851852 0.009213020833333333 0.021276851851851852
0 0.13204557291666666 0.13848472222222222 0.0047161458333333335 0.014006481481481483
0 0.30850859375 0.46419675925925924 0.0263921875 0.03765277777777778
0 0.39801875000000003 0.09497916666666667 0.04187083333333333 0.106625
0 0.4761682291666667 0.45552037037037035 0.042961458333333334 0.1814111111111111
0 0.5055192708333334 0.35234074074074073 0.021455208333333333 0.04357037037037037
0 0.46658333333333335 0.3055805555555555 0.024833333333333332 0.04449444444444445
0 0.22066927083333335 0.6046615740740741 0.024671875 0.050063888888888894
0 0.3692046875 0.6017981481481481 0.018617708333333333 0.04618888888888889
0 0.6450794270833333 0.6182592592592593 0.05995052083333333 0.07540740740740741
0 0.6687861979166667 0.6465462962962962 0.011530729166666667 0.015314814814814814
0 0.6261434895833333 0.5997185185185185 0.012703645833333332 0.04017777777777778
0 0.6375859375 0.2635087962962963 0.01788020833333333 0.04923981481481482
0 0.7541364583333333 0.42011296296296297 0.03535625 0.04948518518518519
0 0.21928906250000002 0.26064027777777776 0.022953125 0.04720648148148148
0 0.18386145833333334 0.9295106481481481 0.00730625 0.016428703703703702
0 0.9276419270833334 0.814125462962963 0.014658854166666667 0.09121388888888889
0 0.42589036458333335 0.8356916666666667 0.0101140625 0.019531481481481483
0 0.46283124999999997 0.2151634259259259 0.0381625 0.08588240740740741
0 0.9737140624999999 0.4791208333333334 0.008886458333333335 0.043426851851851855
0 0.7181950520833333 0.22089537037037038 0.012431770833333333 0.02142037037037037
0 0.6562973958333332 0.16690185185185186 0.012594791666666666 0.01158148148148148
0 0.7373541666666666 0.168725 0.008041666666666666 0.013375925925925927
0 0.7929276041666667 0.2649925925925926 0.009813541666666667 0.01517037037037037
0 0.7771010416666667 0.23600694444444442 0.008368750000000001 0.020162037037037037
0 0.81969296875 0.18051990740740742 0.006052604166666667 0.012891666666666666
0 0.9670117187499999 0.27965740740740735 0.0090234375 0.01672222222222222
0 0.39141666666666663 0.36427037037037036 0.010958333333333332 0.011874074074074073
0 0.5387578125 0.8298444444444444 0.016057291666666664 0.018948148148148148
0 0.8909703125 0.9110273148148148 0.013190625000000001 0.05723981481481482
0 0.8915013020833332 0.8927319444444444 0.0100859375 0.020649074074074073
0 0.3377135416666667 0.906774537037037 0.03792708333333333 0.07466018518518518
0 0.5260270833333334 0.8913731481481482 0.011429166666666666 0.016079629629629628
0 0.4326424479166667 0.817475462962963 0.005909895833333333 0.007173148148148148
0 0.43650416666666664 0.8224268518518518 0.0032166666666666667 0.009668518518518519
0 0.57379296875 0.9346606481481481 0.0100859375 0.013765740740740742
0 0.5563932291666667 0.9654537037037038 0.007578125000000001 0.006833333333333334
0 0.6017528645833334 0.987574074074074 0.0055890625 0.008481481481481482
0 0.2997622395833333 0.9382763888888889 0.006816145833333333 0.009886111111111111
0 0.48318203125000003 0.558699537037037 0.0101140625 0.017399074074074074
0 0.7149257812500001 0.5954564814814814 0.0048515625 0.013135185185185186
0 0.41627604166666665 0.1570513888888889 0.007552083333333333 0.014102777777777778
0 0.36733906250000004 0.04038472222222222 0.009678125000000001 0.014102777777777778
0 0.7327598958333332 0.28276388888888887 0.004061458333333334 0.011824074074074074
0 0.64648359375 0.17970046296296296 0.0075505208333333336 0.018660185185185182
0 0.6108989583333333 0.16008657407407406 0.004089583333333333 0.009062037037037039
0 0.5799096354166667 0.35778703703703707 0.008777604166666668 0.02112962962962963
0 0.85223203125 0.9619666666666666 0.010714062500000001 0.016525925925925927
0 0.74295 0.753524537037037 0.011941666666666666 0.029271296296296295
0 0.66256171875 0.44947916666666665 0.007415104166666667 0.011921296296296296
0 0.7704419270833333 0.34484907407407406 0.0075505208333333336 0.021179629629629628
0 0.75373828125 0.3446740740740741 0.006434895833333333 0.02268148148148148
0 0.6793700520833333 0.32356342592592596 0.005615104166666667 0.008237962962962963
0 0.69714921875 0.9899481481481481 0.015131770833333334 0.020637037037037037
0 0.9384364583333333 0.7685462962962962 0.008122916666666667 0.01672222222222222
0 0.37364296874999997 0.4750662037037037 0.0045776041666666665 0.029762037037037038
0 0.3742625 0.5059300925925926 0.005816666666666666 0.017415740740740742
0 0.182675 0.7406935185185185 0.010141666666666667 0.01657222222222222
0 0.25237473958333334 0.9214625 0.008916145833333333 0.018850925925925927
0 0.22661666666666666 0.0855699074074074 0.005316666666666667 0.01928796296296296
0 0.7508927083333333 0.6887439814814814 0.00386875 0.03489537037037037
0 0.6660877604166667 0.12015740740740742 0.010300520833333333 0.07735185185185185
1 0.49973958333333335 0.5166666666666667 0.9994791666666667 0.9648148148148148
0 0.84609375 0.24027777777777778 0.008854166666666666 0.021296296296296296
0 0.8872395833333333 0.20879629629629629 0.0046875 0.013888888888888888
0 0.6927083333333334 0.49953703703703706 0.028125 0.03425925925925926
0 0.6255208333333333 0.11574074074074074 0.03958333333333333 0.10740740740740741
0 0.5244791666666667 0.4597222222222222 0.041666666666666664 0.18425925925925926
0 0.5028645833333333 0.3527777777777778 0.021354166666666667 0.044444444444444446
0 0.5450520833333333 0.31203703703703706 0.0234375 0.046296296296296294
0 0.7716145833333333 0.6569444444444444 0.024479166666666666 0.049074074074074076
0 0.62421875 0.625462962962963 0.0171875 0.04722222222222222
0 0.34791666666666665 0.5930555555555556 0.06145833333333333 0.07314814814814814
0 0.32369791666666664 0.6138888888888889 0.0109375 0.014814814814814815
0 0.36770833333333336 0.575925925925926 0.0125 0.040740740740740744
0 0.3770833333333333 0.23935185185185184 0.015625 0.049074074074074076
0 0.25234375 0.37453703703703706 0.033854166666666664 0.05092592592592592
0 0.7921875 0.3148148148148148 0.021875 0.04814814814814815
0 0.055989583333333336 0.9722222222222222 0.013020833333333334 0.027777777777777776
0 0.31302083333333336 0.9791666666666666 0.028125 0.03981481481481482
0 0.7895833333333333 0.9856481481481482 0.007291666666666667 0.01574074074074074
0 0.057291666666666664 0.7333333333333333 0.0125 0.09259259259259259
0 0.5541666666666667 0.8476851851851852 0.010416666666666666 0.019444444444444445
0 0.553125 0.22592592592592592 0.035416666666666666 0.08703703703703704
0 0.030729166666666665 0.39166666666666666 0.008333333333333333 0.044444444444444446
0 0.2989583333333333 0.1814814814814815 0.0125 0.020370370370370372
0 0.3640625 0.1398148148148148 0.0125 0.011111111111111112
0 0.28359375 0.12685185185185185 0.0078125 0.012962962962962963
0 0.22291666666666668 0.21203703703703702 0.009375 0.016666666666666666
0 0.23984375 0.18611111111111112 0.0078125 0.020370370370370372
0 0.20052083333333334 0.12314814814814815 0.00625 0.012962962962962963
0 0.04869791666666667 0.19398148148148148 0.008854166666666666 0.017592592592592594
0 0.6161458333333333 0.38472222222222224 0.010416666666666666 0.012037037037037037
0 0.44192708333333336 0.8208333333333333 0.016145833333333335 0.017592592592592594
0 0.08723958333333333 0.8356481481481481 0.0109375 0.058333333333333334
0 0.0875 0.8175925925925925 0.009375 0.022222222222222223
0 0.6370809895833334 0.9352685185185186 0.0356203125 0.0797962962962963
0 0.4506377604166667 0.8841222222222223 0.011692187500000001 0.016392592592592594
0 0.5483453125000001 0.8287037037037037 0.006065625000000001 0.007407407407407408
0 0.54375 0.8335648148148148 0.003125 0.009722222222222222
0 0.4010416666666667 0.9185185185185185 0.009375 0.014814814814814815
0 0.4166666666666667 0.9523148148148148 0.007291666666666667 0.006481481481481481
0 0.37057291666666664 0.9652777777777778 0.005729166666666666 0.008333333333333333
0 0.6734375 0.9731481481481481 0.007291666666666667 0.009259259259259259
0 0.5138020833333333 0.5606481481481481 0.009895833333333333 0.017592592592592594
0 0.28072916666666664 0.5550925925925926 0.004166666666666667 0.013888888888888888
0 0.6033854166666667 0.17453703703703705 0.0078125 0.013888888888888888
0 0.65859375 0.06712962962962964 0.009895833333333333 0.013888888888888888
0 0.28125 0.24074074074074073 0.004166666666666667 0.011111111111111112
0 0.3731770833333333 0.15416666666666667 0.0067708333333333336 0.019444444444444445
0 0.40989583333333335 0.1412037037037037 0.004166666666666667 0.008333333333333333
0 0.42916666666666664 0.34305555555555556 0.008333333333333333 0.021296296296296296
0 0.012760416666666666 0.9495370370370371 0.0067708333333333336 0.028703703703703703
0 0.12213541666666666 0.8939814814814815 0.0109375 0.01574074074074074
0 0.24322916666666666 0.7074074074074074 0.0125 0.027777777777777776
0 0.3416666666666667 0.41944444444444445 0.007291666666666667 0.011111111111111112
0 0.24036458333333333 0.29583333333333334 0.0067708333333333336 0.021296296296296296
0 0.25677083333333334 0.29814814814814816 0.007291666666666667 0.022222222222222223
0 0.33177083333333335 0.29074074074074074 0.005208333333333333 0.007407407407407408
0 0.2752604166666667 0.950462962962963 0.016145833333333335 0.019444444444444445
0 0.0484375 0.6856481481481481 0.007291666666666667 0.017592592592592594
0 0.6270572916666667 0.4989351851851852 0.004114583333333334 0.02935185185185185
0 0.625 0.5293208333333334 0.00625 0.017900925925925924
0 0.8015625 0.7981481481481482 0.010416666666666666 0.014814814814814815
0 0.7216145833333333 0.9652777777777778 0.009895833333333333 0.017592592592592594
0 0.7963541666666667 0.1388888888888889 0.00625 0.018518518518518517
0 0.23932291666666666 0.6407407407407407 0.0036458333333333334 0.03518518518518519
0 0.35598958333333336 0.09166666666666666 0.008854166666666666 0.07777777777777778
1 0.5 0.48916898148148147 1.0 0.9783379629629629
0 0.8260294270833334 0.8319212962962963 0.009350520833333332 0.021249999999999998
0 0.8643372395833333 0.8727462962962963 0.0047161458333333335 0.014011111111111111
0 0.6911622395833333 0.5422374999999999 0.026074479166666668 0.0381787037037037
0 0.5981872395833334 0.9078203703703704 0.042207812500000004 0.10638148148148148
0 0.5237359375 0.5459263888888889 0.04330520833333333 0.18074166666666666
0 0.49301614583333336 0.6476921296296296 0.021448958333333334 0.04353240740740741
0 0.5317908854166666 0.6952208333333333 0.025040104166666667 0.04414537037037037
0 0.78056796875 0.4037912037037037 0.024677604166666665 0.050175
0 0.6312932291666667 0.4026134259259259 0.01883645833333333 0.045967592592592595
0 0.3564231770833333 0.37722083333333334 0.05972135416666667 0.07666388888888889
0 0.3328921875 0.34750555555555557 0.011617708333333334 0.01538148148148148
0 0.37511197916666666 0.3960236111111111 0.012723958333333334 0.040195370370370374
0 0.3601606770833333 0.7320921296296297 0.018238020833333334 0.049369444444444445
0 0.24486796875 0.5727444444444444 0.03556927083333334 0.04919259259259259
0 0.7782208333333334 0.7484995370370371 0.023108333333333335 0.046999074074074075
0 0.8203171875 0.08048518518518519 0.007301041666666667 0.016525925925925927
0 0.07547109375000001 0.1732212962962963 0.015525520833333334 0.09088703703703704
0 0.5774927083333333 0.1671699074074074 0.01019375 0.019525
0 0.5349151041666667 0.7863175925925926 0.03858020833333333 0.08559814814814815
0 0.02585234375 0.5058643518518519 0.008996354166666666 0.043210185185185185
0 0.2791200520833333 0.7728231481481481 0.012406770833333334 0.021572222222222222
0 0.34067369791666663 0.8281231481481482 0.012597395833333334 0.011801851851851852
0 0.2597651041666667 0.8233819444444445 0.008071875 0.013430555555555557
0 0.20493828125 0.7251222222222222 0.0098765625 0.015059259259259258
0 0.22037213541666667 0.7554231481481481 0.008452604166666666 0.020105555555555554
0 0.17696484375 0.8092111111111111 0.006013020833333333 0.012866666666666667
0 0.030562760416666668 0.7055013888888889 0.0090421875 0.01655833333333333
0 0.6076018229166666 0.639250462962963 0.011036979166666665 0.01183425925925926
0 0.46426276041666664 0.1688361111111111 0.01602552083333333 0.019153703703703704
0 0.11306979166666667 0.07664583333333333 0.013639583333333333 0.05699537037037037
0 0.11238854166666666 0.09536712962962962 0.01019375 0.020363888888888886
0 0.6660109375 0.09797268518518518 0.038271875 0.07372314814814815
0 0.47756145833333336 0.10800555555555556 0.011372916666666667 0.01601111111111111
0 0.5706471354166667 0.18411898148148148 0.005877604166666666 0.007126851851851852
0 0.5667184895833334 0.1788990740740741 0.0032286458333333334 0.00965
0 0.4306177083333333 0.06326944444444445 0.01019375 0.013575925925925927
0 0.44807994791666667 0.03307175925925926 0.007618229166666667 0.006884259259259259
0 0.40330052083333334 0.009804166666666666 0.005559375 0.008497222222222222
0 0.7044065104166666 0.06795324074074074 0.0067296874999999996 0.009980555555555555
0 0.5175697916666667 0.44204768518518517 0.010139583333333334 0.017428703703703703
0 0.2863346354166667 0.39816435185185184 0.0049609375 0.01299537037037037
0 0.5803127604166666 0.8459509259259259 0.007500520833333333 0.014124074074074074
0 0.6277325520833333 0.9635435185185185 0.009631770833333332 0.014124074074074074
0 0.2650841145833333 0.7096694444444445 0.0041265625 0.01193148148148148
0 0.35071119791666666 0.8157361111111111 0.007672395833333333 0.018509259259259257
0 0.38589010416666664 0.8369944444444444 0.004071875 0.009174074074074074
0 0.41900468750000003 0.6402467592592592 0.008842708333333334 0.02123425925925926
0 0.15220781249999998 0.026837962962962963 0.010665625000000001 0.016638888888888887
0 0.2595635416666667 0.23881851851851849 0.011835416666666666 0.029488888888888887
0 0.33704713541666664 0.5458365740740742 0.0074276041666666666 0.012043518518518518
0 0.22831536458333332 0.6466800925925925 0.007672395833333333 0.021137962962962963
0 0.244809375 0.6474777777777777 0.006285416666666667 0.022733333333333335
0 0.3184635416666667 0.670850462962963 0.0056770833333333335 0.008367592592592593
0 0.3079291666666667 0.007349537037037037 0.014816666666666667 0.014699074074074074
0 0.06454322916666667 0.21758703703703702 0.008253125 0.016655555555555555
0 0.6258453125 0.5287884259259259 0.0048156250000000005 0.029799074074074075
0 0.6257856770833333 0.49847314814814814 0.005738020833333333 0.017316666666666668
0 0.81962578125 0.2695351851851852 0.010084895833333333 0.01684814814814815
0 0.7517674479166666 0.08637268518518518 0.008743229166666667 0.01904166666666667
0 0.7692877604166667 0.9226611111111112 0.0052421874999999995 0.019396296296296297
0 0.2510395833333333 0.3035162037037037 0.0041625 0.03481018518518519
0 0.32987500000000003 0.8747101851851852 0.010791666666666666 0.07719814814814814
1 0.5 0.5122925925925925 1.0 0.9745851851851851
0 0.17075234374999998 0.17823101851851852 0.009213020833333333 0.021276851851851852
0 0.13204557291666666 0.13848472222222222 0.0047161458333333335 0.014006481481481483
0 0.30850859375 0.46419675925925924 0.0263921875 0.03765277777777778
0 0.39801875000000003 0.09497916666666667 0.04187083333333333 0.106625
0 0.4761682291666667 0.45552037037037035 0.042961458333333334 0.1814111111111111
0 0.5055192708333334 0.35234074074074073 0.021455208333333333 0.04357037037037037
0 0.46658333333333335 0.3055805555555555 0.024833333333333332 0.04449444444444445
0 0.22066927083333335 0.6046615740740741 0.024671875 0.050063888888888894
0 0.3692046875 0.6017981481481481 0.018617708333333333 0.04618888888888889
0 0.6450794270833333 0.6182592592592593 0.05995052083333333 0.07540740740740741
0 0.6687861979166667 0.6465462962962962 0.011530729166666667 0.015314814814814814
0 0.6261434895833333 0.5997185185185185 0.012703645833333332 0.04017777777777778
0 0.6375859375 0.2635087962962963 0.01788020833333333 0.04923981481481482
0 0.7541364583333333 0.42011296296296297 0.03535625 0.04948518518518519
0 0.21928906250000002 0.26064027777777776 0.022953125 0.04720648148148148
0 0.18386145833333334 0.9295106481481481 0.00730625 0.016428703703703702
0 0.9276419270833334 0.814125462962963 0.014658854166666667 0.09121388888888889
0 0.42589036458333335 0.8356916666666667 0.0101140625 0.019531481481481483
0 0.46283124999999997 0.2151634259259259 0.0381625 0.08588240740740741
0 0.9737140624999999 0.4791208333333334 0.008886458333333335 0.043426851851851855
0 0.7181950520833333 0.22089537037037038 0.012431770833333333 0.02142037037037037
0 0.6562973958333332 0.16690185185185186 0.012594791666666666 0.01158148148148148
0 0.7373541666666666 0.168725 0.008041666666666666 0.013375925925925927
0 0.7929276041666667 0.2649925925925926 0.009813541666666667 0.01517037037037037
0 0.7771010416666667 0.23600694444444442 0.008368750000000001 0.020162037037037037
0 0.81969296875 0.18051990740740742 0.006052604166666667 0.012891666666666666
0 0.9670117187499999 0.27965740740740735 0.0090234375 0.01672222222222222
0 0.39141666666666663 0.36427037037037036 0.010958333333333332 0.011874074074074073
0 0.5387578125 0.8298444444444444 0.016057291666666664 0.018948148148148148
0 0.8909703125 0.9110273148148148 0.013190625000000001 0.05723981481481482
0 0.8915013020833332 0.8927319444444444 0.0100859375 0.020649074074074073
0 0.3377135416666667 0.906774537037037 0.03792708333333333 0.07466018518518518
0 0.5260270833333334 0.8913731481481482 0.011429166666666666 0.016079629629629628
0 0.4326424479166667 0.817475462962963 0.005909895833333333 0.007173148148148148
0 0.43650416666666664 0.8224268518518518 0.0032166666666666667 0.009668518518518519
0 0.57379296875 0.9346606481481481 0.0100859375 0.013765740740740742
0 0.5563932291666667 0.9654537037037038 0.007578125000000001 0.006833333333333334
0 0.6017528645833334 0.987574074074074 0.0055890625 0.008481481481481482
0 0.2997622395833333 0.9382763888888889 0.006816145833333333 0.009886111111111111
0 0.48318203125000003 0.558699537037037 0.0101140625 0.017399074074074074
0 0.7149257812500001 0.5954564814814814 0.0048515625 0.013135185185185186
0 0.41627604166666665 0.1570513888888889 0.007552083333333333 0.014102777777777778
0 0.36733906250000004 0.04038472222222222 0.009678125000000001 0.014102777777777778
0 0.7327598958333332 0.28276388888888887 0.004061458333333334 0.011824074074074074
0 0.64648359375 0.17970046296296296 0.0075505208333333336 0.018660185185185182
0 0.6108989583333333 0.16008657407407406 0.004089583333333333 0.009062037037037039
0 0.5799096354166667 0.35778703703703707 0.008777604166666668 0.02112962962962963
0 0.85223203125 0.9619666666666666 0.010714062500000001 0.016525925925925927
0 0.74295 0.753524537037037 0.011941666666666666 0.029271296296296295
0 0.66256171875 0.44947916666666665 0.007415104166666667 0.011921296296296296
0 0.7704419270833333 0.34484907407407406 0.0075505208333333336 0.021179629629629628
0 0.75373828125 0.3446740740740741 0.006434895833333333 0.02268148148148148
0 0.6793700520833333 0.32356342592592596 0.005615104166666667 0.008237962962962963
0 0.69714921875 0.9899481481481481 0.015131770833333334 0.020637037037037037
0 0.9384364583333333 0.7685462962962962 0.008122916666666667 0.01672222222222222
0 0.37364296874999997 0.4750662037037037 0.0045776041666666665 0.029762037037037038
0 0.3742625 0.5059300925925926 0.005816666666666666 0.017415740740740742
0 0.182675 0.7406935185185185 0.010141666666666667 0.01657222222222222
0 0.25237473958333334 0.9214625 0.008916145833333333 0.018850925925925927
0 0.22661666666666666 0.0855699074074074 0.005316666666666667 0.01928796296296296
0 0.7508927083333333 0.6887439814814814 0.00386875 0.03489537037037037
0 0.6660877604166667 0.12015740740740742 0.010300520833333333 0.07735185185185185
1 0.49973958333333335 0.5166666666666667 0.9994791666666667 0.9648148148148148
0 0.84609375 0.24027777777777778 0.008854166666666666 0.021296296296296296
0 0.8872395833333333 0.20879629629629629 0.0046875 0.013888888888888888
0 0.6927083333333334 0.49953703703703706 0.028125 0.03425925925925926
0 0.6255208333333333 0.11574074074074074 0.03958333333333333 0.10740740740740741
0 0.5244791666666667 0.4597222222222222 0.041666666666666664 0.18425925925925926
0 0.5028645833333333 0.3527777777777778 0.021354166666666667 0.044444444444444446
0 0.5450520833333333 0.31203703703703706 0.0234375 0.046296296296296294
0 0.7716145833333333 0.6569444444444444 0.024479166666666666 0.049074074074074076
0 0.62421875 0.625462962962963 0.0171875 0.04722222222222222
0 0.34791666666666665 0.5930555555555556 0.06145833333333333 0.07314814814814814
0 0.32369791666666664 0.6138888888888889 0.0109375 0.014814814814814815
0 0.36770833333333336 0.575925925925926 0.0125 0.040740740740740744
0 0.3770833333333333 0.23935185185185184 0.015625 0.049074074074074076
0 0.25234375 0.37453703703703706 0.033854166666666664 0.05092592592592592
0 0.7921875 0.3148148148148148 0.021875 0.04814814814814815
0 0.055989583333333336 0.9722222222222222 0.013020833333333334 0.027777777777777776
0 0.31302083333333336 0.9791666666666666 0.028125 0.03981481481481482
0 0.7895833333333333 0.9856481481481482 0.007291666666666667 0.01574074074074074
0 0.057291666666666664 0.7333333333333333 0.0125 0.09259259259259259
0 0.5541666666666667 0.8476851851851852 0.010416666666666666 0.019444444444444445
0 0.553125 0.22592592592592592 0.035416666666666666 0.08703703703703704
0 0.030729166666666665 0.39166666666666666 0.008333333333333333 0.044444444444444446
0 0.2989583333333333 0.1814814814814815 0.0125 0.020370370370370372
0 0.3640625 0.1398148148148148 0.0125 0.011111111111111112
0 0.28359375 0.12685185185185185 0.0078125 0.012962962962962963
0 0.22291666666666668 0.21203703703703702 0.009375 0.016666666666666666
0 0.23984375 0.18611111111111112 0.0078125 0.020370370370370372
0 0.20052083333333334 0.12314814814814815 0.00625 0.012962962962962963
0 0.04869791666666667 0.19398148148148148 0.008854166666666666 0.017592592592592594
0 0.6161458333333333 0.38472222222222224 0.010416666666666666 0.012037037037037037
0 0.44192708333333336 0.8208333333333333 0.016145833333333335 0.017592592592592594
0 0.08723958333333333 0.8356481481481481 0.0109375 0.058333333333333334
0 0.0875 0.8175925925925925 0.009375 0.022222222222222223
0 0.6370809895833334 0.9352685185185186 0.0356203125 0.0797962962962963
0 0.4506377604166667 0.8841222222222223 0.011692187500000001 0.016392592592592594
0 0.5483453125000001 0.8287037037037037 0.006065625000000001 0.007407407407407408
0 0.54375 0.8335648148148148 0.003125 0.009722222222222222
0 0.4010416666666667 0.9185185185185185 0.009375 0.014814814814814815
0 0.4166666666666667 0.9523148148148148 0.007291666666666667 0.006481481481481481
0 0.37057291666666664 0.9652777777777778 0.005729166666666666 0.008333333333333333
0 0.6734375 0.9731481481481481 0.007291666666666667 0.009259259259259259
0 0.5138020833333333 0.5606481481481481 0.009895833333333333 0.017592592592592594
0 0.28072916666666664 0.5550925925925926 0.004166666666666667 0.013888888888888888
0 0.6033854166666667 0.17453703703703705 0.0078125 0.013888888888888888
0 0.65859375 0.06712962962962964 0.009895833333333333 0.013888888888888888
0 0.28125 0.24074074074074073 0.004166666666666667 0.011111111111111112
0 0.3731770833333333 0.15416666666666667 0.0067708333333333336 0.019444444444444445
0 0.40989583333333335 0.1412037037037037 0.004166666666666667 0.008333333333333333
0 0.42916666666666664 0.34305555555555556 0.008333333333333333 0.021296296296296296
0 0.012760416666666666 0.9495370370370371 0.0067708333333333336 0.028703703703703703
0 0.12213541666666666 0.8939814814814815 0.0109375 0.01574074074074074
0 0.24322916666666666 0.7074074074074074 0.0125 0.027777777777777776
0 0.3416666666666667 0.41944444444444445 0.007291666666666667 0.011111111111111112
0 0.24036458333333333 0.29583333333333334 0.0067708333333333336 0.021296296296296296
0 0.25677083333333334 0.29814814814814816 0.007291666666666667 0.022222222222222223
0 0.33177083333333335 0.29074074074074074 0.005208333333333333 0.007407407407407408
0 0.2752604166666667 0.950462962962963 0.016145833333333335 0.019444444444444445
0 0.0484375 0.6856481481481481 0.007291666666666667 0.017592592592592594
0 0.6270572916666667 0.4989351851851852 0.004114583333333334 0.02935185185185185
0 0.625 0.5293208333333334 0.00625 0.017900925925925924
0 0.8015625 0.7981481481481482 0.010416666666666666 0.014814814814814815
0 0.7216145833333333 0.9652777777777778 0.009895833333333333 0.017592592592592594
0 0.7963541666666667 0.1388888888888889 0.00625 0.018518518518518517
0 0.23932291666666666 0.6407407407407407 0.0036458333333333334 0.03518518518518519
0 0.35598958333333336 0.09166666666666666 0.008854166666666666 0.07777777777777778
1 0.5 0.48916898148148147 1.0 0.9783379629629629
0 0.8260294270833334 0.8319212962962963 0.009350520833333332 0.021249999999999998
0 0.8643372395833333 0.8727462962962963 0.0047161458333333335 0.014011111111111111
0 0.6911622395833333 0.5422374999999999 0.026074479166666668 0.0381787037037037
0 0.5981872395833334 0.9078203703703704 0.042207812500000004 0.10638148148148148
0 0.5237359375 0.5459263888888889 0.04330520833333333 0.18074166666666666
0 0.49301614583333336 0.6476921296296296 0.021448958333333334 0.04353240740740741
0 0.5317908854166666 0.6952208333333333 0.025040104166666667 0.04414537037037037
0 0.78056796875 0.4037912037037037 0.024677604166666665 0.050175
0 0.6312932291666667 0.4026134259259259 0.01883645833333333 0.045967592592592595
0 0.3564231770833333 0.37722083333333334 0.05972135416666667 0.07666388888888889
0 0.3328921875 0.34750555555555557 0.011617708333333334 0.01538148148148148
0 0.37511197916666666 0.3960236111111111 0.012723958333333334 0.040195370370370374
0 0.3601606770833333 0.7320921296296297 0.018238020833333334 0.049369444444444445
0 0.24486796875 0.5727444444444444 0.03556927083333334 0.04919259259259259
0 0.7782208333333334 0.7484995370370371 0.023108333333333335 0.046999074074074075
0 0.8203171875 0.08048518518518519 0.007301041666666667 0.016525925925925927
0 0.07547109375000001 0.1732212962962963 0.015525520833333334 0.09088703703703704
0 0.5774927083333333 0.1671699074074074 0.01019375 0.019525
0 0.5349151041666667 0.7863175925925926 0.03858020833333333 0.08559814814814815
0 0.02585234375 0.5058643518518519 0.008996354166666666 0.043210185185185185
0 0.2791200520833333 0.7728231481481481 0.012406770833333334 0.021572222222222222
0 0.34067369791666663 0.8281231481481482 0.012597395833333334 0.011801851851851852
0 0.2597651041666667 0.8233819444444445 0.008071875 0.013430555555555557
0 0.20493828125 0.7251222222222222 0.0098765625 0.015059259259259258
0 0.22037213541666667 0.7554231481481481 0.008452604166666666 0.020105555555555554
0 0.17696484375 0.8092111111111111 0.006013020833333333 0.012866666666666667
0 0.030562760416666668 0.7055013888888889 0.0090421875 0.01655833333333333
0 0.6076018229166666 0.639250462962963 0.011036979166666665 0.01183425925925926
0 0.46426276041666664 0.1688361111111111 0.01602552083333333 0.019153703703703704
0 0.11306979166666667 0.07664583333333333 0.013639583333333333 0.05699537037037037
0 0.11238854166666666 0.09536712962962962 0.01019375 0.020363888888888886
0 0.6660109375 0.09797268518518518 0.038271875 0.07372314814814815
0 0.47756145833333336 0.10800555555555556 0.011372916666666667 0.01601111111111111
0 0.5706471354166667 0.18411898148148148 0.005877604166666666 0.007126851851851852
0 0.5667184895833334 0.1788990740740741 0.0032286458333333334 0.00965
0 0.4306177083333333 0.06326944444444445 0.01019375 0.013575925925925927
0 0.44807994791666667 0.03307175925925926 0.007618229166666667 0.006884259259259259
0 0.40330052083333334 0.009804166666666666 0.005559375 0.008497222222222222
0 0.7044065104166666 0.06795324074074074 0.0067296874999999996 0.009980555555555555
0 0.5175697916666667 0.44204768518518517 0.010139583333333334 0.017428703703703703
0 0.2863346354166667 0.39816435185185184 0.0049609375 0.01299537037037037
0 0.5803127604166666 0.8459509259259259 0.007500520833333333 0.014124074074074074
0 0.6277325520833333 0.9635435185185185 0.009631770833333332 0.014124074074074074
0 0.2650841145833333 0.7096694444444445 0.0041265625 0.01193148148148148
0 0.35071119791666666 0.8157361111111111 0.007672395833333333 0.018509259259259257
0 0.38589010416666664 0.8369944444444444 0.004071875 0.009174074074074074
0 0.41900468750000003 0.6402467592592592 0.008842708333333334 0.02123425925925926
0 0.15220781249999998 0.026837962962962963 0.010665625000000001 0.016638888888888887
0 0.2595635416666667 0.23881851851851849 0.011835416666666666 0.029488888888888887
0 0.33704713541666664 0.5458365740740742 0.0074276041666666666 0.012043518518518518
0 0.22831536458333332 0.6466800925925925 0.007672395833333333 0.021137962962962963
0 0.244809375 0.6474777777777777 0.006285416666666667 0.022733333333333335
0 0.3184635416666667 0.670850462962963 0.0056770833333333335 0.008367592592592593
0 0.3079291666666667 0.007349537037037037 0.014816666666666667 0.014699074074074074
0 0.06454322916666667 0.21758703703703702 0.008253125 0.016655555555555555
0 0.6258453125 0.5287884259259259 0.0048156250000000005 0.029799074074074075
0 0.6257856770833333 0.49847314814814814 0.005738020833333333 0.017316666666666668
0 0.81962578125 0.2695351851851852 0.010084895833333333 0.01684814814814815
0 0.7517674479166666 0.08637268518518518 0.008743229166666667 0.01904166666666667
0 0.7692877604166667 0.9226611111111112 0.0052421874999999995 0.019396296296296297
0 0.2510395833333333 0.3035162037037037 0.0041625 0.03481018518518519
0 0.32987500000000003 0.8747101851851852 0.010791666666666666 0.07719814814814814
1 0.5 0.5122925925925925 1.0 0.9745851851851851
0 0.17075234374999998 0.17823101851851852 0.009213020833333333 0.021276851851851852
0 0.13204557291666666 0.13848472222222222 0.0047161458333333335 0.014006481481481483
0 0.30850859375 0.46419675925925924 0.0263921875 0.03765277777777778
0 0.39801875000000003 0.09497916666666667 0.04187083333333333 0.106625
0 0.4761682291666667 0.45552037037037035 0.042961458333333334 0.1814111111111111
0 0.5055192708333334 0.35234074074074073 0.021455208333333333 0.04357037037037037
0 0.46658333333333335 0.3055805555555555 0.024833333333333332 0.04449444444444445
0 0.22066927083333335 0.6046615740740741 0.024671875 0.050063888888888894
0 0.3692046875 0.6017981481481481 0.018617708333333333 0.04618888888888889
0 0.6450794270833333 0.6182592592592593 0.05995052083333333 0.07540740740740741
0 0.6687861979166667 0.6465462962962962 0.011530729166666667 0.015314814814814814
0 0.6261434895833333 0.5997185185185185 0.012703645833333332 0.04017777777777778
0 0.6375859375 0.2635087962962963 0.01788020833333333 0.04923981481481482
0 0.7541364583333333 0.42011296296296297 0.03535625 0.04948518518518519
0 0.21928906250000002 0.26064027777777776 0.022953125 0.04720648148148148
0 0.18386145833333334 0.9295106481481481 0.00730625 0.016428703703703702
0 0.9276419270833334 0.814125462962963 0.014658854166666667 0.09121388888888889
0 0.42589036458333335 0.8356916666666667 0.0101140625 0.019531481481481483
0 0.46283124999999997 0.2151634259259259 0.0381625 0.08588240740740741
0 0.9737140624999999 0.4791208333333334 0.008886458333333335 0.043426851851851855
0 0.7181950520833333 0.22089537037037038 0.012431770833333333 0.02142037037037037
0 0.6562973958333332 0.16690185185185186 0.012594791666666666 0.01158148148148148
0 0.7373541666666666 0.168725 0.008041666666666666 0.013375925925925927
0 0.7929276041666667 0.2649925925925926 0.009813541666666667 0.01517037037037037
0 0.7771010416666667 0.23600694444444442 0.008368750000000001 0.020162037037037037
0 0.81969296875 0.18051990740740742 0.006052604166666667 0.012891666666666666
0 0.9670117187499999 0.27965740740740735 0.0090234375 0.01672222222222222
0 0.39141666666666663 0.36427037037037036 0.010958333333333332 0.011874074074074073
0 0.5387578125 0.8298444444444444 0.016057291666666664 0.018948148148148148
0 0.8909703125 0.9110273148148148 0.013190625000000001 0.05723981481481482
0 0.8915013020833332 0.8927319444444444 0.0100859375 0.020649074074074073
0 0.3377135416666667 0.906774537037037 0.03792708333333333 0.07466018518518518
0 0.5260270833333334 0.8913731481481482 0.011429166666666666 0.016079629629629628
0 0.4326424479166667 0.817475462962963 0.005909895833333333 0.007173148148148148
0 0.43650416666666664 0.8224268518518518 0.0032166666666666667 0.009668518518518519
0 0.57379296875 0.9346606481481481 0.0100859375 0.013765740740740742
0 0.5563932291666667 0.9654537037037038 0.007578125000000001 0.006833333333333334
0 0.6017528645833334 0.987574074074074 0.0055890625 0.008481481481481482
0 0.2997622395833333 0.9382763888888889 0.006816145833333333 0.009886111111111111
0 0.48318203125000003 0.558699537037037 0.0101140625 0.017399074074074074
0 0.7149257812500001 0.5954564814814814 0.0048515625 0.013135185185185186
0 0.41627604166666665 0.1570513888888889 0.007552083333333333 0.014102777777777778
0 0.36733906250000004 0.04038472222222222 0.009678125000000001 0.014102777777777778
0 0.7327598958333332 0.28276388888888887 0.004061458333333334 0.011824074074074074
0 0.64648359375 0.17970046296296296 0.0075505208333333336 0.018660185185185182
0 0.6108989583333333 0.16008657407407406 0.004089583333333333 0.009062037037037039
0 0.5799096354166667 0.35778703703703707 0.008777604166666668 0.02112962962962963
0 0.85223203125 0.9619666666666666 0.010714062500000001 0.016525925925925927
0 0.74295 0.753524537037037 0.011941666666666666 0.029271296296296295
0 0.66256171875 0.44947916666666665 0.007415104166666667 0.011921296296296296
0 0.7704419270833333 0.34484907407407406 0.0075505208333333336 0.021179629629629628
0 0.75373828125 0.3446740740740741 0.006434895833333333 0.02268148148148148
0 0.6793700520833333 0.32356342592592596 0.005615104166666667 0.008237962962962963
0 0.69714921875 0.9899481481481481 0.015131770833333334 0.020637037037037037
0 0.9384364583333333 0.7685462962962962 0.008122916666666667 0.01672222222222222
0 0.37364296874999997 0.4750662037037037 0.0045776041666666665 0.029762037037037038
0 0.3742625 0.5059300925925926 0.005816666666666666 0.017415740740740742
0 0.182675 0.7406935185185185 0.010141666666666667 0.01657222222222222
0 0.25237473958333334 0.9214625 0.008916145833333333 0.018850925925925927
0 0.22661666666666666 0.0855699074074074 0.005316666666666667 0.01928796296296296
0 0.7508927083333333 0.6887439814814814 0.00386875 0.03489537037037037
0 0.6660877604166667 0.12015740740740742 0.010300520833333333 0.07735185185185185
1 0.49973958333333335 0.5166666666666667 0.9994791666666667 0.9648148148148148
0 0.84609375 0.24027777777777778 0.008854166666666666 0.021296296296296296
0 0.8872395833333333 0.20879629629629629 0.0046875 0.013888888888888888
0 0.6927083333333334 0.49953703703703706 0.028125 0.03425925925925926
0 0.6255208333333333 0.11574074074074074 0.03958333333333333 0.10740740740740741
0 0.5244791666666667 0.4597222222222222 0.041666666666666664 0.18425925925925926
0 0.5028645833333333 0.3527777777777778 0.021354166666666667 0.044444444444444446
0 0.5450520833333333 0.31203703703703706 0.0234375 0.046296296296296294
0 0.7716145833333333 0.6569444444444444 0.024479166666666666 0.049074074074074076
0 0.62421875 0.625462962962963 0.0171875 0.04722222222222222
0 0.34791666666666665 0.5930555555555556 0.06145833333333333 0.07314814814814814
0 0.32369791666666664 0.6138888888888889 0.0109375 0.014814814814814815
0 0.36770833333333336 0.575925925925926 0.0125 0.040740740740740744
0 0.3770833333333333 0.23935185185185184 0.015625 0.049074074074074076
0 0.25234375 0.37453703703703706 0.033854166666666664 0.05092592592592592
0 0.7921875 0.3148148148148148 0.021875 0.04814814814814815
0 0.055989583333333336 0.9722222222222222 0.013020833333333334 0.027777777777777776
0 0.31302083333333336 0.9791666666666666 0.028125 0.03981481481481482
0 0.7895833333333333 0.9856481481481482 0.007291666666666667 0.01574074074074074
0 0.057291666666666664 0.7333333333333333 0.0125 0.09259259259259259
0 0.5541666666666667 0.8476851851851852 0.010416666666666666 0.019444444444444445
0 0.553125 0.22592592592592592 0.035416666666666666 0.08703703703703704
0 0.030729166666666665 0.39166666666666666 0.008333333333333333 0.044444444444444446
0 0.2989583333333333 0.1814814814814815 0.0125 0.020370370370370372
0 0.3640625 0.1398148148148148 0.0125 0.011111111111111112
0 0.28359375 0.12685185185185185 0.0078125 0.012962962962962963
0 0.22291666666666668 0.21203703703703702 0.009375 0.016666666666666666
0 0.23984375 0.18611111111111112 0.0078125 0.020370370370370372
0 0.20052083333333334 0.12314814814814815 0.00625 0.012962962962962963
0 0.04869791666666667 0.19398148148148148 0.008854166666666666 0.017592592592592594
0 0.6161458333333333 0.38472222222222224 0.010416666666666666 0.012037037037037037
0 0.44192708333333336 0.8208333333333333 0.016145833333333335 0.017592592592592594
0 0.08723958333333333 0.8356481481481481 0.0109375 0.058333333333333334
0 0.0875 0.8175925925925925 0.009375 0.022222222222222223
0 0.6370809895833334 0.9352685185185186 0.0356203125 0.0797962962962963
0 0.4506377604166667 0.8841222222222223 0.011692187500000001 0.016392592592592594
0 0.5483453125000001 0.8287037037037037 0.006065625000000001 0.007407407407407408
0 0.54375 0.8335648148148148 0.003125 0.009722222222222222
0 0.4010416666666667 0.9185185185185185 0.009375 0.014814814814814815
0 0.4166666666666667 0.9523148148148148 0.007291666666666667 0.006481481481481481
0 0.37057291666666664 0.9652777777777778 0.005729166666666666 0.008333333333333333
0 0.6734375 0.9731481481481481 0.007291666666666667 0.009259259259259259
0 0.5138020833333333 0.5606481481481481 0.009895833333333333 0.017592592592592594
0 0.28072916666666664 0.5550925925925926 0.004166666666666667 0.013888888888888888
0 0.6033854166666667 0.17453703703703705 0.0078125 0.013888888888888888
0 0.65859375 0.06712962962962964 0.009895833333333333 0.013888888888888888
0 0.28125 0.24074074074074073 0.004166666666666667 0.011111111111111112
0 0.3731770833333333 0.15416666666666667 0.0067708333333333336 0.019444444444444445
0 0.40989583333333335 0.1412037037037037 0.004166666666666667 0.008333333333333333
0 0.42916666666666664 0.34305555555555556 0.008333333333333333 0.021296296296296296
0 0.012760416666666666 0.9495370370370371 0.0067708333333333336 0.028703703703703703
0 0.12213541666666666 0.8939814814814815 0.0109375 0.01574074074074074
0 0.24322916666666666 0.7074074074074074 0.0125 0.027777777777777776
0 0.3416666666666667 0.41944444444444445 0.007291666666666667 0.011111111111111112
0 0.24036458333333333 0.29583333333333334 0.0067708333333333336 0.021296296296296296
0 0.25677083333333334 0.29814814814814816 0.007291666666666667 0.022222222222222223
0 0.33177083333333335 0.29074074074074074 0.005208333333333333 0.007407407407407408
0 0.2752604166666667 0.950462962962963 0.016145833333333335 0.019444444444444445
0 0.0484375 0.6856481481481481 0.007291666666666667 0.017592592592592594
0 0.6270572916666667 0.4989351851851852 0.004114583333333334 0.02935185185185185
0 0.625 0.5293208333333334 0.00625 0.017900925925925924
0 0.8015625 0.7981481481481482 0.010416666666666666 0.014814814814814815
0 0.7216145833333333 0.9652777777777778 0.009895833333333333 0.017592592592592594
0 0.7963541666666667 0.1388888888888889 0.00625 0.018518518518518517
0 0.23932291666666666 0.6407407407407407 0.0036458333333333334 0.03518518518518519
0 0.35598958333333336 0.09166666666666666 0.008854166666666666 0.07777777777777778
