1 0.4942708333333333 0.5907407407407408 0.9885416666666667 0.8185185185185185
0 0.45989583333333334 0.4962962962962963 0.036458333333333336 0.06111111111111111
0 0.47421875 0.36342592592592593 0.015104166666666667 0.026851851851851852
0 0.28828125 0.9837962962962963 0.0109375 0.019444444444444445
0 0.5395833333333333 0.7680555555555556 0.017708333333333333 0.025
0 0.5880208333333333 0.8291666666666667 0.015625 0.030555555555555555
0 0.7018229166666666 0.6819444444444445 0.013020833333333334 0.017592592592592594
0 0.13151041666666666 0.30416666666666664 0.0203125 0.019444444444444445
0 0.1390625 0.6685185185185185 0.015625 0.03148148148148148
0 0.0484375 0.3592592592592593 0.007291666666666667 0.020370370370370372
0 0.08697916666666666 0.6731481481481482 0.010416666666666666 0.018518518518518517
0 0.6286458333333333 0.7564814814814815 0.010416666666666666 0.02962962962962963
1 0.5 0.42780555555555555 1.0 0.8556111111111111
0 0.4589533854166667 0.4929875 0.0345734375 0.06745648148148148
0 0.46316796875 0.6285666666666666 0.014877604166666667 0.025651851851851853
0 0.5627984375 0.24673472222222223 0.018305208333333333 0.023099074074074074
0 0.6153747395833334 0.1987125 0.016166145833333333 0.030758333333333335
0 0.7150359374999999 0.3769166666666667 0.013405208333333333 0.016796296296296295
0 0.11910833333333333 0.5912601851851852 0.019466666666666667 0.02326111111111111
0 0.15823723958333333 0.23299490740740741 0.0154328125 0.03080462962962963
0 0.04183411458333333 0.5141824074074074 0.008668229166666668 0.019105555555555556
0 0.10737760416666667 0.2132111111111111 0.010588541666666666 0.019014814814814818
0 0.6487312500000001 0.28307870370370375 0.009962500000000001 0.02912037037037037
1 0.5054713541666667 0.5604337962962963 0.9890677083333334 0.878275
0 0.5393294270833333 0.4877134259259259 0.039075520833333335 0.05690833333333333
0 0.5153091145833334 0.3591166666666667 0.014993229166666667 0.027492592592592593
0 0.7477479166666666 0.9269384259259259 0.011120833333333333 0.02054351851851852
0 0.48184296875 0.7747708333333334 0.0168109375 0.027319444444444445
0 0.43857031249999995 0.8471902777777778 0.015682291666666667 0.03141759259259259
0 0.31425546875 0.7306189814814814 0.0128859375 0.01864537037037037
0 0.8500031250000001 0.2144337962962963 0.020839583333333335 0.01590462962962963
0 0.8707572916666667 0.5771421296296296 0.015472916666666666 0.03206203703703704
0 0.9357799479166666 0.2494259259259259 0.008018229166666667 0.021074074074074075
0 0.9226351562499999 0.5690319444444444 0.0108953125 0.01769351851851852
0 0.39234583333333334 0.7860314814814815 0.010733333333333334 0.02947037037037037
1 0.4942708333333333 0.5907407407407408 0.9885416666666667 0.8185185185185185
0 0.45989583333333334 0.4962962962962963 0.036458333333333336 0.06111111111111111
0 0.47421875 0.36342592592592593 0.015104166666666667 0.026851851851851852
0 0.28828125 0.9837962962962963 0.0109375 0.019444444444444445
0 0.5395833333333333 0.7680555555555556 0.017708333333333333 0.025
0 0.5880208333333333 0.8291666666666667 0.015625 0.030555555555555555
0 0.7018229166666666 0.6819444444444445 0.013020833333333334 0.017592592592592594
0 0.13151041666666666 0.30416666666666664 0.0203125 0.019444444444444445
0 0.1390625 0.6685185185185185 0.015625 0.03148148148148148
0 0.0484375 0.3592592592592593 0.007291666666666667 0.020370370370370372
0 0.08697916666666666 0.6731481481481482 0.010416666666666666 0.018518518518518517
0 0.6286458333333333 0.7564814814814815 0.010416666666666666 0.02962962962962963
1 0.5 0.42780555555555555 1.0 0.8556111111111111
0 0.4589533854166667 0.4929875 0.0345734375 0.06745648148148148
0 0.46316796875 0.6285666666666666 0.014877604166666667 0.025651851851851853
0 0.5627984375 0.24673472222222223 0.018305208333333333 0.023099074074074074
0 0.6153747395833334 0.1987125 0.016166145833333333 0.030758333333333335
0 0.7150359374999999 0.3769166666666667 0.013405208333333333 0.016796296296296295
0 0.11910833333333333 0.5912601851851852 0.019466666666666667 0.02326111111111111
0 0.15823723958333333 0.23299490740740741 0.0154328125 0.03080462962962963
0 0.04183411458333333 0.5141824074074074 0.008668229166666668 0.019105555555555556
0 0.10737760416666667 0.2132111111111111 0.010588541666666666 0.019014814814814818
0 0.6487312500000001 0.28307870370370375 0.009962500000000001 0.02912037037037037
1 0.5054713541666667 0.5604337962962963 0.9890677083333334 0.878275
0 0.5393294270833333 0.4877134259259259 0.039075520833333335 0.05690833333333333
0 0.5153091145833334 0.3591166666666667 0.014993229166666667 0.027492592592592593
0 0.7477479166666666 0.9269384259259259 0.011120833333333333 0.02054351851851852
0 0.48184296875 0.7747708333333334 0.0168109375 0.027319444444444445
0 0.43857031249999995 0.8471902777777778 0.015682291666666667 0.03141759259259259
0 0.31425546875 0.7306189814814814 0.0128859375 0.01864537037037037
0 0.8500031250000001 0.2144337962962963 0.020839583333333335 0.01590462962962963
0 0.8707572916666667 0.5771421296296296 0.015472916666666666 0.03206203703703704
0 0.9357799479166666 0.2494259259259259 0.008018229166666667 0.021074074074074075
0 0.9226351562499999 0.5690319444444444 0.0108953125 0.01769351851851852
0 0.39234583333333334 0.7860314814814815 0.010733333333333334 0.02947037037037037
