1 0.5 0.5176763888888889 1.0 0.9649824074074075
0 0.30889531249999996 0.37323657407407407 0.013623958333333333 0.0446212962962963
0 0.3686731770833333 0.29627037037037035 0.012346354166666665 0.024022222222222223
0 0.6788736979166666 0.8458768518518519 0.025455729166666666 0.019531481481481483
0 0.4273427083333334 0.9021226851851852 0.008852083333333333 0.015356481481481483
0 0.2279921875 0.9403981481481481 0.008067708333333333 0.015981481481481482
0 0.045490625 0.898212962962963 0.006606249999999999 0.016796296296296295
0 0.4279283854166666 0.5760032407407407 0.010023437500000001 0.04274722222222222
0 0.0019395833333333335 0.32539074074074076 0.003879166666666667 0.015596296296296297
0 0.7989197916666666 0.3885388888888889 0.006172916666666667 0.025225925925925926
0 0.9541153645833333 0.45042407407407403 0.012397395833333333 0.030477777777777774
0 0.9389080729166667 0.6997680555555555 0.0069828125 0.01805462962962963
1 0.49973958333333335 0.5305555555555556 0.9994791666666667 0.937037037037037
0 0.321875 0.32175925925925924 0.0125 0.04537037037037037
0 0.3885416666666667 0.2625 0.0125 0.023148148148148147
0 0.6463541666666667 0.8902777777777777 0.023958333333333335 0.023148148148148147
0 0.3932291666666667 0.8773148148148148 0.009375 0.01574074074074074
0 0.19270833333333334 0.8597222222222223 0.008333333333333333 0.01574074074074074
0 0.015885416666666666 0.7671296296296296 0.0067708333333333336 0.017592592592592594
0 0.42291666666666666 0.5560185185185185 0.011458333333333333 0.041666666666666664
0 0.021354166666666667 0.1884259259259259 0.007291666666666667 0.017592592592592594
0 0.8052083333333333 0.47314814814814815 0.007291666666666667 0.024074074074074074
0 0.953125 0.5768518518518518 0.013541666666666667 0.027777777777777776
0 0.9158854166666667 0.8194444444444444 0.0078125 0.016666666666666666
1 0.5 0.5064810185185186 1.0 0.9870361111111111
0 0.33874114583333337 0.2746199074074074 0.011857291666666665 0.04553611111111111
0 0.41070625 0.23457962962962964 0.013079166666666666 0.022862962962962963
0 0.6098083333333334 0.925512037037037 0.022741666666666667 0.028801851851851853
0 0.3616044270833333 0.8435379629629629 0.0096671875 0.016705555555555557
0 0.16461354166666667 0.7697379629629629 0.00839375 0.015401851851851852
0 0.41980729166666664 0.5348120370370371 0.013572916666666665 0.039994444444444444
0 0.054447656250000004 0.05847083333333333 0.007853645833333334 0.016941666666666667
0 0.8034148437499999 0.5576055555555556 0.008913020833333334 0.02261851851851852
0 0.9403554687500001 0.7014481481481482 0.0150859375 0.02511851851851852
0 0.8826348958333334 0.9313787037037037 0.009019791666666667 0.01646111111111111
1 0.5 0.5176763888888889 1.0 0.9649824074074075
0 0.30889531249999996 0.37323657407407407 0.013623958333333333 0.0446212962962963
0 0.3686731770833333 0.29627037037037035 0.012346354166666665 0.024022222222222223
0 0.6788736979166666 0.8458768518518519 0.025455729166666666 0.019531481481481483
0 0.4273427083333334 0.9021226851851852 0.008852083333333333 0.015356481481481483
0 0.2279921875 0.9403981481481481 0.008067708333333333 0.015981481481481482
0 0.045490625 0.898212962962963 0.006606249999999999 0.016796296296296295
0 0.4279283854166666 0.5760032407407407 0.010023437500000001 0.04274722222222222
0 0.0019395833333333335 0.32539074074074076 0.003879166666666667 0.015596296296296297
0 0.7989197916666666 0.3885388888888889 0.006172916666666667 0.025225925925925926
0 0.9541153645833333 0.45042407407407403 0.012397395833333333 0.030477777777777774
0 0.9389080729166667 0.6997680555555555 0.0069828125 0.01805462962962963
1 0.49973958333333335 0.5305555555555556 0.9994791666666667 0.937037037037037
0 0.321875 0.32175925925925924 0.0125 0.04537037037037037
0 0.3885416666666667 0.2625 0.0125 0.023148148148148147
0 0.6463541666666667 0.8902777777777777 0.023958333333333335 0.023148148148148147
0 0.3932291666666667 0.8773148148148148 0.009375 0.01574074074074074
0 0.19270833333333334 0.8597222222222223 0.008333333333333333 0.01574074074074074
0 0.015885416666666666 0.7671296296296296 0.0067708333333333336 0.017592592592592594
0 0.42291666666666666 0.5560185185185185 0.011458333333333333 0.041666666666666664
0 0.021354166666666667 0.1884259259259259 0.007291666666666667 0.017592592592592594
0 0.8052083333333333 0.47314814814814815 0.007291666666666667 0.024074074074074074
0 0.953125 0.5768518518518518 0.013541666666666667 0.027777777777777776
0 0.9158854166666667 0.8194444444444444 0.0078125 0.016666666666666666
1 0.5 0.5064810185185186 1.0 0.9870361111111111
0 0.33874114583333337 0.2746199074074074 0.011857291666666665 0.04553611111111111
0 0.41070625 0.23457962962962964 0.013079166666666666 0.022862962962962963
0 0.6098083333333334 0.925512037037037 0.022741666666666667 0.028801851851851853
0 0.3616044270833333 0.8435379629629629 0.0096671875 0.016705555555555557
0 0.16461354166666667 0.7697379629629629 0.00839375 0.015401851851851852
0 0.41980729166666664 0.5348120370370371 0.013572916666666665 0.039994444444444444
0 0.054447656250000004 0.05847083333333333 0.007853645833333334 0.016941666666666667
0 0.8034148437499999 0.5576055555555556 0.008913020833333334 0.02261851851851852
0 0.9403554687500001 0.7014481481481482 0.0150859375 0.02511851851851852
0 0.8826348958333334 0.9313787037037037 0.009019791666666667 0.01646111111111111
