1 0.5 0.4719259259259259 1.0 0.9438518518518518
0 0.9409453125 0.647300462962963 0.010015625 0.04274907407407407
0 0.9629505208333333 0.5859046296296296 0.007151041666666667 0.01255
0 0.9275640625 0.49144722222222226 0.005128125 0.014375925925925926
0 0.8256091145833333 0.6245763888888889 0.0064265625 0.01952314814814815
0 0.7781385416666667 0.7341222222222222 0.026068749999999998 0.04602222222222222
0 0.70068046875 0.8300782407407408 0.021152604166666665 0.05460092592592593
0 0.7195244791666667 0.6232671296296297 0.010923958333333334 0.040978703703703705
0 0.7089333333333333 0.4831592592592593 0.008491666666666666 0.03854074074074074
0 0.7116361979166667 0.5165203703703704 0.010772395833333333 0.03304074074074074
0 0.755659375 0.5532037037037038 0.0050687499999999995 0.00825925925925926
0 0.6275499999999999 0.6632064814814815 0.024891666666666666 0.03567222222222222
0 0.6571135416666666 0.6046199074074075 0.011102083333333334 0.02590648148148148
0 0.61762578125 0.5913944444444444 0.0165015625 0.04575185185185185
0 0.6545203125000001 0.45039444444444443 0.02362395833333333 0.026714814814814816
0 0.5687247395833332 0.4739314814814815 0.009324479166666667 0.021937037037037036
0 0.5671476562500001 0.553426388888889 0.0030453125000000003 0.025371296296296295
0 0.55410234375 0.5635611111111111 0.010288020833333333 0.017862962962962966
0 0.4980205729166666 0.6764282407407407 0.004374479166666666 0.01952314814814815
0 0.4872833333333333 0.37754166666666666 0.01415 0.019898148148148147
0 0.5426067708333334 0.34047962962962963 0.009171875 0.016144444444444444
0 0.39610364583333335 0.12238425925925928 0.02449895833333333 0.03550925925925926
0 0.3919578125 0.061331944444444446 0.009957291666666666 0.02081203703703704
0 0.012038541666666668 0.23106944444444444 0.024077083333333336 0.11213888888888889
0 0.14191979166666666 0.1419425925925926 0.008839583333333335 0.013514814814814815
0 0.059863541666666666 0.5420902777777777 0.0041020833333333334 0.015662037037037037
0 0.04727994791666667 0.5435509259259259 0.0049765625 0.020435185185185185
0 0.2842393229166667 0.9150828703703704 0.017436979166666665 0.0357212962962963
0 0.3648401041666667 0.9050217592592592 0.02030520833333333 0.026710185185185188
0 0.4135432291666667 0.7742138888888889 0.015628125 0.016946296296296296
0 0.5929854166666666 0.7616981481481482 0.0057625 0.008581481481481482
0 0.60920546875 0.7190694444444444 0.010077604166666667 0.03443518518518518
0 0.7053697916666667 0.6760013888888889 0.012822916666666666 0.011262037037037037
0 0.6587002604166667 0.3779578703703704 0.0059421875 0.022582407407407405
0 0.6266744791666666 0.3552583333333333 0.003348958333333333 0.0068129629629629625
0 0.9554692708333333 0.2914685185185185 0.009896875 0.025529629629629628
0 0.9326953125 0.35734537037037034 0.009140625000000001 0.022098148148148148
0 0.94855546875 0.40239444444444444 0.0064859374999999995 0.021455555555555558
0 0.07223098958333334 0.8929555555555556 0.013211979166666667 0.03776296296296296
1 0.49973958333333335 0.5351851851851852 0.9994791666666667 0.9277777777777778
0 0.0796875 0.21898148148148147 0.009375 0.04351851851851852
0 0.05234375 0.2722222222222222 0.0078125 0.011111111111111112
0 0.07734375 0.3763888888888889 0.0046875 0.01574074074074074
0 0.1921875 0.27685185185185185 0.00625 0.018518518518518517
0 0.24973958333333332 0.1837962962962963 0.0265625 0.04722222222222222
0 0.334375 0.11296296296296296 0.023958333333333335 0.05185185185185185
0 0.29609375 0.3106481481481482 0.0140625 0.03981481481481482
0 0.2925268229166667 0.45232361111111113 0.004845312500000001 0.03983240740740741
0 0.29375 0.41805555555555557 0.0125 0.032407407407407406
0 0.25338541666666664 0.36898148148148147 0.0046875 0.008333333333333333
0 0.390625 0.29953703703703705 0.025 0.03981481481481482
0 0.35598958333333336 0.3490740740740741 0.0109375 0.025925925925925925
0 0.39401041666666664 0.37453703703703706 0.015104166666666667 0.04351851851851852
0 0.34348958333333335 0.5013888888888889 0.0234375 0.030555555555555555
0 0.42942708333333335 0.5041666666666667 0.0109375 0.021296296296296296
0 0.4401041666666667 0.42685185185185187 0.0020833333333333333 0.025925925925925925
0 0.45338541666666665 0.42083333333333334 0.009895833333333333 0.019444444444444445
0 0.51953125 0.32685185185185184 0.0046875 0.018518518518518517
0 0.5002604166666667 0.624537037037037 0.0140625 0.017592592592592594
0 0.44244791666666666 0.6439814814814815 0.008854166666666666 0.01574074074074074
0 0.5651041666666666 0.9046296296296297 0.023958333333333335 0.037037037037037035
0 0.5638020833333334 0.9662037037037037 0.0109375 0.021296296296296296
0 0.9596354166666666 0.9148148148148149 0.0453125 0.1037037037037037
0 0.81796875 0.9625 0.008854166666666666 0.012037037037037037
0 0.9375 0.5949074074074074 0.004166666666666667 0.01574074074074074
0 0.9497395833333333 0.5972222222222222 0.005729166666666666 0.020370370370370372
0 0.7541666666666667 0.15787037037037038 0.016666666666666666 0.03425925925925926
0 0.6731770833333334 0.1412037037037037 0.0203125 0.026851851851851852
0 0.6119791666666666 0.25601851851851853 0.014583333333333334 0.013888888888888888
0 0.43385416666666665 0.21296296296296297 0.005208333333333333 0.007407407407407408
0 0.4140625 0.25046296296296294 0.011458333333333333 0.03425925925925926
0 0.31484375 0.26342592592592595 0.013020833333333334 0.008333333333333333
0 0.33203125 0.5712962962962963 0.0036458333333333334 0.024074074074074074
0 0.3609375 0.6037037037037037 0.003125 0.007407407407407408
0 0.030208333333333334 0.5643518518518519 0.010416666666666666 0.023148148148148147
0 0.05963541666666667 0.5060185185185185 0.0078125 0.021296296296296296
0 0.04869791666666667 0.45787037037037037 0.005729166666666666 0.021296296296296296
0 0.9598958333333333 0.24444444444444444 0.009375 0.040740740740740744
1 0.5 0.5341143518518519 1.0 0.9311916666666666
0 0.91773046875 0.20603148148148148 0.009419270833333333 0.04354444444444444
0 0.9455994791666666 0.25825185185185184 0.007865625 0.010948148148148148
0 0.9216505208333333 0.36348148148148146 0.004759375 0.015851851851851853
0 0.8057968750000001 0.2675912037037037 0.006385416666666667 0.018515740740740742
0 0.7471606770833333 0.17640972222222223 0.026613020833333334 0.04726388888888889
0 0.6615791666666666 0.10815185185185186 0.0242 0.05148888888888888
0 0.7019763020833333 0.30413148148148145 0.014369270833333333 0.03974444444444444
0 0.7069229166666666 0.4458736111111111 0.004470833333333333 0.03989537037037037
0 0.7052846354166667 0.4115152777777778 0.012652604166666666 0.03228981481481481
0 0.7450653645833333 0.36163796296296297 0.0047140625 0.00846111111111111
0 0.6072760416666667 0.29600787037037035 0.024968749999999998 0.04016388888888889
0 0.6425015625 0.34453935185185186 0.011044791666666666 0.026115740740740738
0 0.60443046875 0.371675 0.015110937500000001 0.04335
0 0.65648125 0.496049074074074 0.023379166666666666 0.03098703703703704
0 0.5706447916666666 0.5022648148148149 0.011081249999999999 0.021196296296296296
0 0.55883125 0.42500601851851855 0.0020375 0.025937962962962965
0 0.546065625 0.41904444444444444 0.009839583333333334 0.01957037037037037
0 0.4789421875 0.3277115740740741 0.004759375 0.01838611111111111
0 0.5007893229166667 0.6244064814814815 0.014078645833333332 0.017331481481481482
0 0.5591184895833333 0.6420962962962964 0.008861979166666667 0.015674074074074076
0 0.43901510416666667 0.9065273148148147 0.023863541666666665 0.0371287037037037
0 0.4409255208333333 0.9680620370370371 0.011017708333333332 0.021309259259259257
0 0.044515885416666665 0.9289189814814814 0.0463234375 0.1022824074074074
0 0.18674531249999998 0.9717504629629631 0.008907291666666668 0.012019444444444444
0 0.06359583333333334 0.6088356481481482 0.004275 0.015819444444444445
0 0.05137447916666667 0.6111175925925926 0.0058739583333333335 0.020383333333333333
0 0.24217265625 0.16625787037037038 0.016636979166666666 0.03436759259259259
0 0.32322552083333334 0.14676527777777776 0.020409375 0.026863888888888892
0 0.38587265625 0.2597291666666667 0.014453645833333334 0.013902777777777778
0 0.5635458333333333 0.21111064814814817 0.005216666666666666 0.007406481481481481
0 0.5834416666666667 0.24765046296296295 0.011675 0.03418981481481481
0 0.6825510416666667 0.257975 0.013018749999999999 0.008542592592592593
0 0.6684619791666666 0.5657953703703703 0.003590625 0.02418333333333333
0 0.6400903645833333 0.5990976851851851 0.0030973958333333335 0.00745462962962963
0 0.9703299479166667 0.5495916666666666 0.0104515625 0.023257407407407407
0 0.9402911458333333 0.4920712962962963 0.007665625 0.021179629629629628
0 0.9508171875 0.44395555555555555 0.005801041666666667 0.021244444444444444
0 0.037820052083333326 0.258475462962963 0.008973437499999999 0.041025
1 0.5 0.4719259259259259 1.0 0.9438518518518518
0 0.9409453125 0.647300462962963 0.010015625 0.04274907407407407
0 0.9629505208333333 0.5859046296296296 0.007151041666666667 0.01255
0 0.9275640625 0.49144722222222226 0.005128125 0.014375925925925926
0 0.8256091145833333 0.6245763888888889 0.0064265625 0.01952314814814815
0 0.7781385416666667 0.7341222222222222 0.026068749999999998 0.04602222222222222
0 0.70068046875 0.8300782407407408 0.021152604166666665 0.05460092592592593
0 0.7195244791666667 0.6232671296296297 0.010923958333333334 0.040978703703703705
0 0.7089333333333333 0.4831592592592593 0.008491666666666666 0.03854074074074074
0 0.7116361979166667 0.5165203703703704 0.010772395833333333 0.03304074074074074
0 0.755659375 0.5532037037037038 0.0050687499999999995 0.00825925925925926
0 0.6275499999999999 0.6632064814814815 0.024891666666666666 0.03567222222222222
0 0.6571135416666666 0.6046199074074075 0.011102083333333334 0.02590648148148148
0 0.61762578125 0.5913944444444444 0.0165015625 0.04575185185185185
0 0.6545203125000001 0.45039444444444443 0.02362395833333333 0.026714814814814816
0 0.5687247395833332 0.4739314814814815 0.009324479166666667 0.021937037037037036
0 0.5671476562500001 0.553426388888889 0.0030453125000000003 0.025371296296296295
0 0.55410234375 0.5635611111111111 0.010288020833333333 0.017862962962962966
0 0.4980205729166666 0.6764282407407407 0.004374479166666666 0.01952314814814815
0 0.4872833333333333 0.37754166666666666 0.01415 0.019898148148148147
0 0.5426067708333334 0.34047962962962963 0.009171875 0.016144444444444444
0 0.39610364583333335 0.12238425925925928 0.02449895833333333 0.03550925925925926
0 0.3919578125 0.061331944444444446 0.009957291666666666 0.02081203703703704
0 0.012038541666666668 0.23106944444444444 0.024077083333333336 0.11213888888888889
0 0.14191979166666666 0.1419425925925926 0.008839583333333335 0.013514814814814815
0 0.059863541666666666 0.5420902777777777 0.0041020833333333334 0.015662037037037037
0 0.04727994791666667 0.5435509259259259 0.0049765625 0.020435185185185185
0 0.2842393229166667 0.9150828703703704 0.017436979166666665 0.0357212962962963
0 0.3648401041666667 0.9050217592592592 0.02030520833333333 0.026710185185185188
0 0.4135432291666667 0.7742138888888889 0.015628125 0.016946296296296296
0 0.5929854166666666 0.7616981481481482 0.0057625 0.008581481481481482
0 0.60920546875 0.7190694444444444 0.010077604166666667 0.03443518518518518
0 0.7053697916666667 0.6760013888888889 0.012822916666666666 0.011262037037037037
0 0.6587002604166667 0.3779578703703704 0.0059421875 0.022582407407407405
0 0.6266744791666666 0.3552583333333333 0.003348958333333333 0.0068129629629629625
0 0.9554692708333333 0.2914685185185185 0.009896875 0.025529629629629628
0 0.9326953125 0.35734537037037034 0.009140625000000001 0.022098148148148148
0 0.94855546875 0.40239444444444444 0.0064859374999999995 0.021455555555555558
0 0.07223098958333334 0.8929555555555556 0.013211979166666667 0.03776296296296296
1 0.49973958333333335 0.5351851851851852 0.9994791666666667 0.9277777777777778
0 0.0796875 0.21898148148148147 0.009375 0.04351851851851852
0 0.05234375 0.2722222222222222 0.0078125 0.011111111111111112
0 0.07734375 0.3763888888888889 0.0046875 0.01574074074074074
0 0.1921875 0.27685185185185185 0.00625 0.018518518518518517
0 0.24973958333333332 0.1837962962962963 0.0265625 0.04722222222222222
0 0.334375 0.11296296296296296 0.023958333333333335 0.05185185185185185
0 0.29609375 0.3106481481481482 0.0140625 0.03981481481481482
0 0.2925268229166667 0.45232361111111113 0.004845312500000001 0.03983240740740741
0 0.29375 0.41805555555555557 0.0125 0.032407407407407406
0 0.25338541666666664 0.36898148148148147 0.0046875 0.008333333333333333
0 0.390625 0.29953703703703705 0.025 0.03981481481481482
0 0.35598958333333336 0.3490740740740741 0.0109375 0.025925925925925925
0 0.39401041666666664 0.37453703703703706 0.015104166666666667 0.04351851851851852
0 0.34348958333333335 0.5013888888888889 0.0234375 0.030555555555555555
0 0.42942708333333335 0.5041666666666667 0.0109375 0.021296296296296296
0 0.4401041666666667 0.42685185185185187 0.0020833333333333333 0.025925925925925925
0 0.45338541666666665 0.42083333333333334 0.009895833333333333 0.019444444444444445
0 0.51953125 0.32685185185185184 0.0046875 0.018518518518518517
0 0.5002604166666667 0.624537037037037 0.0140625 0.017592592592592594
0 0.44244791666666666 0.6439814814814815 0.008854166666666666 0.01574074074074074
0 0.5651041666666666 0.9046296296296297 0.023958333333333335 0.037037037037037035
0 0.5638020833333334 0.9662037037037037 0.0109375 0.021296296296296296
0 0.9596354166666666 0.9148148148148149 0.0453125 0.1037037037037037
0 0.81796875 0.9625 0.008854166666666666 0.012037037037037037
0 0.9375 0.5949074074074074 0.004166666666666667 0.01574074074074074
0 0.9497395833333333 0.5972222222222222 0.005729166666666666 0.020370370370370372
0 0.7541666666666667 0.15787037037037038 0.016666666666666666 0.03425925925925926
0 0.6731770833333334 0.1412037037037037 0.0203125 0.026851851851851852
0 0.6119791666666666 0.25601851851851853 0.014583333333333334 0.013888888888888888
0 0.43385416666666665 0.21296296296296297 0.005208333333333333 0.007407407407407408
0 0.4140625 0.25046296296296294 0.011458333333333333 0.03425925925925926
0 0.31484375 0.26342592592592595 0.013020833333333334 0.008333333333333333
0 0.33203125 0.5712962962962963 0.0036458333333333334 0.024074074074074074
0 0.3609375 0.6037037037037037 0.003125 0.007407407407407408
0 0.030208333333333334 0.5643518518518519 0.010416666666666666 0.023148148148148147
0 0.05963541666666667 0.5060185185185185 0.0078125 0.021296296296296296
0 0.04869791666666667 0.45787037037037037 0.005729166666666666 0.021296296296296296
0 0.9598958333333333 0.24444444444444444 0.009375 0.040740740740740744
1 0.5 0.5341143518518519 1.0 0.9311916666666666
0 0.91773046875 0.20603148148148148 0.009419270833333333 0.04354444444444444
0 0.9455994791666666 0.25825185185185184 0.007865625 0.010948148148148148
0 0.9216505208333333 0.36348148148148146 0.004759375 0.015851851851851853
0 0.8057968750000001 0.2675912037037037 0.006385416666666667 0.018515740740740742
0 0.7471606770833333 0.17640972222222223 0.026613020833333334 0.04726388888888889
0 0.6615791666666666 0.10815185185185186 0.0242 0.05148888888888888
0 0.7019763020833333 0.30413148148148145 0.014369270833333333 0.03974444444444444
0 0.7069229166666666 0.4458736111111111 0.004470833333333333 0.03989537037037037
0 0.7052846354166667 0.4115152777777778 0.012652604166666666 0.03228981481481481
0 0.7450653645833333 0.36163796296296297 0.0047140625 0.00846111111111111
0 0.6072760416666667 0.29600787037037035 0.024968749999999998 0.04016388888888889
0 0.6425015625 0.34453935185185186 0.011044791666666666 0.026115740740740738
0 0.60443046875 0.371675 0.015110937500000001 0.04335
0 0.65648125 0.496049074074074 0.023379166666666666 0.03098703703703704
0 0.5706447916666666 0.5022648148148149 0.011081249999999999 0.021196296296296296
0 0.55883125 0.42500601851851855 0.0020375 0.025937962962962965
0 0.546065625 0.41904444444444444 0.009839583333333334 0.01957037037037037
0 0.4789421875 0.3277115740740741 0.004759375 0.01838611111111111
0 0.5007893229166667 0.6244064814814815 0.014078645833333332 0.017331481481481482
0 0.5591184895833333 0.6420962962962964 0.008861979166666667 0.015674074074074076
0 0.43901510416666667 0.9065273148148147 0.023863541666666665 0.0371287037037037
0 0.4409255208333333 0.9680620370370371 0.011017708333333332 0.021309259259259257
0 0.044515885416666665 0.9289189814814814 0.0463234375 0.1022824074074074
0 0.18674531249999998 0.9717504629629631 0.008907291666666668 0.012019444444444444
0 0.06359583333333334 0.6088356481481482 0.004275 0.015819444444444445
0 0.05137447916666667 0.6111175925925926 0.0058739583333333335 0.020383333333333333
0 0.24217265625 0.16625787037037038 0.016636979166666666 0.03436759259259259
0 0.32322552083333334 0.14676527777777776 0.020409375 0.026863888888888892
0 0.38587265625 0.2597291666666667 0.014453645833333334 0.013902777777777778
0 0.5635458333333333 0.21111064814814817 0.005216666666666666 0.007406481481481481
0 0.5834416666666667 0.24765046296296295 0.011675 0.03418981481481481
0 0.6825510416666667 0.257975 0.013018749999999999 0.008542592592592593
0 0.6684619791666666 0.5657953703703703 0.003590625 0.02418333333333333
0 0.6400903645833333 0.5990976851851851 0.0030973958333333335 0.00745462962962963
0 0.9703299479166667 0.5495916666666666 0.0104515625 0.023257407407407407
0 0.9402911458333333 0.4920712962962963 0.007665625 0.021179629629629628
0 0.9508171875 0.44395555555555555 0.005801041666666667 0.021244444444444444
0 0.037820052083333326 0.258475462962963 0.008973437499999999 0.041025
1 0.5 0.4719259259259259 1.0 0.9438518518518518
0 0.9409453125 0.647300462962963 0.010015625 0.04274907407407407
0 0.9629505208333333 0.5859046296296296 0.007151041666666667 0.01255
0 0.9275640625 0.49144722222222226 0.005128125 0.014375925925925926
0 0.8256091145833333 0.6245763888888889 0.0064265625 0.01952314814814815
0 0.7781385416666667 0.7341222222222222 0.026068749999999998 0.04602222222222222
0 0.70068046875 0.8300782407407408 0.021152604166666665 0.05460092592592593
0 0.7195244791666667 0.6232671296296297 0.010923958333333334 0.040978703703703705
0 0.7089333333333333 0.4831592592592593 0.008491666666666666 0.03854074074074074
0 0.7116361979166667 0.5165203703703704 0.010772395833333333 0.03304074074074074
0 0.755659375 0.5532037037037038 0.0050687499999999995 0.00825925925925926
0 0.6275499999999999 0.6632064814814815 0.024891666666666666 0.03567222222222222
0 0.6571135416666666 0.6046199074074075 0.011102083333333334 0.02590648148148148
0 0.61762578125 0.5913944444444444 0.0165015625 0.04575185185185185
0 0.6545203125000001 0.45039444444444443 0.02362395833333333 0.026714814814814816
0 0.5687247395833332 0.4739314814814815 0.009324479166666667 0.021937037037037036
0 0.5671476562500001 0.553426388888889 0.0030453125000000003 0.025371296296296295
0 0.55410234375 0.5635611111111111 0.010288020833333333 0.017862962962962966
0 0.4980205729166666 0.6764282407407407 0.004374479166666666 0.01952314814814815
0 0.4872833333333333 0.37754166666666666 0.01415 0.019898148148148147
0 0.5426067708333334 0.34047962962962963 0.009171875 0.016144444444444444
0 0.39610364583333335 0.12238425925925928 0.02449895833333333 0.03550925925925926
0 0.3919578125 0.061331944444444446 0.009957291666666666 0.02081203703703704
0 0.012038541666666668 0.23106944444444444 0.024077083333333336 0.11213888888888889
0 0.14191979166666666 0.1419425925925926 0.008839583333333335 0.013514814814814815
0 0.059863541666666666 0.5420902777777777 0.0041020833333333334 0.015662037037037037
0 0.04727994791666667 0.5435509259259259 0.0049765625 0.020435185185185185
0 0.2842393229166667 0.9150828703703704 0.017436979166666665 0.0357212962962963
0 0.3648401041666667 0.9050217592592592 0.02030520833333333 0.026710185185185188
0 0.4135432291666667 0.7742138888888889 0.015628125 0.016946296296296296
0 0.5929854166666666 0.7616981481481482 0.0057625 0.008581481481481482
0 0.60920546875 0.7190694444444444 0.010077604166666667 0.03443518518518518
0 0.7053697916666667 0.6760013888888889 0.012822916666666666 0.011262037037037037
0 0.6587002604166667 0.3779578703703704 0.0059421875 0.022582407407407405
0 0.6266744791666666 0.3552583333333333 0.003348958333333333 0.0068129629629629625
0 0.9554692708333333 0.2914685185185185 0.009896875 0.025529629629629628
0 0.9326953125 0.35734537037037034 0.009140625000000001 0.022098148148148148
0 0.94855546875 0.40239444444444444 0.0064859374999999995 0.021455555555555558
0 0.07223098958333334 0.8929555555555556 0.013211979166666667 0.03776296296296296
1 0.49973958333333335 0.5351851851851852 0.9994791666666667 0.9277777777777778
0 0.0796875 0.21898148148148147 0.009375 0.04351851851851852
0 0.05234375 0.2722222222222222 0.0078125 0.011111111111111112
0 0.07734375 0.3763888888888889 0.0046875 0.01574074074074074
0 0.1921875 0.27685185185185185 0.00625 0.018518518518518517
0 0.24973958333333332 0.1837962962962963 0.0265625 0.04722222222222222
0 0.334375 0.11296296296296296 0.023958333333333335 0.05185185185185185
0 0.29609375 0.3106481481481482 0.0140625 0.03981481481481482
0 0.2925268229166667 0.45232361111111113 0.004845312500000001 0.03983240740740741
0 0.29375 0.41805555555555557 0.0125 0.032407407407407406
0 0.25338541666666664 0.36898148148148147 0.0046875 0.008333333333333333
0 0.390625 0.29953703703703705 0.025 0.03981481481481482
0 0.35598958333333336 0.3490740740740741 0.0109375 0.025925925925925925
0 0.39401041666666664 0.37453703703703706 0.015104166666666667 0.04351851851851852
0 0.34348958333333335 0.5013888888888889 0.0234375 0.030555555555555555
0 0.42942708333333335 0.5041666666666667 0.0109375 0.021296296296296296
0 0.4401041666666667 0.42685185185185187 0.0020833333333333333 0.025925925925925925
0 0.45338541666666665 0.42083333333333334 0.009895833333333333 0.019444444444444445
0 0.51953125 0.32685185185185184 0.0046875 0.018518518518518517
0 0.5002604166666667 0.624537037037037 0.0140625 0.017592592592592594
0 0.44244791666666666 0.6439814814814815 0.008854166666666666 0.01574074074074074
0 0.5651041666666666 0.9046296296296297 0.023958333333333335 0.037037037037037035
0 0.5638020833333334 0.9662037037037037 0.0109375 0.021296296296296296
0 0.9596354166666666 0.9148148148148149 0.0453125 0.1037037037037037
0 0.81796875 0.9625 0.008854166666666666 0.012037037037037037
0 0.9375 0.5949074074074074 0.004166666666666667 0.01574074074074074
0 0.9497395833333333 0.5972222222222222 0.005729166666666666 0.020370370370370372
0 0.7541666666666667 0.15787037037037038 0.016666666666666666 0.03425925925925926
0 0.6731770833333334 0.1412037037037037 0.0203125 0.026851851851851852
0 0.6119791666666666 0.25601851851851853 0.014583333333333334 0.013888888888888888
0 0.43385416666666665 0.21296296296296297 0.005208333333333333 0.007407407407407408
0 0.4140625 0.25046296296296294 0.011458333333333333 0.03425925925925926
0 0.31484375 0.26342592592592595 0.013020833333333334 0.008333333333333333
0 0.33203125 0.5712962962962963 0.0036458333333333334 0.024074074074074074
0 0.3609375 0.6037037037037037 0.003125 0.007407407407407408
0 0.030208333333333334 0.5643518518518519 0.010416666666666666 0.023148148148148147
0 0.05963541666666667 0.5060185185185185 0.0078125 0.021296296296296296
0 0.04869791666666667 0.45787037037037037 0.005729166666666666 0.021296296296296296
0 0.9598958333333333 0.24444444444444444 0.009375 0.040740740740740744
1 0.5 0.5341143518518519 1.0 0.9311916666666666
0 0.91773046875 0.20603148148148148 0.009419270833333333 0.04354444444444444
0 0.9455994791666666 0.25825185185185184 0.007865625 0.010948148148148148
0 0.9216505208333333 0.36348148148148146 0.004759375 0.015851851851851853
0 0.8057968750000001 0.2675912037037037 0.006385416666666667 0.018515740740740742
0 0.7471606770833333 0.17640972222222223 0.026613020833333334 0.04726388888888889
0 0.6615791666666666 0.10815185185185186 0.0242 0.05148888888888888
0 0.7019763020833333 0.30413148148148145 0.014369270833333333 0.03974444444444444
0 0.7069229166666666 0.4458736111111111 0.004470833333333333 0.03989537037037037
0 0.7052846354166667 0.4115152777777778 0.012652604166666666 0.03228981481481481
0 0.7450653645833333 0.36163796296296297 0.0047140625 0.00846111111111111
0 0.6072760416666667 0.29600787037037035 0.024968749999999998 0.04016388888888889
0 0.6425015625 0.34453935185185186 0.011044791666666666 0.026115740740740738
0 0.60443046875 0.371675 0.015110937500000001 0.04335
0 0.65648125 0.496049074074074 0.023379166666666666 0.03098703703703704
0 0.5706447916666666 0.5022648148148149 0.011081249999999999 0.021196296296296296
0 0.55883125 0.42500601851851855 0.0020375 0.025937962962962965
0 0.546065625 0.41904444444444444 0.009839583333333334 0.01957037037037037
0 0.4789421875 0.3277115740740741 0.004759375 0.01838611111111111
0 0.5007893229166667 0.6244064814814815 0.014078645833333332 0.017331481481481482
0 0.5591184895833333 0.6420962962962964 0.008861979166666667 0.015674074074074076
0 0.43901510416666667 0.9065273148148147 0.023863541666666665 0.0371287037037037
0 0.4409255208333333 0.9680620370370371 0.011017708333333332 0.021309259259259257
0 0.044515885416666665 0.9289189814814814 0.0463234375 0.1022824074074074
0 0.18674531249999998 0.9717504629629631 0.008907291666666668 0.012019444444444444
0 0.06359583333333334 0.6088356481481482 0.004275 0.015819444444444445
0 0.05137447916666667 0.6111175925925926 0.0058739583333333335 0.020383333333333333
0 0.24217265625 0.16625787037037038 0.016636979166666666 0.03436759259259259
0 0.32322552083333334 0.14676527777777776 0.020409375 0.026863888888888892
0 0.38587265625 0.2597291666666667 0.014453645833333334 0.013902777777777778
0 0.5635458333333333 0.21111064814814817 0.005216666666666666 0.007406481481481481
0 0.5834416666666667 0.24765046296296295 0.011675 0.03418981481481481
0 0.6825510416666667 0.257975 0.013018749999999999 0.008542592592592593
0 0.6684619791666666 0.5657953703703703 0.003590625 0.02418333333333333
0 0.6400903645833333 0.5990976851851851 0.0030973958333333335 0.00745462962962963
0 0.9703299479166667 0.5495916666666666 0.0104515625 0.023257407407407407
0 0.9402911458333333 0.4920712962962963 0.007665625 0.021179629629629628
0 0.9508171875 0.44395555555555555 0.005801041666666667 0.021244444444444444
0 0.037820052083333326 0.258475462962963 0.008973437499999999 0.041025
