1 0.49973958333333335 0.538425925925926 0.9994791666666667 0.9212962962962963
1 0.9 0.14305555555555555 0.035416666666666666 0.026851851851851852
0 0.515625 0.611574074074074 0.011458333333333333 0.08055555555555556
0 0.64609375 0.6560185185185186 0.009895833333333333 0.028703703703703703
0 0.7734375 0.3111111111111111 0.041666666666666664 0.06296296296296296
0 0.7161458333333334 0.2412037037037037 0.011458333333333333 0.021296296296296296
0 0.5765625 0.17314814814814813 0.014583333333333334 0.025925925925925925
0 0.5854166666666667 0.12546296296296297 0.010416666666666666 0.017592592592592594
0 0.37734375 0.23842592592592593 0.030729166666666665 0.03981481481481482
0 0.38619791666666664 0.21805555555555556 0.0109375 0.019444444444444445
0 0.365625 0.13333333333333333 0.007291666666666667 0.012962962962962963
0 0.26875 0.22037037037037038 0.010416666666666666 0.024074074074074074
0 0.2520833333333333 0.1837962962962963 0.025 0.013888888888888888
0 0.27239583333333334 0.274537037037037 0.009375 0.023148148148148147
0 0.15182291666666667 0.3458333333333333 0.0109375 0.032407407407407406
0 0.17916666666666667 0.23287037037037037 0.009375 0.019444444444444445
0 0.12135416666666667 0.7064814814814815 0.011458333333333333 0.018518518518518517
0 0.11588541666666667 0.7314814814814815 0.005729166666666666 0.009259259259259259
0 0.09375 0.5694444444444444 0.004166666666666667 0.018518518518518517
0 0.140625 0.5611111111111111 0.004166666666666667 0.005555555555555556
0 0.3484375 0.8861111111111111 0.03854166666666667 0.016666666666666666
0 0.4158854166666667 0.913425925925926 0.0140625 0.019444444444444445
0 0.39947916666666666 0.9893518518518518 0.01875 0.019444444444444445
0 0.5526041666666667 0.9736111111111111 0.009375 0.023148148148148147
0 0.5096354166666667 0.799074074074074 0.0234375 0.03333333333333333
0 0.46067708333333335 0.7314814814814815 0.011979166666666667 0.014814814814814815
0 0.9778645833333334 0.9856481481481482 0.008854166666666666 0.017592592592592594
0 0.9770833333333333 0.9439814814814815 0.005208333333333333 0.008333333333333333
0 0.8833333333333333 0.8402777777777778 0.005208333333333333 0.006481481481481481
0 0.9182291666666667 0.3625 0.019791666666666666 0.028703703703703703
0 0.8528645833333334 0.3162037037037037 0.0171875 0.019444444444444445
0 0.68359375 0.27685185185185185 0.024479166666666666 0.011111111111111112
0 0.7807291666666667 0.8634259259259259 0.004166666666666667 0.013888888888888888
0 0.6208333333333333 0.5856481481481481 0.007291666666666667 0.021296296296296296
0 0.7067708333333333 0.8611111111111112 0.004166666666666667 0.016666666666666666
0 0.7888020833333333 0.5907407407407408 0.0078125 0.020370370370370372
0 0.8609375 0.38564814814814813 0.014583333333333334 0.019444444444444445
1 0.5 0.47396064814814814 1.0 0.9479212962962963
1 0.8765471354166666 0.9262185185185186 0.0353859375 0.026511111111111114
0 0.5223770833333333 0.3924476851851852 0.0155875 0.07933981481481481
0 0.6544270833333333 0.3718740740740741 0.009895833333333333 0.028933333333333335
0 0.7606799479166667 0.7390120370370371 0.04323489583333333 0.06135740740740741
0 0.6995567708333332 0.7977236111111111 0.011613541666666666 0.021373148148148148
0 0.5565403645833332 0.8400824074074074 0.014122395833333332 0.02646111111111111
0 0.5632372395833334 0.888425925925926 0.010849479166666667 0.017592592592592594
0 0.36198854166666666 0.7364231481481481 0.03126875 0.03766111111111111
0 0.3702671875 0.7589601851851852 0.011367708333333334 0.019772222222222222
0 0.34512916666666665 0.8401666666666666 0.006925 0.013666666666666667
0 0.25402552083333335 0.7357064814814814 0.011176041666666666 0.023264814814814815
0 0.2348546875 0.7692074074074075 0.024917708333333333 0.01434074074074074
0 0.26030572916666667 0.6815421296296297 0.010194791666666668 0.02234351851851852
0 0.14437473958333333 0.5891662037037037 0.011666145833333334 0.032036111111111105
0 0.16505130208333335 0.7063041666666666 0.009269270833333334 0.02001574074074074
0 0.135603125 0.22460416666666666 0.01183125 0.019578703703703702
0 0.1317125 0.19836481481481483 0.0061333333333333335 0.009692592592592593
0 0.09997447916666666 0.3558921296296296 0.004115625 0.019191666666666666
0 0.14634270833333335 0.3725458333333333 0.00414375 0.0062027777777777775
0 0.37154791666666664 0.08910092592592593 0.03892916666666667 0.01894259259259259
0 0.4407888020833333 0.07316435185185186 0.0149109375 0.020402777777777777
0 0.5801825520833332 0.038507870370370366 0.0093234375 0.023312037037037037
0 0.5270072916666667 0.20506944444444444 0.02276458333333333 0.034212962962962966
0 0.47462499999999996 0.2626305555555556 0.01175 0.01415
0 0.9988289062500001 0.14682592592592592 0.0018244791666666667 0.006614814814814815
0 0.9011091145833333 0.2323138888888889 0.005343229166666667 0.00722037037037037
0 0.9080812500000001 0.714625 0.021370833333333332 0.025546296296296296
0 0.83990546875 0.7486967592592593 0.0173109375 0.02146759259259259
0 0.6693825520833333 0.7558574074074075 0.024181770833333335 0.013566666666666666
0 0.8007815104166667 0.1905787037037037 0.004688020833333333 0.014490740740740742
0 0.6250580729166667 0.43788379629629626 0.008449479166666666 0.02021203703703704
0 0.72723515625 0.17929351851851852 0.0044703125 0.015994444444444447
0 0.7927531250000001 0.46344583333333333 0.008422916666666667 0.01948425925925926
0 0.8518763020833333 0.6806263888888889 0.015210937499999999 0.018660185185185182
1 0.5 0.47736342592592595 1.0 0.9547268518518519
1 0.8723591145833333 0.937287037037037 0.03534322916666666 0.026425925925925926
0 0.523234375 0.39323009259259256 0.016260416666666666 0.07905277777777778
0 0.6554635416666666 0.3765074074074074 0.009885416666666667 0.028940740740740743
0 0.75818359375 0.7473328703703704 0.04345052083333333 0.06133240740740741
0 0.6969591145833333 0.803274074074074 0.0116265625 0.021362962962962962
0 0.5533692708333333 0.8419648148148148 0.014030208333333332 0.02652222222222222
0 0.5591010416666666 0.8902685185185185 0.010910416666666667 0.017574074074074075
0 0.35941276041666664 0.7325194444444444 0.031325520833333335 0.037261111111111106
0 0.36769270833333334 0.7553504629629629 0.011427083333333334 0.019960185185185185
0 0.34144895833333333 0.835588425925926 0.0068562499999999995 0.013769444444444445
0 0.25147890624999997 0.7272930555555556 0.011291145833333332 0.023104629629629628
0 0.23225729166666667 0.7611361111111111 0.024931250000000002 0.014864814814814813
0 0.25828541666666666 0.6740560185185185 0.010320833333333333 0.02218611111111111
0 0.14343124999999998 0.5780069444444444 0.0118625 0.03193981481481481
0 0.163475 0.6952300925925925 0.009241666666666667 0.020089814814814814
0 0.13823203125 0.21357083333333332 0.011880729166666666 0.019734259259259257
0 0.13486796875 0.18635879629629631 0.006194270833333334 0.00975462962962963
0 0.10157421875 0.34297500000000003 0.004190104166666667 0.019283333333333333
0 0.14790104166666668 0.3614851851851852 0.004135416666666667 0.006303703703703704
0 0.37572630208333335 0.08488287037037037 0.03895260416666667 0.019765740740740743
0 0.44501848958333334 0.07138148148148148 0.015036979166666666 0.02054074074074074
0 0.5848609375 0.04128657407407407 0.009305208333333334 0.023313888888888887
0 0.5300640624999999 0.2062050925925926 0.022628125 0.0346324074074074
0 0.4766830729166667 0.2617962962962963 0.011699479166666667 0.014333333333333333
0 0.9037216145833333 0.24533472222222222 0.005359895833333334 0.007336111111111111
0 0.90559765625 0.7273106481481482 0.021611979166666666 0.024991666666666666
0 0.8378234375000001 0.7590393518518519 0.017313541666666665 0.021782407407407407
0 0.666740625 0.7616106481481482 0.02410625 0.013962037037037038
0 0.8034268229166667 0.1998800925925926 0.0047703125 0.014575
0 0.6256710937500001 0.44148611111111113 0.008633854166666668 0.020009259259259258
0 0.7303833333333334 0.18663657407407408 0.004516666666666667 0.015865740740740743
0 0.7927997395833334 0.4726208333333333 0.008516145833333332 0.01931574074074074
0 0.8503583333333334 0.691662037037037 0.015300000000000001 0.018509259259259257
1 0.49973958333333335 0.538425925925926 0.9994791666666667 0.9212962962962963
1 0.9 0.14305555555555555 0.035416666666666666 0.026851851851851852
0 0.515625 0.611574074074074 0.011458333333333333 0.08055555555555556
0 0.64609375 0.6560185185185186 0.009895833333333333 0.028703703703703703
0 0.7734375 0.3111111111111111 0.041666666666666664 0.06296296296296296
0 0.7161458333333334 0.2412037037037037 0.011458333333333333 0.021296296296296296
0 0.5765625 0.17314814814814813 0.014583333333333334 0.025925925925925925
0 0.5854166666666667 0.12546296296296297 0.010416666666666666 0.017592592592592594
0 0.37734375 0.23842592592592593 0.030729166666666665 0.03981481481481482
0 0.38619791666666664 0.21805555555555556 0.0109375 0.019444444444444445
0 0.365625 0.13333333333333333 0.007291666666666667 0.012962962962962963
0 0.26875 0.22037037037037038 0.010416666666666666 0.024074074074074074
0 0.2520833333333333 0.1837962962962963 0.025 0.013888888888888888
0 0.27239583333333334 0.274537037037037 0.009375 0.023148148148148147
0 0.15182291666666667 0.3458333333333333 0.0109375 0.032407407407407406
0 0.17916666666666667 0.23287037037037037 0.009375 0.019444444444444445
0 0.12135416666666667 0.7064814814814815 0.011458333333333333 0.018518518518518517
0 0.11588541666666667 0.7314814814814815 0.005729166666666666 0.009259259259259259
0 0.09375 0.5694444444444444 0.004166666666666667 0.018518518518518517
0 0.140625 0.5611111111111111 0.004166666666666667 0.005555555555555556
0 0.3484375 0.8861111111111111 0.03854166666666667 0.016666666666666666
0 0.4158854166666667 0.913425925925926 0.0140625 0.019444444444444445
0 0.39947916666666666 0.9893518518518518 0.01875 0.019444444444444445
0 0.5526041666666667 0.9736111111111111 0.009375 0.023148148148148147
0 0.5096354166666667 0.799074074074074 0.0234375 0.03333333333333333
0 0.46067708333333335 0.7314814814814815 0.011979166666666667 0.014814814814814815
0 0.9778645833333334 0.9856481481481482 0.008854166666666666 0.017592592592592594
0 0.9770833333333333 0.9439814814814815 0.005208333333333333 0.008333333333333333
0 0.8833333333333333 0.8402777777777778 0.005208333333333333 0.006481481481481481
0 0.9182291666666667 0.3625 0.019791666666666666 0.028703703703703703
0 0.8528645833333334 0.3162037037037037 0.0171875 0.019444444444444445
0 0.68359375 0.27685185185185185 0.024479166666666666 0.011111111111111112
0 0.7807291666666667 0.8634259259259259 0.004166666666666667 0.013888888888888888
0 0.6208333333333333 0.5856481481481481 0.007291666666666667 0.021296296296296296
0 0.7067708333333333 0.8611111111111112 0.004166666666666667 0.016666666666666666
0 0.7888020833333333 0.5907407407407408 0.0078125 0.020370370370370372
0 0.8609375 0.38564814814814813 0.014583333333333334 0.019444444444444445
1 0.5 0.47396064814814814 1.0 0.9479212962962963
1 0.8765471354166666 0.9262185185185186 0.0353859375 0.026511111111111114
0 0.5223770833333333 0.3924476851851852 0.0155875 0.07933981481481481
0 0.6544270833333333 0.3718740740740741 0.009895833333333333 0.028933333333333335
0 0.7606799479166667 0.7390120370370371 0.04323489583333333 0.06135740740740741
0 0.6995567708333332 0.7977236111111111 0.011613541666666666 0.021373148148148148
0 0.5565403645833332 0.8400824074074074 0.014122395833333332 0.02646111111111111
0 0.5632372395833334 0.888425925925926 0.010849479166666667 0.017592592592592594
0 0.36198854166666666 0.7364231481481481 0.03126875 0.03766111111111111
0 0.3702671875 0.7589601851851852 0.011367708333333334 0.019772222222222222
0 0.34512916666666665 0.8401666666666666 0.006925 0.013666666666666667
0 0.25402552083333335 0.7357064814814814 0.011176041666666666 0.023264814814814815
0 0.2348546875 0.7692074074074075 0.024917708333333333 0.01434074074074074
0 0.26030572916666667 0.6815421296296297 0.010194791666666668 0.02234351851851852
0 0.14437473958333333 0.5891662037037037 0.011666145833333334 0.032036111111111105
0 0.16505130208333335 0.7063041666666666 0.009269270833333334 0.02001574074074074
0 0.135603125 0.22460416666666666 0.01183125 0.019578703703703702
0 0.1317125 0.19836481481481483 0.0061333333333333335 0.009692592592592593
0 0.09997447916666666 0.3558921296296296 0.004115625 0.019191666666666666
0 0.14634270833333335 0.3725458333333333 0.00414375 0.0062027777777777775
0 0.37154791666666664 0.08910092592592593 0.03892916666666667 0.01894259259259259
0 0.4407888020833333 0.07316435185185186 0.0149109375 0.020402777777777777
0 0.5801825520833332 0.038507870370370366 0.0093234375 0.023312037037037037
0 0.5270072916666667 0.20506944444444444 0.02276458333333333 0.034212962962962966
0 0.47462499999999996 0.2626305555555556 0.01175 0.01415
0 0.9988289062500001 0.14682592592592592 0.0018244791666666667 0.006614814814814815
0 0.9011091145833333 0.2323138888888889 0.005343229166666667 0.00722037037037037
0 0.9080812500000001 0.714625 0.021370833333333332 0.025546296296296296
0 0.83990546875 0.7486967592592593 0.0173109375 0.02146759259259259
0 0.6693825520833333 0.7558574074074075 0.024181770833333335 0.013566666666666666
0 0.8007815104166667 0.1905787037037037 0.004688020833333333 0.014490740740740742
0 0.6250580729166667 0.43788379629629626 0.008449479166666666 0.02021203703703704
0 0.72723515625 0.17929351851851852 0.0044703125 0.015994444444444447
0 0.7927531250000001 0.46344583333333333 0.008422916666666667 0.01948425925925926
0 0.8518763020833333 0.6806263888888889 0.015210937499999999 0.018660185185185182
1 0.5 0.47736342592592595 1.0 0.9547268518518519
1 0.8723591145833333 0.937287037037037 0.03534322916666666 0.026425925925925926
0 0.523234375 0.39323009259259256 0.016260416666666666 0.07905277777777778
0 0.6554635416666666 0.3765074074074074 0.009885416666666667 0.028940740740740743
0 0.75818359375 0.7473328703703704 0.04345052083333333 0.06133240740740741
0 0.6969591145833333 0.803274074074074 0.0116265625 0.021362962962962962
0 0.5533692708333333 0.8419648148148148 0.014030208333333332 0.02652222222222222
0 0.5591010416666666 0.8902685185185185 0.010910416666666667 0.017574074074074075
0 0.35941276041666664 0.7325194444444444 0.031325520833333335 0.037261111111111106
0 0.36769270833333334 0.7553504629629629 0.011427083333333334 0.019960185185185185
0 0.34144895833333333 0.835588425925926 0.0068562499999999995 0.013769444444444445
0 0.25147890624999997 0.7272930555555556 0.011291145833333332 0.023104629629629628
0 0.23225729166666667 0.7611361111111111 0.024931250000000002 0.014864814814814813
0 0.25828541666666666 0.6740560185185185 0.010320833333333333 0.02218611111111111
0 0.14343124999999998 0.5780069444444444 0.0118625 0.03193981481481481
0 0.163475 0.6952300925925925 0.009241666666666667 0.020089814814814814
0 0.13823203125 0.21357083333333332 0.011880729166666666 0.019734259259259257
0 0.13486796875 0.18635879629629631 0.006194270833333334 0.00975462962962963
0 0.10157421875 0.34297500000000003 0.004190104166666667 0.019283333333333333
0 0.14790104166666668 0.3614851851851852 0.004135416666666667 0.006303703703703704
0 0.37572630208333335 0.08488287037037037 0.03895260416666667 0.019765740740740743
0 0.44501848958333334 0.07138148148148148 0.015036979166666666 0.02054074074074074
0 0.5848609375 0.04128657407407407 0.009305208333333334 0.023313888888888887
0 0.5300640624999999 0.2062050925925926 0.022628125 0.0346324074074074
0 0.4766830729166667 0.2617962962962963 0.011699479166666667 0.014333333333333333
0 0.9037216145833333 0.24533472222222222 0.005359895833333334 0.007336111111111111
0 0.90559765625 0.7273106481481482 0.021611979166666666 0.024991666666666666
0 0.8378234375000001 0.7590393518518519 0.017313541666666665 0.021782407407407407
0 0.666740625 0.7616106481481482 0.02410625 0.013962037037037038
0 0.8034268229166667 0.1998800925925926 0.0047703125 0.014575
0 0.6256710937500001 0.44148611111111113 0.008633854166666668 0.020009259259259258
0 0.7303833333333334 0.18663657407407408 0.004516666666666667 0.015865740740740743
0 0.7927997395833334 0.4726208333333333 0.008516145833333332 0.01931574074074074
0 0.8503583333333334 0.691662037037037 0.015300000000000001 0.018509259259259257
