1 0.5028645833333333 0.5486111111111112 0.9932291666666667 0.9009259259259259
0 0.3580729166666667 0.38981481481481484 0.009895833333333333 0.014814814814814815
0 0.3966145833333333 0.4046296296296296 0.0078125 0.02962962962962963
0 0.33958333333333335 0.3143518518518518 0.0125 0.01574074074074074
0 0.5229166666666667 0.7199074074074074 0.0125 0.030555555555555555
0 0.023697916666666666 0.2671296296296296 0.021354166666666667 0.041666666666666664
1 0.50395546875 0.4477203703703704 0.9922859375 0.8954407407407408
0 0.35592291666666664 0.6010023148148148 0.0097625 0.014967592592592591
0 0.39504973958333334 0.5888958333333334 0.0078078125 0.02964351851851852
0 0.3358791666666667 0.6755226851851851 0.012383333333333333 0.015860185185185185
0 0.5270885416666666 0.28208055555555556 0.012510416666666666 0.030827777777777773
0 0.019379427083333334 0.7034055555555555 0.021050520833333333 0.041996296296296295
1 0.5033760416666666 0.4528537037037037 0.9932104166666667 0.9057074074074074
0 0.35058385416666665 0.574324074074074 0.009501041666666666 0.015314814814814814
0 0.39032656250000003 0.5684388888888888 0.007736458333333333 0.02947037037037037
0 0.32628411458333334 0.6441625000000001 0.011943229166666668 0.016102777777777775
0 0.5400796875 0.28793101851851854 0.012451041666666666 0.03141759259259259
0 0.0098125 0.6132564814814815 0.019625 0.04317962962962963
1 0.5028645833333333 0.5486111111111112 0.9932291666666667 0.9009259259259259
0 0.3580729166666667 0.38981481481481484 0.009895833333333333 0.014814814814814815
0 0.3966145833333333 0.4046296296296296 0.0078125 0.02962962962962963
0 0.33958333333333335 0.3143518518518518 0.0125 0.01574074074074074
0 0.5229166666666667 0.7199074074074074 0.0125 0.030555555555555555
0 0.023697916666666666 0.2671296296296296 0.021354166666666667 0.041666666666666664
1 0.50395546875 0.4477203703703704 0.9922859375 0.8954407407407408
0 0.35592291666666664 0.6010023148148148 0.0097625 0.014967592592592591
0 0.39504973958333334 0.5888958333333334 0.0078078125 0.02964351851851852
0 0.3358791666666667 0.6755226851851851 0.012383333333333333 0.015860185185185185
0 0.5270885416666666 0.28208055555555556 0.012510416666666666 0.030827777777777773
0 0.019379427083333334 0.7034055555555555 0.021050520833333333 0.041996296296296295
1 0.5033760416666666 0.4528537037037037 0.9932104166666667 0.9057074074074074
0 0.35058385416666665 0.574324074074074 0.009501041666666666 0.015314814814814814
0 0.39032656250000003 0.5684388888888888 0.007736458333333333 0.02947037037037037
0 0.32628411458333334 0.6441625000000001 0.011943229166666668 0.016102777777777775
0 0.5400796875 0.28793101851851854 0.012451041666666666 0.03141759259259259
0 0.0098125 0.6132564814814815 0.019625 0.04317962962962963
