1 0.5 0.47424166666666673 1.0 0.9484833333333335
0 0.17747239583333335 0.8005601851851852 0.008069791666666666 0.01778703703703704
0 0.38810546875 0.7017509259259259 0.018919270833333335 0.027575925925925927
0 0.4430018229166667 0.8140953703703703 0.007878645833333333 0.013375925925925927
0 0.40729609375000003 0.7434583333333333 0.008342187499999999 0.012842592592592591
0 0.450503125 0.555924537037037 0.02600625 0.034071296296296294
0 0.38290963541666667 0.45038935185185186 0.009569270833333334 0.02670462962962963
0 0.3842916666666667 0.27610555555555555 0.024833333333333332 0.06702592592592593
0 0.5260067708333334 0.3909680555555555 0.012430208333333333 0.04119537037037037
0 0.1012421875 0.01197314814814815 0.006651041666666666 0.014687037037037037
0 0.11202942708333333 0.28603055555555557 0.011558854166666667 0.02020925925925926
0 0.7805739583333333 0.8955796296296297 0.01635625 0.030048148148148147
0 0.7724294270833333 0.9300592592592594 0.007358854166666666 0.02122962962962963
0 0.7159395833333334 0.8300953703703704 0.015212499999999999 0.03426481481481482
0 0.8303776041666667 0.5705578703703703 0.018046875 0.020745370370370372
0 0.87866796875 0.1623324074074074 0.016710937500000002 0.04318333333333333
0 0.8864140625 0.13368472222222222 0.006161458333333333 0.022925
0 0.9529799479166667 0.1842800925925926 0.008043229166666667 0.027819444444444445
0 0.8875148437499999 0.7143425925925926 0.0094046875 0.012018518518518519
1 0.49973958333333335 0.5388888888888889 0.9994791666666667 0.9203703703703704
0 0.196875 0.1412037037037037 0.008333333333333333 0.017592592592592594
0 0.40078125 0.2777777777777778 0.019270833333333334 0.027777777777777776
0 0.46171875 0.17685185185185184 0.0078125 0.012962962962962963
0 0.421875 0.24027777777777778 0.008333333333333333 0.012037037037037037
0 0.45416666666666666 0.43425925925925923 0.025 0.03518518518518519
0 0.3809895833333333 0.5273148148148148 0.009895833333333333 0.026851851851851852
0 0.37109375 0.7027777777777777 0.0234375 0.06666666666666667
0 0.5192708333333333 0.6129629629629629 0.011458333333333333 0.040740740740740744
0 0.075 0.9115740740740741 0.00625 0.01574074074074074
0 0.1015625 0.6402777777777777 0.011458333333333333 0.019444444444444445
0 0.8026041666666667 0.15833333333333333 0.015625 0.02962962962962963
0 0.796875 0.12314814814814815 0.007291666666666667 0.022222222222222223
0 0.7341145833333333 0.21157407407407408 0.016145833333333335 0.03425925925925926
0 0.8328125 0.49074074074074076 0.017708333333333333 0.022222222222222223
0 0.85703125 0.9060185185185186 0.016145833333333335 0.04351851851851852
0 0.8627604166666667 0.9365740740740741 0.0067708333333333336 0.023148148148148147
0 0.9315104166666667 0.8981481481481481 0.008854166666666666 0.027777777777777776
0 0.8981770833333333 0.3587962962962963 0.008854166666666666 0.012037037037037037
1 0.5 0.4707513888888889 1.0 0.9415027777777778
0 0.8191640625000001 0.8107356481481481 0.008119791666666666 0.017767592592592592
0 0.6099833333333333 0.7054046296296296 0.018925 0.027475925925925924
0 0.5539367187500001 0.8159180555555555 0.0078734375 0.013317592592592591
0 0.5906317708333333 0.747099537037037 0.008346875 0.012717592592592593
0 0.5488666666666667 0.5568967592592592 0.025858333333333334 0.03416388888888889
0 0.6178364583333333 0.45411574074074074 0.009631250000000001 0.02675
0 0.6180388020833333 0.2788189814814815 0.02461927083333333 0.06689722222222222
0 0.47540937499999997 0.3900199074074074 0.012277083333333333 0.041150925925925924
0 0.9032947916666667 0.024103703703703704 0.006589583333333333 0.014874074074074074
0 0.8896296874999999 0.298937037037037 0.011551041666666668 0.020096296296296296
0 0.21541484375 0.8872226851851852 0.016246354166666668 0.030000925925925927
0 0.22290286458333333 0.9218166666666667 0.0072640625 0.02141111111111111
0 0.2811166666666667 0.8236268518518519 0.015358333333333333 0.03429074074074074
0 0.16889791666666668 0.5605037037037037 0.018004166666666665 0.021007407407407405
0 0.12446041666666667 0.15126574074074073 0.016629166666666667 0.043272222222222226
0 0.11715286458333334 0.12167499999999999 0.006180729166666667 0.02297962962962963
0 0.050446614583333334 0.17039814814814816 0.008184895833333334 0.02783333333333333
0 0.1103890625 0.7022342592592593 0.009319791666666665 0.011875925925925927
1 0.5 0.47424166666666673 1.0 0.9484833333333335
0 0.17747239583333335 0.8005601851851852 0.008069791666666666 0.01778703703703704
0 0.38810546875 0.7017509259259259 0.018919270833333335 0.027575925925925927
0 0.4430018229166667 0.8140953703703703 0.007878645833333333 0.013375925925925927
0 0.40729609375000003 0.7434583333333333 0.008342187499999999 0.012842592592592591
0 0.450503125 0.555924537037037 0.02600625 0.034071296296296294
0 0.38290963541666667 0.45038935185185186 0.009569270833333334 0.02670462962962963
0 0.3842916666666667 0.27610555555555555 0.024833333333333332 0.06702592592592593
0 0.5260067708333334 0.3909680555555555 0.012430208333333333 0.04119537037037037
0 0.1012421875 0.01197314814814815 0.006651041666666666 0.014687037037037037
0 0.11202942708333333 0.28603055555555557 0.011558854166666667 0.02020925925925926
0 0.7805739583333333 0.8955796296296297 0.01635625 0.030048148148148147
0 0.7724294270833333 0.9300592592592594 0.007358854166666666 0.02122962962962963
0 0.7159395833333334 0.8300953703703704 0.015212499999999999 0.03426481481481482
0 0.8303776041666667 0.5705578703703703 0.018046875 0.020745370370370372
0 0.87866796875 0.1623324074074074 0.016710937500000002 0.04318333333333333
0 0.8864140625 0.13368472222222222 0.006161458333333333 0.022925
0 0.9529799479166667 0.1842800925925926 0.008043229166666667 0.027819444444444445
0 0.8875148437499999 0.7143425925925926 0.0094046875 0.012018518518518519
1 0.49973958333333335 0.5388888888888889 0.9994791666666667 0.9203703703703704
0 0.196875 0.1412037037037037 0.008333333333333333 0.017592592592592594
0 0.40078125 0.2777777777777778 0.019270833333333334 0.027777777777777776
0 0.46171875 0.17685185185185184 0.0078125 0.012962962962962963
0 0.421875 0.24027777777777778 0.008333333333333333 0.012037037037037037
0 0.45416666666666666 0.43425925925925923 0.025 0.03518518518518519
0 0.3809895833333333 0.5273148148148148 0.009895833333333333 0.026851851851851852
0 0.37109375 0.7027777777777777 0.0234375 0.06666666666666667
0 0.5192708333333333 0.6129629629629629 0.011458333333333333 0.040740740740740744
0 0.075 0.9115740740740741 0.00625 0.01574074074074074
0 0.1015625 0.6402777777777777 0.011458333333333333 0.019444444444444445
0 0.8026041666666667 0.15833333333333333 0.015625 0.02962962962962963
0 0.796875 0.12314814814814815 0.007291666666666667 0.022222222222222223
0 0.7341145833333333 0.21157407407407408 0.016145833333333335 0.03425925925925926
0 0.8328125 0.49074074074074076 0.017708333333333333 0.022222222222222223
0 0.85703125 0.9060185185185186 0.016145833333333335 0.04351851851851852
0 0.8627604166666667 0.9365740740740741 0.0067708333333333336 0.023148148148148147
0 0.9315104166666667 0.8981481481481481 0.008854166666666666 0.027777777777777776
0 0.8981770833333333 0.3587962962962963 0.008854166666666666 0.012037037037037037
1 0.5 0.4707513888888889 1.0 0.9415027777777778
0 0.8191640625000001 0.8107356481481481 0.008119791666666666 0.017767592592592592
0 0.6099833333333333 0.7054046296296296 0.018925 0.027475925925925924
0 0.5539367187500001 0.8159180555555555 0.0078734375 0.013317592592592591
0 0.5906317708333333 0.747099537037037 0.008346875 0.012717592592592593
0 0.5488666666666667 0.5568967592592592 0.025858333333333334 0.03416388888888889
0 0.6178364583333333 0.45411574074074074 0.009631250000000001 0.02675
0 0.6180388020833333 0.2788189814814815 0.02461927083333333 0.06689722222222222
0 0.47540937499999997 0.3900199074074074 0.012277083333333333 0.041150925925925924
0 0.9032947916666667 0.024103703703703704 0.006589583333333333 0.014874074074074074
0 0.8896296874999999 0.298937037037037 0.011551041666666668 0.020096296296296296
0 0.21541484375 0.8872226851851852 0.016246354166666668 0.030000925925925927
0 0.22290286458333333 0.9218166666666667 0.0072640625 0.02141111111111111
0 0.2811166666666667 0.8236268518518519 0.015358333333333333 0.03429074074074074
0 0.16889791666666668 0.5605037037037037 0.018004166666666665 0.021007407407407405
0 0.12446041666666667 0.15126574074074073 0.016629166666666667 0.043272222222222226
0 0.11715286458333334 0.12167499999999999 0.006180729166666667 0.02297962962962963
0 0.050446614583333334 0.17039814814814816 0.008184895833333334 0.02783333333333333
0 0.1103890625 0.7022342592592593 0.009319791666666665 0.011875925925925927
