1 0.4997388020833334 0.51865 0.9994776041666668 0.963225925925926
0 0.5477109375 0.6067402777777777 0.015213541666666667 0.04311018518518518
0 0.5534174479166667 0.42161527777777774 0.0141265625 0.019156481481481483
0 0.6345078125000001 0.7663050925925926 0.012765625000000001 0.030758333333333335
0 0.65714765625 0.4661268518518519 0.010128645833333333 0.030401851851851854
0 0.7123794270833332 0.5206037037037037 0.015383854166666665 0.03194814814814815
0 0.5857596354166666 0.6320203703703704 0.012144270833333333 0.01404074074074074
0 0.7205213541666667 0.3065828703703704 0.008751041666666666 0.02057314814814815
0 0.42534609375 0.2319587962962963 0.0413171875 0.06021388888888889
0 0.5721200520833333 0.40289305555555555 0.017156770833333335 0.028008333333333333
0 0.2748557291666666 0.7435106481481482 0.007003125 0.014799074074074074
0 0.6602294270833333 0.23132824074074074 0.0131671875 0.031174999999999998
0 0.7098330729166666 0.5949097222222223 0.034249479166666666 0.06574537037037037
0 0.7542580729166667 0.7967124999999999 0.0220578125 0.04157314814814815
1 0.5 0.512349074074074 1.0 0.9746981481481481
0 0.45096302083333334 0.6047750000000001 0.015467708333333333 0.042883333333333336
0 0.44722708333333333 0.42054166666666665 0.014245833333333334 0.018861111111111113
0 0.36259869791666666 0.761725462962963 0.012697395833333335 0.03085833333333333
0 0.3432234375 0.46140879629629633 0.010405208333333334 0.030225000000000002
0 0.2874190104166667 0.5141296296296296 0.015463020833333334 0.031962962962962964
0 0.4128776041666667 0.6291263888888889 0.012213541666666666 0.013808333333333334
0 0.28151171875000003 0.3000421296296296 0.008856770833333333 0.02045462962962963
0 0.5769234375 0.2338875 0.041346875 0.0603675925925926
0 0.4283890625 0.4010944444444445 0.017194791666666667 0.028114814814814815
0 0.7227494791666668 0.7499810185185185 0.006957291666666667 0.014776851851851852
0 0.34258671874999996 0.22665787037037038 0.013298437500000001 0.03109351851851852
0 0.289521875 0.5883833333333333 0.03425208333333333 0.06565555555555555
0 0.242665625 0.7886351851851852 0.02178958333333333 0.042085185185185184
1 0.5026041666666666 0.5486111111111112 0.99375 0.9009259259259259
0 0.46119791666666665 0.6175925925925926 0.013020833333333334 0.044444444444444446
0 0.44114583333333335 0.43657407407407406 0.013541666666666667 0.021296296296296296
0 0.38723958333333336 0.7972222222222223 0.0140625 0.02962962962962963
0 0.34140625 0.5046296296296297 0.0078125 0.03148148148148148
0 0.2911458333333333 0.5740740740740741 0.014583333333333334 0.03148148148148148
0 0.42552083333333335 0.6523148148148148 0.011458333333333333 0.01574074074074074
0 0.26640625 0.36342592592592593 0.008854166666666666 0.021296296296296296
0 0.5533854166666666 0.21481481481481482 0.04114583333333333 0.06296296296296296
0 0.42083333333333334 0.42268518518518516 0.016666666666666666 0.026851851851851852
0 0.7421875 0.6851851851851852 0.007291666666666667 0.014814814814814815
0 0.32005208333333335 0.27314814814814814 0.011979166666666667 0.03148148148148148
0 0.29973958333333334 0.6467592592592593 0.033854166666666664 0.06574074074074074
0 0.2713541666666667 0.8574074074074074 0.023958333333333335 0.037037037037037035
1 0.4997388020833334 0.51865 0.9994776041666668 0.963225925925926
0 0.5477109375 0.6067402777777777 0.015213541666666667 0.04311018518518518
0 0.5534174479166667 0.42161527777777774 0.0141265625 0.019156481481481483
0 0.6345078125000001 0.7663050925925926 0.012765625000000001 0.030758333333333335
0 0.65714765625 0.4661268518518519 0.010128645833333333 0.030401851851851854
0 0.7123794270833332 0.5206037037037037 0.015383854166666665 0.03194814814814815
0 0.5857596354166666 0.6320203703703704 0.012144270833333333 0.01404074074074074
0 0.7205213541666667 0.3065828703703704 0.008751041666666666 0.02057314814814815
0 0.42534609375 0.2319587962962963 0.0413171875 0.06021388888888889
0 0.5721200520833333 0.40289305555555555 0.017156770833333335 0.028008333333333333
0 0.2748557291666666 0.7435106481481482 0.007003125 0.014799074074074074
0 0.6602294270833333 0.23132824074074074 0.0131671875 0.031174999999999998
0 0.7098330729166666 0.5949097222222223 0.034249479166666666 0.06574537037037037
0 0.7542580729166667 0.7967124999999999 0.0220578125 0.04157314814814815
1 0.5 0.512349074074074 1.0 0.9746981481481481
0 0.45096302083333334 0.6047750000000001 0.015467708333333333 0.042883333333333336
0 0.44722708333333333 0.42054166666666665 0.014245833333333334 0.018861111111111113
0 0.36259869791666666 0.761725462962963 0.012697395833333335 0.03085833333333333
0 0.3432234375 0.46140879629629633 0.010405208333333334 0.030225000000000002
0 0.2874190104166667 0.5141296296296296 0.015463020833333334 0.031962962962962964
0 0.4128776041666667 0.6291263888888889 0.012213541666666666 0.013808333333333334
0 0.28151171875000003 0.3000421296296296 0.008856770833333333 0.02045462962962963
0 0.5769234375 0.2338875 0.041346875 0.0603675925925926
0 0.4283890625 0.4010944444444445 0.017194791666666667 0.028114814814814815
0 0.7227494791666668 0.7499810185185185 0.006957291666666667 0.014776851851851852
0 0.34258671874999996 0.22665787037037038 0.013298437500000001 0.03109351851851852
0 0.289521875 0.5883833333333333 0.03425208333333333 0.06565555555555555
0 0.242665625 0.7886351851851852 0.02178958333333333 0.042085185185185184
1 0.5026041666666666 0.5486111111111112 0.99375 0.9009259259259259
0 0.46119791666666665 0.6175925925925926 0.013020833333333334 0.044444444444444446
0 0.44114583333333335 0.43657407407407406 0.013541666666666667 0.021296296296296296
0 0.38723958333333336 0.7972222222222223 0.0140625 0.02962962962962963
0 0.34140625 0.5046296296296297 0.0078125 0.03148148148148148
0 0.2911458333333333 0.5740740740740741 0.014583333333333334 0.03148148148148148
0 0.42552083333333335 0.6523148148148148 0.011458333333333333 0.01574074074074074
0 0.26640625 0.36342592592592593 0.008854166666666666 0.021296296296296296
0 0.5533854166666666 0.21481481481481482 0.04114583333333333 0.06296296296296296
0 0.42083333333333334 0.42268518518518516 0.016666666666666666 0.026851851851851852
0 0.7421875 0.6851851851851852 0.007291666666666667 0.014814814814814815
0 0.32005208333333335 0.27314814814814814 0.011979166666666667 0.03148148148148148
0 0.29973958333333334 0.6467592592592593 0.033854166666666664 0.06574074074074074
0 0.2713541666666667 0.8574074074074074 0.023958333333333335 0.037037037037037035
