1 0.5 0.48590000000000005 1.0 0.9718000000000001
0 0.7750705729166667 0.14401944444444445 0.0418078125 0.07322407407407407
0 0.7978395833333334 0.24944953703703707 0.024845833333333334 0.074825
0 0.49858723958333334 0.15511157407407408 0.015924479166666665 0.03429722222222222
0 0.60458515625 0.37705509259259257 0.0216703125 0.04670277777777778
0 0.8809778645833333 0.6509134259259259 0.012997395833333333 0.04071574074074074
0 0.7026934895833333 0.6865527777777778 0.011636979166666667 0.01755
0 0.67701171875 0.649123611111111 0.007148437499999999 0.014913888888888888
0 0.5450333333333333 0.6394402777777778 0.0046500000000000005 0.008510185185185187
0 0.20743984375 0.7077143518518518 0.012796354166666666 0.030243518518518517
0 0.14585963541666666 0.5400148148148148 0.016719270833333334 0.06521481481481482
0 0.044804166666666666 0.44381759259259257 0.011483333333333333 0.04504259259259259
0 0.25346953125 0.18256851851851852 0.026730729166666668 0.04106296296296296
0 0.6670096354166667 0.18590879629629628 0.012144270833333333 0.016262037037037037
0 0.8663606770833333 0.5651217592592592 0.0066796875 0.030243518518518517
0 0.8455627604166666 0.3011847222222222 0.0077921875000000005 0.02829537037037037
0 0.8268835937500001 0.2759648148148148 0.0100171875 0.018596296296296295
0 0.8237205729166667 0.24551620370370372 0.003691145833333333 0.0076990740740740735
0 0.7835463541666667 0.2503050925925926 0.025426041666666666 0.052462037037037036
0 0.82073125 0.13835092592592593 0.005004166666666667 0.013738888888888887
0 0.6631934895833334 0.4043597222222222 0.017011979166666667 0.025386111111111113
0 0.4972484375 0.22922777777777778 0.005955208333333333 0.014011111111111111
0 0.5030903645833333 0.3841962962962963 0.006180729166666667 0.012837037037037037
0 0.23830312499999998 0.0521875 0.016189583333333334 0.02289351851851852
0 0.16273177083333332 0.24853472222222223 0.006713541666666667 0.015587962962962963
0 0.15031692708333333 0.25608564814814816 0.010008854166666666 0.015875
0 0.0571078125 0.10696851851851852 0.005882291666666667 0.008381481481481481
0 0.26128645833333336 0.06285648148148149 0.010072916666666666 0.02015740740740741
0 0.10210598958333333 0.172225 0.0094203125 0.011116666666666667
0 0.17734869791666666 0.695637037037037 0.004697395833333334 0.013496296296296296
0 0.15672942708333334 0.7101097222222222 0.0092921875 0.03873796296296297
0 0.30750807291666665 0.7752231481481482 0.0098078125 0.020816666666666667
0 0.04255911458333333 0.4942842592592593 0.008034895833333333 0.016346296296296296
0 0.12812161458333335 0.034142129629629626 0.007284895833333333 0.009025
0 0.7996703125 0.19015787037037035 0.0066322916666666665 0.008093518518518519
0 0.7999434895833333 0.10188935185185184 0.004053645833333334 0.005630555555555556
0 0.7851916666666666 0.07772361111111112 0.006841666666666666 0.011002777777777776
0 0.8149346354166667 0.09818564814814815 0.0038276041666666667 0.005630555555555556
0 0.72939921875 0.2555837962962963 0.0056734375000000005 0.007463888888888889
0 0.6167552083333334 0.8258268518518519 0.0043437499999999995 0.005357407407407407
0 0.6517765625 0.9272097222222222 0.0077197916666666665 0.022937962962962962
0 0.9368940104166666 0.14572962962962963 0.008163020833333333 0.02108888888888889
0 0.2057359375 0.5856467592592592 0.005221875 0.012034259259259258
1 0.5 0.5136777777777778 1.0 0.9718000000000001
0 0.22507057291666666 0.8551305555555555 0.0418078125 0.07322407407407407
0 0.20200625 0.750375462962963 0.024845833333333334 0.074825
0 0.50119140625 0.8449263888888888 0.015924479166666665 0.03429722222222222
0 0.39521015625 0.623351388888889 0.0216703125 0.04670277777777778
0 0.11899869791666666 0.34906157407407407 0.012997395833333333 0.04071574074074074
0 0.29748515625 0.3134046296296296 0.011636979166666667 0.01755
0 0.3228450520833333 0.35097546296296295 0.007148437499999999 0.014913888888888888
0 0.4549291666666667 0.3607365740740741 0.0046500000000000005 0.008510185185185187
0 0.7923356770833333 0.29197361111111114 0.012796354166666666 0.030243518518518517
0 0.8541929687500001 0.4603851851851852 0.016719270833333334 0.06521481481481482
0 0.9552208333333333 0.5558546296296296 0.011483333333333333 0.04504259259259259
0 0.7466986979166667 0.8177537037037037 0.026730729166666668 0.04106296296296296
0 0.33315546875 0.8136865740740741 0.012144270833333333 0.016262037037037037
0 0.13354817708333336 0.4345662037037037 0.0066796875 0.030243518518518517
0 0.15441692708333335 0.6984069444444444 0.0077921875000000005 0.02829537037037037
0 0.17271692708333333 0.724112962962963 0.0100171875 0.018596296296296295
0 0.17632473958333333 0.7547754629629629 0.003691145833333333 0.0076990740740740735
0 0.21635885416666667 0.7493791666666667 0.025426041666666666 0.052462037037037036
0 0.17906458333333333 0.8614990740740741 0.005004166666666667 0.013738888888888887
0 0.3366309895833333 0.5960263888888888 0.017011979166666667 0.025386111111111113
0 0.5029776041666667 0.7708944444444444 0.005955208333333333 0.014011111111111111
0 0.4968403645833333 0.6166037037037038 0.006180729166666667 0.012837037037037037
0 0.761740625 0.9475578703703703 0.016189583333333334 0.02289351851851852
0 0.8372109375 0.7513125 0.006713541666666667 0.015587962962962963
0 0.84979609375 0.7440486111111111 0.010008854166666666 0.015875
0 0.9430453125 0.8930796296296296 0.005882291666666667 0.008381481481481481
0 0.738890625 0.9369305555555556 0.010072916666666666 0.02015740740740741
0 0.8979393229166667 0.8277805555555556 0.0094203125 0.011116666666666667
0 0.8226611979166666 0.30489629629629633 0.004697395833333334 0.013496296296296296
0 0.8431877604166667 0.28973935185185185 0.0092921875 0.03873796296296297
0 0.6929247395833333 0.2242972222222222 0.0098078125 0.020816666666666667
0 0.95766328125 0.5053953703703704 0.008034895833333333 0.016346296296296296
0 0.8718716145833334 0.9665495370370369 0.007284895833333333 0.009025
0 0.20071197916666667 0.8096023148148148 0.0066322916666666665 0.008093518518518519
0 0.19994348958333333 0.8972597222222222 0.004053645833333334 0.005630555555555556
0 0.21435833333333332 0.9221680555555556 0.006841666666666666 0.011002777777777776
0 0.18472630208333335 0.9018893518518518 0.0038276041666666667 0.005630555555555556
0 0.27054505208333335 0.7444726851851852 0.0056734375000000005 0.007463888888888889
0 0.38342187499999997 0.173975 0.0043437499999999995 0.005357407407407407
0 0.34813072916666665 0.07350601851851851 0.0077197916666666665 0.022937962962962962
0 0.06293567708333334 0.854062962962963 0.008163020833333333 0.02108888888888889
0 0.7942776041666666 0.41435046296296296 0.005221875 0.012034259259259258
1 0.49973958333333335 0.5462962962962963 0.9994791666666667 0.9055555555555556
0 0.2559895833333333 0.9217592592592593 0.04114583333333333 0.075
0 0.22552083333333334 0.8217592592592593 0.027083333333333334 0.06944444444444445
0 0.528125 0.8407407407407408 0.016666666666666666 0.03333333333333333
0 0.40651041666666665 0.6476851851851851 0.022395833333333334 0.04351851851851852
0 0.11015625 0.4444444444444444 0.011979166666666667 0.040740740740740744
0 0.28489583333333335 0.36574074074074076 0.011458333333333333 0.018518518518518517
0 0.31302083333333336 0.3962962962962963 0.007291666666666667 0.014814814814814815
0 0.44427083333333334 0.3731481481481482 0.005208333333333333 0.009259259259259259
0 0.7729166666666667 0.2212962962962963 0.011458333333333333 0.02962962962962963
0 0.84765625 0.3726851851851852 0.011979166666666667 0.06574074074074074
0 0.9552083333333333 0.4425925925925926 0.0125 0.044444444444444446
0 0.7697916666666667 0.7541666666666667 0.026041666666666668 0.04537037037037037
0 0.359375 0.8513888888888889 0.0125 0.017592592592592594
0 0.13125 0.5268518518518519 0.007291666666666667 0.02962962962962963
0 0.17369791666666667 0.7819444444444444 0.0067708333333333336 0.028703703703703703
0 0.19348958333333333 0.8027777777777778 0.009895833333333333 0.018518518518518517
0 0.19947916666666668 0.8323898148148148 0.004166666666666667 0.007372222222222222
0 0.23854166666666668 0.8166666666666667 0.026041666666666668 0.05185185185185185
0 0.21067708333333332 0.937037037037037 0.0046875 0.012962962962962963
0 0.3463541666666667 0.6351851851851852 0.016666666666666666 0.024074074074074074
0 0.5239583333333333 0.7671296296296296 0.005208333333333333 0.013888888888888888
0 0.5059895833333333 0.6157407407407407 0.005729166666666666 0.012962962962962963
0 0.8583333333333333 0.9305555555555556 0.029166666666666667 0.040740740740740744
0 0.8270833333333333 0.9708333333333333 0.00625 0.008333333333333333
0 0.7947916666666667 0.8777777777777778 0.015625 0.022222222222222223
0 0.853125 0.6652777777777777 0.007291666666666667 0.01574074074074074
0 0.865625 0.6550925925925926 0.009375 0.017592592592592594
0 0.96953125 0.7796296296296297 0.005729166666666666 0.009259259259259259
0 0.8955729166666667 0.9666666666666667 0.0078125 0.022222222222222223
0 0.7705729166666667 0.874537037037037 0.008854166666666666 0.019444444444444445
0 0.9200520833333333 0.7263888888888889 0.008854166666666666 0.012037037037037037
0 0.8044270833333333 0.2263888888888889 0.0036458333333333334 0.013888888888888888
0 0.8229166666666666 0.2074074074074074 0.010416666666666666 0.037037037037037035
0 0.6692708333333334 0.1787037037037037 0.010416666666666666 0.020370370370370372
0 0.953125 0.3925925925925926 0.008333333333333333 0.014814814814814815
0 0.9044270833333333 0.8694444444444445 0.0067708333333333336 0.009259259259259259
0 0.22786458333333334 0.8810185185185185 0.0067708333333333336 0.006481481481481481
0 0.23385416666666667 0.9685185185185186 0.004166666666666667 0.005555555555555556
0 0.25052083333333336 0.9888888888888889 0.00625 0.011111111111111112
0 0.21953125 0.975925925925926 0.0036458333333333334 0.005555555555555556
0 0.29192708333333334 0.799074074074074 0.005729166666666666 0.007407407407407408
0 0.35885416666666664 0.20601851851851852 0.004166666666666667 0.004629629629629629
0 0.31588541666666664 0.11481481481481481 0.0067708333333333336 0.024074074074074074
0 0.09479166666666666 0.9587962962962963 0.007291666666666667 0.021296296296296296
0 0.021875 0.9875 0.007291666666666667 0.012037037037037037
0 0.7848958333333333 0.3425925925925926 0.005208333333333333 0.011111111111111112
1 0.5 0.48590000000000005 1.0 0.9718000000000001
0 0.7750705729166667 0.14401944444444445 0.0418078125 0.07322407407407407
0 0.7978395833333334 0.24944953703703707 0.024845833333333334 0.074825
0 0.49858723958333334 0.15511157407407408 0.015924479166666665 0.03429722222222222
0 0.60458515625 0.37705509259259257 0.0216703125 0.04670277777777778
0 0.8809778645833333 0.6509134259259259 0.012997395833333333 0.04071574074074074
0 0.7026934895833333 0.6865527777777778 0.011636979166666667 0.01755
0 0.67701171875 0.649123611111111 0.007148437499999999 0.014913888888888888
0 0.5450333333333333 0.6394402777777778 0.0046500000000000005 0.008510185185185187
0 0.20743984375 0.7077143518518518 0.012796354166666666 0.030243518518518517
0 0.14585963541666666 0.5400148148148148 0.016719270833333334 0.06521481481481482
0 0.044804166666666666 0.44381759259259257 0.011483333333333333 0.04504259259259259
0 0.25346953125 0.18256851851851852 0.026730729166666668 0.04106296296296296
0 0.6670096354166667 0.18590879629629628 0.012144270833333333 0.016262037037037037
0 0.8663606770833333 0.5651217592592592 0.0066796875 0.030243518518518517
0 0.8455627604166666 0.3011847222222222 0.0077921875000000005 0.02829537037037037
0 0.8268835937500001 0.2759648148148148 0.0100171875 0.018596296296296295
0 0.8237205729166667 0.24551620370370372 0.003691145833333333 0.0076990740740740735
0 0.7835463541666667 0.2503050925925926 0.025426041666666666 0.052462037037037036
0 0.82073125 0.13835092592592593 0.005004166666666667 0.013738888888888887
0 0.6631934895833334 0.4043597222222222 0.017011979166666667 0.025386111111111113
0 0.4972484375 0.22922777777777778 0.005955208333333333 0.014011111111111111
0 0.5030903645833333 0.3841962962962963 0.006180729166666667 0.012837037037037037
0 0.23830312499999998 0.0521875 0.016189583333333334 0.02289351851851852
0 0.16273177083333332 0.24853472222222223 0.006713541666666667 0.015587962962962963
0 0.15031692708333333 0.25608564814814816 0.010008854166666666 0.015875
0 0.0571078125 0.10696851851851852 0.005882291666666667 0.008381481481481481
0 0.26128645833333336 0.06285648148148149 0.010072916666666666 0.02015740740740741
0 0.10210598958333333 0.172225 0.0094203125 0.011116666666666667
0 0.17734869791666666 0.695637037037037 0.004697395833333334 0.013496296296296296
0 0.15672942708333334 0.7101097222222222 0.0092921875 0.03873796296296297
0 0.30750807291666665 0.7752231481481482 0.0098078125 0.020816666666666667
0 0.04255911458333333 0.4942842592592593 0.008034895833333333 0.016346296296296296
0 0.12812161458333335 0.034142129629629626 0.007284895833333333 0.009025
0 0.7996703125 0.19015787037037035 0.0066322916666666665 0.008093518518518519
0 0.7999434895833333 0.10188935185185184 0.004053645833333334 0.005630555555555556
0 0.7851916666666666 0.07772361111111112 0.006841666666666666 0.011002777777777776
0 0.8149346354166667 0.09818564814814815 0.0038276041666666667 0.005630555555555556
0 0.72939921875 0.2555837962962963 0.0056734375000000005 0.007463888888888889
0 0.6167552083333334 0.8258268518518519 0.0043437499999999995 0.005357407407407407
0 0.6517765625 0.9272097222222222 0.0077197916666666665 0.022937962962962962
0 0.9368940104166666 0.14572962962962963 0.008163020833333333 0.02108888888888889
0 0.2057359375 0.5856467592592592 0.005221875 0.012034259259259258
1 0.5 0.5136777777777778 1.0 0.9718000000000001
0 0.22507057291666666 0.8551305555555555 0.0418078125 0.07322407407407407
0 0.20200625 0.750375462962963 0.024845833333333334 0.074825
0 0.50119140625 0.8449263888888888 0.015924479166666665 0.03429722222222222
0 0.39521015625 0.623351388888889 0.0216703125 0.04670277777777778
0 0.11899869791666666 0.34906157407407407 0.012997395833333333 0.04071574074074074
0 0.29748515625 0.3134046296296296 0.011636979166666667 0.01755
0 0.3228450520833333 0.35097546296296295 0.007148437499999999 0.014913888888888888
0 0.4549291666666667 0.3607365740740741 0.0046500000000000005 0.008510185185185187
0 0.7923356770833333 0.29197361111111114 0.012796354166666666 0.030243518518518517
0 0.8541929687500001 0.4603851851851852 0.016719270833333334 0.06521481481481482
0 0.9552208333333333 0.5558546296296296 0.011483333333333333 0.04504259259259259
0 0.7466986979166667 0.8177537037037037 0.026730729166666668 0.04106296296296296
0 0.33315546875 0.8136865740740741 0.012144270833333333 0.016262037037037037
0 0.13354817708333336 0.4345662037037037 0.0066796875 0.030243518518518517
0 0.15441692708333335 0.6984069444444444 0.0077921875000000005 0.02829537037037037
0 0.17271692708333333 0.724112962962963 0.0100171875 0.018596296296296295
0 0.17632473958333333 0.7547754629629629 0.003691145833333333 0.0076990740740740735
0 0.21635885416666667 0.7493791666666667 0.025426041666666666 0.052462037037037036
0 0.17906458333333333 0.8614990740740741 0.005004166666666667 0.013738888888888887
0 0.3366309895833333 0.5960263888888888 0.017011979166666667 0.025386111111111113
0 0.5029776041666667 0.7708944444444444 0.005955208333333333 0.014011111111111111
0 0.4968403645833333 0.6166037037037038 0.006180729166666667 0.012837037037037037
0 0.761740625 0.9475578703703703 0.016189583333333334 0.02289351851851852
0 0.8372109375 0.7513125 0.006713541666666667 0.015587962962962963
0 0.84979609375 0.7440486111111111 0.010008854166666666 0.015875
0 0.9430453125 0.8930796296296296 0.005882291666666667 0.008381481481481481
0 0.738890625 0.9369305555555556 0.010072916666666666 0.02015740740740741
0 0.8979393229166667 0.8277805555555556 0.0094203125 0.011116666666666667
0 0.8226611979166666 0.30489629629629633 0.004697395833333334 0.013496296296296296
0 0.8431877604166667 0.28973935185185185 0.0092921875 0.03873796296296297
0 0.6929247395833333 0.2242972222222222 0.0098078125 0.020816666666666667
0 0.95766328125 0.5053953703703704 0.008034895833333333 0.016346296296296296
0 0.8718716145833334 0.9665495370370369 0.007284895833333333 0.009025
0 0.20071197916666667 0.8096023148148148 0.0066322916666666665 0.008093518518518519
0 0.19994348958333333 0.8972597222222222 0.004053645833333334 0.005630555555555556
0 0.21435833333333332 0.9221680555555556 0.006841666666666666 0.011002777777777776
0 0.18472630208333335 0.9018893518518518 0.0038276041666666667 0.005630555555555556
0 0.27054505208333335 0.7444726851851852 0.0056734375000000005 0.007463888888888889
0 0.38342187499999997 0.173975 0.0043437499999999995 0.005357407407407407
0 0.34813072916666665 0.07350601851851851 0.0077197916666666665 0.022937962962962962
0 0.06293567708333334 0.854062962962963 0.008163020833333333 0.02108888888888889
0 0.7942776041666666 0.41435046296296296 0.005221875 0.012034259259259258
1 0.49973958333333335 0.5462962962962963 0.9994791666666667 0.9055555555555556
0 0.2559895833333333 0.9217592592592593 0.04114583333333333 0.075
0 0.22552083333333334 0.8217592592592593 0.027083333333333334 0.06944444444444445
0 0.528125 0.8407407407407408 0.016666666666666666 0.03333333333333333
0 0.40651041666666665 0.6476851851851851 0.022395833333333334 0.04351851851851852
0 0.11015625 0.4444444444444444 0.011979166666666667 0.040740740740740744
0 0.28489583333333335 0.36574074074074076 0.011458333333333333 0.018518518518518517
0 0.31302083333333336 0.3962962962962963 0.007291666666666667 0.014814814814814815
0 0.44427083333333334 0.3731481481481482 0.005208333333333333 0.009259259259259259
0 0.7729166666666667 0.2212962962962963 0.011458333333333333 0.02962962962962963
0 0.84765625 0.3726851851851852 0.011979166666666667 0.06574074074074074
0 0.9552083333333333 0.4425925925925926 0.0125 0.044444444444444446
0 0.7697916666666667 0.7541666666666667 0.026041666666666668 0.04537037037037037
0 0.359375 0.8513888888888889 0.0125 0.017592592592592594
0 0.13125 0.5268518518518519 0.007291666666666667 0.02962962962962963
0 0.17369791666666667 0.7819444444444444 0.0067708333333333336 0.028703703703703703
0 0.19348958333333333 0.8027777777777778 0.009895833333333333 0.018518518518518517
0 0.19947916666666668 0.8323898148148148 0.004166666666666667 0.007372222222222222
0 0.23854166666666668 0.8166666666666667 0.026041666666666668 0.05185185185185185
0 0.21067708333333332 0.937037037037037 0.0046875 0.012962962962962963
0 0.3463541666666667 0.6351851851851852 0.016666666666666666 0.024074074074074074
0 0.5239583333333333 0.7671296296296296 0.005208333333333333 0.013888888888888888
0 0.5059895833333333 0.6157407407407407 0.005729166666666666 0.012962962962962963
0 0.8583333333333333 0.9305555555555556 0.029166666666666667 0.040740740740740744
0 0.8270833333333333 0.9708333333333333 0.00625 0.008333333333333333
0 0.7947916666666667 0.8777777777777778 0.015625 0.022222222222222223
0 0.853125 0.6652777777777777 0.007291666666666667 0.01574074074074074
0 0.865625 0.6550925925925926 0.009375 0.017592592592592594
0 0.96953125 0.7796296296296297 0.005729166666666666 0.009259259259259259
0 0.8955729166666667 0.9666666666666667 0.0078125 0.022222222222222223
0 0.7705729166666667 0.874537037037037 0.008854166666666666 0.019444444444444445
0 0.9200520833333333 0.7263888888888889 0.008854166666666666 0.012037037037037037
0 0.8044270833333333 0.2263888888888889 0.0036458333333333334 0.013888888888888888
0 0.8229166666666666 0.2074074074074074 0.010416666666666666 0.037037037037037035
0 0.6692708333333334 0.1787037037037037 0.010416666666666666 0.020370370370370372
0 0.953125 0.3925925925925926 0.008333333333333333 0.014814814814814815
0 0.9044270833333333 0.8694444444444445 0.0067708333333333336 0.009259259259259259
0 0.22786458333333334 0.8810185185185185 0.0067708333333333336 0.006481481481481481
0 0.23385416666666667 0.9685185185185186 0.004166666666666667 0.005555555555555556
0 0.25052083333333336 0.9888888888888889 0.00625 0.011111111111111112
0 0.21953125 0.975925925925926 0.0036458333333333334 0.005555555555555556
0 0.29192708333333334 0.799074074074074 0.005729166666666666 0.007407407407407408
0 0.35885416666666664 0.20601851851851852 0.004166666666666667 0.004629629629629629
0 0.31588541666666664 0.11481481481481481 0.0067708333333333336 0.024074074074074074
0 0.09479166666666666 0.9587962962962963 0.007291666666666667 0.021296296296296296
0 0.021875 0.9875 0.007291666666666667 0.012037037037037037
0 0.7848958333333333 0.3425925925925926 0.005208333333333333 0.011111111111111112
