1 0.5 0.4719101851851852 1.0 0.9438203703703704
0 0.5674544270833334 0.6243810185185186 0.03282552083333333 0.03394722222222222
0 0.10455911458333333 0.34946203703703704 0.0143265625 0.030405555555555557
0 0.7340450520833334 0.33510092592592594 0.0170484375 0.04427592592592593
0 0.28613802083333334 0.7578282407407408 0.011859375 0.021212037037037036
0 0.2358455729166667 0.17458333333333334 0.012316145833333332 0.026944444444444444
0 0.16846145833333334 0.1343226851851852 0.01088125 0.01864537037037037
0 0.8676549479166666 0.42882916666666665 0.026976562500000002 0.048399074074074074
1 0.49973958333333335 0.5296296296296297 0.9994791666666667 0.9388888888888889
0 0.56640625 0.3736111111111111 0.0328125 0.03425925925925926
0 0.10625 0.6625 0.014583333333333334 0.030555555555555555
0 0.7356770833333334 0.6574074074074074 0.0171875 0.044444444444444446
0 0.28359375 0.24861111111111112 0.011979166666666667 0.021296296296296296
0 0.2390625 0.8337962962962963 0.0125 0.026851851851851852
0 0.17213541666666668 0.8759259259259259 0.0109375 0.018518518518518517
0 0.8684895833333334 0.5601851851851852 0.0265625 0.04814814814814815
1 0.5 0.4749027777777778 1.0 0.9498055555555556
0 0.43099765624999997 0.6214416666666667 0.03282864583333333 0.03362407407407408
0 0.8966192708333334 0.36234537037037035 0.014071875000000001 0.030246296296296292
0 0.2678270833333333 0.3285287037037037 0.016904166666666668 0.04409444444444444
0 0.7110760416666667 0.7642643518518518 0.011735416666666667 0.021121296296296298
0 0.7675226562499999 0.18203333333333332 0.012128645833333333 0.02702962962962963
0 0.8350984374999999 0.14456805555555555 0.010821875 0.01876574074074074
0 0.13296197916666666 0.41691064814814816 0.027382291666666666 0.04863611111111111
1 0.5 0.4719101851851852 1.0 0.9438203703703704
0 0.5674544270833334 0.6243810185185186 0.03282552083333333 0.03394722222222222
0 0.10455911458333333 0.34946203703703704 0.0143265625 0.030405555555555557
0 0.7340450520833334 0.33510092592592594 0.0170484375 0.04427592592592593
0 0.28613802083333334 0.7578282407407408 0.011859375 0.021212037037037036
0 0.2358455729166667 0.17458333333333334 0.012316145833333332 0.026944444444444444
0 0.16846145833333334 0.1343226851851852 0.01088125 0.01864537037037037
0 0.8676549479166666 0.42882916666666665 0.026976562500000002 0.048399074074074074
1 0.49973958333333335 0.5296296296296297 0.9994791666666667 0.9388888888888889
0 0.56640625 0.3736111111111111 0.0328125 0.03425925925925926
0 0.10625 0.6625 0.014583333333333334 0.030555555555555555
0 0.7356770833333334 0.6574074074074074 0.0171875 0.044444444444444446
0 0.28359375 0.24861111111111112 0.011979166666666667 0.021296296296296296
0 0.2390625 0.8337962962962963 0.0125 0.026851851851851852
0 0.17213541666666668 0.8759259259259259 0.0109375 0.018518518518518517
0 0.8684895833333334 0.5601851851851852 0.0265625 0.04814814814814815
1 0.5 0.4749027777777778 1.0 0.9498055555555556
0 0.43099765624999997 0.6214416666666667 0.03282864583333333 0.03362407407407408
0 0.8966192708333334 0.36234537037037035 0.014071875000000001 0.030246296296296292
0 0.2678270833333333 0.3285287037037037 0.016904166666666668 0.04409444444444444
0 0.7110760416666667 0.7642643518518518 0.011735416666666667 0.021121296296296298
0 0.7675226562499999 0.18203333333333332 0.012128645833333333 0.02702962962962963
0 0.8350984374999999 0.14456805555555555 0.010821875 0.01876574074074074
0 0.13296197916666666 0.41691064814814816 0.027382291666666666 0.04863611111111111
1 0.5 0.4719101851851852 1.0 0.9438203703703704
0 0.5674544270833334 0.6243810185185186 0.03282552083333333 0.03394722222222222
0 0.10455911458333333 0.34946203703703704 0.0143265625 0.030405555555555557
0 0.7340450520833334 0.33510092592592594 0.0170484375 0.04427592592592593
0 0.28613802083333334 0.7578282407407408 0.011859375 0.021212037037037036
0 0.2358455729166667 0.17458333333333334 0.012316145833333332 0.026944444444444444
0 0.16846145833333334 0.1343226851851852 0.01088125 0.01864537037037037
0 0.8676549479166666 0.42882916666666665 0.026976562500000002 0.048399074074074074
1 0.49973958333333335 0.5296296296296297 0.9994791666666667 0.9388888888888889
0 0.56640625 0.3736111111111111 0.0328125 0.03425925925925926
0 0.10625 0.6625 0.014583333333333334 0.030555555555555555
0 0.7356770833333334 0.6574074074074074 0.0171875 0.044444444444444446
0 0.28359375 0.24861111111111112 0.011979166666666667 0.021296296296296296
0 0.2390625 0.8337962962962963 0.0125 0.026851851851851852
0 0.17213541666666668 0.8759259259259259 0.0109375 0.018518518518518517
0 0.8684895833333334 0.5601851851851852 0.0265625 0.04814814814814815
1 0.5 0.4749027777777778 1.0 0.9498055555555556
0 0.43099765624999997 0.6214416666666667 0.03282864583333333 0.03362407407407408
0 0.8966192708333334 0.36234537037037035 0.014071875000000001 0.030246296296296292
0 0.2678270833333333 0.3285287037037037 0.016904166666666668 0.04409444444444444
0 0.7110760416666667 0.7642643518518518 0.011735416666666667 0.021121296296296298
0 0.7675226562499999 0.18203333333333332 0.012128645833333333 0.02702962962962963
0 0.8350984374999999 0.14456805555555555 0.010821875 0.01876574074074074
0 0.13296197916666666 0.41691064814814816 0.027382291666666666 0.04863611111111111
