0 0.49973958333333335 0.5217592592592593 0.9994791666666667 0.9546296296296296
0 0.49973958333333335 0.5157407407407407 0.9994791666666667 0.9666666666666667
0 0.49973958333333335 0.5157407407407407 0.9994791666666667 0.9666666666666667
0 0.49973958333333335 0.31203703703703706 0.9994791666666667 0.2740740740740741
0 0.49973958333333335 0.31203703703703706 0.9994791666666667 0.27037037037037037
0 0.03333333333333333 0.43842592592592594 0.021875 0.062037037037037036
0 0.3880208333333333 0.612037037037037 0.03229166666666667 0.05185185185185185
0 0.8302083333333333 0.9740740740740741 0.016666666666666666 0.024074074074074074
0 0.8731770833333333 0.9648148148148148 0.018229166666666668 0.03333333333333333
0 0.9760416666666667 0.9481481481481482 0.019791666666666666 0.05185185185185185
0 0.7221354166666667 0.9120370370370371 0.021354166666666667 0.040740740740740744
0 0.7971354166666667 0.9203703703703704 0.0078125 0.012962962962962963
0 0.7960518229166667 0.937962962962963 0.0056453125 0.005555555555555556
0 0.8588541666666667 0.8629629629629629 0.020833333333333332 0.05
0 0.8958333333333334 0.7574074074074074 0.020833333333333332 0.06296296296296296
0 0.09661458333333334 0.9092592592592592 0.0046875 0.011111111111111112
0 0.13645833333333332 0.9435185185185185 0.009375 0.014814814814814815
0 0.12994791666666666 0.8791666666666667 0.0109375 0.025
0 0.20729166666666668 0.4777777777777778 0.019791666666666666 0.03333333333333333
0 0.32109375 0.9879629629629629 0.005729166666666666 0.011111111111111112
0 0.31354166666666666 0.9166939814814815 0.007291666666666667 0.03709166666666666
0 0.38177083333333334 0.9393518518518519 0.0125 0.019444444444444445
0 0.3953125 0.8930555555555556 0.01875 0.01574074074074074
0 0.5119791666666667 0.5643518518518519 0.008333333333333333 0.023148148148148147
0 0.6028645833333334 0.500462962962963 0.0109375 0.025
0 0.7203125 0.4587962962962963 0.015625 0.03981481481481482
0 0.5815104166666667 0.49074074074074076 0.0109375 0.018518518518518517
0 0.5841145833333333 0.29074074074074074 0.0109375 0.011111111111111112
0 0.6755208333333333 0.23333333333333334 0.009375 0.02962962962962963
0 0.77235859375 0.22592592592592592 0.0030505208333333335 0.005555555555555556
0 0.7761903645833333 0.22592592592592592 0.0044640625 0.005555555555555556
0 0.675 0.18796296296296297 0.010416666666666666 0.03148148148148148
0 0.2166125 0.08796296296296297 0.004058333333333333 0.007407407407407408
0 0.22109375 0.09252268518518518 0.0067708333333333336 0.010971296296296297
0 0.062239583333333334 0.3611111111111111 0.0109375 0.018518518518518517
0 0.15234375 0.28888888888888886 0.009895833333333333 0.016666666666666666
0 0.029947916666666668 0.32407407407407407 0.0078125 0.03888888888888889
0 0.8440104166666667 0.8958333333333334 0.005729166666666666 0.013888888888888888
0 0.8841145833333334 0.9041666666666667 0.008854166666666666 0.028703703703703703
0 0.10859375 0.850462962962963 0.013020833333333334 0.023148148148148147
0 0.19192708333333333 0.9708333333333333 0.011979166666666667 0.023148148148148147
0 0.42265625 0.6768518518518518 0.03802083333333333 0.03518518518518519
0 0.20078125 0.8453703703703703 0.0078125 0.020370370370370372
0 0.23125 0.750462962962963 0.005208333333333333 0.013888888888888888
0 0.25416666666666665 0.8625 0.007291666666666667 0.017592592592592594
0 0.24713541666666666 0.8379629629629629 0.0026041666666666665 0.009259259259259259
0 0.40260416666666665 0.8189814814814815 0.009375 0.012037037037037037
0 0.29609375 0.45925925925925926 0.009895833333333333 0.03148148148148148
0 0.8638020833333333 0.7203703703703703 0.0078125 0.014814814814814815
0 0.17083333333333334 0.3143518518518518 0.010416666666666666 0.017592592592592594
0 0.14919192708333334 0.6319444444444444 0.004633854166666667 0.004629629629629629
0 0.15208333333333332 0.6346666666666667 0.004166666666666667 0.008222222222222223
0 0.24583333333333332 0.14675925925925926 0.010416666666666666 0.013888888888888888
0 0.43802083333333336 0.09537037037037037 0.00625 0.020370370370370372
0 0.5 0.4909805555555556 1.0 0.9819611111111112
0 0.5 0.4914555555555556 1.0 0.9829111111111112
0 0.5 0.4919398148148148 1.0 0.9838796296296296
0 0.5033643229166667 0.6698541666666666 0.9931869791666668 0.3600787037037037
0 0.5030252604166666 0.6697361111111112 0.9935505208333333 0.3561388888888889
0 0.03652838541666667 0.6198643518518518 0.023056770833333334 0.06195092592592592
0 0.3840145833333333 0.402025462962963 0.0326125 0.054050925925925926
0 0.9589541666666667 0.009659722222222222 0.017908333333333335 0.019319444444444445
0 0.7051216145833333 0.062073611111111114 0.0217015625 0.03896203703703704
0 0.77959921875 0.043599537037037034 0.008156770833333334 0.013125000000000001
0 0.7783036458333333 0.02624212962962963 0.005565625 0.006187962962962963
0 0.8435005208333333 0.09341481481481483 0.022417708333333335 0.04794074074074074
0 0.8851552083333334 0.1944 0.020310416666666668 0.06287407407407407
0 0.08152291666666667 0.14175000000000001 0.0047125 0.011277777777777777
0 0.12006484375 0.10231805555555555 0.0088796875 0.015747222222222225
0 0.11592656250000001 0.16735740740740743 0.011019791666666667 0.025455555555555558
0 0.2089390625 0.5582925925925926 0.019961458333333335 0.03325185185185185
0 0.3025002604166667 0.035397685185185185 0.006042187500000001 0.011536111111111112
0 0.2977205729166667 0.10743888888888888 0.006899479166666667 0.0371
0 0.3648528645833334 0.0769462962962963 0.011997395833333334 0.02055925925925926
0 0.380021875 0.12152453703703703 0.018377083333333332 0.017123148148148148
0 0.50955859375 0.4340587962962963 0.007658854166666667 0.023673148148148148
0 0.6025606770833334 0.48689907407407407 0.010329687499999999 0.025650000000000003
0 0.7212986979166666 0.5144004629629629 0.0155140625 0.03991203703703704
0 0.58176953125 0.4993421296296296 0.011455729166666668 0.01905462962962963
0 0.5919864583333333 0.6979083333333334 0.01105625 0.010631481481481481
0 0.6852841145833334 0.7443439814814814 0.010151562499999999 0.029428703703703703
0 0.7826807291666668 0.7398356481481482 0.002861458333333333 0.005597222222222222
0 0.7866018229166667 0.739075925925926 0.004453645833333334 0.005929629629629629
0 0.6869429687499999 0.7897439814814815 0.010344270833333334 0.03133981481481481
0 0.2332890625 0.9462226851851852 0.004078125 0.0072601851851851855
0 0.23771588541666666 0.9406916666666667 0.006681770833333334 0.011012962962962962
0 0.06863984375 0.6925699074074074 0.011238020833333334 0.018473148148148148
0 0.16109505208333333 0.7542541666666667 0.009690104166666666 0.01591574074074074
0 0.03751484375 0.734212037037037 0.007321354166666667 0.03879444444444445
0 0.82753671875 0.06225694444444444 0.006115104166666666 0.013402777777777777
0 0.8675770833333334 0.04976064814814815 0.009112499999999999 0.029150925925925927
0 0.09575078125 0.1993259259259259 0.012334895833333333 0.024577777777777778
0 0.17432526041666666 0.06867314814814815 0.011150520833333333 0.024383333333333333
0 0.41563932291666666 0.33175185185185185 0.03752864583333334 0.03572592592592593
0 0.18812630208333334 0.19279398148148147 0.007502604166666666 0.020773148148148148
0 0.22190494791666668 0.2837148148148148 0.005268229166666667 0.013725925925925926
0 0.24052526041666666 0.16902453703703704 0.0070921875 0.017678703703703703
0 0.23425677083333335 0.19449768518518518 0.002888541666666667 0.00936574074074074
0 0.39054088541666665 0.19419305555555555 0.009206770833333332 0.012460185185185185
0 0.2981528645833333 0.565637962962963 0.0108890625 0.03127592592592592
0 0.85438125 0.23542546296296296 0.007720833333333333 0.015295370370370369
0 0.17900859375 0.7260226851851852 0.010100520833333333 0.018712037037037037
0 0.14509140625 0.4122361111111111 0.004766145833333333 0.004101851851851851
0 0.1474453125 0.4086351851851852 0.0042656249999999995 0.008011111111111111
0 0.26058567708333336 0.8837791666666667 0.0107546875 0.013854629629629628
0 0.45369270833333336 0.9111185185185185 0.0063437499999999996 0.020385185185185183
0 0.5 0.5215375 1.0 0.956037962962963
0 0.5 0.5169754629629629 1.0 0.9654324074074073
0 0.5 0.5165124999999999 1.0 0.9663583333333332
0 0.49944713541666663 0.3049611111111111 0.9988942708333333 0.2580703703703704
0 0.4994380208333334 0.30627499999999996 0.9988760416666668 0.2514388888888889
0 0.03277447916666667 0.4533814814814815 0.021798958333333333 0.06231851851851852
0 0.38901015625 0.6154458333333334 0.032186979166666664 0.051262037037037037
0 0.8349809895833334 0.963774074074074 0.016836979166666665 0.023844444444444442
0 0.8777950520833334 0.9530337962962963 0.018090104166666666 0.033845370370370366
0 0.980609375 0.933475 0.019552083333333335 0.05213518518518518
0 0.7262505208333334 0.9048365740740741 0.021251041666666668 0.04115462962962963
0 0.8012559895833333 0.9111907407407408 0.007720312500000001 0.013122222222222223
0 0.8002263020833333 0.9286791666666666 0.0056609375 0.005506481481481481
0 0.86232109375 0.8521550925925926 0.020475520833333333 0.05060648148148148
0 0.89797421875 0.7453574074074074 0.020948437499999997 0.06293703703703703
0 0.10081276041666666 0.9212712962962962 0.004750520833333333 0.01106111111111111
0 0.14068333333333335 0.9545800925925926 0.009491666666666667 0.014715740740740741
0 0.1336203125 0.8903083333333334 0.010990625 0.02506111111111111
0 0.2072765625 0.48703472222222216 0.019761458333333332 0.0333287037037037
0 0.32578072916666667 0.99355 0.005728125 0.011174074074074074
0 0.31784869791666664 0.9222342592592593 0.007572395833333333 0.037061111111111114
0 0.38599557291666664 0.9429087962962963 0.012616145833333333 0.019150925925925925
0 0.3989979166666667 0.8966370370370371 0.018829166666666668 0.015496296296296296
0 0.51258125 0.5642773148148148 0.008495833333333334 0.02299907407407407
0 0.6029364583333333 0.49772361111111113 0.011081249999999999 0.02507685185185185
0 0.7197994791666668 0.4522875 0.015640625000000002 0.03976018518518519
0 0.5815096354166667 0.48788888888888887 0.0109359375 0.01837037037037037
0 0.5820122395833334 0.2880833333333333 0.010899479166666667 0.01135185185185185
0 0.6728976562500001 0.22779166666666664 0.009336979166666667 0.02965740740740741
0 0.7697770833333333 0.21762453703703705 0.0030958333333333332 0.005619444444444444
0 0.7735859375 0.21761296296296295 0.004463541666666667 0.005596296296296296
0 0.6719286458333333 0.18241296296296297 0.010523958333333333 0.03149259259259259
0 0.21244192708333334 0.09723796296296296 0.004050520833333333 0.00743888888888889
0 0.21693567708333333 0.10177222222222222 0.006788020833333333 0.010951851851851852
0 0.06119244791666666 0.3749986111111111 0.010926562499999999 0.018515740740740742
0 0.15028229166666665 0.3000875 0.009939583333333333 0.016841666666666668
0 0.028534895833333334 0.3388861111111111 0.008111458333333333 0.03888333333333333
0 0.8476057291666667 0.8847777777777778 0.0056281249999999994 0.013999999999999999
0 0.8877643229166666 0.892062962962963 0.008861979166666667 0.02857037037037037
0 0.1123203125 0.8623125 0.013182291666666667 0.022773148148148147
0 0.19671354166666666 0.9799291666666666 0.012177083333333333 0.022821296296296294
0 0.42431119791666666 0.6786523148148148 0.03820572916666667 0.03508240740740741
0 0.20397395833333334 0.8545712962962964 0.007947916666666667 0.0202537037037037
0 0.23389010416666667 0.7588115740740741 0.005280208333333333 0.013919444444444444
0 0.25787109375 0.8698898148148148 0.007408854166666667 0.017557407407407407
0 0.2507447916666667 0.8453537037037037 0.00253125 0.009225925925925926
0 0.40574661458333333 0.8217018518518518 0.009409895833333333 0.011922222222222221
0 0.29557213541666666 0.4657546296296296 0.009894270833333333 0.03150925925925926
0 0.8658940104166667 0.7091935185185185 0.0078296875 0.014683333333333335
0 0.16880833333333334 0.3244226851851852 0.010533333333333334 0.01736388888888889
0 0.1507359375 0.6431199074074073 0.004596875 0.004758333333333333
0 0.15363177083333335 0.645800925925926 0.004138541666666666 0.008268518518518519
0 0.24214114583333332 0.15509166666666666 0.010323958333333333 0.013887037037037036
0 0.43389453125 0.0972125 0.006330729166666666 0.020350925925925925
0 0.49973958333333335 0.5217592592592593 0.9994791666666667 0.9546296296296296
0 0.49973958333333335 0.5157407407407407 0.9994791666666667 0.9666666666666667
0 0.49973958333333335 0.5157407407407407 0.9994791666666667 0.9666666666666667
0 0.49973958333333335 0.31203703703703706 0.9994791666666667 0.2740740740740741
0 0.49973958333333335 0.31203703703703706 0.9994791666666667 0.27037037037037037
0 0.03333333333333333 0.43842592592592594 0.021875 0.062037037037037036
0 0.3880208333333333 0.612037037037037 0.03229166666666667 0.05185185185185185
0 0.8302083333333333 0.9740740740740741 0.016666666666666666 0.024074074074074074
0 0.8731770833333333 0.9648148148148148 0.018229166666666668 0.03333333333333333
0 0.9760416666666667 0.9481481481481482 0.019791666666666666 0.05185185185185185
0 0.7221354166666667 0.9120370370370371 0.021354166666666667 0.040740740740740744
0 0.7971354166666667 0.9203703703703704 0.0078125 0.012962962962962963
0 0.7960518229166667 0.937962962962963 0.0056453125 0.005555555555555556
0 0.8588541666666667 0.8629629629629629 0.020833333333333332 0.05
0 0.8958333333333334 0.7574074074074074 0.020833333333333332 0.06296296296296296
0 0.09661458333333334 0.9092592592592592 0.0046875 0.011111111111111112
0 0.13645833333333332 0.9435185185185185 0.009375 0.014814814814814815
0 0.12994791666666666 0.8791666666666667 0.0109375 0.025
0 0.20729166666666668 0.4777777777777778 0.019791666666666666 0.03333333333333333
0 0.32109375 0.9879629629629629 0.005729166666666666 0.011111111111111112
0 0.31354166666666666 0.9166939814814815 0.007291666666666667 0.03709166666666666
0 0.38177083333333334 0.9393518518518519 0.0125 0.019444444444444445
0 0.3953125 0.8930555555555556 0.01875 0.01574074074074074
0 0.5119791666666667 0.5643518518518519 0.008333333333333333 0.023148148148148147
0 0.6028645833333334 0.500462962962963 0.0109375 0.025
0 0.7203125 0.4587962962962963 0.015625 0.03981481481481482
0 0.5815104166666667 0.49074074074074076 0.0109375 0.018518518518518517
0 0.5841145833333333 0.29074074074074074 0.0109375 0.011111111111111112
0 0.6755208333333333 0.23333333333333334 0.009375 0.02962962962962963
0 0.77235859375 0.22592592592592592 0.0030505208333333335 0.005555555555555556
0 0.7761903645833333 0.22592592592592592 0.0044640625 0.005555555555555556
0 0.675 0.18796296296296297 0.010416666666666666 0.03148148148148148
0 0.2166125 0.08796296296296297 0.004058333333333333 0.007407407407407408
0 0.22109375 0.09252268518518518 0.0067708333333333336 0.010971296296296297
0 0.062239583333333334 0.3611111111111111 0.0109375 0.018518518518518517
0 0.15234375 0.28888888888888886 0.009895833333333333 0.016666666666666666
0 0.029947916666666668 0.32407407407407407 0.0078125 0.03888888888888889
0 0.8440104166666667 0.8958333333333334 0.005729166666666666 0.013888888888888888
0 0.8841145833333334 0.9041666666666667 0.008854166666666666 0.028703703703703703
0 0.10859375 0.850462962962963 0.013020833333333334 0.023148148148148147
0 0.19192708333333333 0.9708333333333333 0.011979166666666667 0.023148148148148147
0 0.42265625 0.6768518518518518 0.03802083333333333 0.03518518518518519
0 0.20078125 0.8453703703703703 0.0078125 0.020370370370370372
0 0.23125 0.750462962962963 0.005208333333333333 0.013888888888888888
0 0.25416666666666665 0.8625 0.007291666666666667 0.017592592592592594
0 0.24713541666666666 0.8379629629629629 0.0026041666666666665 0.009259259259259259
0 0.40260416666666665 0.8189814814814815 0.009375 0.012037037037037037
0 0.29609375 0.45925925925925926 0.009895833333333333 0.03148148148148148
0 0.8638020833333333 0.7203703703703703 0.0078125 0.014814814814814815
0 0.17083333333333334 0.3143518518518518 0.010416666666666666 0.017592592592592594
0 0.14919192708333334 0.6319444444444444 0.004633854166666667 0.004629629629629629
0 0.15208333333333332 0.6346666666666667 0.004166666666666667 0.008222222222222223
0 0.24583333333333332 0.14675925925925926 0.010416666666666666 0.013888888888888888
0 0.43802083333333336 0.09537037037037037 0.00625 0.020370370370370372
0 0.5 0.4909805555555556 1.0 0.9819611111111112
0 0.5 0.4914555555555556 1.0 0.9829111111111112
0 0.5 0.4919398148148148 1.0 0.9838796296296296
0 0.5033643229166667 0.6698541666666666 0.9931869791666668 0.3600787037037037
0 0.5030252604166666 0.6697361111111112 0.9935505208333333 0.3561388888888889
0 0.03652838541666667 0.6198643518518518 0.023056770833333334 0.06195092592592592
0 0.3840145833333333 0.402025462962963 0.0326125 0.054050925925925926
0 0.9589541666666667 0.009659722222222222 0.017908333333333335 0.019319444444444445
0 0.7051216145833333 0.062073611111111114 0.0217015625 0.03896203703703704
0 0.77959921875 0.043599537037037034 0.008156770833333334 0.013125000000000001
0 0.7783036458333333 0.02624212962962963 0.005565625 0.006187962962962963
0 0.8435005208333333 0.09341481481481483 0.022417708333333335 0.04794074074074074
0 0.8851552083333334 0.1944 0.020310416666666668 0.06287407407407407
0 0.08152291666666667 0.14175000000000001 0.0047125 0.011277777777777777
0 0.12006484375 0.10231805555555555 0.0088796875 0.015747222222222225
0 0.11592656250000001 0.16735740740740743 0.011019791666666667 0.025455555555555558
0 0.2089390625 0.5582925925925926 0.019961458333333335 0.03325185185185185
0 0.3025002604166667 0.035397685185185185 0.006042187500000001 0.011536111111111112
0 0.2977205729166667 0.10743888888888888 0.006899479166666667 0.0371
0 0.3648528645833334 0.0769462962962963 0.011997395833333334 0.02055925925925926
0 0.380021875 0.12152453703703703 0.018377083333333332 0.017123148148148148
0 0.50955859375 0.4340587962962963 0.007658854166666667 0.023673148148148148
0 0.6025606770833334 0.48689907407407407 0.010329687499999999 0.025650000000000003
0 0.7212986979166666 0.5144004629629629 0.0155140625 0.03991203703703704
0 0.58176953125 0.4993421296296296 0.011455729166666668 0.01905462962962963
0 0.5919864583333333 0.6979083333333334 0.01105625 0.010631481481481481
0 0.6852841145833334 0.7443439814814814 0.010151562499999999 0.029428703703703703
0 0.7826807291666668 0.7398356481481482 0.002861458333333333 0.005597222222222222
0 0.7866018229166667 0.739075925925926 0.004453645833333334 0.005929629629629629
0 0.6869429687499999 0.7897439814814815 0.010344270833333334 0.03133981481481481
0 0.2332890625 0.9462226851851852 0.004078125 0.0072601851851851855
0 0.23771588541666666 0.9406916666666667 0.006681770833333334 0.011012962962962962
0 0.06863984375 0.6925699074074074 0.011238020833333334 0.018473148148148148
0 0.16109505208333333 0.7542541666666667 0.009690104166666666 0.01591574074074074
0 0.03751484375 0.734212037037037 0.007321354166666667 0.03879444444444445
0 0.82753671875 0.06225694444444444 0.006115104166666666 0.013402777777777777
0 0.8675770833333334 0.04976064814814815 0.009112499999999999 0.029150925925925927
0 0.09575078125 0.1993259259259259 0.012334895833333333 0.024577777777777778
0 0.17432526041666666 0.06867314814814815 0.011150520833333333 0.024383333333333333
0 0.41563932291666666 0.33175185185185185 0.03752864583333334 0.03572592592592593
0 0.18812630208333334 0.19279398148148147 0.007502604166666666 0.020773148148148148
0 0.22190494791666668 0.2837148148148148 0.005268229166666667 0.013725925925925926
0 0.24052526041666666 0.16902453703703704 0.0070921875 0.017678703703703703
0 0.23425677083333335 0.19449768518518518 0.002888541666666667 0.00936574074074074
0 0.39054088541666665 0.19419305555555555 0.009206770833333332 0.012460185185185185
0 0.2981528645833333 0.565637962962963 0.0108890625 0.03127592592592592
0 0.85438125 0.23542546296296296 0.007720833333333333 0.015295370370370369
0 0.17900859375 0.7260226851851852 0.010100520833333333 0.018712037037037037
0 0.14509140625 0.4122361111111111 0.004766145833333333 0.004101851851851851
0 0.1474453125 0.4086351851851852 0.0042656249999999995 0.008011111111111111
0 0.26058567708333336 0.8837791666666667 0.0107546875 0.013854629629629628
0 0.45369270833333336 0.9111185185185185 0.0063437499999999996 0.020385185185185183
0 0.5 0.5215375 1.0 0.956037962962963
0 0.5 0.5169754629629629 1.0 0.9654324074074073
0 0.5 0.5165124999999999 1.0 0.9663583333333332
0 0.49944713541666663 0.3049611111111111 0.9988942708333333 0.2580703703703704
0 0.4994380208333334 0.30627499999999996 0.9988760416666668 0.2514388888888889
0 0.03277447916666667 0.4533814814814815 0.021798958333333333 0.06231851851851852
0 0.38901015625 0.6154458333333334 0.032186979166666664 0.051262037037037037
0 0.8349809895833334 0.963774074074074 0.016836979166666665 0.023844444444444442
0 0.8777950520833334 0.9530337962962963 0.018090104166666666 0.033845370370370366
0 0.980609375 0.933475 0.019552083333333335 0.05213518518518518
0 0.7262505208333334 0.9048365740740741 0.021251041666666668 0.04115462962962963
0 0.8012559895833333 0.9111907407407408 0.007720312500000001 0.013122222222222223
0 0.8002263020833333 0.9286791666666666 0.0056609375 0.005506481481481481
0 0.86232109375 0.8521550925925926 0.020475520833333333 0.05060648148148148
0 0.89797421875 0.7453574074074074 0.020948437499999997 0.06293703703703703
0 0.10081276041666666 0.9212712962962962 0.004750520833333333 0.01106111111111111
0 0.14068333333333335 0.9545800925925926 0.009491666666666667 0.014715740740740741
0 0.1336203125 0.8903083333333334 0.010990625 0.02506111111111111
0 0.2072765625 0.48703472222222216 0.019761458333333332 0.0333287037037037
0 0.32578072916666667 0.99355 0.005728125 0.011174074074074074
0 0.31784869791666664 0.9222342592592593 0.007572395833333333 0.037061111111111114
0 0.38599557291666664 0.9429087962962963 0.012616145833333333 0.019150925925925925
0 0.3989979166666667 0.8966370370370371 0.018829166666666668 0.015496296296296296
0 0.51258125 0.5642773148148148 0.008495833333333334 0.02299907407407407
0 0.6029364583333333 0.49772361111111113 0.011081249999999999 0.02507685185185185
0 0.7197994791666668 0.4522875 0.015640625000000002 0.03976018518518519
0 0.5815096354166667 0.48788888888888887 0.0109359375 0.01837037037037037
0 0.5820122395833334 0.2880833333333333 0.010899479166666667 0.01135185185185185
0 0.6728976562500001 0.22779166666666664 0.009336979166666667 0.02965740740740741
0 0.7697770833333333 0.21762453703703705 0.0030958333333333332 0.005619444444444444
0 0.7735859375 0.21761296296296295 0.004463541666666667 0.005596296296296296
0 0.6719286458333333 0.18241296296296297 0.010523958333333333 0.03149259259259259
0 0.21244192708333334 0.09723796296296296 0.004050520833333333 0.00743888888888889
0 0.21693567708333333 0.10177222222222222 0.006788020833333333 0.010951851851851852
0 0.06119244791666666 0.3749986111111111 0.010926562499999999 0.018515740740740742
0 0.15028229166666665 0.3000875 0.009939583333333333 0.016841666666666668
0 0.028534895833333334 0.3388861111111111 0.008111458333333333 0.03888333333333333
0 0.8476057291666667 0.8847777777777778 0.0056281249999999994 0.013999999999999999
0 0.8877643229166666 0.892062962962963 0.008861979166666667 0.02857037037037037
0 0.1123203125 0.8623125 0.013182291666666667 0.022773148148148147
0 0.19671354166666666 0.9799291666666666 0.012177083333333333 0.022821296296296294
0 0.42431119791666666 0.6786523148148148 0.03820572916666667 0.03508240740740741
0 0.20397395833333334 0.8545712962962964 0.007947916666666667 0.0202537037037037
0 0.23389010416666667 0.7588115740740741 0.005280208333333333 0.013919444444444444
0 0.25787109375 0.8698898148148148 0.007408854166666667 0.017557407407407407
0 0.2507447916666667 0.8453537037037037 0.00253125 0.009225925925925926
0 0.40574661458333333 0.8217018518518518 0.009409895833333333 0.011922222222222221
0 0.29557213541666666 0.4657546296296296 0.009894270833333333 0.03150925925925926
0 0.8658940104166667 0.7091935185185185 0.0078296875 0.014683333333333335
0 0.16880833333333334 0.3244226851851852 0.010533333333333334 0.01736388888888889
0 0.1507359375 0.6431199074074073 0.004596875 0.004758333333333333
0 0.15363177083333335 0.645800925925926 0.004138541666666666 0.008268518518518519
0 0.24214114583333332 0.15509166666666666 0.010323958333333333 0.013887037037037036
0 0.43389453125 0.0972125 0.006330729166666666 0.020350925925925925
