1 0.5002604166666667 0.49953703703703706 0.9994791666666667 0.9990740740740741
0 0.9403645833333333 0.0587962962962963 0.0078125 0.021296296296296296
0 0.8109375 0.31805555555555554 0.020833333333333332 0.03981481481481482
0 0.6677083333333333 0.37592592592592594 0.01875 0.03518518518518519
0 0.6984375 0.6592592592592592 0.014583333333333334 0.025925925925925925
0 0.6859375 0.7569444444444444 0.007291666666666667 0.019444444444444445
0 0.7622395833333333 0.9564814814814815 0.028645833333333332 0.05555555555555555
0 0.9385416666666667 0.9717592592592592 0.011458333333333333 0.025
0 0.471875 0.6125 0.017708333333333333 0.04351851851851852
0 0.42682291666666666 0.5282407407407408 0.022395833333333334 0.04722222222222222
0 0.38515625 0.475 0.0171875 0.027777777777777776
0 0.07161458333333333 0.8333333333333334 0.016145833333333335 0.040740740740740744
0 0.178125 0.7620370370370371 0.009375 0.014814814814814815
0 0.19322916666666667 0.6287037037037037 0.029166666666666667 0.053703703703703705
0 0.17395833333333333 0.5425925925925926 0.014583333333333334 0.027777777777777776
0 0.2125 0.31574074074074077 0.016666666666666666 0.03888888888888889
0 0.4627604166666667 0.2912037037037037 0.0171875 0.049074074074074076
0 0.35598958333333336 0.7962962962962963 0.0046875 0.018518518518518517
0 0.434375 0.6032407407407407 0.00625 0.021296296296296296
0 0.1484375 0.950925925925926 0.029166666666666667 0.025925925925925925
0 0.109375 0.7875 0.008333333333333333 0.025
0 0.12890625 0.7736111111111111 0.0203125 0.028703703703703703
0 0.0578125 0.6259259259259259 0.007291666666666667 0.018518518518518517
0 0.12942708333333333 0.5439814814814815 0.0046875 0.010185185185185186
0 0.60625 0.4976851851851852 0.010416666666666666 0.01574074074074074
0 0.8244791666666667 0.1388888888888889 0.008333333333333333 0.027777777777777776
1 0.49973958333333335 0.49953703703703706 0.9994791666666667 0.9990740740740741
0 0.05963541666666667 0.0587962962962963 0.0078125 0.021296296296296296
0 0.1890625 0.31805555555555554 0.020833333333333332 0.03981481481481482
0 0.33229166666666665 0.37592592592592594 0.01875 0.03518518518518519
0 0.3015625 0.6592592592592592 0.014583333333333334 0.025925925925925925
0 0.3140625 0.7569444444444444 0.007291666666666667 0.019444444444444445
0 0.23776041666666667 0.9564814814814815 0.028645833333333332 0.05555555555555555
0 0.06145833333333333 0.9717592592592592 0.011458333333333333 0.025
0 0.528125 0.6125 0.017708333333333333 0.04351851851851852
0 0.5731770833333333 0.5282407407407408 0.022395833333333334 0.04722222222222222
0 0.61484375 0.475 0.0171875 0.027777777777777776
0 0.9283854166666666 0.8333333333333334 0.016145833333333335 0.040740740740740744
0 0.821875 0.7620370370370371 0.009375 0.014814814814814815
0 0.8067708333333333 0.6287037037037037 0.029166666666666667 0.053703703703703705
0 0.8260416666666667 0.5425925925925926 0.014583333333333334 0.027777777777777776
0 0.7875 0.31574074074074077 0.016666666666666666 0.03888888888888889
0 0.5372395833333333 0.2912037037037037 0.0171875 0.049074074074074076
0 0.6440104166666667 0.7962962962962963 0.0046875 0.018518518518518517
0 0.565625 0.6032407407407407 0.00625 0.021296296296296296
0 0.8515625 0.950925925925926 0.029166666666666667 0.025925925925925925
0 0.890625 0.7875 0.008333333333333333 0.025
0 0.87109375 0.7736111111111111 0.0203125 0.028703703703703703
0 0.9421875 0.6259259259259259 0.007291666666666667 0.018518518518518517
0 0.8705729166666667 0.5439814814814815 0.0046875 0.010185185185185186
0 0.39375 0.4976851851851852 0.010416666666666666 0.01574074074074074
0 0.17552083333333332 0.1388888888888889 0.008333333333333333 0.027777777777777776
1 0.5 0.5 1.0 1.0
0 0.9445078124999999 0.9274180555555556 0.007765625 0.021502777777777777
0 0.8124757812500001 0.6719907407407407 0.02078489583333333 0.04027777777777778
0 0.6688122395833334 0.6185643518518518 0.018874479166666666 0.03527685185185185
0 0.6969601562500001 0.334225 0.014753645833333334 0.025857407407407405
0 0.6833690104166668 0.2374824074074074 0.007363020833333333 0.019409259259259258
0 0.75777265625 0.03524537037037037 0.02908697916666667 0.05567592592592593
0 0.93393515625 0.014237037037037036 0.0116203125 0.02477037037037037
0 0.4708729166666667 0.38839814814814816 0.0177875 0.04346296296296296
0 0.42645937500000003 0.47451712962962966 0.022710416666666667 0.04718240740740741
0 0.38558489583333333 0.5287175925925925 0.017003125 0.027805555555555556
0 0.06842916666666668 0.1797074074074074 0.016025 0.0408962962962963
0 0.17552916666666668 0.24826805555555556 0.009391666666666666 0.01505462962962963
0 0.19216249999999999 0.38057592592592593 0.02911666666666667 0.05374444444444444
0 0.17354557291666667 0.46746944444444444 0.014799479166666666 0.027531481481481483
0 0.21421119791666668 0.6933458333333333 0.016964062499999998 0.03854351851851852
0 0.4650377604166666 0.7094921296296296 0.017575520833333334 0.04861388888888889
0 0.35337604166666664 0.20833194444444444 0.00466875 0.018515740740740742
0 0.43332369791666664 0.3986175925925926 0.0062307291666666665 0.021309259259259257
0 0.14420963541666668 0.06022361111111111 0.029044270833333333 0.026002777777777777
0 0.10671562500000001 0.22454305555555554 0.008222916666666667 0.025012037037037037
0 0.12618697916666666 0.23776435185185185 0.020082291666666665 0.02923240740740741
0 0.05671119791666667 0.38793750000000005 0.007172395833333334 0.018467592592592594
0 0.12891041666666667 0.46712870370370374 0.004695833333333333 0.010183333333333332
0 0.6062809895833333 0.4995277777777778 0.010478645833333333 0.015722222222222224
0 0.8280562499999999 0.8509643518518519 0.008195833333333334 0.02785462962962963
1 0.5002604166666667 0.49953703703703706 0.9994791666666667 0.9990740740740741
0 0.9403645833333333 0.0587962962962963 0.0078125 0.021296296296296296
0 0.8109375 0.31805555555555554 0.020833333333333332 0.03981481481481482
0 0.6677083333333333 0.37592592592592594 0.01875 0.03518518518518519
0 0.6984375 0.6592592592592592 0.014583333333333334 0.025925925925925925
0 0.6859375 0.7569444444444444 0.007291666666666667 0.019444444444444445
0 0.7622395833333333 0.9564814814814815 0.028645833333333332 0.05555555555555555
0 0.9385416666666667 0.9717592592592592 0.011458333333333333 0.025
0 0.471875 0.6125 0.017708333333333333 0.04351851851851852
0 0.42682291666666666 0.5282407407407408 0.022395833333333334 0.04722222222222222
0 0.38515625 0.475 0.0171875 0.027777777777777776
0 0.07161458333333333 0.8333333333333334 0.016145833333333335 0.040740740740740744
0 0.178125 0.7620370370370371 0.009375 0.014814814814814815
0 0.19322916666666667 0.6287037037037037 0.029166666666666667 0.053703703703703705
0 0.17395833333333333 0.5425925925925926 0.014583333333333334 0.027777777777777776
0 0.2125 0.31574074074074077 0.016666666666666666 0.03888888888888889
0 0.4627604166666667 0.2912037037037037 0.0171875 0.049074074074074076
0 0.35598958333333336 0.7962962962962963 0.0046875 0.018518518518518517
0 0.434375 0.6032407407407407 0.00625 0.021296296296296296
0 0.1484375 0.950925925925926 0.029166666666666667 0.025925925925925925
0 0.109375 0.7875 0.008333333333333333 0.025
0 0.12890625 0.7736111111111111 0.0203125 0.028703703703703703
0 0.0578125 0.6259259259259259 0.007291666666666667 0.018518518518518517
0 0.12942708333333333 0.5439814814814815 0.0046875 0.010185185185185186
0 0.60625 0.4976851851851852 0.010416666666666666 0.01574074074074074
0 0.8244791666666667 0.1388888888888889 0.008333333333333333 0.027777777777777776
1 0.49973958333333335 0.49953703703703706 0.9994791666666667 0.9990740740740741
0 0.05963541666666667 0.0587962962962963 0.0078125 0.021296296296296296
0 0.1890625 0.31805555555555554 0.020833333333333332 0.03981481481481482
0 0.33229166666666665 0.37592592592592594 0.01875 0.03518518518518519
0 0.3015625 0.6592592592592592 0.014583333333333334 0.025925925925925925
0 0.3140625 0.7569444444444444 0.007291666666666667 0.019444444444444445
0 0.23776041666666667 0.9564814814814815 0.028645833333333332 0.05555555555555555
0 0.06145833333333333 0.9717592592592592 0.011458333333333333 0.025
0 0.528125 0.6125 0.017708333333333333 0.04351851851851852
0 0.5731770833333333 0.5282407407407408 0.022395833333333334 0.04722222222222222
0 0.61484375 0.475 0.0171875 0.027777777777777776
0 0.9283854166666666 0.8333333333333334 0.016145833333333335 0.040740740740740744
0 0.821875 0.7620370370370371 0.009375 0.014814814814814815
0 0.8067708333333333 0.6287037037037037 0.029166666666666667 0.053703703703703705
0 0.8260416666666667 0.5425925925925926 0.014583333333333334 0.027777777777777776
0 0.7875 0.31574074074074077 0.016666666666666666 0.03888888888888889
0 0.5372395833333333 0.2912037037037037 0.0171875 0.049074074074074076
0 0.6440104166666667 0.7962962962962963 0.0046875 0.018518518518518517
0 0.565625 0.6032407407407407 0.00625 0.021296296296296296
0 0.8515625 0.950925925925926 0.029166666666666667 0.025925925925925925
0 0.890625 0.7875 0.008333333333333333 0.025
0 0.87109375 0.7736111111111111 0.0203125 0.028703703703703703
0 0.9421875 0.6259259259259259 0.007291666666666667 0.018518518518518517
0 0.8705729166666667 0.5439814814814815 0.0046875 0.010185185185185186
0 0.39375 0.4976851851851852 0.010416666666666666 0.01574074074074074
0 0.17552083333333332 0.1388888888888889 0.008333333333333333 0.027777777777777776
1 0.5 0.5 1.0 1.0
0 0.9445078124999999 0.9274180555555556 0.007765625 0.021502777777777777
0 0.8124757812500001 0.6719907407407407 0.02078489583333333 0.04027777777777778
0 0.6688122395833334 0.6185643518518518 0.018874479166666666 0.03527685185185185
0 0.6969601562500001 0.334225 0.014753645833333334 0.025857407407407405
0 0.6833690104166668 0.2374824074074074 0.007363020833333333 0.019409259259259258
0 0.75777265625 0.03524537037037037 0.02908697916666667 0.05567592592592593
0 0.93393515625 0.014237037037037036 0.0116203125 0.02477037037037037
0 0.4708729166666667 0.38839814814814816 0.0177875 0.04346296296296296
0 0.42645937500000003 0.47451712962962966 0.022710416666666667 0.04718240740740741
0 0.38558489583333333 0.5287175925925925 0.017003125 0.027805555555555556
0 0.06842916666666668 0.1797074074074074 0.016025 0.0408962962962963
0 0.17552916666666668 0.24826805555555556 0.009391666666666666 0.01505462962962963
0 0.19216249999999999 0.38057592592592593 0.02911666666666667 0.05374444444444444
0 0.17354557291666667 0.46746944444444444 0.014799479166666666 0.027531481481481483
0 0.21421119791666668 0.6933458333333333 0.016964062499999998 0.03854351851851852
0 0.4650377604166666 0.7094921296296296 0.017575520833333334 0.04861388888888889
0 0.35337604166666664 0.20833194444444444 0.00466875 0.018515740740740742
0 0.43332369791666664 0.3986175925925926 0.0062307291666666665 0.021309259259259257
0 0.14420963541666668 0.06022361111111111 0.029044270833333333 0.026002777777777777
0 0.10671562500000001 0.22454305555555554 0.008222916666666667 0.025012037037037037
0 0.12618697916666666 0.23776435185185185 0.020082291666666665 0.02923240740740741
0 0.05671119791666667 0.38793750000000005 0.007172395833333334 0.018467592592592594
0 0.12891041666666667 0.46712870370370374 0.004695833333333333 0.010183333333333332
0 0.6062809895833333 0.4995277777777778 0.010478645833333333 0.015722222222222224
0 0.8280562499999999 0.8509643518518519 0.008195833333333334 0.02785462962962963
1 0.5002604166666667 0.49953703703703706 0.9994791666666667 0.9990740740740741
0 0.9403645833333333 0.0587962962962963 0.0078125 0.021296296296296296
0 0.8109375 0.31805555555555554 0.020833333333333332 0.03981481481481482
0 0.6677083333333333 0.37592592592592594 0.01875 0.03518518518518519
0 0.6984375 0.6592592592592592 0.014583333333333334 0.025925925925925925
0 0.6859375 0.7569444444444444 0.007291666666666667 0.019444444444444445
0 0.7622395833333333 0.9564814814814815 0.028645833333333332 0.05555555555555555
0 0.9385416666666667 0.9717592592592592 0.011458333333333333 0.025
0 0.471875 0.6125 0.017708333333333333 0.04351851851851852
0 0.42682291666666666 0.5282407407407408 0.022395833333333334 0.04722222222222222
0 0.38515625 0.475 0.0171875 0.027777777777777776
0 0.07161458333333333 0.8333333333333334 0.016145833333333335 0.040740740740740744
0 0.178125 0.7620370370370371 0.009375 0.014814814814814815
0 0.19322916666666667 0.6287037037037037 0.029166666666666667 0.053703703703703705
0 0.17395833333333333 0.5425925925925926 0.014583333333333334 0.027777777777777776
0 0.2125 0.31574074074074077 0.016666666666666666 0.03888888888888889
0 0.4627604166666667 0.2912037037037037 0.0171875 0.049074074074074076
0 0.35598958333333336 0.7962962962962963 0.0046875 0.018518518518518517
0 0.434375 0.6032407407407407 0.00625 0.021296296296296296
0 0.1484375 0.950925925925926 0.029166666666666667 0.025925925925925925
0 0.109375 0.7875 0.008333333333333333 0.025
0 0.12890625 0.7736111111111111 0.0203125 0.028703703703703703
0 0.0578125 0.6259259259259259 0.007291666666666667 0.018518518518518517
0 0.12942708333333333 0.5439814814814815 0.0046875 0.010185185185185186
0 0.60625 0.4976851851851852 0.010416666666666666 0.01574074074074074
0 0.8244791666666667 0.1388888888888889 0.008333333333333333 0.027777777777777776
1 0.49973958333333335 0.49953703703703706 0.9994791666666667 0.9990740740740741
0 0.05963541666666667 0.0587962962962963 0.0078125 0.021296296296296296
0 0.1890625 0.31805555555555554 0.020833333333333332 0.03981481481481482
0 0.33229166666666665 0.37592592592592594 0.01875 0.03518518518518519
0 0.3015625 0.6592592592592592 0.014583333333333334 0.025925925925925925
0 0.3140625 0.7569444444444444 0.007291666666666667 0.019444444444444445
0 0.23776041666666667 0.9564814814814815 0.028645833333333332 0.05555555555555555
0 0.06145833333333333 0.9717592592592592 0.011458333333333333 0.025
0 0.528125 0.6125 0.017708333333333333 0.04351851851851852
0 0.5731770833333333 0.5282407407407408 0.022395833333333334 0.04722222222222222
0 0.61484375 0.475 0.0171875 0.027777777777777776
0 0.9283854166666666 0.8333333333333334 0.016145833333333335 0.040740740740740744
0 0.821875 0.7620370370370371 0.009375 0.014814814814814815
0 0.8067708333333333 0.6287037037037037 0.029166666666666667 0.053703703703703705
0 0.8260416666666667 0.5425925925925926 0.014583333333333334 0.027777777777777776
0 0.7875 0.31574074074074077 0.016666666666666666 0.03888888888888889
0 0.5372395833333333 0.2912037037037037 0.0171875 0.049074074074074076
0 0.6440104166666667 0.7962962962962963 0.0046875 0.018518518518518517
0 0.565625 0.6032407407407407 0.00625 0.021296296296296296
0 0.8515625 0.950925925925926 0.029166666666666667 0.025925925925925925
0 0.890625 0.7875 0.008333333333333333 0.025
0 0.87109375 0.7736111111111111 0.0203125 0.028703703703703703
0 0.9421875 0.6259259259259259 0.007291666666666667 0.018518518518518517
0 0.8705729166666667 0.5439814814814815 0.0046875 0.010185185185185186
0 0.39375 0.4976851851851852 0.010416666666666666 0.01574074074074074
0 0.17552083333333332 0.1388888888888889 0.008333333333333333 0.027777777777777776
1 0.5 0.5 1.0 1.0
0 0.9445078124999999 0.9274180555555556 0.007765625 0.021502777777777777
0 0.8124757812500001 0.6719907407407407 0.02078489583333333 0.04027777777777778
0 0.6688122395833334 0.6185643518518518 0.018874479166666666 0.03527685185185185
0 0.6969601562500001 0.334225 0.014753645833333334 0.025857407407407405
0 0.6833690104166668 0.2374824074074074 0.007363020833333333 0.019409259259259258
0 0.75777265625 0.03524537037037037 0.02908697916666667 0.05567592592592593
0 0.93393515625 0.014237037037037036 0.0116203125 0.02477037037037037
0 0.4708729166666667 0.38839814814814816 0.0177875 0.04346296296296296
0 0.42645937500000003 0.47451712962962966 0.022710416666666667 0.04718240740740741
0 0.38558489583333333 0.5287175925925925 0.017003125 0.027805555555555556
0 0.06842916666666668 0.1797074074074074 0.016025 0.0408962962962963
0 0.17552916666666668 0.24826805555555556 0.009391666666666666 0.01505462962962963
0 0.19216249999999999 0.38057592592592593 0.02911666666666667 0.05374444444444444
0 0.17354557291666667 0.46746944444444444 0.014799479166666666 0.027531481481481483
0 0.21421119791666668 0.6933458333333333 0.016964062499999998 0.03854351851851852
0 0.4650377604166666 0.7094921296296296 0.017575520833333334 0.04861388888888889
0 0.35337604166666664 0.20833194444444444 0.00466875 0.018515740740740742
0 0.43332369791666664 0.3986175925925926 0.0062307291666666665 0.021309259259259257
0 0.14420963541666668 0.06022361111111111 0.029044270833333333 0.026002777777777777
0 0.10671562500000001 0.22454305555555554 0.008222916666666667 0.025012037037037037
0 0.12618697916666666 0.23776435185185185 0.020082291666666665 0.02923240740740741
0 0.05671119791666667 0.38793750000000005 0.007172395833333334 0.018467592592592594
0 0.12891041666666667 0.46712870370370374 0.004695833333333333 0.010183333333333332
0 0.6062809895833333 0.4995277777777778 0.010478645833333333 0.015722222222222224
0 0.8280562499999999 0.8509643518518519 0.008195833333333334 0.02785462962962963
