1 0.49973958333333335 0.49953703703703706 0.9994791666666667 0.9990740740740741
0 0.39557291666666666 0.1736111111111111 0.028645833333333332 0.03425925925925926
0 0.39765625 0.16712962962962963 0.0234375 0.021296296296296296
0 0.31223958333333335 0.13935185185185187 0.0046875 0.010185185185185186
0 0.3223958333333333 0.3509259259259259 0.00625 0.014814814814814815
0 0.36875 0.10925925925925926 0.015625 0.03333333333333333
0 0.9822916666666667 0.825925925925926 0.034375 0.07407407407407407
0 0.8794270833333333 0.9662037037037037 0.0109375 0.023148148148148147
0 0.9200520833333333 0.5842592592592593 0.0109375 0.03148148148148148
0 0.8950520833333333 0.775 0.0078125 0.016666666666666666
0 0.8505208333333333 0.7810185185185186 0.03125 0.03796296296296296
0 0.18098958333333334 0.8222222222222222 0.0109375 0.02962962962962963
0 0.021875 0.7305555555555555 0.008333333333333333 0.018518518518518517
0 0.04635416666666667 0.7166666666666667 0.004166666666666667 0.007407407407407408
0 0.12552083333333333 0.8967592592592593 0.013541666666666667 0.030555555555555555
0 0.27057291666666666 0.687037037037037 0.0140625 0.020370370370370372
0 0.23880208333333333 0.36666666666666664 0.005729166666666666 0.014814814814814815
0 0.16796875 0.5407407407407407 0.0078125 0.016666666666666666
0 0.29375 0.2175925925925926 0.013541666666666667 0.040740740740740744
0 0.23645833333333333 0.9541666666666667 0.00625 0.010185185185185186
0 0.14973958333333334 0.8060185185185185 0.0046875 0.008333333333333333
1 0.49973958333333335 0.49953703703703706 0.9994791666666667 0.9990740740740741
0 0.39557291666666666 0.1736111111111111 0.028645833333333332 0.03425925925925926
0 0.39765625 0.16712962962962963 0.0234375 0.021296296296296296
0 0.31223958333333335 0.13935185185185187 0.0046875 0.010185185185185186
0 0.3223958333333333 0.3509259259259259 0.00625 0.014814814814814815
0 0.36875 0.10925925925925926 0.015625 0.03333333333333333
0 0.9822916666666667 0.825925925925926 0.034375 0.07407407407407407
0 0.8794270833333333 0.9662037037037037 0.0109375 0.023148148148148147
0 0.9200520833333333 0.5842592592592593 0.0109375 0.03148148148148148
0 0.8950520833333333 0.775 0.0078125 0.016666666666666666
0 0.8505208333333333 0.7810185185185186 0.03125 0.03796296296296296
0 0.18098958333333334 0.8222222222222222 0.0109375 0.02962962962962963
0 0.021875 0.7305555555555555 0.008333333333333333 0.018518518518518517
0 0.04635416666666667 0.7166666666666667 0.004166666666666667 0.007407407407407408
0 0.12552083333333333 0.8967592592592593 0.013541666666666667 0.030555555555555555
0 0.27057291666666666 0.687037037037037 0.0140625 0.020370370370370372
0 0.23880208333333333 0.36666666666666664 0.005729166666666666 0.014814814814814815
0 0.16796875 0.5407407407407407 0.0078125 0.016666666666666666
0 0.29375 0.2175925925925926 0.013541666666666667 0.040740740740740744
0 0.23645833333333333 0.9541666666666667 0.00625 0.010185185185185186
0 0.14973958333333334 0.8060185185185185 0.0046875 0.008333333333333333
1 0.5 0.5 1.0 1.0
0 0.5811684895833333 0.84845 0.02900364583333333 0.03208518518518519
0 0.5790729166666666 0.8527199074074074 0.023770833333333335 0.023958333333333335
0 0.6614026041666666 0.899024537037037 0.005096875 0.011012037037037037
0 0.66612265625 0.6869819444444445 0.006203645833333333 0.01470462962962963
0 0.6036885416666667 0.9167018518518518 0.01779375 0.0297
0 0.043461458333333335 0.07189490740740741 0.03900625 0.06786388888888889
0 0.08881171874999999 0.3258087962962963 0.011998437499999999 0.03124722222222222
0 0.12707942708333334 0.14194305555555556 0.008325520833333332 0.017219444444444447
0 0.17117994791666666 0.1457138888888889 0.03298489583333333 0.03402037037037037
0 0.83830390625 0.24885092592592595 0.0109828125 0.029183333333333335
0 0.9902 0.3743435185185185 0.008525 0.01905740740740741
0 0.9648981770833333 0.38336203703703703 0.0037546874999999998 0.007464814814814814
0 0.8986669270833333 0.1877013888888889 0.0119171875 0.032810185185185185
0 0.7405473958333334 0.3642 0.013386458333333334 0.020992592592592594
0 0.7502072916666667 0.6887773148148149 0.005622916666666667 0.014591666666666668
0 0.832065625 0.5321115740740742 0.00788125 0.016075
0 0.6854354166666667 0.8243967592592593 0.0156625 0.03953425925925926
0 0.7924265625 0.10712407407407408 0.005686458333333333 0.010544444444444445
0 0.8684721354166667 0.2722361111111111 0.004652604166666667 0.009287037037037036
1 0.49973958333333335 0.49953703703703706 0.9994791666666667 0.9990740740740741
0 0.39557291666666666 0.1736111111111111 0.028645833333333332 0.03425925925925926
0 0.39765625 0.16712962962962963 0.0234375 0.021296296296296296
0 0.31223958333333335 0.13935185185185187 0.0046875 0.010185185185185186
0 0.3223958333333333 0.3509259259259259 0.00625 0.014814814814814815
0 0.36875 0.10925925925925926 0.015625 0.03333333333333333
0 0.9822916666666667 0.825925925925926 0.034375 0.07407407407407407
0 0.8794270833333333 0.9662037037037037 0.0109375 0.023148148148148147
0 0.9200520833333333 0.5842592592592593 0.0109375 0.03148148148148148
0 0.8950520833333333 0.775 0.0078125 0.016666666666666666
0 0.8505208333333333 0.7810185185185186 0.03125 0.03796296296296296
0 0.18098958333333334 0.8222222222222222 0.0109375 0.02962962962962963
0 0.021875 0.7305555555555555 0.008333333333333333 0.018518518518518517
0 0.04635416666666667 0.7166666666666667 0.004166666666666667 0.007407407407407408
0 0.12552083333333333 0.8967592592592593 0.013541666666666667 0.030555555555555555
0 0.27057291666666666 0.687037037037037 0.0140625 0.020370370370370372
0 0.23880208333333333 0.36666666666666664 0.005729166666666666 0.014814814814814815
0 0.16796875 0.5407407407407407 0.0078125 0.016666666666666666
0 0.29375 0.2175925925925926 0.013541666666666667 0.040740740740740744
0 0.23645833333333333 0.9541666666666667 0.00625 0.010185185185185186
0 0.14973958333333334 0.8060185185185185 0.0046875 0.008333333333333333
1 0.49973958333333335 0.49953703703703706 0.9994791666666667 0.9990740740740741
0 0.39557291666666666 0.1736111111111111 0.028645833333333332 0.03425925925925926
0 0.39765625 0.16712962962962963 0.0234375 0.021296296296296296
0 0.31223958333333335 0.13935185185185187 0.0046875 0.010185185185185186
0 0.3223958333333333 0.3509259259259259 0.00625 0.014814814814814815
0 0.36875 0.10925925925925926 0.015625 0.03333333333333333
0 0.9822916666666667 0.825925925925926 0.034375 0.07407407407407407
0 0.8794270833333333 0.9662037037037037 0.0109375 0.023148148148148147
0 0.9200520833333333 0.5842592592592593 0.0109375 0.03148148148148148
0 0.8950520833333333 0.775 0.0078125 0.016666666666666666
0 0.8505208333333333 0.7810185185185186 0.03125 0.03796296296296296
0 0.18098958333333334 0.8222222222222222 0.0109375 0.02962962962962963
0 0.021875 0.7305555555555555 0.008333333333333333 0.018518518518518517
0 0.04635416666666667 0.7166666666666667 0.004166666666666667 0.007407407407407408
0 0.12552083333333333 0.8967592592592593 0.013541666666666667 0.030555555555555555
0 0.27057291666666666 0.687037037037037 0.0140625 0.020370370370370372
0 0.23880208333333333 0.36666666666666664 0.005729166666666666 0.014814814814814815
0 0.16796875 0.5407407407407407 0.0078125 0.016666666666666666
0 0.29375 0.2175925925925926 0.013541666666666667 0.040740740740740744
0 0.23645833333333333 0.9541666666666667 0.00625 0.010185185185185186
0 0.14973958333333334 0.8060185185185185 0.0046875 0.008333333333333333
1 0.5 0.5 1.0 1.0
0 0.5811684895833333 0.84845 0.02900364583333333 0.03208518518518519
0 0.5790729166666666 0.8527199074074074 0.023770833333333335 0.023958333333333335
0 0.6614026041666666 0.899024537037037 0.005096875 0.011012037037037037
0 0.66612265625 0.6869819444444445 0.006203645833333333 0.01470462962962963
0 0.6036885416666667 0.9167018518518518 0.01779375 0.0297
0 0.043461458333333335 0.07189490740740741 0.03900625 0.06786388888888889
0 0.08881171874999999 0.3258087962962963 0.011998437499999999 0.03124722222222222
0 0.12707942708333334 0.14194305555555556 0.008325520833333332 0.017219444444444447
0 0.17117994791666666 0.1457138888888889 0.03298489583333333 0.03402037037037037
0 0.83830390625 0.24885092592592595 0.0109828125 0.029183333333333335
0 0.9902 0.3743435185185185 0.008525 0.01905740740740741
0 0.9648981770833333 0.38336203703703703 0.0037546874999999998 0.007464814814814814
0 0.8986669270833333 0.1877013888888889 0.0119171875 0.032810185185185185
0 0.7405473958333334 0.3642 0.013386458333333334 0.020992592592592594
0 0.7502072916666667 0.6887773148148149 0.005622916666666667 0.014591666666666668
0 0.832065625 0.5321115740740742 0.00788125 0.016075
0 0.6854354166666667 0.8243967592592593 0.0156625 0.03953425925925926
0 0.7924265625 0.10712407407407408 0.005686458333333333 0.010544444444444445
0 0.8684721354166667 0.2722361111111111 0.004652604166666667 0.009287037037037036
1 0.49973958333333335 0.49953703703703706 0.9994791666666667 0.9990740740740741
0 0.39557291666666666 0.1736111111111111 0.028645833333333332 0.03425925925925926
0 0.39765625 0.16712962962962963 0.0234375 0.021296296296296296
0 0.31223958333333335 0.13935185185185187 0.0046875 0.010185185185185186
0 0.3223958333333333 0.3509259259259259 0.00625 0.014814814814814815
0 0.36875 0.10925925925925926 0.015625 0.03333333333333333
0 0.9822916666666667 0.825925925925926 0.034375 0.07407407407407407
0 0.8794270833333333 0.9662037037037037 0.0109375 0.023148148148148147
0 0.9200520833333333 0.5842592592592593 0.0109375 0.03148148148148148
0 0.8950520833333333 0.775 0.0078125 0.016666666666666666
0 0.8505208333333333 0.7810185185185186 0.03125 0.03796296296296296
0 0.18098958333333334 0.8222222222222222 0.0109375 0.02962962962962963
0 0.021875 0.7305555555555555 0.008333333333333333 0.018518518518518517
0 0.04635416666666667 0.7166666666666667 0.004166666666666667 0.007407407407407408
0 0.12552083333333333 0.8967592592592593 0.013541666666666667 0.030555555555555555
0 0.27057291666666666 0.687037037037037 0.0140625 0.020370370370370372
0 0.23880208333333333 0.36666666666666664 0.005729166666666666 0.014814814814814815
0 0.16796875 0.5407407407407407 0.0078125 0.016666666666666666
0 0.29375 0.2175925925925926 0.013541666666666667 0.040740740740740744
0 0.23645833333333333 0.9541666666666667 0.00625 0.010185185185185186
0 0.14973958333333334 0.8060185185185185 0.0046875 0.008333333333333333
1 0.49973958333333335 0.49953703703703706 0.9994791666666667 0.9990740740740741
0 0.39557291666666666 0.1736111111111111 0.028645833333333332 0.03425925925925926
0 0.39765625 0.16712962962962963 0.0234375 0.021296296296296296
0 0.31223958333333335 0.13935185185185187 0.0046875 0.010185185185185186
0 0.3223958333333333 0.3509259259259259 0.00625 0.014814814814814815
0 0.36875 0.10925925925925926 0.015625 0.03333333333333333
0 0.9822916666666667 0.825925925925926 0.034375 0.07407407407407407
0 0.8794270833333333 0.9662037037037037 0.0109375 0.023148148148148147
0 0.9200520833333333 0.5842592592592593 0.0109375 0.03148148148148148
0 0.8950520833333333 0.775 0.0078125 0.016666666666666666
0 0.8505208333333333 0.7810185185185186 0.03125 0.03796296296296296
0 0.18098958333333334 0.8222222222222222 0.0109375 0.02962962962962963
0 0.021875 0.7305555555555555 0.008333333333333333 0.018518518518518517
0 0.04635416666666667 0.7166666666666667 0.004166666666666667 0.007407407407407408
0 0.12552083333333333 0.8967592592592593 0.013541666666666667 0.030555555555555555
0 0.27057291666666666 0.687037037037037 0.0140625 0.020370370370370372
0 0.23880208333333333 0.36666666666666664 0.005729166666666666 0.014814814814814815
0 0.16796875 0.5407407407407407 0.0078125 0.016666666666666666
0 0.29375 0.2175925925925926 0.013541666666666667 0.040740740740740744
0 0.23645833333333333 0.9541666666666667 0.00625 0.010185185185185186
0 0.14973958333333334 0.8060185185185185 0.0046875 0.008333333333333333
1 0.5 0.5 1.0 1.0
0 0.5811684895833333 0.84845 0.02900364583333333 0.03208518518518519
0 0.5790729166666666 0.8527199074074074 0.023770833333333335 0.023958333333333335
0 0.6614026041666666 0.899024537037037 0.005096875 0.011012037037037037
0 0.66612265625 0.6869819444444445 0.006203645833333333 0.01470462962962963
0 0.6036885416666667 0.9167018518518518 0.01779375 0.0297
0 0.043461458333333335 0.07189490740740741 0.03900625 0.06786388888888889
0 0.08881171874999999 0.3258087962962963 0.011998437499999999 0.03124722222222222
0 0.12707942708333334 0.14194305555555556 0.008325520833333332 0.017219444444444447
0 0.17117994791666666 0.1457138888888889 0.03298489583333333 0.03402037037037037
0 0.83830390625 0.24885092592592595 0.0109828125 0.029183333333333335
0 0.9902 0.3743435185185185 0.008525 0.01905740740740741
0 0.9648981770833333 0.38336203703703703 0.0037546874999999998 0.007464814814814814
0 0.8986669270833333 0.1877013888888889 0.0119171875 0.032810185185185185
0 0.7405473958333334 0.3642 0.013386458333333334 0.020992592592592594
0 0.7502072916666667 0.6887773148148149 0.005622916666666667 0.014591666666666668
0 0.832065625 0.5321115740740742 0.00788125 0.016075
0 0.6854354166666667 0.8243967592592593 0.0156625 0.03953425925925926
0 0.7924265625 0.10712407407407408 0.005686458333333333 0.010544444444444445
0 0.8684721354166667 0.2722361111111111 0.004652604166666667 0.009287037037037036
