1 0.49973958333333335 0.5467592592592593 0.9994791666666667 0.9046296296296297
0 0.40286458333333336 0.7046296296296296 0.008854166666666666 0.016666666666666666
0 0.20911458333333333 0.4842592592592593 0.0067708333333333336 0.014814814814814815
0 0.17786458333333333 0.32083333333333336 0.009895833333333333 0.01574074074074074
0 0.2799479166666667 0.24953703703703703 0.022395833333333334 0.019444444444444445
0 0.19635416666666666 0.3939814814814815 0.007291666666666667 0.028703703703703703
0 0.29739583333333336 0.20601851851851852 0.00625 0.010185185185185186
0 0.6940104166666666 0.28055555555555556 0.025520833333333333 0.05925925925925926
0 0.6486979166666667 0.3111111111111111 0.005729166666666666 0.014814814814814815
0 0.7330729166666666 0.5296296296296297 0.0265625 0.04814814814814815
0 0.79296875 0.6240740740740741 0.009895833333333333 0.03333333333333333
0 0.6127604166666667 0.5263888888888889 0.0171875 0.021296296296296296
0 0.6059895833333333 0.6032407407407407 0.011979166666666667 0.026851851851851852
0 0.6385416666666667 0.6351851851851852 0.015625 0.03148148148148148
0 0.50234375 0.611574074074074 0.008854166666666666 0.01574074074074074
0 0.7354166666666667 0.7263888888888889 0.00625 0.012037037037037037
0 0.453125 0.7523148148148148 0.014583333333333334 0.017592592592592594
0 0.42239583333333336 0.6976851851851852 0.014583333333333334 0.023148148148148147
0 0.8895833333333333 0.49537037037037035 0.05 0.03148148148148148
0 0.8604166666666667 0.7138888888888889 0.010416666666666666 0.011111111111111112
0 0.7158854166666667 0.9185185185185185 0.0067708333333333336 0.012962962962962963
0 0.6557291666666667 0.9226851851851852 0.00625 0.01574074074074074
0 0.6744791666666666 0.9305555555555556 0.009375 0.014814814814814815
0 0.7979166666666667 0.8763888888888889 0.010416666666666666 0.028703703703703703
0 0.8330729166666667 0.8662037037037037 0.0078125 0.013888888888888888
0 0.875 0.7759259259259259 0.008333333333333333 0.016666666666666666
0 0.81640625 0.7731481481481481 0.0109375 0.027777777777777776
0 0.6322916666666667 0.5666666666666667 0.004166666666666667 0.007407407407407408
0 0.9390625 0.6508375 0.008333333333333333 0.02945277777777778
0 0.9078125 0.7842592592592592 0.007291666666666667 0.014814814814814815
0 0.9463541666666667 0.7337962962962963 0.00625 0.012037037037037037
0 0.8838541666666667 0.8550925925925926 0.009375 0.019444444444444445
0 0.52421875 0.1865740740740741 0.005729166666666666 0.030555555555555555
1 0.5 0.5506981481481482 1.0 0.8976925925925926
0 0.41310546875000004 0.7184870370370371 0.008502604166666667 0.016603703703703704
0 0.20926067708333335 0.5295208333333333 0.0070630208333333335 0.014597222222222223
0 0.17023749999999999 0.3714467592592593 0.010266666666666667 0.01511574074074074
0 0.26828802083333336 0.28497314814814817 0.021992708333333333 0.0199462962962963
0 0.19242213541666667 0.4410685185185185 0.006719270833333333 0.02843333333333333
0 0.28381953125 0.23904999999999998 0.006180729166666667 0.009581481481481482
0 0.6826992187500001 0.2518175925925926 0.02685677083333333 0.05733888888888889
0 0.63829296875 0.28882037037037034 0.005752604166666666 0.014677777777777777
0 0.7330794270833334 0.49218009259259254 0.025533854166666665 0.049175
0 0.7977044270833333 0.5779162037037037 0.008950520833333333 0.03361018518518519
0 0.6137239583333333 0.5090384259259259 0.01703125 0.021780555555555556
0 0.6105861979166666 0.5867245370370371 0.011797395833333333 0.027152777777777776
0 0.6447166666666667 0.613225925925926 0.015475 0.03200740740740741
0 0.5077848958333333 0.610699074074074 0.009319791666666665 0.015842592592592592
0 0.7454593749999999 0.6887662037037037 0.00654375 0.012717592592592593
0 0.46584687500000005 0.7585208333333333 0.015027083333333333 0.017041666666666667
0 0.4324908854166667 0.7095976851851852 0.014981770833333333 0.022899074074074075
0 0.8880177083333333 0.43475555555555556 0.051035416666666666 0.025066666666666664
0 0.8697036458333333 0.6570254629629629 0.010240625 0.012199074074074074
0 0.7357549479166666 0.883712037037037 0.0069265624999999996 0.01372037037037037
0 0.6761658854166667 0.8970925925925926 0.0064984375 0.016407407407407405
0 0.6949098958333334 0.9013819444444444 0.009611458333333333 0.015726851851851853
0 0.8154138020833333 0.8287893518518519 0.009994270833333334 0.027949074074074074
0 0.8499505208333333 0.8136416666666666 0.007192708333333334 0.01432037037037037
0 0.88696328125 0.7169981481481481 0.0083015625 0.017329629629629632
0 0.8287395833333334 0.7234180555555556 0.010604166666666666 0.028317592592592592
0 0.6354088541666666 0.5463226851851852 0.004151041666666667 0.007460185185185185
0 0.9449106770833333 0.5817935185185185 0.007529687500000001 0.030253703703703703
0 0.9206377604166666 0.720624537037037 0.006900520833333334 0.015323148148148148
0 0.9562606770833334 0.6636046296296296 0.006271354166666667 0.012394444444444444
0 0.8996643229166666 0.7944287037037037 0.008703645833333332 0.02033888888888889
0 0.50869765625 0.18430092592592595 0.006978645833333333 0.029712962962962965
1 0.5 0.46704537037037036 1.0 0.9340907407407407
0 0.3951684895833333 0.30738703703703707 0.009086979166666667 0.016625925925925926
0 0.21022057291666665 0.5518986111111112 0.006899479166666667 0.014908333333333332
0 0.18602239583333333 0.7182624999999999 0.009544791666666667 0.01615462962962963
0 0.29046458333333336 0.7777111111111111 0.022595833333333332 0.02023703703703704
0 0.20125078125 0.6430851851851852 0.007709895833333333 0.028762962962962962
0 0.3093856770833333 0.8182694444444445 0.006271354166666667 0.010612962962962963
0 0.7014286458333333 0.6950504629629629 0.024732291666666666 0.060471296296296294
0 0.6559953125 0.6703847222222222 0.005740625 0.014843518518518518
0 0.7318596354166667 0.44164027777777776 0.027260937500000002 0.04809537037037037
0 0.7875908854166667 0.33961296296296295 0.0105984375 0.03292962962962963
0 0.6112132812500001 0.45947037037037036 0.017218229166666665 0.02079259259259259
0 0.6015236979166667 0.3836023148148148 0.012422395833333332 0.026463888888888887
0 0.6328296874999999 0.3478513888888889 0.015659375 0.030887962962962964
0 0.4977182291666667 0.3883421296296296 0.008978125 0.015573148148148147
0 0.7255859375 0.24482824074074072 0.006380208333333333 0.011878703703703704
0 0.4436596354166667 0.25466203703703705 0.014402604166666666 0.018583333333333334
0 0.4149046875 0.3119981481481482 0.014184375 0.023996296296296297
0 0.88878359375 0.45618425925925926 0.0494421875 0.03644259259259259
0 0.85108359375 0.24212685185185187 0.010500520833333334 0.010179629629629629
0 0.6991377604166666 0.05614259259259259 0.0066088541666666665 0.012285185185185185
0 0.638425 0.05941249999999999 0.006016666666666667 0.015121296296296296
0 0.6567958333333334 0.048668518518518514 0.009425 0.014003703703703704
0 0.7820307291666667 0.08679768518518519 0.010936458333333334 0.029150925925925927
0 0.8176744791666667 0.0932 0.008265625 0.014177777777777777
0 0.8635315104166666 0.17868333333333333 0.008313020833333334 0.016625925925925926
0 0.8052796875 0.18859675925925928 0.011601041666666667 0.02719351851851852
0 0.62925234375 0.4168837962962963 0.0043380208333333335 0.007841666666666667
0 0.9322874999999999 0.2948800925925926 0.009366666666666667 0.028649074074074073
0 0.8954489583333333 0.1657550925925926 0.007564583333333333 0.014843518518518518
0 0.93591171875 0.21155925925925928 0.0061984375 0.012007407407407408
0 0.86899296875 0.0982 0.0098609375 0.01862222222222222
0 0.5364393229166667 0.809975462962963 0.0051703124999999996 0.031062037037037034
1 0.49973958333333335 0.5467592592592593 0.9994791666666667 0.9046296296296297
0 0.40286458333333336 0.7046296296296296 0.008854166666666666 0.016666666666666666
0 0.20911458333333333 0.4842592592592593 0.0067708333333333336 0.014814814814814815
0 0.17786458333333333 0.32083333333333336 0.009895833333333333 0.01574074074074074
0 0.2799479166666667 0.24953703703703703 0.022395833333333334 0.019444444444444445
0 0.19635416666666666 0.3939814814814815 0.007291666666666667 0.028703703703703703
0 0.29739583333333336 0.20601851851851852 0.00625 0.010185185185185186
0 0.6940104166666666 0.28055555555555556 0.025520833333333333 0.05925925925925926
0 0.6486979166666667 0.3111111111111111 0.005729166666666666 0.014814814814814815
0 0.7330729166666666 0.5296296296296297 0.0265625 0.04814814814814815
0 0.79296875 0.6240740740740741 0.009895833333333333 0.03333333333333333
0 0.6127604166666667 0.5263888888888889 0.0171875 0.021296296296296296
0 0.6059895833333333 0.6032407407407407 0.011979166666666667 0.026851851851851852
0 0.6385416666666667 0.6351851851851852 0.015625 0.03148148148148148
0 0.50234375 0.611574074074074 0.008854166666666666 0.01574074074074074
0 0.7354166666666667 0.7263888888888889 0.00625 0.012037037037037037
0 0.453125 0.7523148148148148 0.014583333333333334 0.017592592592592594
0 0.42239583333333336 0.6976851851851852 0.014583333333333334 0.023148148148148147
0 0.8895833333333333 0.49537037037037035 0.05 0.03148148148148148
0 0.8604166666666667 0.7138888888888889 0.010416666666666666 0.011111111111111112
0 0.7158854166666667 0.9185185185185185 0.0067708333333333336 0.012962962962962963
0 0.6557291666666667 0.9226851851851852 0.00625 0.01574074074074074
0 0.6744791666666666 0.9305555555555556 0.009375 0.014814814814814815
0 0.7979166666666667 0.8763888888888889 0.010416666666666666 0.028703703703703703
0 0.8330729166666667 0.8662037037037037 0.0078125 0.013888888888888888
0 0.875 0.7759259259259259 0.008333333333333333 0.016666666666666666
0 0.81640625 0.7731481481481481 0.0109375 0.027777777777777776
0 0.6322916666666667 0.5666666666666667 0.004166666666666667 0.007407407407407408
0 0.9390625 0.6508375 0.008333333333333333 0.02945277777777778
0 0.9078125 0.7842592592592592 0.007291666666666667 0.014814814814814815
0 0.9463541666666667 0.7337962962962963 0.00625 0.012037037037037037
0 0.8838541666666667 0.8550925925925926 0.009375 0.019444444444444445
0 0.52421875 0.1865740740740741 0.005729166666666666 0.030555555555555555
1 0.5 0.5506981481481482 1.0 0.8976925925925926
0 0.41310546875000004 0.7184870370370371 0.008502604166666667 0.016603703703703704
0 0.20926067708333335 0.5295208333333333 0.0070630208333333335 0.014597222222222223
0 0.17023749999999999 0.3714467592592593 0.010266666666666667 0.01511574074074074
0 0.26828802083333336 0.28497314814814817 0.021992708333333333 0.0199462962962963
0 0.19242213541666667 0.4410685185185185 0.006719270833333333 0.02843333333333333
0 0.28381953125 0.23904999999999998 0.006180729166666667 0.009581481481481482
0 0.6826992187500001 0.2518175925925926 0.02685677083333333 0.05733888888888889
0 0.63829296875 0.28882037037037034 0.005752604166666666 0.014677777777777777
0 0.7330794270833334 0.49218009259259254 0.025533854166666665 0.049175
0 0.7977044270833333 0.5779162037037037 0.008950520833333333 0.03361018518518519
0 0.6137239583333333 0.5090384259259259 0.01703125 0.021780555555555556
0 0.6105861979166666 0.5867245370370371 0.011797395833333333 0.027152777777777776
0 0.6447166666666667 0.613225925925926 0.015475 0.03200740740740741
0 0.5077848958333333 0.610699074074074 0.009319791666666665 0.015842592592592592
0 0.7454593749999999 0.6887662037037037 0.00654375 0.012717592592592593
0 0.46584687500000005 0.7585208333333333 0.015027083333333333 0.017041666666666667
0 0.4324908854166667 0.7095976851851852 0.014981770833333333 0.022899074074074075
0 0.8880177083333333 0.43475555555555556 0.051035416666666666 0.025066666666666664
0 0.8697036458333333 0.6570254629629629 0.010240625 0.012199074074074074
0 0.7357549479166666 0.883712037037037 0.0069265624999999996 0.01372037037037037
0 0.6761658854166667 0.8970925925925926 0.0064984375 0.016407407407407405
0 0.6949098958333334 0.9013819444444444 0.009611458333333333 0.015726851851851853
0 0.8154138020833333 0.8287893518518519 0.009994270833333334 0.027949074074074074
0 0.8499505208333333 0.8136416666666666 0.007192708333333334 0.01432037037037037
0 0.88696328125 0.7169981481481481 0.0083015625 0.017329629629629632
0 0.8287395833333334 0.7234180555555556 0.010604166666666666 0.028317592592592592
0 0.6354088541666666 0.5463226851851852 0.004151041666666667 0.007460185185185185
0 0.9449106770833333 0.5817935185185185 0.007529687500000001 0.030253703703703703
0 0.9206377604166666 0.720624537037037 0.006900520833333334 0.015323148148148148
0 0.9562606770833334 0.6636046296296296 0.006271354166666667 0.012394444444444444
0 0.8996643229166666 0.7944287037037037 0.008703645833333332 0.02033888888888889
0 0.50869765625 0.18430092592592595 0.006978645833333333 0.029712962962962965
1 0.5 0.46704537037037036 1.0 0.9340907407407407
0 0.3951684895833333 0.30738703703703707 0.009086979166666667 0.016625925925925926
0 0.21022057291666665 0.5518986111111112 0.006899479166666667 0.014908333333333332
0 0.18602239583333333 0.7182624999999999 0.009544791666666667 0.01615462962962963
0 0.29046458333333336 0.7777111111111111 0.022595833333333332 0.02023703703703704
0 0.20125078125 0.6430851851851852 0.007709895833333333 0.028762962962962962
0 0.3093856770833333 0.8182694444444445 0.006271354166666667 0.010612962962962963
0 0.7014286458333333 0.6950504629629629 0.024732291666666666 0.060471296296296294
0 0.6559953125 0.6703847222222222 0.005740625 0.014843518518518518
0 0.7318596354166667 0.44164027777777776 0.027260937500000002 0.04809537037037037
0 0.7875908854166667 0.33961296296296295 0.0105984375 0.03292962962962963
0 0.6112132812500001 0.45947037037037036 0.017218229166666665 0.02079259259259259
0 0.6015236979166667 0.3836023148148148 0.012422395833333332 0.026463888888888887
0 0.6328296874999999 0.3478513888888889 0.015659375 0.030887962962962964
0 0.4977182291666667 0.3883421296296296 0.008978125 0.015573148148148147
0 0.7255859375 0.24482824074074072 0.006380208333333333 0.011878703703703704
0 0.4436596354166667 0.25466203703703705 0.014402604166666666 0.018583333333333334
0 0.4149046875 0.3119981481481482 0.014184375 0.023996296296296297
0 0.88878359375 0.45618425925925926 0.0494421875 0.03644259259259259
0 0.85108359375 0.24212685185185187 0.010500520833333334 0.010179629629629629
0 0.6991377604166666 0.05614259259259259 0.0066088541666666665 0.012285185185185185
0 0.638425 0.05941249999999999 0.006016666666666667 0.015121296296296296
0 0.6567958333333334 0.048668518518518514 0.009425 0.014003703703703704
0 0.7820307291666667 0.08679768518518519 0.010936458333333334 0.029150925925925927
0 0.8176744791666667 0.0932 0.008265625 0.014177777777777777
0 0.8635315104166666 0.17868333333333333 0.008313020833333334 0.016625925925925926
0 0.8052796875 0.18859675925925928 0.011601041666666667 0.02719351851851852
0 0.62925234375 0.4168837962962963 0.0043380208333333335 0.007841666666666667
0 0.9322874999999999 0.2948800925925926 0.009366666666666667 0.028649074074074073
0 0.8954489583333333 0.1657550925925926 0.007564583333333333 0.014843518518518518
0 0.93591171875 0.21155925925925928 0.0061984375 0.012007407407407408
0 0.86899296875 0.0982 0.0098609375 0.01862222222222222
0 0.5364393229166667 0.809975462962963 0.0051703124999999996 0.031062037037037034
1 0.49973958333333335 0.5467592592592593 0.9994791666666667 0.9046296296296297
0 0.40286458333333336 0.7046296296296296 0.008854166666666666 0.016666666666666666
0 0.20911458333333333 0.4842592592592593 0.0067708333333333336 0.014814814814814815
0 0.17786458333333333 0.32083333333333336 0.009895833333333333 0.01574074074074074
0 0.2799479166666667 0.24953703703703703 0.022395833333333334 0.019444444444444445
0 0.19635416666666666 0.3939814814814815 0.007291666666666667 0.028703703703703703
0 0.29739583333333336 0.20601851851851852 0.00625 0.010185185185185186
0 0.6940104166666666 0.28055555555555556 0.025520833333333333 0.05925925925925926
0 0.6486979166666667 0.3111111111111111 0.005729166666666666 0.014814814814814815
0 0.7330729166666666 0.5296296296296297 0.0265625 0.04814814814814815
0 0.79296875 0.6240740740740741 0.009895833333333333 0.03333333333333333
0 0.6127604166666667 0.5263888888888889 0.0171875 0.021296296296296296
0 0.6059895833333333 0.6032407407407407 0.011979166666666667 0.026851851851851852
0 0.6385416666666667 0.6351851851851852 0.015625 0.03148148148148148
0 0.50234375 0.611574074074074 0.008854166666666666 0.01574074074074074
0 0.7354166666666667 0.7263888888888889 0.00625 0.012037037037037037
0 0.453125 0.7523148148148148 0.014583333333333334 0.017592592592592594
0 0.42239583333333336 0.6976851851851852 0.014583333333333334 0.023148148148148147
0 0.8895833333333333 0.49537037037037035 0.05 0.03148148148148148
0 0.8604166666666667 0.7138888888888889 0.010416666666666666 0.011111111111111112
0 0.7158854166666667 0.9185185185185185 0.0067708333333333336 0.012962962962962963
0 0.6557291666666667 0.9226851851851852 0.00625 0.01574074074074074
0 0.6744791666666666 0.9305555555555556 0.009375 0.014814814814814815
0 0.7979166666666667 0.8763888888888889 0.010416666666666666 0.028703703703703703
0 0.8330729166666667 0.8662037037037037 0.0078125 0.013888888888888888
0 0.875 0.7759259259259259 0.008333333333333333 0.016666666666666666
0 0.81640625 0.7731481481481481 0.0109375 0.027777777777777776
0 0.6322916666666667 0.5666666666666667 0.004166666666666667 0.007407407407407408
0 0.9390625 0.6508375 0.008333333333333333 0.02945277777777778
0 0.9078125 0.7842592592592592 0.007291666666666667 0.014814814814814815
0 0.9463541666666667 0.7337962962962963 0.00625 0.012037037037037037
0 0.8838541666666667 0.8550925925925926 0.009375 0.019444444444444445
0 0.52421875 0.1865740740740741 0.005729166666666666 0.030555555555555555
1 0.5 0.5506981481481482 1.0 0.8976925925925926
0 0.41310546875000004 0.7184870370370371 0.008502604166666667 0.016603703703703704
0 0.20926067708333335 0.5295208333333333 0.0070630208333333335 0.014597222222222223
0 0.17023749999999999 0.3714467592592593 0.010266666666666667 0.01511574074074074
0 0.26828802083333336 0.28497314814814817 0.021992708333333333 0.0199462962962963
0 0.19242213541666667 0.4410685185185185 0.006719270833333333 0.02843333333333333
0 0.28381953125 0.23904999999999998 0.006180729166666667 0.009581481481481482
0 0.6826992187500001 0.2518175925925926 0.02685677083333333 0.05733888888888889
0 0.63829296875 0.28882037037037034 0.005752604166666666 0.014677777777777777
0 0.7330794270833334 0.49218009259259254 0.025533854166666665 0.049175
0 0.7977044270833333 0.5779162037037037 0.008950520833333333 0.03361018518518519
0 0.6137239583333333 0.5090384259259259 0.01703125 0.021780555555555556
0 0.6105861979166666 0.5867245370370371 0.011797395833333333 0.027152777777777776
0 0.6447166666666667 0.613225925925926 0.015475 0.03200740740740741
0 0.5077848958333333 0.610699074074074 0.009319791666666665 0.015842592592592592
0 0.7454593749999999 0.6887662037037037 0.00654375 0.012717592592592593
0 0.46584687500000005 0.7585208333333333 0.015027083333333333 0.017041666666666667
0 0.4324908854166667 0.7095976851851852 0.014981770833333333 0.022899074074074075
0 0.8880177083333333 0.43475555555555556 0.051035416666666666 0.025066666666666664
0 0.8697036458333333 0.6570254629629629 0.010240625 0.012199074074074074
0 0.7357549479166666 0.883712037037037 0.0069265624999999996 0.01372037037037037
0 0.6761658854166667 0.8970925925925926 0.0064984375 0.016407407407407405
0 0.6949098958333334 0.9013819444444444 0.009611458333333333 0.015726851851851853
0 0.8154138020833333 0.8287893518518519 0.009994270833333334 0.027949074074074074
0 0.8499505208333333 0.8136416666666666 0.007192708333333334 0.01432037037037037
0 0.88696328125 0.7169981481481481 0.0083015625 0.017329629629629632
0 0.8287395833333334 0.7234180555555556 0.010604166666666666 0.028317592592592592
0 0.6354088541666666 0.5463226851851852 0.004151041666666667 0.007460185185185185
0 0.9449106770833333 0.5817935185185185 0.007529687500000001 0.030253703703703703
0 0.9206377604166666 0.720624537037037 0.006900520833333334 0.015323148148148148
0 0.9562606770833334 0.6636046296296296 0.006271354166666667 0.012394444444444444
0 0.8996643229166666 0.7944287037037037 0.008703645833333332 0.02033888888888889
0 0.50869765625 0.18430092592592595 0.006978645833333333 0.029712962962962965
1 0.5 0.46704537037037036 1.0 0.9340907407407407
0 0.3951684895833333 0.30738703703703707 0.009086979166666667 0.016625925925925926
0 0.21022057291666665 0.5518986111111112 0.006899479166666667 0.014908333333333332
0 0.18602239583333333 0.7182624999999999 0.009544791666666667 0.01615462962962963
0 0.29046458333333336 0.7777111111111111 0.022595833333333332 0.02023703703703704
0 0.20125078125 0.6430851851851852 0.007709895833333333 0.028762962962962962
0 0.3093856770833333 0.8182694444444445 0.006271354166666667 0.010612962962962963
0 0.7014286458333333 0.6950504629629629 0.024732291666666666 0.060471296296296294
0 0.6559953125 0.6703847222222222 0.005740625 0.014843518518518518
0 0.7318596354166667 0.44164027777777776 0.027260937500000002 0.04809537037037037
0 0.7875908854166667 0.33961296296296295 0.0105984375 0.03292962962962963
0 0.6112132812500001 0.45947037037037036 0.017218229166666665 0.02079259259259259
0 0.6015236979166667 0.3836023148148148 0.012422395833333332 0.026463888888888887
0 0.6328296874999999 0.3478513888888889 0.015659375 0.030887962962962964
0 0.4977182291666667 0.3883421296296296 0.008978125 0.015573148148148147
0 0.7255859375 0.24482824074074072 0.006380208333333333 0.011878703703703704
0 0.4436596354166667 0.25466203703703705 0.014402604166666666 0.018583333333333334
0 0.4149046875 0.3119981481481482 0.014184375 0.023996296296296297
0 0.88878359375 0.45618425925925926 0.0494421875 0.03644259259259259
0 0.85108359375 0.24212685185185187 0.010500520833333334 0.010179629629629629
0 0.6991377604166666 0.05614259259259259 0.0066088541666666665 0.012285185185185185
0 0.638425 0.05941249999999999 0.006016666666666667 0.015121296296296296
0 0.6567958333333334 0.048668518518518514 0.009425 0.014003703703703704
0 0.7820307291666667 0.08679768518518519 0.010936458333333334 0.029150925925925927
0 0.8176744791666667 0.0932 0.008265625 0.014177777777777777
0 0.8635315104166666 0.17868333333333333 0.008313020833333334 0.016625925925925926
0 0.8052796875 0.18859675925925928 0.011601041666666667 0.02719351851851852
0 0.62925234375 0.4168837962962963 0.0043380208333333335 0.007841666666666667
0 0.9322874999999999 0.2948800925925926 0.009366666666666667 0.028649074074074073
0 0.8954489583333333 0.1657550925925926 0.007564583333333333 0.014843518518518518
0 0.93591171875 0.21155925925925928 0.0061984375 0.012007407407407408
0 0.86899296875 0.0982 0.0098609375 0.01862222222222222
0 0.5364393229166667 0.809975462962963 0.0051703124999999996 0.031062037037037034
