1 0.49973958333333335 0.5305555555555556 0.9994791666666667 0.937037037037037
0 0.3776041666666667 0.47453703703703703 0.01875 0.04722222222222222
0 0.390625 0.5388888888888889 0.023958333333333335 0.02962962962962963
0 0.32083333333333336 0.6541666666666667 0.010416666666666666 0.012037037037037037
0 0.7294270833333333 0.7263888888888889 0.018229166666666668 0.021296296296296296
0 0.9893229166666667 0.4449074074074074 0.0067708333333333336 0.017592592592592594
0 0.9729166666666667 0.6277777777777778 0.005208333333333333 0.018518518518518517
0 0.9544270833333334 0.7601851851851852 0.013020833333333334 0.05185185185185185
1 0.5 0.4952634259259259 1.0 0.9905268518518519
0 0.6202434895833334 0.5485300925925927 0.019653645833333334 0.04706018518518519
0 0.6111169270833333 0.4825013888888889 0.0243171875 0.02796574074074074
0 0.6874846354166666 0.3806217592592593 0.0103859375 0.011243518518518519
0 0.2851026041666667 0.23198796296296295 0.019163541666666666 0.019531481481481483
0 0.009997916666666665 0.46352314814814816 0.007495833333333333 0.01778703703703704
0 0.03731875 0.2851342592592592 0.0058875 0.018416666666666668
0 0.06309869791666667 0.15614583333333332 0.015780729166666667 0.051180555555555556
1 0.5 0.5422870370370371 1.0 0.9160555555555556
0 0.6239330729166667 0.5102851851851852 0.01974114583333333 0.0464962962962963
0 0.6052236979166667 0.5690037037037037 0.023989062499999998 0.03245185185185186
0 0.6631067708333334 0.7015476851851852 0.010588541666666666 0.014206481481481481
0 0.2533953125 0.6595273148148147 0.018248958333333332 0.024610185185185186
0 0.021714322916666664 0.30939675925925925 0.005928645833333333 0.016941666666666667
0 0.02216015625 0.4943305555555555 0.004736979166666667 0.018290740740740743
0 0.028569010416666665 0.6292537037037037 0.012346354166666665 0.052951851851851854
1 0.49973958333333335 0.5305555555555556 0.9994791666666667 0.937037037037037
0 0.3776041666666667 0.47453703703703703 0.01875 0.04722222222222222
0 0.390625 0.5388888888888889 0.023958333333333335 0.02962962962962963
0 0.32083333333333336 0.6541666666666667 0.010416666666666666 0.012037037037037037
0 0.7294270833333333 0.7263888888888889 0.018229166666666668 0.021296296296296296
0 0.9893229166666667 0.4449074074074074 0.0067708333333333336 0.017592592592592594
0 0.9729166666666667 0.6277777777777778 0.005208333333333333 0.018518518518518517
0 0.9544270833333334 0.7601851851851852 0.013020833333333334 0.05185185185185185
1 0.5 0.4952634259259259 1.0 0.9905268518518519
0 0.6202434895833334 0.5485300925925927 0.019653645833333334 0.04706018518518519
0 0.6111169270833333 0.4825013888888889 0.0243171875 0.02796574074074074
0 0.6874846354166666 0.3806217592592593 0.0103859375 0.011243518518518519
0 0.2851026041666667 0.23198796296296295 0.019163541666666666 0.019531481481481483
0 0.009997916666666665 0.46352314814814816 0.007495833333333333 0.01778703703703704
0 0.03731875 0.2851342592592592 0.0058875 0.018416666666666668
0 0.06309869791666667 0.15614583333333332 0.015780729166666667 0.051180555555555556
1 0.5 0.5422870370370371 1.0 0.9160555555555556
0 0.6239330729166667 0.5102851851851852 0.01974114583333333 0.0464962962962963
0 0.6052236979166667 0.5690037037037037 0.023989062499999998 0.03245185185185186
0 0.6631067708333334 0.7015476851851852 0.010588541666666666 0.014206481481481481
0 0.2533953125 0.6595273148148147 0.018248958333333332 0.024610185185185186
0 0.021714322916666664 0.30939675925925925 0.005928645833333333 0.016941666666666667
0 0.02216015625 0.4943305555555555 0.004736979166666667 0.018290740740740743
0 0.028569010416666665 0.6292537037037037 0.012346354166666665 0.052951851851851854
