1 0.5 0.5396171296296296 1.0 0.919975
0 0.8525697916666667 0.2345125 0.010347916666666667 0.022728703703703706
0 0.9472934895833334 0.291675462962963 0.008128645833333333 0.022239814814814813
0 0.7391768229166666 0.5211078703703704 0.0106453125 0.027400925925925926
0 0.72265546875 0.34473611111111113 0.019269270833333334 0.03762037037037037
0 0.6419203125 0.5777347222222222 0.009882291666666666 0.027691666666666667
0 0.7691802083333333 0.49932731481481485 0.011277083333333333 0.022728703703703706
0 0.7869049479166667 0.7905814814814814 0.007143229166666667 0.020051851851851852
0 0.0485 0.9520337962962964 0.008458333333333333 0.02073425925925926
0 0.5955411458333334 0.7931518518518519 0.006707291666666667 0.0363037037037037
0 0.27563567708333336 0.5713347222222223 0.011688020833333333 0.014891666666666666
0 0.021717447916666667 0.7437745370370371 0.009059895833333333 0.019030555555555558
1 0.49973958333333335 0.5486111111111112 0.9994791666666667 0.9009259259259259
0 0.14010416666666667 0.26805555555555555 0.010416666666666666 0.023148148148148147
0 0.047135416666666666 0.3333333333333333 0.0078125 0.022222222222222223
0 0.26171875 0.5425925925925926 0.009895833333333333 0.027777777777777776
0 0.27291666666666664 0.36527777777777776 0.01875 0.03796296296296296
0 0.36015625 0.5907407407407408 0.009895833333333333 0.027777777777777776
0 0.23125 0.524537037037037 0.011458333333333333 0.023148148148148147
0 0.22213541666666667 0.8166666666666667 0.0067708333333333336 0.020370370370370372
0 0.9640625 0.9097222222222222 0.008333333333333333 0.021296296296296296
0 0.41380208333333335 0.8013888888888889 0.0067708333333333336 0.03611111111111111
0 0.7260416666666667 0.5509259259259259 0.011458333333333333 0.014814814814814815
0 0.9846354166666667 0.6986111111111111 0.008854166666666666 0.019444444444444445
1 0.49973958333333335 0.4513888888888889 0.9994791666666667 0.9009259259259259
0 0.14010416666666667 0.7319444444444444 0.010416666666666666 0.023148148148148147
0 0.047135416666666666 0.6666666666666666 0.0078125 0.022222222222222223
0 0.26171875 0.45740740740740743 0.009895833333333333 0.027777777777777776
0 0.27291666666666664 0.6347222222222222 0.01875 0.03796296296296296
0 0.36015625 0.40925925925925927 0.009895833333333333 0.027777777777777776
0 0.23125 0.475462962962963 0.011458333333333333 0.023148148148148147
0 0.22213541666666667 0.18333333333333332 0.0067708333333333336 0.020370370370370372
0 0.9640625 0.09027777777777778 0.008333333333333333 0.021296296296296296
0 0.41380208333333335 0.1986111111111111 0.0067708333333333336 0.03611111111111111
0 0.7260416666666667 0.44907407407407407 0.011458333333333333 0.014814814814814815
0 0.9846354166666667 0.3013888888888889 0.008854166666666666 0.019444444444444445
1 0.5 0.5396171296296296 1.0 0.919975
0 0.8525697916666667 0.2345125 0.010347916666666667 0.022728703703703706
0 0.9472934895833334 0.291675462962963 0.008128645833333333 0.022239814814814813
0 0.7391768229166666 0.5211078703703704 0.0106453125 0.027400925925925926
0 0.72265546875 0.34473611111111113 0.019269270833333334 0.03762037037037037
0 0.6419203125 0.5777347222222222 0.009882291666666666 0.027691666666666667
0 0.7691802083333333 0.49932731481481485 0.011277083333333333 0.022728703703703706
0 0.7869049479166667 0.7905814814814814 0.007143229166666667 0.020051851851851852
0 0.0485 0.9520337962962964 0.008458333333333333 0.02073425925925926
0 0.5955411458333334 0.7931518518518519 0.006707291666666667 0.0363037037037037
0 0.27563567708333336 0.5713347222222223 0.011688020833333333 0.014891666666666666
0 0.021717447916666667 0.7437745370370371 0.009059895833333333 0.019030555555555558
1 0.49973958333333335 0.5486111111111112 0.9994791666666667 0.9009259259259259
0 0.14010416666666667 0.26805555555555555 0.010416666666666666 0.023148148148148147
0 0.047135416666666666 0.3333333333333333 0.0078125 0.022222222222222223
0 0.26171875 0.5425925925925926 0.009895833333333333 0.027777777777777776
0 0.27291666666666664 0.36527777777777776 0.01875 0.03796296296296296
0 0.36015625 0.5907407407407408 0.009895833333333333 0.027777777777777776
0 0.23125 0.524537037037037 0.011458333333333333 0.023148148148148147
0 0.22213541666666667 0.8166666666666667 0.0067708333333333336 0.020370370370370372
0 0.9640625 0.9097222222222222 0.008333333333333333 0.021296296296296296
0 0.41380208333333335 0.8013888888888889 0.0067708333333333336 0.03611111111111111
0 0.7260416666666667 0.5509259259259259 0.011458333333333333 0.014814814814814815
0 0.9846354166666667 0.6986111111111111 0.008854166666666666 0.019444444444444445
1 0.49973958333333335 0.4513888888888889 0.9994791666666667 0.9009259259259259
0 0.14010416666666667 0.7319444444444444 0.010416666666666666 0.023148148148148147
0 0.047135416666666666 0.6666666666666666 0.0078125 0.022222222222222223
0 0.26171875 0.45740740740740743 0.009895833333333333 0.027777777777777776
0 0.27291666666666664 0.6347222222222222 0.01875 0.03796296296296296
0 0.36015625 0.40925925925925927 0.009895833333333333 0.027777777777777776
0 0.23125 0.475462962962963 0.011458333333333333 0.023148148148148147
0 0.22213541666666667 0.18333333333333332 0.0067708333333333336 0.020370370370370372
0 0.9640625 0.09027777777777778 0.008333333333333333 0.021296296296296296
0 0.41380208333333335 0.1986111111111111 0.0067708333333333336 0.03611111111111111
0 0.7260416666666667 0.44907407407407407 0.011458333333333333 0.014814814814814815
0 0.9846354166666667 0.3013888888888889 0.008854166666666666 0.019444444444444445
1 0.5 0.5396171296296296 1.0 0.919975
0 0.8525697916666667 0.2345125 0.010347916666666667 0.022728703703703706
0 0.9472934895833334 0.291675462962963 0.008128645833333333 0.022239814814814813
0 0.7391768229166666 0.5211078703703704 0.0106453125 0.027400925925925926
0 0.72265546875 0.34473611111111113 0.019269270833333334 0.03762037037037037
0 0.6419203125 0.5777347222222222 0.009882291666666666 0.027691666666666667
0 0.7691802083333333 0.49932731481481485 0.011277083333333333 0.022728703703703706
0 0.7869049479166667 0.7905814814814814 0.007143229166666667 0.020051851851851852
0 0.0485 0.9520337962962964 0.008458333333333333 0.02073425925925926
0 0.5955411458333334 0.7931518518518519 0.006707291666666667 0.0363037037037037
0 0.27563567708333336 0.5713347222222223 0.011688020833333333 0.014891666666666666
0 0.021717447916666667 0.7437745370370371 0.009059895833333333 0.019030555555555558
1 0.49973958333333335 0.5486111111111112 0.9994791666666667 0.9009259259259259
0 0.14010416666666667 0.26805555555555555 0.010416666666666666 0.023148148148148147
0 0.047135416666666666 0.3333333333333333 0.0078125 0.022222222222222223
0 0.26171875 0.5425925925925926 0.009895833333333333 0.027777777777777776
0 0.27291666666666664 0.36527777777777776 0.01875 0.03796296296296296
0 0.36015625 0.5907407407407408 0.009895833333333333 0.027777777777777776
0 0.23125 0.524537037037037 0.011458333333333333 0.023148148148148147
0 0.22213541666666667 0.8166666666666667 0.0067708333333333336 0.020370370370370372
0 0.9640625 0.9097222222222222 0.008333333333333333 0.021296296296296296
0 0.41380208333333335 0.8013888888888889 0.0067708333333333336 0.03611111111111111
0 0.7260416666666667 0.5509259259259259 0.011458333333333333 0.014814814814814815
0 0.9846354166666667 0.6986111111111111 0.008854166666666666 0.019444444444444445
1 0.49973958333333335 0.4513888888888889 0.9994791666666667 0.9009259259259259
0 0.14010416666666667 0.7319444444444444 0.010416666666666666 0.023148148148148147
0 0.047135416666666666 0.6666666666666666 0.0078125 0.022222222222222223
0 0.26171875 0.45740740740740743 0.009895833333333333 0.027777777777777776
0 0.27291666666666664 0.6347222222222222 0.01875 0.03796296296296296
0 0.36015625 0.40925925925925927 0.009895833333333333 0.027777777777777776
0 0.23125 0.475462962962963 0.011458333333333333 0.023148148148148147
0 0.22213541666666667 0.18333333333333332 0.0067708333333333336 0.020370370370370372
0 0.9640625 0.09027777777777778 0.008333333333333333 0.021296296296296296
0 0.41380208333333335 0.1986111111111111 0.0067708333333333336 0.03611111111111111
0 0.7260416666666667 0.44907407407407407 0.011458333333333333 0.014814814814814815
0 0.9846354166666667 0.3013888888888889 0.008854166666666666 0.019444444444444445
