1 0.5 0.5 1.0 1.0
0 0.5599963541666667 0.8745925925925926 0.023117708333333334 0.030666666666666665
0 0.6103059895833333 0.8942115740740741 0.018528645833333336 0.027312037037037037
0 0.6513973958333333 0.8606564814814816 0.018419791666666668 0.03242407407407408
0 0.7198518229166667 0.8877259259259259 0.0094953125 0.04582222222222222
0 0.37442395833333336 0.8919055555555556 0.028014583333333332 0.04677407407407407
0 0.3245578125 0.7932467592592592 0.024115624999999998 0.04204907407407407
0 0.6821395833333334 0.5708944444444445 0.02469583333333333 0.039937037037037035
0 0.6066731770833333 0.47866481481481477 0.017513020833333334 0.0277
0 0.5011395833333333 0.2733611111111111 0.018945833333333332 0.04487037037037037
0 0.39823463541666665 0.33777407407407406 0.0162609375 0.03295555555555556
0 0.4615932291666667 0.555187037037037 0.03464479166666667 0.028892592592592595
0 0.20263203124999998 0.7130106481481482 0.022972395833333333 0.037132407407407406
0 0.1428515625 0.6272365740740741 0.011744791666666667 0.022991666666666667
0 0.14025494791666665 0.7563342592592592 0.009676562500000001 0.021927777777777775
0 0.4051888020833333 0.8095935185185185 0.0124609375 0.019187037037037037
0 0.32261093750000003 0.9636009259259259 0.010846875 0.016090740740740742
0 0.21773619791666665 0.952538425925926 0.008389062499999999 0.016187962962962963
0 0.22166822916666667 0.8231699074074074 0.0027114583333333335 0.009302777777777778
0 0.2207859375 0.8070263888888889 0.004071875 0.008497222222222222
0 0.22612968749999998 0.8419662037037037 0.010592708333333334 0.015413888888888887
0 0.1392171875 0.8663856481481481 0.008642708333333334 0.01425277777777778
0 0.14827421875000002 0.8278296296296297 0.006965104166666666 0.01862222222222222
0 0.35582109375000004 0.7083194444444445 0.009558854166666667 0.016638888888888887
0 0.34313333333333335 0.6745787037037037 0.01335 0.02137962962962963
0 0.28134140625000004 0.6832791666666667 0.008516145833333332 0.01655833333333333
0 0.26131979166666663 0.6878787037037037 0.010139583333333334 0.020201851851851853
0 0.5689658854166667 0.687787962962963 0.011890104166666667 0.016316666666666667
0 0.3639361979166667 0.642487962962963 0.008080729166666667 0.02571666666666667
0 0.9012020833333333 0.7474824074074073 0.024279166666666668 0.056075925925925925
0 0.8279838541666666 0.7377810185185185 0.013259374999999999 0.04408055555555555
0 0.6642856770833333 0.6940550925925927 0.023363020833333335 0.04736944444444444
0 0.68969765625 0.7595699074074075 0.015853645833333332 0.033954629629629626
0 0.7326908854166666 0.6203703703703703 0.0226734375 0.03888888888888889
0 0.90819609375 0.548412037037037 0.012225520833333333 0.02275
0 0.9210666666666667 0.8251625 0.010883333333333333 0.02810277777777778
0 0.9635184895833333 0.8397666666666667 0.006203645833333333 0.02582962962962963
0 0.9679203125 0.8948958333333333 0.012923958333333334 0.013865740740740741
0 0.7809286458333333 0.9267481481481482 0.014982291666666666 0.02757037037037037
0 0.94487265625 0.6996476851851852 0.0064119791666666665 0.01596203703703704
0 0.9164145833333334 0.22862916666666666 0.0099125 0.03503611111111111
0 0.7867361979166667 0.053451851851851855 0.009930729166666668 0.02171851851851852
0 0.8202885416666666 0.15626388888888887 0.0051604166666666665 0.012527777777777777
0 0.8759184895833333 0.14463564814814817 0.006003645833333333 0.009641666666666666
0 0.78591875 0.10087083333333334 0.0062125 0.01470462962962963
0 0.6629773437500001 0.08986111111111111 0.017621354166666665 0.035277777777777776
0 0.6504781249999999 0.054974999999999996 0.011372916666666667 0.011801851851851852
0 0.5638463541666667 0.08522777777777778 0.023526041666666667 0.029714814814814812
0 0.560009375 0.06357777777777777 0.022102083333333335 0.030859259259259263
0 0.4969924479166667 0.20967175925925927 0.021068229166666667 0.028602777777777776
0 0.49558255208333335 0.1323726851851852 0.004706770833333334 0.009189814814814816
0 0.50612734375 0.1676712962962963 0.014338020833333333 0.06126851851851852
0 0.40474322916666666 0.5083416666666667 0.009486458333333333 0.012979629629629631
0 0.6235231770833334 0.011628240740740741 0.028296354166666666 0.015849074074074074
0 0.5970557291666666 0.971223611111111 0.021194791666666667 0.025780555555555557
0 0.687834375 0.5227967592592593 0.005877083333333334 0.030778703703703704
0 0.67600078125 0.5378837962962962 0.0145015625 0.027619444444444446
0 0.5248677083333333 0.6283305555555555 0.0059854166666666675 0.021475925925925926
0 0.03473385416666666 0.40712916666666665 0.016342708333333334 0.017962037037037037
0 0.9735643229166667 0.37868425925925925 0.0075453125 0.02033148148148148
1 0.5 0.5215087962962963 1.0 0.9578324074074075
0 0.4926947916666667 0.8890685185185185 0.021847916666666668 0.029988888888888888
0 0.44680442708333334 0.9290435185185185 0.0175671875 0.02845740740740741
0 0.4010669270833333 0.914087962962963 0.018800520833333334 0.035583333333333335
0 0.3396135416666667 0.9702694444444445 0.012560416666666666 0.04424259259259259
0 0.6747171875000001 0.8263027777777778 0.025476041666666668 0.04890185185185185
0 0.7096309895833334 0.7110652777777778 0.025511979166666664 0.04250092592592593
0 0.3338158854166667 0.6485041666666667 0.025965104166666666 0.041452777777777776
0 0.3926739583333333 0.5268310185185184 0.017639583333333334 0.031439814814814816
0 0.4682057291666667 0.27960694444444445 0.02078645833333333 0.04069537037037037
0 0.5766526041666666 0.29947268518518516 0.013721875 0.0322787037037037
0 0.5450994791666666 0.5401444444444444 0.03603229166666667 0.024733333333333333
0 0.8175213541666667 0.5797435185185186 0.019417708333333332 0.04096851851851852
0 0.8641552083333334 0.4698060185185185 0.010602083333333335 0.02479722222222222
0 0.8838231770833332 0.5932583333333333 0.008271354166666666 0.02170185185185185
0 0.6343640625 0.7597060185185185 0.011436458333333333 0.019412037037037037
0 0.7351239583333334 0.8728370370370371 0.009831250000000001 0.017896296296296296
0 0.8348096354166666 0.8173944444444444 0.007119270833333333 0.01812222222222222
0 0.8142497395833334 0.6934277777777779 0.0024578125000000004 0.009077777777777778
0 0.8130369791666666 0.6771708333333334 0.004198958333333333 0.008045370370370371
0 0.8123341145833333 0.7134652777777778 0.010084895833333333 0.017671296296296296
0 0.8999455729166667 0.7005652777777778 0.0071828125 0.01594537037037037
0 0.8861408854166667 0.6673958333333333 0.006656770833333334 0.01997685185185185
0 0.6683528645833333 0.6394625 0.009622395833333333 0.01596203703703704
0 0.6754106770833334 0.6026074074074075 0.0122796875 0.023733333333333335
0 0.7368296875 0.5841819444444445 0.006992708333333333 0.018363888888888888
0 0.75689453125 0.5796736111111112 0.009622395833333333 0.01860648148148148
0 0.45854921875 0.711162037037037 0.011890104166666667 0.01676851851851852
0 0.6516731770833334 0.5804740740740741 0.010638020833333334 0.023911111111111112
0 0.14477864583333336 0.9124611111111111 0.03018229166666667 0.04714444444444444
0 0.21375989583333332 0.8720865740740741 0.016061458333333334 0.04046944444444445
0 0.36781588541666665 0.7583986111111112 0.027298437499999998 0.03901944444444444
0 0.3519317708333333 0.8325953703703703 0.018446874999999998 0.030005555555555556
0 0.2901916666666667 0.7165518518518519 0.024133333333333333 0.03495555555555556
0 0.11097760416666666 0.722711574074074 0.013621875 0.023200925925925923
0 0.13499947916666669 0.9918314814814816 0.012707291666666667 0.016996296296296298
0 0.09569791666666667 0.8854203703703704 0.0080625 0.015285185185185185
0 0.05868229166666667 0.4164791666666667 0.007989583333333333 0.03481018518518519
0 0.16059921875 0.18942685185185185 0.009740104166666668 0.023298148148148148
0 0.14222708333333334 0.30382453703703705 0.0052875 0.013204629629629629
0 0.08708281250000001 0.31697083333333337 0.006457291666666667 0.009867592592592593
0 0.16819739583333335 0.23513009259259257 0.007228125 0.01470462962962963
0 0.2857671875 0.17375879629629631 0.017367708333333332 0.036406481481481484
0 0.29383411458333336 0.13294537037037035 0.0116265625 0.010335185185185185
0 0.38180859375 0.126 0.024033854166666667 0.027925925925925927
0 0.38253203125 0.10199027777777778 0.022355729166666668 0.02805462962962963
0 0.4643067708333334 0.21543796296296297 0.021321875 0.03087592592592592
0 0.45438645833333335 0.14180138888888888 0.0035645833333333337 0.009528703703703704
0 0.44821666666666665 0.18092638888888887 0.008933333333333333 0.06555648148148148
0 0.5936283854166666 0.4675925925925926 0.008090104166666666 0.012962962962962963
0 0.3132463541666667 0.08192916666666666 0.027534375 0.02126574074074074
0 0.47086875 0.9938583333333333 0.020904166666666668 0.01179074074074074
0 0.32101848958333334 0.6024268518518519 0.0066203125 0.030779629629629626
0 0.3339203125 0.611888425925926 0.011590625 0.03303611111111111
0 0.4932005208333334 0.6346990740740741 0.005151041666666667 0.021249999999999998
0 0.9396249999999999 0.21031157407407408 0.015708333333333335 0.022475
0 0.023903385416666666 0.5859787037037036 0.006140104166666666 0.020105555555555554
1 0.49973958333333335 0.5194444444444445 0.9994791666666667 0.9592592592592593
0 0.46640625 0.8847222222222222 0.022395833333333334 0.030555555555555555
0 0.41770833333333335 0.9143518518518519 0.017708333333333333 0.026851851851851852
0 0.37395833333333334 0.8902777777777777 0.01875 0.03425925925925926
0 0.30885416666666665 0.9319444444444445 0.010416666666666666 0.04537037037037037
0 0.6513020833333333 0.862037037037037 0.0265625 0.04814814814814815
0 0.69375 0.7537037037037037 0.025 0.04259259259259259
0 0.32473958333333336 0.6101851851851852 0.025520833333333333 0.040740740740740744
0 0.3921875 0.5027777777777778 0.017708333333333333 0.02962962962962963
0 0.48333333333333334 0.275 0.019791666666666666 0.04259259259259259
0 0.58984375 0.31712962962962965 0.015104166666666667 0.032407407407407406
0 0.5421875 0.5476851851851852 0.035416666666666666 0.026851851851851852
0 0.8096354166666667 0.6472222222222223 0.021354166666666667 0.03888888888888889
0 0.86328125 0.549074074074074 0.0109375 0.024074074074074074
0 0.8747395833333333 0.6763888888888889 0.008854166666666666 0.021296296296296296
0 0.6153645833333333 0.7865740740740741 0.011979166666666667 0.019444444444444445
0 0.7078125 0.9212962962962963 0.010416666666666666 0.016666666666666666
0 0.8106770833333333 0.887962962962963 0.0078125 0.016666666666666666
0 0.7986979166666667 0.7601851851851852 0.0026041666666666665 0.009259259259259259
0 0.7984375 0.7439814814814815 0.004166666666666667 0.008333333333333333
0 0.7953125 0.7796296296296297 0.010416666666666666 0.016666666666666666
0 0.8830729166666667 0.7861111111111111 0.0078125 0.014814814814814815
0 0.8716145833333333 0.749537037037037 0.0067708333333333336 0.019444444444444445
0 0.6572916666666667 0.6754629629629629 0.009375 0.01574074074074074
0 0.6677083333333333 0.6398148148148148 0.0125 0.022222222222222223
0 0.7294270833333333 0.6347222222222222 0.0078125 0.017592592592592594
0 0.7497395833333333 0.6347222222222222 0.009895833333333333 0.019444444444444445
0 0.44453125 0.700925925925926 0.011979166666666667 0.016666666666666666
0 0.6447916666666667 0.6125 0.009375 0.025
0 0.11927083333333334 0.8319444444444445 0.027083333333333334 0.05092592592592592
0 0.190625 0.8074074074074075 0.014583333333333334 0.04259259259259259
0 0.35078125 0.7282407407407407 0.025520833333333333 0.04351851851851852
0 0.3299479166666667 0.7981481481481482 0.0171875 0.03148148148148148
0 0.27708333333333335 0.6694444444444444 0.022916666666666665 0.037037037037037035
0 0.09817708333333333 0.6365740740740741 0.013020833333333334 0.023148148148148147
0 0.10416666666666667 0.913425925925926 0.0125 0.026851851851851852
0 0.06354166666666666 0.9375 0.007291666666666667 0.025
0 0.06328125 0.9930555555555556 0.013020833333333334 0.012037037037037037
0 0.25104166666666666 0.9851851851851852 0.014583333333333334 0.027777777777777776
0 0.07239583333333334 0.7949074074074074 0.007291666666666667 0.01574074074074074
0 0.06796875 0.3212962962962963 0.0078125 0.03518518518518519
0 0.18463541666666666 0.11851851851851852 0.008854166666666666 0.022222222222222223
0 0.15859375 0.22777777777777777 0.0046875 0.012962962962962963
0 0.10260416666666666 0.22870370370370371 0.00625 0.009259259259259259
0 0.18880208333333334 0.16574074074074074 0.0067708333333333336 0.014814814814814815
0 0.3104166666666667 0.12916666666666668 0.016666666666666666 0.03611111111111111
0 0.3203125 0.09027777777777778 0.011458333333333333 0.010185185185185186
0 0.4083333333333333 0.10231481481481482 0.023958333333333335 0.028703703703703703
0 0.41067708333333336 0.07962962962962963 0.022395833333333334 0.02962962962962963
0 0.48359375 0.2101851851851852 0.021354166666666667 0.02962962962962963
0 0.4791666666666667 0.13425925925925927 0.004166666666666667 0.009259259259259259
0 0.4708333333333333 0.17175925925925925 0.011458333333333333 0.06388888888888888
0 0.5950520833333334 0.487962962962963 0.008854166666666666 0.012962962962962963
0 0.34375 0.04490740740740741 0.028125 0.01574074074074074
0 0.43645833333333334 0.9879629629629629 0.021875 0.022222222222222223
0 0.31536458333333334 0.5634259259259259 0.005729166666666666 0.030555555555555555
0 0.32786458333333335 0.575462962962963 0.013020833333333334 0.030555555555555555
0 0.48411458333333335 0.6328703703703704 0.0046875 0.021296296296296296
0 0.9559895833333333 0.3074074074074074 0.016145833333333335 0.020370370370370372
0 0.021614583333333333 0.4824074074074074 0.0067708333333333336 0.020370370370370372
1 0.5 0.5 1.0 1.0
0 0.5599963541666667 0.8745925925925926 0.023117708333333334 0.030666666666666665
0 0.6103059895833333 0.8942115740740741 0.018528645833333336 0.027312037037037037
0 0.6513973958333333 0.8606564814814816 0.018419791666666668 0.03242407407407408
0 0.7198518229166667 0.8877259259259259 0.0094953125 0.04582222222222222
0 0.37442395833333336 0.8919055555555556 0.028014583333333332 0.04677407407407407
0 0.3245578125 0.7932467592592592 0.024115624999999998 0.04204907407407407
0 0.6821395833333334 0.5708944444444445 0.02469583333333333 0.039937037037037035
0 0.6066731770833333 0.47866481481481477 0.017513020833333334 0.0277
0 0.5011395833333333 0.2733611111111111 0.018945833333333332 0.04487037037037037
0 0.39823463541666665 0.33777407407407406 0.0162609375 0.03295555555555556
0 0.4615932291666667 0.555187037037037 0.03464479166666667 0.028892592592592595
0 0.20263203124999998 0.7130106481481482 0.022972395833333333 0.037132407407407406
0 0.1428515625 0.6272365740740741 0.011744791666666667 0.022991666666666667
0 0.14025494791666665 0.7563342592592592 0.009676562500000001 0.021927777777777775
0 0.4051888020833333 0.8095935185185185 0.0124609375 0.019187037037037037
0 0.32261093750000003 0.9636009259259259 0.010846875 0.016090740740740742
0 0.21773619791666665 0.952538425925926 0.008389062499999999 0.016187962962962963
0 0.22166822916666667 0.8231699074074074 0.0027114583333333335 0.009302777777777778
0 0.2207859375 0.8070263888888889 0.004071875 0.008497222222222222
0 0.22612968749999998 0.8419662037037037 0.010592708333333334 0.015413888888888887
0 0.1392171875 0.8663856481481481 0.008642708333333334 0.01425277777777778
0 0.14827421875000002 0.8278296296296297 0.006965104166666666 0.01862222222222222
0 0.35582109375000004 0.7083194444444445 0.009558854166666667 0.016638888888888887
0 0.34313333333333335 0.6745787037037037 0.01335 0.02137962962962963
0 0.28134140625000004 0.6832791666666667 0.008516145833333332 0.01655833333333333
0 0.26131979166666663 0.6878787037037037 0.010139583333333334 0.020201851851851853
0 0.5689658854166667 0.687787962962963 0.011890104166666667 0.016316666666666667
0 0.3639361979166667 0.642487962962963 0.008080729166666667 0.02571666666666667
0 0.9012020833333333 0.7474824074074073 0.024279166666666668 0.056075925925925925
0 0.8279838541666666 0.7377810185185185 0.013259374999999999 0.04408055555555555
0 0.6642856770833333 0.6940550925925927 0.023363020833333335 0.04736944444444444
0 0.68969765625 0.7595699074074075 0.015853645833333332 0.033954629629629626
0 0.7326908854166666 0.6203703703703703 0.0226734375 0.03888888888888889
0 0.90819609375 0.548412037037037 0.012225520833333333 0.02275
0 0.9210666666666667 0.8251625 0.010883333333333333 0.02810277777777778
0 0.9635184895833333 0.8397666666666667 0.006203645833333333 0.02582962962962963
0 0.9679203125 0.8948958333333333 0.012923958333333334 0.013865740740740741
0 0.7809286458333333 0.9267481481481482 0.014982291666666666 0.02757037037037037
0 0.94487265625 0.6996476851851852 0.0064119791666666665 0.01596203703703704
0 0.9164145833333334 0.22862916666666666 0.0099125 0.03503611111111111
0 0.7867361979166667 0.053451851851851855 0.009930729166666668 0.02171851851851852
0 0.8202885416666666 0.15626388888888887 0.0051604166666666665 0.012527777777777777
0 0.8759184895833333 0.14463564814814817 0.006003645833333333 0.009641666666666666
0 0.78591875 0.10087083333333334 0.0062125 0.01470462962962963
0 0.6629773437500001 0.08986111111111111 0.017621354166666665 0.035277777777777776
0 0.6504781249999999 0.054974999999999996 0.011372916666666667 0.011801851851851852
0 0.5638463541666667 0.08522777777777778 0.023526041666666667 0.029714814814814812
0 0.560009375 0.06357777777777777 0.022102083333333335 0.030859259259259263
0 0.4969924479166667 0.20967175925925927 0.021068229166666667 0.028602777777777776
0 0.49558255208333335 0.1323726851851852 0.004706770833333334 0.009189814814814816
0 0.50612734375 0.1676712962962963 0.014338020833333333 0.06126851851851852
0 0.40474322916666666 0.5083416666666667 0.009486458333333333 0.012979629629629631
0 0.6235231770833334 0.011628240740740741 0.028296354166666666 0.015849074074074074
0 0.5970557291666666 0.971223611111111 0.021194791666666667 0.025780555555555557
0 0.687834375 0.5227967592592593 0.005877083333333334 0.030778703703703704
0 0.67600078125 0.5378837962962962 0.0145015625 0.027619444444444446
0 0.5248677083333333 0.6283305555555555 0.0059854166666666675 0.021475925925925926
0 0.03473385416666666 0.40712916666666665 0.016342708333333334 0.017962037037037037
0 0.9735643229166667 0.37868425925925925 0.0075453125 0.02033148148148148
1 0.5 0.5215087962962963 1.0 0.9578324074074075
0 0.4926947916666667 0.8890685185185185 0.021847916666666668 0.029988888888888888
0 0.44680442708333334 0.9290435185185185 0.0175671875 0.02845740740740741
0 0.4010669270833333 0.914087962962963 0.018800520833333334 0.035583333333333335
0 0.3396135416666667 0.9702694444444445 0.012560416666666666 0.04424259259259259
0 0.6747171875000001 0.8263027777777778 0.025476041666666668 0.04890185185185185
0 0.7096309895833334 0.7110652777777778 0.025511979166666664 0.04250092592592593
0 0.3338158854166667 0.6485041666666667 0.025965104166666666 0.041452777777777776
0 0.3926739583333333 0.5268310185185184 0.017639583333333334 0.031439814814814816
0 0.4682057291666667 0.27960694444444445 0.02078645833333333 0.04069537037037037
0 0.5766526041666666 0.29947268518518516 0.013721875 0.0322787037037037
0 0.5450994791666666 0.5401444444444444 0.03603229166666667 0.024733333333333333
0 0.8175213541666667 0.5797435185185186 0.019417708333333332 0.04096851851851852
0 0.8641552083333334 0.4698060185185185 0.010602083333333335 0.02479722222222222
0 0.8838231770833332 0.5932583333333333 0.008271354166666666 0.02170185185185185
0 0.6343640625 0.7597060185185185 0.011436458333333333 0.019412037037037037
0 0.7351239583333334 0.8728370370370371 0.009831250000000001 0.017896296296296296
0 0.8348096354166666 0.8173944444444444 0.007119270833333333 0.01812222222222222
0 0.8142497395833334 0.6934277777777779 0.0024578125000000004 0.009077777777777778
0 0.8130369791666666 0.6771708333333334 0.004198958333333333 0.008045370370370371
0 0.8123341145833333 0.7134652777777778 0.010084895833333333 0.017671296296296296
0 0.8999455729166667 0.7005652777777778 0.0071828125 0.01594537037037037
0 0.8861408854166667 0.6673958333333333 0.006656770833333334 0.01997685185185185
0 0.6683528645833333 0.6394625 0.009622395833333333 0.01596203703703704
0 0.6754106770833334 0.6026074074074075 0.0122796875 0.023733333333333335
0 0.7368296875 0.5841819444444445 0.006992708333333333 0.018363888888888888
0 0.75689453125 0.5796736111111112 0.009622395833333333 0.01860648148148148
0 0.45854921875 0.711162037037037 0.011890104166666667 0.01676851851851852
0 0.6516731770833334 0.5804740740740741 0.010638020833333334 0.023911111111111112
0 0.14477864583333336 0.9124611111111111 0.03018229166666667 0.04714444444444444
0 0.21375989583333332 0.8720865740740741 0.016061458333333334 0.04046944444444445
0 0.36781588541666665 0.7583986111111112 0.027298437499999998 0.03901944444444444
0 0.3519317708333333 0.8325953703703703 0.018446874999999998 0.030005555555555556
0 0.2901916666666667 0.7165518518518519 0.024133333333333333 0.03495555555555556
0 0.11097760416666666 0.722711574074074 0.013621875 0.023200925925925923
0 0.13499947916666669 0.9918314814814816 0.012707291666666667 0.016996296296296298
0 0.09569791666666667 0.8854203703703704 0.0080625 0.015285185185185185
0 0.05868229166666667 0.4164791666666667 0.007989583333333333 0.03481018518518519
0 0.16059921875 0.18942685185185185 0.009740104166666668 0.023298148148148148
0 0.14222708333333334 0.30382453703703705 0.0052875 0.013204629629629629
0 0.08708281250000001 0.31697083333333337 0.006457291666666667 0.009867592592592593
0 0.16819739583333335 0.23513009259259257 0.007228125 0.01470462962962963
0 0.2857671875 0.17375879629629631 0.017367708333333332 0.036406481481481484
0 0.29383411458333336 0.13294537037037035 0.0116265625 0.010335185185185185
0 0.38180859375 0.126 0.024033854166666667 0.027925925925925927
0 0.38253203125 0.10199027777777778 0.022355729166666668 0.02805462962962963
0 0.4643067708333334 0.21543796296296297 0.021321875 0.03087592592592592
0 0.45438645833333335 0.14180138888888888 0.0035645833333333337 0.009528703703703704
0 0.44821666666666665 0.18092638888888887 0.008933333333333333 0.06555648148148148
0 0.5936283854166666 0.4675925925925926 0.008090104166666666 0.012962962962962963
0 0.3132463541666667 0.08192916666666666 0.027534375 0.02126574074074074
0 0.47086875 0.9938583333333333 0.020904166666666668 0.01179074074074074
0 0.32101848958333334 0.6024268518518519 0.0066203125 0.030779629629629626
0 0.3339203125 0.611888425925926 0.011590625 0.03303611111111111
0 0.4932005208333334 0.6346990740740741 0.005151041666666667 0.021249999999999998
0 0.9396249999999999 0.21031157407407408 0.015708333333333335 0.022475
0 0.023903385416666666 0.5859787037037036 0.006140104166666666 0.020105555555555554
1 0.49973958333333335 0.5194444444444445 0.9994791666666667 0.9592592592592593
0 0.46640625 0.8847222222222222 0.022395833333333334 0.030555555555555555
0 0.41770833333333335 0.9143518518518519 0.017708333333333333 0.026851851851851852
0 0.37395833333333334 0.8902777777777777 0.01875 0.03425925925925926
0 0.30885416666666665 0.9319444444444445 0.010416666666666666 0.04537037037037037
0 0.6513020833333333 0.862037037037037 0.0265625 0.04814814814814815
0 0.69375 0.7537037037037037 0.025 0.04259259259259259
0 0.32473958333333336 0.6101851851851852 0.025520833333333333 0.040740740740740744
0 0.3921875 0.5027777777777778 0.017708333333333333 0.02962962962962963
0 0.48333333333333334 0.275 0.019791666666666666 0.04259259259259259
0 0.58984375 0.31712962962962965 0.015104166666666667 0.032407407407407406
0 0.5421875 0.5476851851851852 0.035416666666666666 0.026851851851851852
0 0.8096354166666667 0.6472222222222223 0.021354166666666667 0.03888888888888889
0 0.86328125 0.549074074074074 0.0109375 0.024074074074074074
0 0.8747395833333333 0.6763888888888889 0.008854166666666666 0.021296296296296296
0 0.6153645833333333 0.7865740740740741 0.011979166666666667 0.019444444444444445
0 0.7078125 0.9212962962962963 0.010416666666666666 0.016666666666666666
0 0.8106770833333333 0.887962962962963 0.0078125 0.016666666666666666
0 0.7986979166666667 0.7601851851851852 0.0026041666666666665 0.009259259259259259
0 0.7984375 0.7439814814814815 0.004166666666666667 0.008333333333333333
0 0.7953125 0.7796296296296297 0.010416666666666666 0.016666666666666666
0 0.8830729166666667 0.7861111111111111 0.0078125 0.014814814814814815
0 0.8716145833333333 0.749537037037037 0.0067708333333333336 0.019444444444444445
0 0.6572916666666667 0.6754629629629629 0.009375 0.01574074074074074
0 0.6677083333333333 0.6398148148148148 0.0125 0.022222222222222223
0 0.7294270833333333 0.6347222222222222 0.0078125 0.017592592592592594
0 0.7497395833333333 0.6347222222222222 0.009895833333333333 0.019444444444444445
0 0.44453125 0.700925925925926 0.011979166666666667 0.016666666666666666
0 0.6447916666666667 0.6125 0.009375 0.025
0 0.11927083333333334 0.8319444444444445 0.027083333333333334 0.05092592592592592
0 0.190625 0.8074074074074075 0.014583333333333334 0.04259259259259259
0 0.35078125 0.7282407407407407 0.025520833333333333 0.04351851851851852
0 0.3299479166666667 0.7981481481481482 0.0171875 0.03148148148148148
0 0.27708333333333335 0.6694444444444444 0.022916666666666665 0.037037037037037035
0 0.09817708333333333 0.6365740740740741 0.013020833333333334 0.023148148148148147
0 0.10416666666666667 0.913425925925926 0.0125 0.026851851851851852
0 0.06354166666666666 0.9375 0.007291666666666667 0.025
0 0.06328125 0.9930555555555556 0.013020833333333334 0.012037037037037037
0 0.25104166666666666 0.9851851851851852 0.014583333333333334 0.027777777777777776
0 0.07239583333333334 0.7949074074074074 0.007291666666666667 0.01574074074074074
0 0.06796875 0.3212962962962963 0.0078125 0.03518518518518519
0 0.18463541666666666 0.11851851851851852 0.008854166666666666 0.022222222222222223
0 0.15859375 0.22777777777777777 0.0046875 0.012962962962962963
0 0.10260416666666666 0.22870370370370371 0.00625 0.009259259259259259
0 0.18880208333333334 0.16574074074074074 0.0067708333333333336 0.014814814814814815
0 0.3104166666666667 0.12916666666666668 0.016666666666666666 0.03611111111111111
0 0.3203125 0.09027777777777778 0.011458333333333333 0.010185185185185186
0 0.4083333333333333 0.10231481481481482 0.023958333333333335 0.028703703703703703
0 0.41067708333333336 0.07962962962962963 0.022395833333333334 0.02962962962962963
0 0.48359375 0.2101851851851852 0.021354166666666667 0.02962962962962963
0 0.4791666666666667 0.13425925925925927 0.004166666666666667 0.009259259259259259
0 0.4708333333333333 0.17175925925925925 0.011458333333333333 0.06388888888888888
0 0.5950520833333334 0.487962962962963 0.008854166666666666 0.012962962962962963
0 0.34375 0.04490740740740741 0.028125 0.01574074074074074
0 0.43645833333333334 0.9879629629629629 0.021875 0.022222222222222223
0 0.31536458333333334 0.5634259259259259 0.005729166666666666 0.030555555555555555
0 0.32786458333333335 0.575462962962963 0.013020833333333334 0.030555555555555555
0 0.48411458333333335 0.6328703703703704 0.0046875 0.021296296296296296
0 0.9559895833333333 0.3074074074074074 0.016145833333333335 0.020370370370370372
0 0.021614583333333333 0.4824074074074074 0.0067708333333333336 0.020370370370370372
1 0.5 0.5 1.0 1.0
0 0.5599963541666667 0.8745925925925926 0.023117708333333334 0.030666666666666665
0 0.6103059895833333 0.8942115740740741 0.018528645833333336 0.027312037037037037
0 0.6513973958333333 0.8606564814814816 0.018419791666666668 0.03242407407407408
0 0.7198518229166667 0.8877259259259259 0.0094953125 0.04582222222222222
0 0.37442395833333336 0.8919055555555556 0.028014583333333332 0.04677407407407407
0 0.3245578125 0.7932467592592592 0.024115624999999998 0.04204907407407407
0 0.6821395833333334 0.5708944444444445 0.02469583333333333 0.039937037037037035
0 0.6066731770833333 0.47866481481481477 0.017513020833333334 0.0277
0 0.5011395833333333 0.2733611111111111 0.018945833333333332 0.04487037037037037
0 0.39823463541666665 0.33777407407407406 0.0162609375 0.03295555555555556
0 0.4615932291666667 0.555187037037037 0.03464479166666667 0.028892592592592595
0 0.20263203124999998 0.7130106481481482 0.022972395833333333 0.037132407407407406
0 0.1428515625 0.6272365740740741 0.011744791666666667 0.022991666666666667
0 0.14025494791666665 0.7563342592592592 0.009676562500000001 0.021927777777777775
0 0.4051888020833333 0.8095935185185185 0.0124609375 0.019187037037037037
0 0.32261093750000003 0.9636009259259259 0.010846875 0.016090740740740742
0 0.21773619791666665 0.952538425925926 0.008389062499999999 0.016187962962962963
0 0.22166822916666667 0.8231699074074074 0.0027114583333333335 0.009302777777777778
0 0.2207859375 0.8070263888888889 0.004071875 0.008497222222222222
0 0.22612968749999998 0.8419662037037037 0.010592708333333334 0.015413888888888887
0 0.1392171875 0.8663856481481481 0.008642708333333334 0.01425277777777778
0 0.14827421875000002 0.8278296296296297 0.006965104166666666 0.01862222222222222
0 0.35582109375000004 0.7083194444444445 0.009558854166666667 0.016638888888888887
0 0.34313333333333335 0.6745787037037037 0.01335 0.02137962962962963
0 0.28134140625000004 0.6832791666666667 0.008516145833333332 0.01655833333333333
0 0.26131979166666663 0.6878787037037037 0.010139583333333334 0.020201851851851853
0 0.5689658854166667 0.687787962962963 0.011890104166666667 0.016316666666666667
0 0.3639361979166667 0.642487962962963 0.008080729166666667 0.02571666666666667
0 0.9012020833333333 0.7474824074074073 0.024279166666666668 0.056075925925925925
0 0.8279838541666666 0.7377810185185185 0.013259374999999999 0.04408055555555555
0 0.6642856770833333 0.6940550925925927 0.023363020833333335 0.04736944444444444
0 0.68969765625 0.7595699074074075 0.015853645833333332 0.033954629629629626
0 0.7326908854166666 0.6203703703703703 0.0226734375 0.03888888888888889
0 0.90819609375 0.548412037037037 0.012225520833333333 0.02275
0 0.9210666666666667 0.8251625 0.010883333333333333 0.02810277777777778
0 0.9635184895833333 0.8397666666666667 0.006203645833333333 0.02582962962962963
0 0.9679203125 0.8948958333333333 0.012923958333333334 0.013865740740740741
0 0.7809286458333333 0.9267481481481482 0.014982291666666666 0.02757037037037037
0 0.94487265625 0.6996476851851852 0.0064119791666666665 0.01596203703703704
0 0.9164145833333334 0.22862916666666666 0.0099125 0.03503611111111111
0 0.7867361979166667 0.053451851851851855 0.009930729166666668 0.02171851851851852
0 0.8202885416666666 0.15626388888888887 0.0051604166666666665 0.012527777777777777
0 0.8759184895833333 0.14463564814814817 0.006003645833333333 0.009641666666666666
0 0.78591875 0.10087083333333334 0.0062125 0.01470462962962963
0 0.6629773437500001 0.08986111111111111 0.017621354166666665 0.035277777777777776
0 0.6504781249999999 0.054974999999999996 0.011372916666666667 0.011801851851851852
0 0.5638463541666667 0.08522777777777778 0.023526041666666667 0.029714814814814812
0 0.560009375 0.06357777777777777 0.022102083333333335 0.030859259259259263
0 0.4969924479166667 0.20967175925925927 0.021068229166666667 0.028602777777777776
0 0.49558255208333335 0.1323726851851852 0.004706770833333334 0.009189814814814816
0 0.50612734375 0.1676712962962963 0.014338020833333333 0.06126851851851852
0 0.40474322916666666 0.5083416666666667 0.009486458333333333 0.012979629629629631
0 0.6235231770833334 0.011628240740740741 0.028296354166666666 0.015849074074074074
0 0.5970557291666666 0.971223611111111 0.021194791666666667 0.025780555555555557
0 0.687834375 0.5227967592592593 0.005877083333333334 0.030778703703703704
0 0.67600078125 0.5378837962962962 0.0145015625 0.027619444444444446
0 0.5248677083333333 0.6283305555555555 0.0059854166666666675 0.021475925925925926
0 0.03473385416666666 0.40712916666666665 0.016342708333333334 0.017962037037037037
0 0.9735643229166667 0.37868425925925925 0.0075453125 0.02033148148148148
1 0.5 0.5215087962962963 1.0 0.9578324074074075
0 0.4926947916666667 0.8890685185185185 0.021847916666666668 0.029988888888888888
0 0.44680442708333334 0.9290435185185185 0.0175671875 0.02845740740740741
0 0.4010669270833333 0.914087962962963 0.018800520833333334 0.035583333333333335
0 0.3396135416666667 0.9702694444444445 0.012560416666666666 0.04424259259259259
0 0.6747171875000001 0.8263027777777778 0.025476041666666668 0.04890185185185185
0 0.7096309895833334 0.7110652777777778 0.025511979166666664 0.04250092592592593
0 0.3338158854166667 0.6485041666666667 0.025965104166666666 0.041452777777777776
0 0.3926739583333333 0.5268310185185184 0.017639583333333334 0.031439814814814816
0 0.4682057291666667 0.27960694444444445 0.02078645833333333 0.04069537037037037
0 0.5766526041666666 0.29947268518518516 0.013721875 0.0322787037037037
0 0.5450994791666666 0.5401444444444444 0.03603229166666667 0.024733333333333333
0 0.8175213541666667 0.5797435185185186 0.019417708333333332 0.04096851851851852
0 0.8641552083333334 0.4698060185185185 0.010602083333333335 0.02479722222222222
0 0.8838231770833332 0.5932583333333333 0.008271354166666666 0.02170185185185185
0 0.6343640625 0.7597060185185185 0.011436458333333333 0.019412037037037037
0 0.7351239583333334 0.8728370370370371 0.009831250000000001 0.017896296296296296
0 0.8348096354166666 0.8173944444444444 0.007119270833333333 0.01812222222222222
0 0.8142497395833334 0.6934277777777779 0.0024578125000000004 0.009077777777777778
0 0.8130369791666666 0.6771708333333334 0.004198958333333333 0.008045370370370371
0 0.8123341145833333 0.7134652777777778 0.010084895833333333 0.017671296296296296
0 0.8999455729166667 0.7005652777777778 0.0071828125 0.01594537037037037
0 0.8861408854166667 0.6673958333333333 0.006656770833333334 0.01997685185185185
0 0.6683528645833333 0.6394625 0.009622395833333333 0.01596203703703704
0 0.6754106770833334 0.6026074074074075 0.0122796875 0.023733333333333335
0 0.7368296875 0.5841819444444445 0.006992708333333333 0.018363888888888888
0 0.75689453125 0.5796736111111112 0.009622395833333333 0.01860648148148148
0 0.45854921875 0.711162037037037 0.011890104166666667 0.01676851851851852
0 0.6516731770833334 0.5804740740740741 0.010638020833333334 0.023911111111111112
0 0.14477864583333336 0.9124611111111111 0.03018229166666667 0.04714444444444444
0 0.21375989583333332 0.8720865740740741 0.016061458333333334 0.04046944444444445
0 0.36781588541666665 0.7583986111111112 0.027298437499999998 0.03901944444444444
0 0.3519317708333333 0.8325953703703703 0.018446874999999998 0.030005555555555556
0 0.2901916666666667 0.7165518518518519 0.024133333333333333 0.03495555555555556
0 0.11097760416666666 0.722711574074074 0.013621875 0.023200925925925923
0 0.13499947916666669 0.9918314814814816 0.012707291666666667 0.016996296296296298
0 0.09569791666666667 0.8854203703703704 0.0080625 0.015285185185185185
0 0.05868229166666667 0.4164791666666667 0.007989583333333333 0.03481018518518519
0 0.16059921875 0.18942685185185185 0.009740104166666668 0.023298148148148148
0 0.14222708333333334 0.30382453703703705 0.0052875 0.013204629629629629
0 0.08708281250000001 0.31697083333333337 0.006457291666666667 0.009867592592592593
0 0.16819739583333335 0.23513009259259257 0.007228125 0.01470462962962963
0 0.2857671875 0.17375879629629631 0.017367708333333332 0.036406481481481484
0 0.29383411458333336 0.13294537037037035 0.0116265625 0.010335185185185185
0 0.38180859375 0.126 0.024033854166666667 0.027925925925925927
0 0.38253203125 0.10199027777777778 0.022355729166666668 0.02805462962962963
0 0.4643067708333334 0.21543796296296297 0.021321875 0.03087592592592592
0 0.45438645833333335 0.14180138888888888 0.0035645833333333337 0.009528703703703704
0 0.44821666666666665 0.18092638888888887 0.008933333333333333 0.06555648148148148
0 0.5936283854166666 0.4675925925925926 0.008090104166666666 0.012962962962962963
0 0.3132463541666667 0.08192916666666666 0.027534375 0.02126574074074074
0 0.47086875 0.9938583333333333 0.020904166666666668 0.01179074074074074
0 0.32101848958333334 0.6024268518518519 0.0066203125 0.030779629629629626
0 0.3339203125 0.611888425925926 0.011590625 0.03303611111111111
0 0.4932005208333334 0.6346990740740741 0.005151041666666667 0.021249999999999998
0 0.9396249999999999 0.21031157407407408 0.015708333333333335 0.022475
0 0.023903385416666666 0.5859787037037036 0.006140104166666666 0.020105555555555554
1 0.49973958333333335 0.5194444444444445 0.9994791666666667 0.9592592592592593
0 0.46640625 0.8847222222222222 0.022395833333333334 0.030555555555555555
0 0.41770833333333335 0.9143518518518519 0.017708333333333333 0.026851851851851852
0 0.37395833333333334 0.8902777777777777 0.01875 0.03425925925925926
0 0.30885416666666665 0.9319444444444445 0.010416666666666666 0.04537037037037037
0 0.6513020833333333 0.862037037037037 0.0265625 0.04814814814814815
0 0.69375 0.7537037037037037 0.025 0.04259259259259259
0 0.32473958333333336 0.6101851851851852 0.025520833333333333 0.040740740740740744
0 0.3921875 0.5027777777777778 0.017708333333333333 0.02962962962962963
0 0.48333333333333334 0.275 0.019791666666666666 0.04259259259259259
0 0.58984375 0.31712962962962965 0.015104166666666667 0.032407407407407406
0 0.5421875 0.5476851851851852 0.035416666666666666 0.026851851851851852
0 0.8096354166666667 0.6472222222222223 0.021354166666666667 0.03888888888888889
0 0.86328125 0.549074074074074 0.0109375 0.024074074074074074
0 0.8747395833333333 0.6763888888888889 0.008854166666666666 0.021296296296296296
0 0.6153645833333333 0.7865740740740741 0.011979166666666667 0.019444444444444445
0 0.7078125 0.9212962962962963 0.010416666666666666 0.016666666666666666
0 0.8106770833333333 0.887962962962963 0.0078125 0.016666666666666666
0 0.7986979166666667 0.7601851851851852 0.0026041666666666665 0.009259259259259259
0 0.7984375 0.7439814814814815 0.004166666666666667 0.008333333333333333
0 0.7953125 0.7796296296296297 0.010416666666666666 0.016666666666666666
0 0.8830729166666667 0.7861111111111111 0.0078125 0.014814814814814815
0 0.8716145833333333 0.749537037037037 0.0067708333333333336 0.019444444444444445
0 0.6572916666666667 0.6754629629629629 0.009375 0.01574074074074074
0 0.6677083333333333 0.6398148148148148 0.0125 0.022222222222222223
0 0.7294270833333333 0.6347222222222222 0.0078125 0.017592592592592594
0 0.7497395833333333 0.6347222222222222 0.009895833333333333 0.019444444444444445
0 0.44453125 0.700925925925926 0.011979166666666667 0.016666666666666666
0 0.6447916666666667 0.6125 0.009375 0.025
0 0.11927083333333334 0.8319444444444445 0.027083333333333334 0.05092592592592592
0 0.190625 0.8074074074074075 0.014583333333333334 0.04259259259259259
0 0.35078125 0.7282407407407407 0.025520833333333333 0.04351851851851852
0 0.3299479166666667 0.7981481481481482 0.0171875 0.03148148148148148
0 0.27708333333333335 0.6694444444444444 0.022916666666666665 0.037037037037037035
0 0.09817708333333333 0.6365740740740741 0.013020833333333334 0.023148148148148147
0 0.10416666666666667 0.913425925925926 0.0125 0.026851851851851852
0 0.06354166666666666 0.9375 0.007291666666666667 0.025
0 0.06328125 0.9930555555555556 0.013020833333333334 0.012037037037037037
0 0.25104166666666666 0.9851851851851852 0.014583333333333334 0.027777777777777776
0 0.07239583333333334 0.7949074074074074 0.007291666666666667 0.01574074074074074
0 0.06796875 0.3212962962962963 0.0078125 0.03518518518518519
0 0.18463541666666666 0.11851851851851852 0.008854166666666666 0.022222222222222223
0 0.15859375 0.22777777777777777 0.0046875 0.012962962962962963
0 0.10260416666666666 0.22870370370370371 0.00625 0.009259259259259259
0 0.18880208333333334 0.16574074074074074 0.0067708333333333336 0.014814814814814815
0 0.3104166666666667 0.12916666666666668 0.016666666666666666 0.03611111111111111
0 0.3203125 0.09027777777777778 0.011458333333333333 0.010185185185185186
0 0.4083333333333333 0.10231481481481482 0.023958333333333335 0.028703703703703703
0 0.41067708333333336 0.07962962962962963 0.022395833333333334 0.02962962962962963
0 0.48359375 0.2101851851851852 0.021354166666666667 0.02962962962962963
0 0.4791666666666667 0.13425925925925927 0.004166666666666667 0.009259259259259259
0 0.4708333333333333 0.17175925925925925 0.011458333333333333 0.06388888888888888
0 0.5950520833333334 0.487962962962963 0.008854166666666666 0.012962962962962963
0 0.34375 0.04490740740740741 0.028125 0.01574074074074074
0 0.43645833333333334 0.9879629629629629 0.021875 0.022222222222222223
0 0.31536458333333334 0.5634259259259259 0.005729166666666666 0.030555555555555555
0 0.32786458333333335 0.575462962962963 0.013020833333333334 0.030555555555555555
0 0.48411458333333335 0.6328703703703704 0.0046875 0.021296296296296296
0 0.9559895833333333 0.3074074074074074 0.016145833333333335 0.020370370370370372
0 0.021614583333333333 0.4824074074074074 0.0067708333333333336 0.020370370370370372
