1 0.5 0.5264421296296297 1.0 0.9473287037037037
0 0.109984375 0.36082083333333337 0.011635416666666667 0.030900925925925922
0 0.06399218749999999 0.39671203703703706 0.019651041666666664 0.03601666666666667
1 0.49973958333333335 0.525 0.9994791666666667 0.9481481481481482
0 0.8856770833333333 0.324537037037037 0.011979166666666667 0.030555555555555555
0 0.9322916666666666 0.35648148148148145 0.01875 0.037037037037037035
1 0.5 0.4986402777777778 1.0 0.9972805555555556
0 0.8681145833333334 0.769300462962963 0.0133125 0.029341666666666665
0 0.9169057291666667 0.7492564814814815 0.016103125 0.0392537037037037
1 0.5 0.5264421296296297 1.0 0.9473287037037037
0 0.109984375 0.36082083333333337 0.011635416666666667 0.030900925925925922
0 0.06399218749999999 0.39671203703703706 0.019651041666666664 0.03601666666666667
1 0.49973958333333335 0.525 0.9994791666666667 0.9481481481481482
0 0.8856770833333333 0.324537037037037 0.011979166666666667 0.030555555555555555
0 0.9322916666666666 0.35648148148148145 0.01875 0.037037037037037035
1 0.5 0.4986402777777778 1.0 0.9972805555555556
0 0.8681145833333334 0.769300462962963 0.0133125 0.029341666666666665
0 0.9169057291666667 0.7492564814814815 0.016103125 0.0392537037037037
