1 0.9822916666666667 0.24953703703703703 0.034375 0.07685185185185185
1 0.5140625 0.5208333333333334 0.9708333333333333 0.9564814814814815
0 0.4203125 0.8560185185185185 0.0125 0.021296296296296296
0 0.29765625 0.8935185185185185 0.019270833333333334 0.040740740740740744
0 0.24375 0.7226851851851852 0.00625 0.019444444444444445
0 0.22786458333333334 0.6921296296296297 0.008854166666666666 0.002777777777777778
0 0.26145833333333335 0.9666666666666667 0.004166666666666667 0.007407407407407408
0 0.3734375 0.9004629629629629 0.01875 0.026851851851851852
0 0.3765625 0.899074074074074 0.011458333333333333 0.020370370370370372
0 0.36770833333333336 0.9930555555555556 0.027083333333333334 0.012037037037037037
0 0.37734375 0.9592592592592593 0.0078125 0.025925925925925925
0 0.39869791666666665 0.9685185185185186 0.022395833333333334 0.027777777777777776
0 0.48203125 0.9398148148148148 0.018229166666666668 0.03333333333333333
0 0.5174479166666667 0.8611111111111112 0.0171875 0.024074074074074074
0 0.5559895833333334 0.8208333333333333 0.011979166666666667 0.028703703703703703
0 0.5403645833333334 0.8351851851851851 0.0109375 0.03518518518518519
0 0.5489583333333333 0.7162037037037037 0.008333333333333333 0.01574074074074074
0 0.5963541666666666 0.8523148148148149 0.005208333333333333 0.03981481481481482
0 0.44557291666666665 0.6425925925925926 0.0171875 0.02962962962962963
0 0.36380208333333336 0.6356481481481482 0.034895833333333334 0.05462962962962963
0 0.37005208333333334 0.6356481481481482 0.021354166666666667 0.03796296296296296
0 0.4375 0.7592592592592593 0.008333333333333333 0.018518518518518517
0 0.46848958333333335 0.5634259259259259 0.024479166666666666 0.013888888888888888
0 0.4153645833333333 0.42268518518518516 0.0078125 0.01574074074074074
0 0.26796875 0.3384259259259259 0.009895833333333333 0.021296296296296296
0 0.23541666666666666 0.37962962962962965 0.016666666666666666 0.037037037037037035
0 0.33151041666666664 0.40925925925925927 0.019270833333333334 0.04259259259259259
0 0.32864583333333336 0.6013888888888889 0.010416666666666666 0.017592592592592594
0 0.43385416666666665 0.3509259259259259 0.015625 0.03518518518518519
0 0.43671875 0.34444444444444444 0.0109375 0.012962962962962963
0 0.5872395833333334 0.29305555555555557 0.013020833333333334 0.05092592592592592
0 0.59296875 0.25046296296296294 0.019270833333333334 0.021296296296296296
0 0.5755208333333334 0.2175925925925926 0.011458333333333333 0.012962962962962963
0 0.55703125 0.663425925925926 0.009895833333333333 0.010185185185185186
0 0.3125 0.3375 0.008333333333333333 0.01574074074074074
0 0.32760416666666664 0.3416666666666667 0.007291666666666667 0.007407407407407408
0 0.6994791666666667 0.22314814814814815 0.015625 0.03888888888888889
0 0.6265625 0.6981481481481482 0.011458333333333333 0.02962962962962963
0 0.828125 0.4597222222222222 0.007291666666666667 0.023148148148148147
0 0.43125 0.524074074074074 0.013541666666666667 0.024074074074074074
0 0.6200520833333333 0.9027777777777778 0.0140625 0.03148148148148148
0 0.98125 0.6875 0.008333333333333333 0.017592592592592594
0 0.9690104166666667 0.31666666666666665 0.0078125 0.018518518518518517
0 0.6885416666666667 0.49212962962962964 0.009375 0.019444444444444445
0 0.9098958333333333 0.5657407407407408 0.004166666666666667 0.011111111111111112
0 0.9377604166666667 0.6287037037037037 0.0046875 0.007407407407407408
0 0.82109375 0.40879629629629627 0.005729166666666666 0.013888888888888888
0 0.5153645833333333 0.39490740740740743 0.0036458333333333334 0.017592592592592594
1 0.9679416666666667 0.8241041666666666 0.03796666666666667 0.0722824074074074
1 0.5126174479166666 0.48352129629629625 0.9752348958333333 0.9670425925925925
0 0.4381333333333333 0.13287037037037036 0.012724999999999998 0.021296296296296296
0 0.31734427083333333 0.07717592592592593 0.020105208333333333 0.03953703703703704
0 0.255209375 0.2383486111111111 0.0062520833333333335 0.01928981481481481
0 0.23824166666666666 0.2662791666666667 0.008775 0.0029287037037037033
0 0.39382786458333335 0.08169166666666668 0.018905729166666666 0.026346296296296298
0 0.39658203125 0.08389768518518519 0.0119140625 0.019647222222222222
0 0.40049531250000003 0.02382314814814815 0.008282291666666667 0.02542407407407407
0 0.42198046875 0.01701527777777778 0.023127604166666666 0.02662314814814815
0 0.5036901041666667 0.058390740740740736 0.017796875 0.03344814814814815
0 0.5351223958333333 0.14355555555555555 0.016078125000000002 0.026
0 0.5719096354166666 0.1890148148148148 0.012569270833333333 0.028029629629629627
0 0.55611796875 0.17207453703703704 0.011194270833333332 0.03488981481481481
0 0.55945 0.2919787037037037 0.008483333333333334 0.01543888888888889
0 0.613659375 0.16343101851851852 0.006485416666666666 0.039825
0 0.45253802083333333 0.3500069444444444 0.017576041666666667 0.02964351851851852
0 0.37096250000000003 0.3423083333333333 0.03463333333333333 0.05498703703703704
0 0.3773247395833333 0.34423425925925927 0.020274479166666668 0.04032037037037037
0 0.45025651041666664 0.2320087962962963 0.008846354166666666 0.017721296296296294
0 0.4719072916666667 0.43131712962962965 0.024022916666666668 0.016337962962962964
0 0.41231562499999996 0.563637962962963 0.007964583333333334 0.016164814814814812
0 0.2612231770833333 0.6250615740740741 0.008904687500000001 0.02234537037037037
0 0.23032447916666668 0.5785546296296296 0.01585729166666667 0.03859074074074074
0 0.32789609375 0.565200462962963 0.019333854166666668 0.04336388888888889
0 0.3342190104166667 0.3723310185185185 0.010104687499999999 0.01873611111111111
0 0.426284375 0.637212037037037 0.016110416666666665 0.035535185185185184
0 0.42915781249999996 0.6447402777777778 0.011440625000000001 0.011702777777777777
0 0.5769796875 0.7200504629629629 0.013334375 0.04936018518518518
0 0.5801609375000001 0.7635064814814815 0.019696875 0.021457407407407408
0 0.5613911458333334 0.7932134259259259 0.011323958333333333 0.01420462962962963
0 0.56489296875 0.34601574074074076 0.009994270833333334 0.01055
0 0.30544218749999996 0.6325578703703704 0.008801041666666667 0.01511574074074074
0 0.3202760416666666 0.6308643518518519 0.0072187499999999995 0.008025
0 0.6853880208333333 0.8063268518518518 0.016609375 0.03857962962962962
0 0.6357580729166667 0.3222467592592593 0.012141145833333334 0.0296787037037037
0 0.8248283854166666 0.5907962962962963 0.007990104166666666 0.022333333333333334
0 0.4325609375 0.465212962962963 0.014080208333333333 0.02487037037037037
0 0.6390703125 0.11700833333333334 0.014598958333333334 0.03031296296296296
0 0.9888197916666667 0.38839259259259257 0.007847916666666666 0.017525925925925927
0 0.9586015625000001 0.755237962962963 0.007828125 0.017883333333333334
0 0.6876638020833333 0.5372611111111111 0.009702604166666667 0.01896666666666667
0 0.9117226562499999 0.4978041666666667 0.004695312500000001 0.010423148148148148
0 0.9425979166666667 0.43911666666666666 0.004987500000000001 0.007862962962962964
0 0.8155351562500001 0.6409351851851852 0.006070312499999999 0.013351851851851853
0 0.5100596354166667 0.6069111111111112 0.004494270833333333 0.017525925925925927
1 0.9795367187499999 0.7648435185185185 0.03511510416666667 0.07598333333333333
1 0.5138135416666667 0.4792023148148148 0.97241875 0.9584046296296296
0 0.4239846354166667 0.1412101851851852 0.012552604166666667 0.021309259259259257
0 0.30139140625 0.09989166666666666 0.01944947916666667 0.040524074074074073
0 0.24582838541666666 0.26897175925925926 0.006240104166666666 0.019424999999999998
0 0.22994270833333333 0.2995527777777778 0.008843750000000001 0.002809259259259259
0 0.26615911458333336 0.025925462962962963 0.004193229166666667 0.007406481481481481
0 0.37762552083333334 0.09579074074074075 0.018792708333333335 0.026766666666666668
0 0.38025755208333334 0.09715601851851852 0.011556770833333334 0.02023796296296296
0 0.37241197916666663 0.00459537037037037 0.027115624999999997 0.00919074074074074
0 0.3820807291666667 0.03699444444444445 0.007911458333333333 0.02584074074074074
0 0.403465625 0.02859675925925926 0.02255625 0.027563888888888888
0 0.48616015625000003 0.05928101851851852 0.018153645833333332 0.03337685185185185
0 0.5209880208333334 0.1390888888888889 0.016976041666666667 0.02447407407407407
0 0.5591773437499999 0.18095972222222223 0.012104687499999999 0.02858611111111111
0 0.5434705729166667 0.16572175925925925 0.010899479166666667 0.035147222222222226
0 0.5510591145833333 0.2856226851851852 0.008368229166666666 0.015689814814814816
0 0.6000177083333333 0.15047592592592593 0.00524375 0.03984074074074074
0 0.44717942708333336 0.35553703703703704 0.017275520833333332 0.029592592592592594
0 0.3652981770833333 0.35977453703703705 0.03476302083333334 0.05473425925925926
0 0.3715130208333333 0.3599699074074074 0.021151041666666665 0.03845833333333333
0 0.4401580729166667 0.23881481481481484 0.008441145833333333 0.01837037037037037
0 0.46897213541666666 0.4358976851851852 0.024402604166666668 0.014387962962962964
0 0.4148614583333333 0.5745842592592593 0.007847916666666666 0.015835185185185185
0 0.26631015625 0.6542782407407407 0.009703645833333333 0.021519444444444445
0 0.23426458333333333 0.6122037037037037 0.016445833333333333 0.03737037037037037
0 0.33048098958333333 0.5852467592592593 0.019295312499999998 0.04271574074074074
0 0.32965937500000003 0.39317546296296296 0.010360416666666667 0.017832407407407408
0 0.4323450520833333 0.6472680555555556 0.015731770833333332 0.03527685185185185
0 0.4352098958333333 0.6535814814814815 0.011044791666666666 0.01271851851851852
0 0.5851916666666667 0.7095810185185185 0.013091666666666666 0.05064351851851852
0 0.5904130208333334 0.7523375 0.019367708333333334 0.021341666666666665
0 0.5729067708333333 0.7843875 0.011438541666666666 0.013219444444444443
0 0.5586065104166666 0.33846574074074076 0.009921354166666667 0.010264814814814815
0 0.3109869791666667 0.656886574074074 0.008432291666666668 0.015625
0 0.32603645833333333 0.6528416666666667 0.00728125 0.007535185185185185
0 0.6969783854166667 0.7833143518518518 0.01583177083333333 0.03885092592592593
0 0.628196875 0.30556944444444445 0.011602083333333334 0.02965740740740741
0 0.8276763020833333 0.5503884259259259 0.0074359375 0.02299907407407407
0 0.4313080729166667 0.47416111111111114 0.0136578125 0.024248148148148147
0 0.6237559895833333 0.10081851851851852 0.014178645833333333 0.031266666666666665
0 0.9832872395833333 0.3273134259259259 0.008241145833333333 0.017589814814814815
0 0.9669309895833333 0.6980902777777778 0.007820312500000001 0.01840277777777778
0 0.68857734375 0.5133842592592593 0.009446354166666667 0.01936111111111111
0 0.9104708333333333 0.4471569444444445 0.004275 0.010980555555555556
0 0.93883359375 0.38523287037037035 0.004750520833333333 0.0075027777777777775
0 0.8200880208333333 0.6013393518518518 0.005801041666666667 0.013789814814814816
0 0.5144091145833333 0.6050912037037037 0.003818229166666667 0.017589814814814815
1 0.9822916666666667 0.24953703703703703 0.034375 0.07685185185185185
1 0.5140625 0.5208333333333334 0.9708333333333333 0.9564814814814815
0 0.4203125 0.8560185185185185 0.0125 0.021296296296296296
0 0.29765625 0.8935185185185185 0.019270833333333334 0.040740740740740744
0 0.24375 0.7226851851851852 0.00625 0.019444444444444445
0 0.22786458333333334 0.6921296296296297 0.008854166666666666 0.002777777777777778
0 0.26145833333333335 0.9666666666666667 0.004166666666666667 0.007407407407407408
0 0.3734375 0.9004629629629629 0.01875 0.026851851851851852
0 0.3765625 0.899074074074074 0.011458333333333333 0.020370370370370372
0 0.36770833333333336 0.9930555555555556 0.027083333333333334 0.012037037037037037
0 0.37734375 0.9592592592592593 0.0078125 0.025925925925925925
0 0.39869791666666665 0.9685185185185186 0.022395833333333334 0.027777777777777776
0 0.48203125 0.9398148148148148 0.018229166666666668 0.03333333333333333
0 0.5174479166666667 0.8611111111111112 0.0171875 0.024074074074074074
0 0.5559895833333334 0.8208333333333333 0.011979166666666667 0.028703703703703703
0 0.5403645833333334 0.8351851851851851 0.0109375 0.03518518518518519
0 0.5489583333333333 0.7162037037037037 0.008333333333333333 0.01574074074074074
0 0.5963541666666666 0.8523148148148149 0.005208333333333333 0.03981481481481482
0 0.44557291666666665 0.6425925925925926 0.0171875 0.02962962962962963
0 0.36380208333333336 0.6356481481481482 0.034895833333333334 0.05462962962962963
0 0.37005208333333334 0.6356481481481482 0.021354166666666667 0.03796296296296296
0 0.4375 0.7592592592592593 0.008333333333333333 0.018518518518518517
0 0.46848958333333335 0.5634259259259259 0.024479166666666666 0.013888888888888888
0 0.4153645833333333 0.42268518518518516 0.0078125 0.01574074074074074
0 0.26796875 0.3384259259259259 0.009895833333333333 0.021296296296296296
0 0.23541666666666666 0.37962962962962965 0.016666666666666666 0.037037037037037035
0 0.33151041666666664 0.40925925925925927 0.019270833333333334 0.04259259259259259
0 0.32864583333333336 0.6013888888888889 0.010416666666666666 0.017592592592592594
0 0.43385416666666665 0.3509259259259259 0.015625 0.03518518518518519
0 0.43671875 0.34444444444444444 0.0109375 0.012962962962962963
0 0.5872395833333334 0.29305555555555557 0.013020833333333334 0.05092592592592592
0 0.59296875 0.25046296296296294 0.019270833333333334 0.021296296296296296
0 0.5755208333333334 0.2175925925925926 0.011458333333333333 0.012962962962962963
0 0.55703125 0.663425925925926 0.009895833333333333 0.010185185185185186
0 0.3125 0.3375 0.008333333333333333 0.01574074074074074
0 0.32760416666666664 0.3416666666666667 0.007291666666666667 0.007407407407407408
0 0.6994791666666667 0.22314814814814815 0.015625 0.03888888888888889
0 0.6265625 0.6981481481481482 0.011458333333333333 0.02962962962962963
0 0.828125 0.4597222222222222 0.007291666666666667 0.023148148148148147
0 0.43125 0.524074074074074 0.013541666666666667 0.024074074074074074
0 0.6200520833333333 0.9027777777777778 0.0140625 0.03148148148148148
0 0.98125 0.6875 0.008333333333333333 0.017592592592592594
0 0.9690104166666667 0.31666666666666665 0.0078125 0.018518518518518517
0 0.6885416666666667 0.49212962962962964 0.009375 0.019444444444444445
0 0.9098958333333333 0.5657407407407408 0.004166666666666667 0.011111111111111112
0 0.9377604166666667 0.6287037037037037 0.0046875 0.007407407407407408
0 0.82109375 0.40879629629629627 0.005729166666666666 0.013888888888888888
0 0.5153645833333333 0.39490740740740743 0.0036458333333333334 0.017592592592592594
1 0.9679416666666667 0.8241041666666666 0.03796666666666667 0.0722824074074074
1 0.5126174479166666 0.48352129629629625 0.9752348958333333 0.9670425925925925
0 0.4381333333333333 0.13287037037037036 0.012724999999999998 0.021296296296296296
0 0.31734427083333333 0.07717592592592593 0.020105208333333333 0.03953703703703704
0 0.255209375 0.2383486111111111 0.0062520833333333335 0.01928981481481481
0 0.23824166666666666 0.2662791666666667 0.008775 0.0029287037037037033
0 0.39382786458333335 0.08169166666666668 0.018905729166666666 0.026346296296296298
0 0.39658203125 0.08389768518518519 0.0119140625 0.019647222222222222
0 0.40049531250000003 0.02382314814814815 0.008282291666666667 0.02542407407407407
0 0.42198046875 0.01701527777777778 0.023127604166666666 0.02662314814814815
0 0.5036901041666667 0.058390740740740736 0.017796875 0.03344814814814815
0 0.5351223958333333 0.14355555555555555 0.016078125000000002 0.026
0 0.5719096354166666 0.1890148148148148 0.012569270833333333 0.028029629629629627
0 0.55611796875 0.17207453703703704 0.011194270833333332 0.03488981481481481
0 0.55945 0.2919787037037037 0.008483333333333334 0.01543888888888889
0 0.613659375 0.16343101851851852 0.006485416666666666 0.039825
0 0.45253802083333333 0.3500069444444444 0.017576041666666667 0.02964351851851852
0 0.37096250000000003 0.3423083333333333 0.03463333333333333 0.05498703703703704
0 0.3773247395833333 0.34423425925925927 0.020274479166666668 0.04032037037037037
0 0.45025651041666664 0.2320087962962963 0.008846354166666666 0.017721296296296294
0 0.4719072916666667 0.43131712962962965 0.024022916666666668 0.016337962962962964
0 0.41231562499999996 0.563637962962963 0.007964583333333334 0.016164814814814812
0 0.2612231770833333 0.6250615740740741 0.008904687500000001 0.02234537037037037
0 0.23032447916666668 0.5785546296296296 0.01585729166666667 0.03859074074074074
0 0.32789609375 0.565200462962963 0.019333854166666668 0.04336388888888889
0 0.3342190104166667 0.3723310185185185 0.010104687499999999 0.01873611111111111
0 0.426284375 0.637212037037037 0.016110416666666665 0.035535185185185184
0 0.42915781249999996 0.6447402777777778 0.011440625000000001 0.011702777777777777
0 0.5769796875 0.7200504629629629 0.013334375 0.04936018518518518
0 0.5801609375000001 0.7635064814814815 0.019696875 0.021457407407407408
0 0.5613911458333334 0.7932134259259259 0.011323958333333333 0.01420462962962963
0 0.56489296875 0.34601574074074076 0.009994270833333334 0.01055
0 0.30544218749999996 0.6325578703703704 0.008801041666666667 0.01511574074074074
0 0.3202760416666666 0.6308643518518519 0.0072187499999999995 0.008025
0 0.6853880208333333 0.8063268518518518 0.016609375 0.03857962962962962
0 0.6357580729166667 0.3222467592592593 0.012141145833333334 0.0296787037037037
0 0.8248283854166666 0.5907962962962963 0.007990104166666666 0.022333333333333334
0 0.4325609375 0.465212962962963 0.014080208333333333 0.02487037037037037
0 0.6390703125 0.11700833333333334 0.014598958333333334 0.03031296296296296
0 0.9888197916666667 0.38839259259259257 0.007847916666666666 0.017525925925925927
0 0.9586015625000001 0.755237962962963 0.007828125 0.017883333333333334
0 0.6876638020833333 0.5372611111111111 0.009702604166666667 0.01896666666666667
0 0.9117226562499999 0.4978041666666667 0.004695312500000001 0.010423148148148148
0 0.9425979166666667 0.43911666666666666 0.004987500000000001 0.007862962962962964
0 0.8155351562500001 0.6409351851851852 0.006070312499999999 0.013351851851851853
0 0.5100596354166667 0.6069111111111112 0.004494270833333333 0.017525925925925927
1 0.9795367187499999 0.7648435185185185 0.03511510416666667 0.07598333333333333
1 0.5138135416666667 0.4792023148148148 0.97241875 0.9584046296296296
0 0.4239846354166667 0.1412101851851852 0.012552604166666667 0.021309259259259257
0 0.30139140625 0.09989166666666666 0.01944947916666667 0.040524074074074073
0 0.24582838541666666 0.26897175925925926 0.006240104166666666 0.019424999999999998
0 0.22994270833333333 0.2995527777777778 0.008843750000000001 0.002809259259259259
0 0.26615911458333336 0.025925462962962963 0.004193229166666667 0.007406481481481481
0 0.37762552083333334 0.09579074074074075 0.018792708333333335 0.026766666666666668
0 0.38025755208333334 0.09715601851851852 0.011556770833333334 0.02023796296296296
0 0.37241197916666663 0.00459537037037037 0.027115624999999997 0.00919074074074074
0 0.3820807291666667 0.03699444444444445 0.007911458333333333 0.02584074074074074
0 0.403465625 0.02859675925925926 0.02255625 0.027563888888888888
0 0.48616015625000003 0.05928101851851852 0.018153645833333332 0.03337685185185185
0 0.5209880208333334 0.1390888888888889 0.016976041666666667 0.02447407407407407
0 0.5591773437499999 0.18095972222222223 0.012104687499999999 0.02858611111111111
0 0.5434705729166667 0.16572175925925925 0.010899479166666667 0.035147222222222226
0 0.5510591145833333 0.2856226851851852 0.008368229166666666 0.015689814814814816
0 0.6000177083333333 0.15047592592592593 0.00524375 0.03984074074074074
0 0.44717942708333336 0.35553703703703704 0.017275520833333332 0.029592592592592594
0 0.3652981770833333 0.35977453703703705 0.03476302083333334 0.05473425925925926
0 0.3715130208333333 0.3599699074074074 0.021151041666666665 0.03845833333333333
0 0.4401580729166667 0.23881481481481484 0.008441145833333333 0.01837037037037037
0 0.46897213541666666 0.4358976851851852 0.024402604166666668 0.014387962962962964
0 0.4148614583333333 0.5745842592592593 0.007847916666666666 0.015835185185185185
0 0.26631015625 0.6542782407407407 0.009703645833333333 0.021519444444444445
0 0.23426458333333333 0.6122037037037037 0.016445833333333333 0.03737037037037037
0 0.33048098958333333 0.5852467592592593 0.019295312499999998 0.04271574074074074
0 0.32965937500000003 0.39317546296296296 0.010360416666666667 0.017832407407407408
0 0.4323450520833333 0.6472680555555556 0.015731770833333332 0.03527685185185185
0 0.4352098958333333 0.6535814814814815 0.011044791666666666 0.01271851851851852
0 0.5851916666666667 0.7095810185185185 0.013091666666666666 0.05064351851851852
0 0.5904130208333334 0.7523375 0.019367708333333334 0.021341666666666665
0 0.5729067708333333 0.7843875 0.011438541666666666 0.013219444444444443
0 0.5586065104166666 0.33846574074074076 0.009921354166666667 0.010264814814814815
0 0.3109869791666667 0.656886574074074 0.008432291666666668 0.015625
0 0.32603645833333333 0.6528416666666667 0.00728125 0.007535185185185185
0 0.6969783854166667 0.7833143518518518 0.01583177083333333 0.03885092592592593
0 0.628196875 0.30556944444444445 0.011602083333333334 0.02965740740740741
0 0.8276763020833333 0.5503884259259259 0.0074359375 0.02299907407407407
0 0.4313080729166667 0.47416111111111114 0.0136578125 0.024248148148148147
0 0.6237559895833333 0.10081851851851852 0.014178645833333333 0.031266666666666665
0 0.9832872395833333 0.3273134259259259 0.008241145833333333 0.017589814814814815
0 0.9669309895833333 0.6980902777777778 0.007820312500000001 0.01840277777777778
0 0.68857734375 0.5133842592592593 0.009446354166666667 0.01936111111111111
0 0.9104708333333333 0.4471569444444445 0.004275 0.010980555555555556
0 0.93883359375 0.38523287037037035 0.004750520833333333 0.0075027777777777775
0 0.8200880208333333 0.6013393518518518 0.005801041666666667 0.013789814814814816
0 0.5144091145833333 0.6050912037037037 0.003818229166666667 0.017589814814814815
