1 0.49973958333333335 0.5300925925925926 0.9994791666666667 0.937962962962963
0 0.29661458333333335 0.19166666666666668 0.0515625 0.07037037037037037
0 0.32369791666666664 0.2351851851851852 0.0036458333333333334 0.04814814814814815
0 0.44140625 0.6805555555555556 0.0234375 0.03333333333333333
0 0.35598958333333336 0.7708333333333334 0.021354166666666667 0.03611111111111111
0 0.6513020833333333 0.8787037037037037 0.050520833333333334 0.08148148148148149
0 0.9270833333333334 0.4356481481481482 0.009375 0.019444444444444445
0 0.8653645833333333 0.8898148148148148 0.016145833333333335 0.025925925925925925
0 0.8841145833333334 0.9722222222222222 0.011979166666666667 0.022222222222222223
0 0.8796875 0.9300925925925926 0.017708333333333333 0.023148148148148147
0 0.9169270833333333 0.9888888888888889 0.019270833333333334 0.020370370370370372
0 0.90234375 0.7212962962962963 0.011979166666666667 0.022222222222222223
0 0.9505208333333334 0.38055555555555554 0.005208333333333333 0.012962962962962963
0 0.9229166666666667 0.35694444444444445 0.014583333333333334 0.030555555555555555
1 0.5 0.4605282407407407 1.0 0.9210564814814814
0 0.7121468750000001 0.7897958333333334 0.05241875 0.06848055555555556
0 0.6837247395833334 0.7481152777777779 0.004949479166666667 0.04808240740740741
0 0.5529575520833333 0.31437499999999996 0.0236234375 0.034305555555555554
0 0.6358669270833333 0.2163 0.021733854166666667 0.0363037037037037
0 0.33756223958333337 0.13605 0.050124479166666666 0.08321111111111111
0 0.07547343749999999 0.6043231481481481 0.009280208333333335 0.019757407407407408
0 0.12349609375000001 0.14454768518518518 0.0157421875 0.026132407407407406
0 0.10284270833333334 0.06411574074074075 0.011935416666666667 0.022675925925925926
0 0.10778671875 0.10571203703703703 0.017656770833333335 0.022535185185185186
0 0.06924557291666668 0.050616203703703705 0.018699479166666665 0.021602777777777776
0 0.0912890625 0.31608888888888886 0.011744791666666667 0.02291851851851852
0 0.053533333333333336 0.6610050925925925 0.0049833333333333335 0.012750925925925926
0 0.08193802083333333 0.6825101851851851 0.014917708333333333 0.029835185185185187
1 0.5 0.5338120370370371 1.0 0.9324388888888889
0 0.7061401041666666 0.1978439814814815 0.051863541666666665 0.06976203703703704
0 0.67912421875 0.24073703703703703 0.004081770833333333 0.04814074074074074
0 0.5565450520833333 0.6825745370370371 0.023506770833333336 0.03366759259259259
0 0.6414729166666666 0.7755004629629629 0.0214875 0.03618611111111111
0 0.34499375000000004 0.874375 0.05040416666666667 0.08208333333333334
0 0.07342317708333333 0.4227402777777778 0.009346354166666666 0.01955462962962963
0 0.13092473958333334 0.8787421296296297 0.016016145833333335 0.026002777777777777
0 0.11119244791666666 0.9602643518518518 0.011968229166666667 0.022380555555555556
0 0.11613984375 0.9179569444444444 0.017696354166666664 0.022950925925925927
0 0.07829296875 0.9761342592592592 0.0190859375 0.020787037037037038
0 0.09553567708333333 0.7084527777777778 0.0119046875 0.02246111111111111
0 0.05048411458333334 0.3666333333333333 0.005134895833333333 0.012896296296296296
0 0.07870390625 0.3438662037037037 0.014699479166666666 0.030324999999999998
1 0.49973958333333335 0.5300925925925926 0.9994791666666667 0.937962962962963
0 0.29661458333333335 0.19166666666666668 0.0515625 0.07037037037037037
0 0.32369791666666664 0.2351851851851852 0.0036458333333333334 0.04814814814814815
0 0.44140625 0.6805555555555556 0.0234375 0.03333333333333333
0 0.35598958333333336 0.7708333333333334 0.021354166666666667 0.03611111111111111
0 0.6513020833333333 0.8787037037037037 0.050520833333333334 0.08148148148148149
0 0.9270833333333334 0.4356481481481482 0.009375 0.019444444444444445
0 0.8653645833333333 0.8898148148148148 0.016145833333333335 0.025925925925925925
0 0.8841145833333334 0.9722222222222222 0.011979166666666667 0.022222222222222223
0 0.8796875 0.9300925925925926 0.017708333333333333 0.023148148148148147
0 0.9169270833333333 0.9888888888888889 0.019270833333333334 0.020370370370370372
0 0.90234375 0.7212962962962963 0.011979166666666667 0.022222222222222223
0 0.9505208333333334 0.38055555555555554 0.005208333333333333 0.012962962962962963
0 0.9229166666666667 0.35694444444444445 0.014583333333333334 0.030555555555555555
1 0.5 0.4605282407407407 1.0 0.9210564814814814
0 0.7121468750000001 0.7897958333333334 0.05241875 0.06848055555555556
0 0.6837247395833334 0.7481152777777779 0.004949479166666667 0.04808240740740741
0 0.5529575520833333 0.31437499999999996 0.0236234375 0.034305555555555554
0 0.6358669270833333 0.2163 0.021733854166666667 0.0363037037037037
0 0.33756223958333337 0.13605 0.050124479166666666 0.08321111111111111
0 0.07547343749999999 0.6043231481481481 0.009280208333333335 0.019757407407407408
0 0.12349609375000001 0.14454768518518518 0.0157421875 0.026132407407407406
0 0.10284270833333334 0.06411574074074075 0.011935416666666667 0.022675925925925926
0 0.10778671875 0.10571203703703703 0.017656770833333335 0.022535185185185186
0 0.06924557291666668 0.050616203703703705 0.018699479166666665 0.021602777777777776
0 0.0912890625 0.31608888888888886 0.011744791666666667 0.02291851851851852
0 0.053533333333333336 0.6610050925925925 0.0049833333333333335 0.012750925925925926
0 0.08193802083333333 0.6825101851851851 0.014917708333333333 0.029835185185185187
1 0.5 0.5338120370370371 1.0 0.9324388888888889
0 0.7061401041666666 0.1978439814814815 0.051863541666666665 0.06976203703703704
0 0.67912421875 0.24073703703703703 0.004081770833333333 0.04814074074074074
0 0.5565450520833333 0.6825745370370371 0.023506770833333336 0.03366759259259259
0 0.6414729166666666 0.7755004629629629 0.0214875 0.03618611111111111
0 0.34499375000000004 0.874375 0.05040416666666667 0.08208333333333334
0 0.07342317708333333 0.4227402777777778 0.009346354166666666 0.01955462962962963
0 0.13092473958333334 0.8787421296296297 0.016016145833333335 0.026002777777777777
0 0.11119244791666666 0.9602643518518518 0.011968229166666667 0.022380555555555556
0 0.11613984375 0.9179569444444444 0.017696354166666664 0.022950925925925927
0 0.07829296875 0.9761342592592592 0.0190859375 0.020787037037037038
0 0.09553567708333333 0.7084527777777778 0.0119046875 0.02246111111111111
0 0.05048411458333334 0.3666333333333333 0.005134895833333333 0.012896296296296296
0 0.07870390625 0.3438662037037037 0.014699479166666666 0.030324999999999998
