1 0.5 0.4649125 1.0 0.929825
0 0.8871747395833334 0.6589157407407408 0.009766145833333333 0.04190555555555556
0 0.6463455729166667 0.8520435185185186 0.016649479166666665 0.022605555555555556
0 0.5408723958333332 0.8615393518518518 0.027578125000000002 0.03048611111111111
0 0.5377424479166667 0.54325 0.011943229166666668 0.02353703703703704
0 0.8054299479166667 0.23054907407407407 0.020234895833333332 0.04257962962962963
0 0.8668065104166666 0.2914055555555556 0.021113020833333333 0.05318148148148148
0 0.8700393229166666 0.29759953703703707 0.014036979166666666 0.03223611111111111
0 0.9882971354166667 0.4174587962962963 0.009927604166666666 0.02565833333333333
0 0.9655742187499999 0.41355000000000003 0.010315104166666667 0.01598888888888889
0 0.9778721354166666 0.33446990740740745 0.0099109375 0.061532407407407404
0 0.8204075520833333 0.15963518518518519 0.009565104166666666 0.01927037037037037
0 0.9439572916666666 0.17657175925925925 0.010831249999999999 0.01425462962962963
0 0.9579320312499999 0.04478287037037037 0.005447395833333333 0.013639814814814815
0 0.16353125000000002 0.45083935185185187 0.0270625 0.10723425925925927
0 0.20008489583333333 0.4673703703703704 0.028294791666666666 0.056962962962962965
0 0.22269479166666667 0.4067791666666667 0.016222916666666667 0.03207685185185185
0 0.07887734375000001 0.5665087962962964 0.015046354166666666 0.04227685185185185
0 0.016155729166666667 0.20828148148148148 0.017728124999999997 0.10174814814814816
0 0.09349088541666667 0.1304861111111111 0.014065104166666667 0.06097222222222222
0 0.25624401041666667 0.15580972222222222 0.0135296875 0.01902685185185185
0 0.3141450520833333 0.22215 0.006415104166666667 0.01467037037037037
0 0.34515911458333337 0.14443842592592593 0.008026562499999999 0.012950925925925926
0 0.2909763020833333 0.387450462962963 0.0038276041666666667 0.010086111111111112
0 0.07275494791666667 0.719400462962963 0.019468229166666667 0.057319444444444444
0 0.10811744791666666 0.8587328703703704 0.0141515625 0.05265092592592593
0 0.06131588541666667 0.7581787037037037 0.013256770833333332 0.033024074074074074
0 0.05325729166666667 0.5860208333333333 0.008597916666666667 0.033152777777777774
0 0.16310494791666666 0.7417351851851851 0.012668229166666666 0.02421111111111111
0 0.11122057291666666 0.32390138888888886 0.015149479166666667 0.03669166666666667
0 0.04283463541666667 0.4570416666666667 0.010669270833333333 0.02149074074074074
0 0.0223578125 0.2895597222222222 0.021798958333333333 0.060600925925925926
0 0.7542265625 0.692375 0.008453125 0.016231481481481482
0 0.7153315104166666 0.8065398148148148 0.0067046875 0.013079629629629629
0 0.6588380208333333 0.4139726851851852 0.004134375 0.009426851851851851
0 0.8559432291666667 0.1753037037037037 0.0077197916666666665 0.019125925925925925
1 0.49973958333333335 0.5370370370370371 0.9994791666666667 0.924074074074074
0 0.128125 0.24675925925925926 0.010416666666666666 0.041666666666666664
0 0.3828125 0.11527777777777778 0.016666666666666666 0.019444444444444445
0 0.48802083333333335 0.13148148148148148 0.029166666666666667 0.03148148148148148
0 0.4661458333333333 0.4476851851851852 0.0125 0.023148148148148147
0 0.17630208333333333 0.6912037037037037 0.019270833333333334 0.04351851851851852
0 0.12057291666666667 0.6157407407407407 0.019270833333333334 0.053703703703703705
0 0.11744791666666667 0.6101851851851852 0.011979166666666667 0.03333333333333333
0 0.01015625 0.46064814814814814 0.008854166666666666 0.025
0 0.03229166666666667 0.47129629629629627 0.010416666666666666 0.016666666666666666
0 0.013541666666666667 0.5462962962962963 0.008333333333333333 0.06111111111111111
0 0.050520833333333334 0.9611111111111111 0.0125 0.018518518518518517
0 0.15651041666666668 0.7583333333333333 0.008854166666666666 0.020370370370370372
0 0.03463541666666667 0.7101851851851851 0.0109375 0.012962962962962963
0 0.010677083333333334 0.837037037037037 0.005729166666666666 0.014814814814814815
0 0.8286458333333333 0.6314814814814815 0.03125 0.10555555555555556
0 0.7940104166666667 0.6074074074074074 0.028645833333333332 0.05740740740740741
0 0.7669270833333334 0.6606481481481481 0.0171875 0.032407407407407406
0 0.9221354166666667 0.5388888888888889 0.016145833333333335 0.040740740740740744
0 0.9559895833333333 0.9097222222222222 0.0203125 0.10092592592592593
0 0.8731770833333333 0.9657407407407408 0.018229166666666668 0.05740740740740741
0 0.7143229166666667 0.9004629629629629 0.011979166666666667 0.021296296296296296
0 0.6622395833333333 0.8212962962962963 0.0067708333333333336 0.014814814814814815
0 0.62578125 0.8902777777777777 0.0078125 0.012037037037037037
0 0.6986979166666667 0.6625 0.0036458333333333334 0.010185185185185186
0 0.9403645833333333 0.38842592592592595 0.018229166666666668 0.05462962962962963
0 0.9161458333333333 0.2412037037037037 0.014583333333333334 0.05277777777777778
0 0.95390625 0.35324074074074074 0.013020833333333334 0.03425925925925926
0 0.9494791666666667 0.5254629629629629 0.007291666666666667 0.03425925925925926
0 0.853125 0.3449074074074074 0.0125 0.023148148148148147
0 0.8713541666666667 0.7708333333333334 0.013541666666666667 0.03796296296296296
0 0.94921875 0.6564814814814814 0.009895833333333333 0.022222222222222223
0 0.9559895833333333 0.8277777777777777 0.021354166666666667 0.05925925925925926
0 0.2630208333333333 0.24722222222222223 0.007291666666666667 0.016666666666666666
0 0.3106770833333333 0.14305555555555555 0.0067708333333333336 0.012037037037037037
0 0.33619791666666665 0.5462962962962963 0.0046875 0.009259259259259259
0 0.12213541666666666 0.7337962962962963 0.0067708333333333336 0.019444444444444445
1 0.5 0.5352828703703704 1.0 0.929825
0 0.11269557291666667 0.3413231481481482 0.009766145833333333 0.04190555555555556
0 0.3536372395833334 0.1483398148148148 0.016649479166666665 0.022605555555555556
0 0.4591015625 0.1383912037037037 0.027578125000000002 0.03048611111111111
0 0.46222161458333333 0.4571388888888889 0.011943229166666668 0.02353703703703704
0 0.19449244791666667 0.769437962962963 0.020234895833333332 0.04257962962962963
0 0.13295234375 0.7089981481481481 0.021113020833333333 0.05318148148148148
0 0.12993515625000002 0.7022291666666667 0.014036979166666666 0.03223611111111111
0 0.011734635416666667 0.5831995370370371 0.009927604166666666 0.02565833333333333
0 0.03432421875 0.5866981481481481 0.010315104166666667 0.01598888888888889
0 0.02214296875 0.6659513888888888 0.0099109375 0.061532407407407404
0 0.17978255208333332 0.8411166666666666 0.009565104166666666 0.01927037037037037
0 0.055936458333333335 0.8228680555555555 0.010831249999999999 0.01425462962962963
0 0.04178619791666667 0.9549680555555556 0.005447395833333333 0.013639814814814815
0 0.8364479166666666 0.5489875000000001 0.0270625 0.10723425925925927
0 0.8000848958333333 0.5321851851851852 0.028294791666666666 0.056962962962962965
0 0.7773822916666667 0.5938162037037037 0.016222916666666667 0.03207685185185185
0 0.9210648437500001 0.4341013888888889 0.015046354166666666 0.04227685185185185
0 0.9838640625 0.7916148148148148 0.017728124999999997 0.10174814814814816
0 0.90651171875 0.869375 0.014065104166666667 0.06097222222222222
0 0.7437440104166666 0.8437726851851852 0.0135296875 0.01902685185185185
0 0.68549921875 0.7777055555555555 0.006415104166666667 0.01467037037037037
0 0.6550549479166666 0.8555495370370371 0.008026562499999999 0.012950925925925926
0 0.70920546875 0.612450462962963 0.0038276041666666667 0.010086111111111112
0 0.9269216145833333 0.28051157407407407 0.019468229166666667 0.057319444444444444
0 0.8919716145833333 0.14114027777777777 0.0141515625 0.05265092592592593
0 0.93839921875 0.241512037037037 0.013256770833333332 0.033024074074074074
0 0.9464864583333333 0.4137986111111111 0.008597916666666667 0.033152777777777774
0 0.83706328125 0.2584018518518519 0.012668229166666666 0.02421111111111111
0 0.8888247395833333 0.6766791666666666 0.015149479166666667 0.03669166666666667
0 0.9568971354166667 0.5431527777777778 0.010669270833333333 0.02149074074074074
0 0.9775661458333332 0.7099300925925927 0.021798958333333333 0.060600925925925926
0 0.24537239583333334 0.3081157407407407 0.008453125 0.016231481481481482
0 0.28460234375 0.19357685185185183 0.0067046875 0.013079629629629629
0 0.3411296875 0.5861949074074074 0.004134375 0.009426851851851851
0 0.1439640625 0.8243777777777778 0.0077197916666666665 0.019125925925925925
1 0.5 0.4649125 1.0 0.929825
0 0.8871747395833334 0.6589157407407408 0.009766145833333333 0.04190555555555556
0 0.6463455729166667 0.8520435185185186 0.016649479166666665 0.022605555555555556
0 0.5408723958333332 0.8615393518518518 0.027578125000000002 0.03048611111111111
0 0.5377424479166667 0.54325 0.011943229166666668 0.02353703703703704
0 0.8054299479166667 0.23054907407407407 0.020234895833333332 0.04257962962962963
0 0.8668065104166666 0.2914055555555556 0.021113020833333333 0.05318148148148148
0 0.8700393229166666 0.29759953703703707 0.014036979166666666 0.03223611111111111
0 0.9882971354166667 0.4174587962962963 0.009927604166666666 0.02565833333333333
0 0.9655742187499999 0.41355000000000003 0.010315104166666667 0.01598888888888889
0 0.9778721354166666 0.33446990740740745 0.0099109375 0.061532407407407404
0 0.8204075520833333 0.15963518518518519 0.009565104166666666 0.01927037037037037
0 0.9439572916666666 0.17657175925925925 0.010831249999999999 0.01425462962962963
0 0.9579320312499999 0.04478287037037037 0.005447395833333333 0.013639814814814815
0 0.16353125000000002 0.45083935185185187 0.0270625 0.10723425925925927
0 0.20008489583333333 0.4673703703703704 0.028294791666666666 0.056962962962962965
0 0.22269479166666667 0.4067791666666667 0.016222916666666667 0.03207685185185185
0 0.07887734375000001 0.5665087962962964 0.015046354166666666 0.04227685185185185
0 0.016155729166666667 0.20828148148148148 0.017728124999999997 0.10174814814814816
0 0.09349088541666667 0.1304861111111111 0.014065104166666667 0.06097222222222222
0 0.25624401041666667 0.15580972222222222 0.0135296875 0.01902685185185185
0 0.3141450520833333 0.22215 0.006415104166666667 0.01467037037037037
0 0.34515911458333337 0.14443842592592593 0.008026562499999999 0.012950925925925926
0 0.2909763020833333 0.387450462962963 0.0038276041666666667 0.010086111111111112
0 0.07275494791666667 0.719400462962963 0.019468229166666667 0.057319444444444444
0 0.10811744791666666 0.8587328703703704 0.0141515625 0.05265092592592593
0 0.06131588541666667 0.7581787037037037 0.013256770833333332 0.033024074074074074
0 0.05325729166666667 0.5860208333333333 0.008597916666666667 0.033152777777777774
0 0.16310494791666666 0.7417351851851851 0.012668229166666666 0.02421111111111111
0 0.11122057291666666 0.32390138888888886 0.015149479166666667 0.03669166666666667
0 0.04283463541666667 0.4570416666666667 0.010669270833333333 0.02149074074074074
0 0.0223578125 0.2895597222222222 0.021798958333333333 0.060600925925925926
0 0.7542265625 0.692375 0.008453125 0.016231481481481482
0 0.7153315104166666 0.8065398148148148 0.0067046875 0.013079629629629629
0 0.6588380208333333 0.4139726851851852 0.004134375 0.009426851851851851
0 0.8559432291666667 0.1753037037037037 0.0077197916666666665 0.019125925925925925
1 0.49973958333333335 0.5370370370370371 0.9994791666666667 0.924074074074074
0 0.128125 0.24675925925925926 0.010416666666666666 0.041666666666666664
0 0.3828125 0.11527777777777778 0.016666666666666666 0.019444444444444445
0 0.48802083333333335 0.13148148148148148 0.029166666666666667 0.03148148148148148
0 0.4661458333333333 0.4476851851851852 0.0125 0.023148148148148147
0 0.17630208333333333 0.6912037037037037 0.019270833333333334 0.04351851851851852
0 0.12057291666666667 0.6157407407407407 0.019270833333333334 0.053703703703703705
0 0.11744791666666667 0.6101851851851852 0.011979166666666667 0.03333333333333333
0 0.01015625 0.46064814814814814 0.008854166666666666 0.025
0 0.03229166666666667 0.47129629629629627 0.010416666666666666 0.016666666666666666
0 0.013541666666666667 0.5462962962962963 0.008333333333333333 0.06111111111111111
0 0.050520833333333334 0.9611111111111111 0.0125 0.018518518518518517
0 0.15651041666666668 0.7583333333333333 0.008854166666666666 0.020370370370370372
0 0.03463541666666667 0.7101851851851851 0.0109375 0.012962962962962963
0 0.010677083333333334 0.837037037037037 0.005729166666666666 0.014814814814814815
0 0.8286458333333333 0.6314814814814815 0.03125 0.10555555555555556
0 0.7940104166666667 0.6074074074074074 0.028645833333333332 0.05740740740740741
0 0.7669270833333334 0.6606481481481481 0.0171875 0.032407407407407406
0 0.9221354166666667 0.5388888888888889 0.016145833333333335 0.040740740740740744
0 0.9559895833333333 0.9097222222222222 0.0203125 0.10092592592592593
0 0.8731770833333333 0.9657407407407408 0.018229166666666668 0.05740740740740741
0 0.7143229166666667 0.9004629629629629 0.011979166666666667 0.021296296296296296
0 0.6622395833333333 0.8212962962962963 0.0067708333333333336 0.014814814814814815
0 0.62578125 0.8902777777777777 0.0078125 0.012037037037037037
0 0.6986979166666667 0.6625 0.0036458333333333334 0.010185185185185186
0 0.9403645833333333 0.38842592592592595 0.018229166666666668 0.05462962962962963
0 0.9161458333333333 0.2412037037037037 0.014583333333333334 0.05277777777777778
0 0.95390625 0.35324074074074074 0.013020833333333334 0.03425925925925926
0 0.9494791666666667 0.5254629629629629 0.007291666666666667 0.03425925925925926
0 0.853125 0.3449074074074074 0.0125 0.023148148148148147
0 0.8713541666666667 0.7708333333333334 0.013541666666666667 0.03796296296296296
0 0.94921875 0.6564814814814814 0.009895833333333333 0.022222222222222223
0 0.9559895833333333 0.8277777777777777 0.021354166666666667 0.05925925925925926
0 0.2630208333333333 0.24722222222222223 0.007291666666666667 0.016666666666666666
0 0.3106770833333333 0.14305555555555555 0.0067708333333333336 0.012037037037037037
0 0.33619791666666665 0.5462962962962963 0.0046875 0.009259259259259259
0 0.12213541666666666 0.7337962962962963 0.0067708333333333336 0.019444444444444445
1 0.5 0.5352828703703704 1.0 0.929825
0 0.11269557291666667 0.3413231481481482 0.009766145833333333 0.04190555555555556
0 0.3536372395833334 0.1483398148148148 0.016649479166666665 0.022605555555555556
0 0.4591015625 0.1383912037037037 0.027578125000000002 0.03048611111111111
0 0.46222161458333333 0.4571388888888889 0.011943229166666668 0.02353703703703704
0 0.19449244791666667 0.769437962962963 0.020234895833333332 0.04257962962962963
0 0.13295234375 0.7089981481481481 0.021113020833333333 0.05318148148148148
0 0.12993515625000002 0.7022291666666667 0.014036979166666666 0.03223611111111111
0 0.011734635416666667 0.5831995370370371 0.009927604166666666 0.02565833333333333
0 0.03432421875 0.5866981481481481 0.010315104166666667 0.01598888888888889
0 0.02214296875 0.6659513888888888 0.0099109375 0.061532407407407404
0 0.17978255208333332 0.8411166666666666 0.009565104166666666 0.01927037037037037
0 0.055936458333333335 0.8228680555555555 0.010831249999999999 0.01425462962962963
0 0.04178619791666667 0.9549680555555556 0.005447395833333333 0.013639814814814815
0 0.8364479166666666 0.5489875000000001 0.0270625 0.10723425925925927
0 0.8000848958333333 0.5321851851851852 0.028294791666666666 0.056962962962962965
0 0.7773822916666667 0.5938162037037037 0.016222916666666667 0.03207685185185185
0 0.9210648437500001 0.4341013888888889 0.015046354166666666 0.04227685185185185
0 0.9838640625 0.7916148148148148 0.017728124999999997 0.10174814814814816
0 0.90651171875 0.869375 0.014065104166666667 0.06097222222222222
0 0.7437440104166666 0.8437726851851852 0.0135296875 0.01902685185185185
0 0.68549921875 0.7777055555555555 0.006415104166666667 0.01467037037037037
0 0.6550549479166666 0.8555495370370371 0.008026562499999999 0.012950925925925926
0 0.70920546875 0.612450462962963 0.0038276041666666667 0.010086111111111112
0 0.9269216145833333 0.28051157407407407 0.019468229166666667 0.057319444444444444
0 0.8919716145833333 0.14114027777777777 0.0141515625 0.05265092592592593
0 0.93839921875 0.241512037037037 0.013256770833333332 0.033024074074074074
0 0.9464864583333333 0.4137986111111111 0.008597916666666667 0.033152777777777774
0 0.83706328125 0.2584018518518519 0.012668229166666666 0.02421111111111111
0 0.8888247395833333 0.6766791666666666 0.015149479166666667 0.03669166666666667
0 0.9568971354166667 0.5431527777777778 0.010669270833333333 0.02149074074074074
0 0.9775661458333332 0.7099300925925927 0.021798958333333333 0.060600925925925926
0 0.24537239583333334 0.3081157407407407 0.008453125 0.016231481481481482
0 0.28460234375 0.19357685185185183 0.0067046875 0.013079629629629629
0 0.3411296875 0.5861949074074074 0.004134375 0.009426851851851851
0 0.1439640625 0.8243777777777778 0.0077197916666666665 0.019125925925925925
