1 0.49973958333333335 0.5393518518518519 0.9994791666666667 0.9212962962962963
0 0.07317708333333334 0.7597222222222222 0.024479166666666666 0.06388888888888888
0 0.22890625 0.28564814814814815 0.016145833333333335 0.04537037037037037
0 0.2752604166666667 0.30925925925925923 0.011979166666666667 0.022222222222222223
0 0.26848958333333334 0.6416666666666667 0.015104166666666667 0.02962962962962963
0 0.30078125 0.700462962962963 0.0067708333333333336 0.017592592592592594
0 0.2526041666666667 0.8337962962962963 0.019791666666666666 0.03981481481481482
0 0.2838541666666667 0.8856481481481482 0.022916666666666665 0.028703703703703703
0 0.303125 0.9421296296296297 0.017708333333333333 0.030555555555555555
0 0.5380208333333333 0.8740740740740741 0.019791666666666666 0.03333333333333333
0 0.8955729166666667 0.6162037037037037 0.008854166666666666 0.04351851851851852
0 0.6630208333333333 0.11712962962962963 0.020833333333333332 0.032407407407407406
0 0.7895833333333333 0.21388888888888888 0.00625 0.012962962962962963
0 0.7890625 0.15462962962962962 0.00625 0.022222222222222223
0 0.26927083333333335 0.20092592592592592 0.023958333333333335 0.09259259259259259
0 0.94296875 0.3421296296296296 0.008854166666666666 0.025
0 0.8888020833333333 0.8287037037037037 0.0067708333333333336 0.018518518518518517
0 0.5166666666666667 0.8324074074074074 0.029166666666666667 0.06851851851851852
0 0.5377604166666666 0.9548611111111112 0.018229166666666668 0.022685185185185187
0 0.5119791666666667 0.9680555555555556 0.0125 0.03425925925925926
0 0.544140625 0.9905092592592593 0.026822916666666665 0.016203703703703703
1 0.5 0.5107810185185185 1.0 0.9789694444444444
0 0.8944653645833333 0.8881013888888889 0.024347395833333334 0.06323981481481482
0 0.7872205729166667 0.3741925925925926 0.018191145833333332 0.04468148148148148
0 0.7402049479166667 0.38211666666666666 0.012701562500000001 0.023492592592592593
0 0.71363359375 0.7116513888888889 0.015808854166666667 0.028858333333333337
0 0.6772018229166666 0.759025925925926 0.006486979166666667 0.0162
0 0.7117151041666666 0.9049925925925927 0.02030520833333333 0.03776296296296296
0 0.67526953125 0.947763888888889 0.02449739583333333 0.02515740740740741
0 0.6512950520833333 0.9896203703703703 0.019256770833333332 0.01998148148148148
0 0.42591484375 0.8564277777777778 0.018496354166666666 0.03507777777777778
0 0.09953645833333334 0.49190601851851856 0.006364583333333334 0.0430712962962963
0 0.37717447916666663 0.07194166666666667 0.019973958333333333 0.03277222222222222
0 0.24306796875 0.12868564814814815 0.006969270833333333 0.012926851851851853
0 0.24903802083333335 0.07020138888888888 0.007451041666666667 0.02188425925925926
0 0.75522734375 0.2775541666666667 0.027121354166666667 0.09584907407407407
0 0.07924609375 0.20768055555555553 0.009533854166666666 0.02462037037037037
0 0.08532395833333334 0.7035893518518518 0.006064583333333333 0.018289814814814814
0 0.45230651041666664 0.8216060185185186 0.028571354166666667 0.06913796296296296
0 0.41841744791666663 0.9362060185185185 0.020168229166666666 0.027967592592592593
0 0.44313281250000003 0.9564444444444444 0.013348958333333332 0.03140740740740741
0 0.4086783854166667 0.968925 0.026731770833333335 0.021183333333333332
1 0.5 0.5395782407407408 1.0 0.9217490740740741
0 0.9294479166666666 0.7467384259259259 0.024520833333333332 0.06384722222222222
0 0.7689591145833333 0.2773115740740741 0.016043229166666666 0.04536388888888889
0 0.7226372395833334 0.30269537037037036 0.011941145833333333 0.022057407407407408
0 0.7330354166666667 0.6342731481481482 0.015029166666666668 0.02965740740740741
0 0.7013651041666668 0.694036574074074 0.006896875 0.01770277777777778
0 0.7505557291666667 0.8255972222222222 0.019861458333333335 0.04008333333333333
0 0.71974453125 0.8785375000000001 0.022822395833333335 0.02929722222222222
0 0.7014747395833333 0.9358884259259259 0.017532812499999998 0.031036111111111108
0 0.46570989583333333 0.8749407407407408 0.019961458333333335 0.033214814814814815
0 0.10566354166666667 0.6282453703703703 0.00924375 0.043527777777777776
0 0.33335911458333334 0.1217888888888889 0.02088489583333333 0.032466666666666665
0 0.2078119791666667 0.2231388888888889 0.006248958333333333 0.012944444444444444
0 0.20735494791666667 0.16388703703703703 0.0063765625 0.022218518518518516
0 0.7279458333333333 0.19420324074074075 0.0236 0.09211018518518518
0 0.055463541666666664 0.35601666666666665 0.008843750000000001 0.024996296296296294
0 0.11439505208333332 0.8407717592592593 0.006915104166666667 0.018580555555555555
0 0.48647890625 0.8325717592592593 0.0292078125 0.06884722222222223
0 0.4670369791666667 0.9560680555555555 0.01844895833333333 0.02324722222222222
0 0.49267786458333335 0.9681699074074074 0.012439062499999999 0.03448796296296296
0 0.4607893229166667 0.9914138888888889 0.026786979166666666 0.016161111111111112
1 0.49973958333333335 0.5393518518518519 0.9994791666666667 0.9212962962962963
0 0.07317708333333334 0.7597222222222222 0.024479166666666666 0.06388888888888888
0 0.22890625 0.28564814814814815 0.016145833333333335 0.04537037037037037
0 0.2752604166666667 0.30925925925925923 0.011979166666666667 0.022222222222222223
0 0.26848958333333334 0.6416666666666667 0.015104166666666667 0.02962962962962963
0 0.30078125 0.700462962962963 0.0067708333333333336 0.017592592592592594
0 0.2526041666666667 0.8337962962962963 0.019791666666666666 0.03981481481481482
0 0.2838541666666667 0.8856481481481482 0.022916666666666665 0.028703703703703703
0 0.303125 0.9421296296296297 0.017708333333333333 0.030555555555555555
0 0.5380208333333333 0.8740740740740741 0.019791666666666666 0.03333333333333333
0 0.8955729166666667 0.6162037037037037 0.008854166666666666 0.04351851851851852
0 0.6630208333333333 0.11712962962962963 0.020833333333333332 0.032407407407407406
0 0.7895833333333333 0.21388888888888888 0.00625 0.012962962962962963
0 0.7890625 0.15462962962962962 0.00625 0.022222222222222223
0 0.26927083333333335 0.20092592592592592 0.023958333333333335 0.09259259259259259
0 0.94296875 0.3421296296296296 0.008854166666666666 0.025
0 0.8888020833333333 0.8287037037037037 0.0067708333333333336 0.018518518518518517
0 0.5166666666666667 0.8324074074074074 0.029166666666666667 0.06851851851851852
0 0.5377604166666666 0.9548611111111112 0.018229166666666668 0.022685185185185187
0 0.5119791666666667 0.9680555555555556 0.0125 0.03425925925925926
0 0.544140625 0.9905092592592593 0.026822916666666665 0.016203703703703703
1 0.5 0.5107810185185185 1.0 0.9789694444444444
0 0.8944653645833333 0.8881013888888889 0.024347395833333334 0.06323981481481482
0 0.7872205729166667 0.3741925925925926 0.018191145833333332 0.04468148148148148
0 0.7402049479166667 0.38211666666666666 0.012701562500000001 0.023492592592592593
0 0.71363359375 0.7116513888888889 0.015808854166666667 0.028858333333333337
0 0.6772018229166666 0.759025925925926 0.006486979166666667 0.0162
0 0.7117151041666666 0.9049925925925927 0.02030520833333333 0.03776296296296296
0 0.67526953125 0.947763888888889 0.02449739583333333 0.02515740740740741
0 0.6512950520833333 0.9896203703703703 0.019256770833333332 0.01998148148148148
0 0.42591484375 0.8564277777777778 0.018496354166666666 0.03507777777777778
0 0.09953645833333334 0.49190601851851856 0.006364583333333334 0.0430712962962963
0 0.37717447916666663 0.07194166666666667 0.019973958333333333 0.03277222222222222
0 0.24306796875 0.12868564814814815 0.006969270833333333 0.012926851851851853
0 0.24903802083333335 0.07020138888888888 0.007451041666666667 0.02188425925925926
0 0.75522734375 0.2775541666666667 0.027121354166666667 0.09584907407407407
0 0.07924609375 0.20768055555555553 0.009533854166666666 0.02462037037037037
0 0.08532395833333334 0.7035893518518518 0.006064583333333333 0.018289814814814814
0 0.45230651041666664 0.8216060185185186 0.028571354166666667 0.06913796296296296
0 0.41841744791666663 0.9362060185185185 0.020168229166666666 0.027967592592592593
0 0.44313281250000003 0.9564444444444444 0.013348958333333332 0.03140740740740741
0 0.4086783854166667 0.968925 0.026731770833333335 0.021183333333333332
1 0.5 0.5395782407407408 1.0 0.9217490740740741
0 0.9294479166666666 0.7467384259259259 0.024520833333333332 0.06384722222222222
0 0.7689591145833333 0.2773115740740741 0.016043229166666666 0.04536388888888889
0 0.7226372395833334 0.30269537037037036 0.011941145833333333 0.022057407407407408
0 0.7330354166666667 0.6342731481481482 0.015029166666666668 0.02965740740740741
0 0.7013651041666668 0.694036574074074 0.006896875 0.01770277777777778
0 0.7505557291666667 0.8255972222222222 0.019861458333333335 0.04008333333333333
0 0.71974453125 0.8785375000000001 0.022822395833333335 0.02929722222222222
0 0.7014747395833333 0.9358884259259259 0.017532812499999998 0.031036111111111108
0 0.46570989583333333 0.8749407407407408 0.019961458333333335 0.033214814814814815
0 0.10566354166666667 0.6282453703703703 0.00924375 0.043527777777777776
0 0.33335911458333334 0.1217888888888889 0.02088489583333333 0.032466666666666665
0 0.2078119791666667 0.2231388888888889 0.006248958333333333 0.012944444444444444
0 0.20735494791666667 0.16388703703703703 0.0063765625 0.022218518518518516
0 0.7279458333333333 0.19420324074074075 0.0236 0.09211018518518518
0 0.055463541666666664 0.35601666666666665 0.008843750000000001 0.024996296296296294
0 0.11439505208333332 0.8407717592592593 0.006915104166666667 0.018580555555555555
0 0.48647890625 0.8325717592592593 0.0292078125 0.06884722222222223
0 0.4670369791666667 0.9560680555555555 0.01844895833333333 0.02324722222222222
0 0.49267786458333335 0.9681699074074074 0.012439062499999999 0.03448796296296296
0 0.4607893229166667 0.9914138888888889 0.026786979166666666 0.016161111111111112
