1 0.49973958333333335 0.5365740740740741 0.9994791666666667 0.925
0 0.2375 0.8462962962962963 0.022916666666666665 0.04259259259259259
0 0.33828125 0.8458333333333333 0.0171875 0.032407407407407406
0 0.6856770833333333 0.49166666666666664 0.011979166666666667 0.03518518518518519
0 0.6114583333333333 0.3351851851851852 0.023958333333333335 0.037037037037037035
0 0.521875 0.6333333333333333 0.016666666666666666 0.024074074074074074
0 0.5625 0.6777777777777778 0.016666666666666666 0.018518518518518517
0 0.5315104166666667 0.8476851851851852 0.015104166666666667 0.025
0 0.3111979166666667 0.7625 0.0140625 0.030555555555555555
0 0.5502604166666667 0.20015416666666666 0.022395833333333334 0.05030833333333333
0 0.5309895833333333 0.21666666666666667 0.0234375 0.027777777777777776
0 0.66015625 0.25555555555555554 0.018229166666666668 0.027777777777777776
0 0.6697916666666667 0.3398148148148148 0.022916666666666665 0.04814814814814815
0 0.6729166666666667 0.43148148148148147 0.011458333333333333 0.018518518518518517
0 0.346875 0.7069444444444445 0.013541666666666667 0.025
0 0.3511283854166667 0.6735083333333334 0.01788177083333333 0.01923888888888889
0 0.43385416666666665 0.9868828703703704 0.023958333333333335 0.023765740740740744
0 0.48671875 0.9471194444444444 0.015104166666666667 0.03683148148148148
0 0.19739583333333333 0.3699074074074074 0.019791666666666666 0.028703703703703703
0 0.14088541666666668 0.6731481481481482 0.013020833333333334 0.027777777777777776
0 0.13359375 0.5578703703703703 0.0203125 0.04351851851851852
0 0.13567708333333334 0.17314814814814813 0.0140625 0.03518518518518519
0 0.15373098958333334 0.7464814814814815 0.03246197916666667 0.07814814814814815
0 0.15859375 0.22058101851851852 0.015104166666666667 0.03190277777777777
0 0.7968794270833333 0.6523148148148148 0.041675520833333334 0.07314814814814814
0 0.8213541666666667 0.44537037037037036 0.014583333333333334 0.027777777777777776
0 0.8375 0.38055555555555554 0.015625 0.03148148148148148
0 0.7078125 0.7976851851851852 0.011458333333333333 0.023148148148148147
0 0.8 0.612037037037037 0.011458333333333333 0.020370370370370372
0 0.8221354166666667 0.7263888888888889 0.0203125 0.0712962962962963
0 0.8677083333333333 0.41805555555555557 0.010416666666666666 0.019444444444444445
0 0.17838541666666666 0.5472222222222223 0.015104166666666667 0.025925925925925925
0 0.11328125 0.5069444444444444 0.008854166666666666 0.017592592592592594
1 0.5002604166666667 0.5365740740740741 0.9994791666666667 0.925
0 0.7625 0.8462962962962963 0.022916666666666665 0.04259259259259259
0 0.66171875 0.8458333333333333 0.0171875 0.032407407407407406
0 0.3143229166666667 0.49166666666666664 0.011979166666666667 0.03518518518518519
0 0.3885416666666667 0.3351851851851852 0.023958333333333335 0.037037037037037035
0 0.478125 0.6333333333333333 0.016666666666666666 0.024074074074074074
0 0.4375 0.6777777777777778 0.016666666666666666 0.018518518518518517
0 0.46848958333333335 0.8476851851851852 0.015104166666666667 0.025
0 0.6888020833333334 0.7625 0.0140625 0.030555555555555555
0 0.44973958333333336 0.20015416666666666 0.022395833333333334 0.05030833333333333
0 0.46901041666666665 0.21666666666666667 0.0234375 0.027777777777777776
0 0.33984375 0.25555555555555554 0.018229166666666668 0.027777777777777776
0 0.3302083333333333 0.3398148148148148 0.022916666666666665 0.04814814814814815
0 0.32708333333333334 0.43148148148148147 0.011458333333333333 0.018518518518518517
0 0.653125 0.7069444444444445 0.013541666666666667 0.025
0 0.6490450520833334 0.6735083333333334 0.01788177083333333 0.01923888888888889
0 0.5661458333333333 0.9868828703703704 0.023958333333333335 0.023765740740740744
0 0.51328125 0.9471194444444444 0.015104166666666667 0.03683148148148148
0 0.8026041666666667 0.3699074074074074 0.019791666666666666 0.028703703703703703
0 0.8591145833333333 0.6731481481481482 0.013020833333333334 0.027777777777777776
0 0.86640625 0.5578703703703703 0.0203125 0.04351851851851852
0 0.8643229166666667 0.17314814814814813 0.0140625 0.03518518518518519
0 0.8464393229166667 0.7464814814814815 0.03246197916666667 0.07814814814814815
0 0.84140625 0.22058101851851852 0.015104166666666667 0.03190277777777777
0 0.20312942708333334 0.6523148148148148 0.041675520833333334 0.07314814814814814
0 0.17864583333333334 0.44537037037037036 0.014583333333333334 0.027777777777777776
0 0.1625 0.38055555555555554 0.015625 0.03148148148148148
0 0.2921875 0.7976851851851852 0.011458333333333333 0.023148148148148147
0 0.2 0.612037037037037 0.011458333333333333 0.020370370370370372
0 0.17786458333333333 0.7263888888888889 0.0203125 0.0712962962962963
0 0.13229166666666667 0.41805555555555557 0.010416666666666666 0.019444444444444445
0 0.8216145833333334 0.5472222222222223 0.015104166666666667 0.025925925925925925
0 0.88671875 0.5069444444444444 0.008854166666666666 0.017592592592592594
1 0.5 0.46113703703703707 1.0 0.9222740740740741
0 0.24121223958333332 0.14527037037037036 0.023049479166666668 0.04239259259259259
0 0.341509375 0.1494212962962963 0.01739375 0.03217592592592593
0 0.6856671875 0.5139912037037037 0.011959375 0.03538981481481481
0 0.6099484375 0.6683217592592593 0.024063541666666667 0.03664351851851852
0 0.52341796875 0.3677037037037037 0.016627604166666667 0.024296296296296295
0 0.5640611979166666 0.32410509259259257 0.0166640625 0.018580555555555555
0 0.5351596354166667 0.15320648148148147 0.015110937500000001 0.02493148148148148
0 0.3138736979166667 0.23195 0.014205729166666665 0.030566666666666666
0 0.5475591145833333 0.8010907407407407 0.0222015625 0.050329629629629634
0 0.5284200520833333 0.7840712962962963 0.023506770833333336 0.027401851851851854
0 0.6575778645833333 0.749087962962963 0.018280729166666666 0.027805555555555556
0 0.6680864583333334 0.6649564814814815 0.02263125 0.04843148148148148
0 0.6724630208333333 0.5740162037037037 0.011592708333333333 0.01840277777777778
0 0.34902083333333334 0.28844027777777775 0.013666666666666666 0.025028703703703702
0 0.35269765625 0.32183703703703703 0.0178953125 0.0196
0 0.43850364583333334 0.011223611111111111 0.023882291666666666 0.022447222222222223
0 0.49090234375 0.05251481481481481 0.015138020833333333 0.03651111111111111
0 0.19590911458333332 0.6206615740740741 0.019943229166666666 0.028360185185185186
0 0.14246510416666666 0.3157953703703704 0.013055208333333334 0.027887037037037037
0 0.13401770833333335 0.4311365740740741 0.02011875 0.04375462962962963
0 0.1325375 0.8157055555555556 0.014033333333333333 0.035114814814814814
0 0.15610911458333335 0.2432587962962963 0.0330515625 0.07725833333333333
0 0.15595208333333332 0.7688180555555555 0.015029166666666668 0.03208055555555556
0 0.7982098958333333 0.35735509259259257 0.04121145833333333 0.07396944444444445
0 0.82083671875 0.5649337962962964 0.014590104166666668 0.02801574074074074
0 0.8364570312499999 0.6296027777777777 0.015622395833333334 0.03142777777777778
0 0.7109002604166667 0.20888333333333334 0.011383854166666667 0.02332222222222222
0 0.8010588541666667 0.3972449074074074 0.011492708333333332 0.02041574074074074
0 0.8244927083333333 0.2839041666666666 0.01981875 0.07151203703703704
0 0.8666114583333333 0.5932074074074074 0.01030625 0.019748148148148147
0 0.17897786458333334 0.4425180555555555 0.015247395833333333 0.02577685185185185
0 0.11329427083333334 0.48109814814814816 0.008880208333333334 0.017751851851851852
1 0.49973958333333335 0.5365740740740741 0.9994791666666667 0.925
0 0.2375 0.8462962962962963 0.022916666666666665 0.04259259259259259
0 0.33828125 0.8458333333333333 0.0171875 0.032407407407407406
0 0.6856770833333333 0.49166666666666664 0.011979166666666667 0.03518518518518519
0 0.6114583333333333 0.3351851851851852 0.023958333333333335 0.037037037037037035
0 0.521875 0.6333333333333333 0.016666666666666666 0.024074074074074074
0 0.5625 0.6777777777777778 0.016666666666666666 0.018518518518518517
0 0.5315104166666667 0.8476851851851852 0.015104166666666667 0.025
0 0.3111979166666667 0.7625 0.0140625 0.030555555555555555
0 0.5502604166666667 0.20015416666666666 0.022395833333333334 0.05030833333333333
0 0.5309895833333333 0.21666666666666667 0.0234375 0.027777777777777776
0 0.66015625 0.25555555555555554 0.018229166666666668 0.027777777777777776
0 0.6697916666666667 0.3398148148148148 0.022916666666666665 0.04814814814814815
0 0.6729166666666667 0.43148148148148147 0.011458333333333333 0.018518518518518517
0 0.346875 0.7069444444444445 0.013541666666666667 0.025
0 0.3511283854166667 0.6735083333333334 0.01788177083333333 0.01923888888888889
0 0.43385416666666665 0.9868828703703704 0.023958333333333335 0.023765740740740744
0 0.48671875 0.9471194444444444 0.015104166666666667 0.03683148148148148
0 0.19739583333333333 0.3699074074074074 0.019791666666666666 0.028703703703703703
0 0.14088541666666668 0.6731481481481482 0.013020833333333334 0.027777777777777776
0 0.13359375 0.5578703703703703 0.0203125 0.04351851851851852
0 0.13567708333333334 0.17314814814814813 0.0140625 0.03518518518518519
0 0.15373098958333334 0.7464814814814815 0.03246197916666667 0.07814814814814815
0 0.15859375 0.22058101851851852 0.015104166666666667 0.03190277777777777
0 0.7968794270833333 0.6523148148148148 0.041675520833333334 0.07314814814814814
0 0.8213541666666667 0.44537037037037036 0.014583333333333334 0.027777777777777776
0 0.8375 0.38055555555555554 0.015625 0.03148148148148148
0 0.7078125 0.7976851851851852 0.011458333333333333 0.023148148148148147
0 0.8 0.612037037037037 0.011458333333333333 0.020370370370370372
0 0.8221354166666667 0.7263888888888889 0.0203125 0.0712962962962963
0 0.8677083333333333 0.41805555555555557 0.010416666666666666 0.019444444444444445
0 0.17838541666666666 0.5472222222222223 0.015104166666666667 0.025925925925925925
0 0.11328125 0.5069444444444444 0.008854166666666666 0.017592592592592594
1 0.5002604166666667 0.5365740740740741 0.9994791666666667 0.925
0 0.7625 0.8462962962962963 0.022916666666666665 0.04259259259259259
0 0.66171875 0.8458333333333333 0.0171875 0.032407407407407406
0 0.3143229166666667 0.49166666666666664 0.011979166666666667 0.03518518518518519
0 0.3885416666666667 0.3351851851851852 0.023958333333333335 0.037037037037037035
0 0.478125 0.6333333333333333 0.016666666666666666 0.024074074074074074
0 0.4375 0.6777777777777778 0.016666666666666666 0.018518518518518517
0 0.46848958333333335 0.8476851851851852 0.015104166666666667 0.025
0 0.6888020833333334 0.7625 0.0140625 0.030555555555555555
0 0.44973958333333336 0.20015416666666666 0.022395833333333334 0.05030833333333333
0 0.46901041666666665 0.21666666666666667 0.0234375 0.027777777777777776
0 0.33984375 0.25555555555555554 0.018229166666666668 0.027777777777777776
0 0.3302083333333333 0.3398148148148148 0.022916666666666665 0.04814814814814815
0 0.32708333333333334 0.43148148148148147 0.011458333333333333 0.018518518518518517
0 0.653125 0.7069444444444445 0.013541666666666667 0.025
0 0.6490450520833334 0.6735083333333334 0.01788177083333333 0.01923888888888889
0 0.5661458333333333 0.9868828703703704 0.023958333333333335 0.023765740740740744
0 0.51328125 0.9471194444444444 0.015104166666666667 0.03683148148148148
0 0.8026041666666667 0.3699074074074074 0.019791666666666666 0.028703703703703703
0 0.8591145833333333 0.6731481481481482 0.013020833333333334 0.027777777777777776
0 0.86640625 0.5578703703703703 0.0203125 0.04351851851851852
0 0.8643229166666667 0.17314814814814813 0.0140625 0.03518518518518519
0 0.8464393229166667 0.7464814814814815 0.03246197916666667 0.07814814814814815
0 0.84140625 0.22058101851851852 0.015104166666666667 0.03190277777777777
0 0.20312942708333334 0.6523148148148148 0.041675520833333334 0.07314814814814814
0 0.17864583333333334 0.44537037037037036 0.014583333333333334 0.027777777777777776
0 0.1625 0.38055555555555554 0.015625 0.03148148148148148
0 0.2921875 0.7976851851851852 0.011458333333333333 0.023148148148148147
0 0.2 0.612037037037037 0.011458333333333333 0.020370370370370372
0 0.17786458333333333 0.7263888888888889 0.0203125 0.0712962962962963
0 0.13229166666666667 0.41805555555555557 0.010416666666666666 0.019444444444444445
0 0.8216145833333334 0.5472222222222223 0.015104166666666667 0.025925925925925925
0 0.88671875 0.5069444444444444 0.008854166666666666 0.017592592592592594
1 0.5 0.46113703703703707 1.0 0.9222740740740741
0 0.24121223958333332 0.14527037037037036 0.023049479166666668 0.04239259259259259
0 0.341509375 0.1494212962962963 0.01739375 0.03217592592592593
0 0.6856671875 0.5139912037037037 0.011959375 0.03538981481481481
0 0.6099484375 0.6683217592592593 0.024063541666666667 0.03664351851851852
0 0.52341796875 0.3677037037037037 0.016627604166666667 0.024296296296296295
0 0.5640611979166666 0.32410509259259257 0.0166640625 0.018580555555555555
0 0.5351596354166667 0.15320648148148147 0.015110937500000001 0.02493148148148148
0 0.3138736979166667 0.23195 0.014205729166666665 0.030566666666666666
0 0.5475591145833333 0.8010907407407407 0.0222015625 0.050329629629629634
0 0.5284200520833333 0.7840712962962963 0.023506770833333336 0.027401851851851854
0 0.6575778645833333 0.749087962962963 0.018280729166666666 0.027805555555555556
0 0.6680864583333334 0.6649564814814815 0.02263125 0.04843148148148148
0 0.6724630208333333 0.5740162037037037 0.011592708333333333 0.01840277777777778
0 0.34902083333333334 0.28844027777777775 0.013666666666666666 0.025028703703703702
0 0.35269765625 0.32183703703703703 0.0178953125 0.0196
0 0.43850364583333334 0.011223611111111111 0.023882291666666666 0.022447222222222223
0 0.49090234375 0.05251481481481481 0.015138020833333333 0.03651111111111111
0 0.19590911458333332 0.6206615740740741 0.019943229166666666 0.028360185185185186
0 0.14246510416666666 0.3157953703703704 0.013055208333333334 0.027887037037037037
0 0.13401770833333335 0.4311365740740741 0.02011875 0.04375462962962963
0 0.1325375 0.8157055555555556 0.014033333333333333 0.035114814814814814
0 0.15610911458333335 0.2432587962962963 0.0330515625 0.07725833333333333
0 0.15595208333333332 0.7688180555555555 0.015029166666666668 0.03208055555555556
0 0.7982098958333333 0.35735509259259257 0.04121145833333333 0.07396944444444445
0 0.82083671875 0.5649337962962964 0.014590104166666668 0.02801574074074074
0 0.8364570312499999 0.6296027777777777 0.015622395833333334 0.03142777777777778
0 0.7109002604166667 0.20888333333333334 0.011383854166666667 0.02332222222222222
0 0.8010588541666667 0.3972449074074074 0.011492708333333332 0.02041574074074074
0 0.8244927083333333 0.2839041666666666 0.01981875 0.07151203703703704
0 0.8666114583333333 0.5932074074074074 0.01030625 0.019748148148148147
0 0.17897786458333334 0.4425180555555555 0.015247395833333333 0.02577685185185185
0 0.11329427083333334 0.48109814814814816 0.008880208333333334 0.017751851851851852
