1 0.5 0.5256736111111111 1.0 0.9494953703703704
0 0.7786919270833333 0.4096101851851852 0.023008854166666665 0.039590740740740746
0 0.7887528645833334 0.5083884259259259 0.018130729166666668 0.05011018518518519
0 0.7946177083333333 0.6323648148148148 0.01319375 0.02398888888888889
0 0.8591903645833334 0.7015509259259259 0.0173390625 0.02902777777777778
0 0.4976432291666667 0.610961574074074 0.009869791666666666 0.027478703703703703
0 0.8622208333333333 0.8909800925925926 0.021316666666666664 0.06344166666666666
0 0.47030937500000003 0.6085398148148148 0.00624375 0.013375925925925927
0 0.45610989583333333 0.5003435185185185 0.005969791666666667 0.008094444444444446
0 0.08497916666666666 0.6226703703703704 0.009541666666666667 0.023118518518518517
0 0.95070625 0.8248972222222223 0.0170375 0.020164814814814812
1 0.5 0.4620740740740741 1.0 0.9241481481481482
0 0.23086770833333334 0.6591458333333334 0.02319375 0.034958333333333334
0 0.21279401041666668 0.5628837962962963 0.0203796875 0.04798981481481482
0 0.19778567708333333 0.4421064814814815 0.012238020833333333 0.023101851851851853
0 0.12868593749999999 0.3890527777777778 0.017788541666666668 0.026253703703703703
0 0.4938651041666667 0.3893921296296296 0.010646875 0.02693240740740741
0 0.1111796875 0.20240833333333333 0.019234375 0.06407592592592593
0 0.5206526041666667 0.38513287037037036 0.0069302083333333325 0.012858333333333334
0 0.5434877604166667 0.4885689814814815 0.005725520833333333 0.008619444444444443
0 0.90100234375 0.27555277777777776 0.009296354166666666 0.023327777777777777
0 0.028216927083333336 0.2901634259259259 0.015808854166666667 0.022919444444444444
1 0.49973958333333335 0.5365740740740741 0.9994791666666667 0.925
0 0.228125 0.3578703703703704 0.022916666666666665 0.03611111111111111
0 0.21197916666666666 0.4546296296296296 0.019791666666666666 0.04814814814814815
0 0.19895833333333332 0.5763888888888888 0.0125 0.023148148148148147
0 0.13125 0.6337962962962963 0.017708333333333333 0.026851851851851852
0 0.49583333333333335 0.6106481481481482 0.010416666666666666 0.026851851851851852
0 0.1171875 0.8217592592592593 0.019791666666666666 0.06388888888888888
0 0.5231770833333333 0.6138888888888889 0.0067708333333333336 0.012962962962962963
0 0.5434895833333333 0.5087962962962963 0.005729166666666666 0.008333333333333333
0 0.9052083333333333 0.6995370370370371 0.009375 0.023148148148148147
0 0.032552083333333336 0.7388888888888889 0.016145833333333335 0.022222222222222223
0 0.0046875 0.9291666666666667 0.009375 0.03796296296296296
1 0.5 0.5256736111111111 1.0 0.9494953703703704
0 0.7786919270833333 0.4096101851851852 0.023008854166666665 0.039590740740740746
0 0.7887528645833334 0.5083884259259259 0.018130729166666668 0.05011018518518519
0 0.7946177083333333 0.6323648148148148 0.01319375 0.02398888888888889
0 0.8591903645833334 0.7015509259259259 0.0173390625 0.02902777777777778
0 0.4976432291666667 0.610961574074074 0.009869791666666666 0.027478703703703703
0 0.8622208333333333 0.8909800925925926 0.021316666666666664 0.06344166666666666
0 0.47030937500000003 0.6085398148148148 0.00624375 0.013375925925925927
0 0.45610989583333333 0.5003435185185185 0.005969791666666667 0.008094444444444446
0 0.08497916666666666 0.6226703703703704 0.009541666666666667 0.023118518518518517
0 0.95070625 0.8248972222222223 0.0170375 0.020164814814814812
1 0.5 0.4620740740740741 1.0 0.9241481481481482
0 0.23086770833333334 0.6591458333333334 0.02319375 0.034958333333333334
0 0.21279401041666668 0.5628837962962963 0.0203796875 0.04798981481481482
0 0.19778567708333333 0.4421064814814815 0.012238020833333333 0.023101851851851853
0 0.12868593749999999 0.3890527777777778 0.017788541666666668 0.026253703703703703
0 0.4938651041666667 0.3893921296296296 0.010646875 0.02693240740740741
0 0.1111796875 0.20240833333333333 0.019234375 0.06407592592592593
0 0.5206526041666667 0.38513287037037036 0.0069302083333333325 0.012858333333333334
0 0.5434877604166667 0.4885689814814815 0.005725520833333333 0.008619444444444443
0 0.90100234375 0.27555277777777776 0.009296354166666666 0.023327777777777777
0 0.028216927083333336 0.2901634259259259 0.015808854166666667 0.022919444444444444
1 0.49973958333333335 0.5365740740740741 0.9994791666666667 0.925
0 0.228125 0.3578703703703704 0.022916666666666665 0.03611111111111111
0 0.21197916666666666 0.4546296296296296 0.019791666666666666 0.04814814814814815
0 0.19895833333333332 0.5763888888888888 0.0125 0.023148148148148147
0 0.13125 0.6337962962962963 0.017708333333333333 0.026851851851851852
0 0.49583333333333335 0.6106481481481482 0.010416666666666666 0.026851851851851852
0 0.1171875 0.8217592592592593 0.019791666666666666 0.06388888888888888
0 0.5231770833333333 0.6138888888888889 0.0067708333333333336 0.012962962962962963
0 0.5434895833333333 0.5087962962962963 0.005729166666666666 0.008333333333333333
0 0.9052083333333333 0.6995370370370371 0.009375 0.023148148148148147
0 0.032552083333333336 0.7388888888888889 0.016145833333333335 0.022222222222222223
0 0.0046875 0.9291666666666667 0.009375 0.03796296296296296
1 0.5 0.5256736111111111 1.0 0.9494953703703704
0 0.7786919270833333 0.4096101851851852 0.023008854166666665 0.039590740740740746
0 0.7887528645833334 0.5083884259259259 0.018130729166666668 0.05011018518518519
0 0.7946177083333333 0.6323648148148148 0.01319375 0.02398888888888889
0 0.8591903645833334 0.7015509259259259 0.0173390625 0.02902777777777778
0 0.4976432291666667 0.610961574074074 0.009869791666666666 0.027478703703703703
0 0.8622208333333333 0.8909800925925926 0.021316666666666664 0.06344166666666666
0 0.47030937500000003 0.6085398148148148 0.00624375 0.013375925925925927
0 0.45610989583333333 0.5003435185185185 0.005969791666666667 0.008094444444444446
0 0.08497916666666666 0.6226703703703704 0.009541666666666667 0.023118518518518517
0 0.95070625 0.8248972222222223 0.0170375 0.020164814814814812
1 0.5 0.4620740740740741 1.0 0.9241481481481482
0 0.23086770833333334 0.6591458333333334 0.02319375 0.034958333333333334
0 0.21279401041666668 0.5628837962962963 0.0203796875 0.04798981481481482
0 0.19778567708333333 0.4421064814814815 0.012238020833333333 0.023101851851851853
0 0.12868593749999999 0.3890527777777778 0.017788541666666668 0.026253703703703703
0 0.4938651041666667 0.3893921296296296 0.010646875 0.02693240740740741
0 0.1111796875 0.20240833333333333 0.019234375 0.06407592592592593
0 0.5206526041666667 0.38513287037037036 0.0069302083333333325 0.012858333333333334
0 0.5434877604166667 0.4885689814814815 0.005725520833333333 0.008619444444444443
0 0.90100234375 0.27555277777777776 0.009296354166666666 0.023327777777777777
0 0.028216927083333336 0.2901634259259259 0.015808854166666667 0.022919444444444444
1 0.49973958333333335 0.5365740740740741 0.9994791666666667 0.925
0 0.228125 0.3578703703703704 0.022916666666666665 0.03611111111111111
0 0.21197916666666666 0.4546296296296296 0.019791666666666666 0.04814814814814815
0 0.19895833333333332 0.5763888888888888 0.0125 0.023148148148148147
0 0.13125 0.6337962962962963 0.017708333333333333 0.026851851851851852
0 0.49583333333333335 0.6106481481481482 0.010416666666666666 0.026851851851851852
0 0.1171875 0.8217592592592593 0.019791666666666666 0.06388888888888888
0 0.5231770833333333 0.6138888888888889 0.0067708333333333336 0.012962962962962963
0 0.5434895833333333 0.5087962962962963 0.005729166666666666 0.008333333333333333
0 0.9052083333333333 0.6995370370370371 0.009375 0.023148148148148147
0 0.032552083333333336 0.7388888888888889 0.016145833333333335 0.022222222222222223
0 0.0046875 0.9291666666666667 0.009375 0.03796296296296296
