1 0.49270833333333336 0.5851851851851851 0.9854166666666667 0.8277777777777777
0 0.01015625 0.3768518518518518 0.008854166666666666 0.024074074074074074
0 0.075 0.8435185185185186 0.011458333333333333 0.024074074074074074
0 0.40546875 0.9921296296296296 0.0140625 0.013888888888888888
0 0.054427083333333334 0.6939814814814815 0.011979166666666667 0.028703703703703703
0 0.17369791666666667 0.5171296296296296 0.0078125 0.013888888888888888
0 0.715625 0.9296296296296296 0.008333333333333333 0.014814814814814815
0 0.7635416666666667 0.9018518518518519 0.015625 0.020370370370370372
0 0.7510416666666667 0.7226851851851852 0.0125 0.025
0 0.6388020833333333 0.6467592592592593 0.0171875 0.041666666666666664
0 0.665625 0.5884259259259259 0.007291666666666667 0.017592592592592594
0 0.6921875 0.5546296296296296 0.008333333333333333 0.024074074074074074
0 0.7286458333333333 0.5523148148148148 0.00625 0.01574074074074074
0 0.7255208333333333 0.4185185185185185 0.009375 0.024074074074074074
0 0.7028645833333333 0.47314814814814815 0.0036458333333333334 0.016666666666666666
0 0.775 0.4388888888888889 0.008333333333333333 0.03148148148148148
0 0.78515625 0.513425925925926 0.0046875 0.010185185185185186
0 0.93515625 0.3421296296296296 0.008854166666666666 0.06018518518518518
0 0.7591145833333334 0.2657407407407407 0.0067708333333333336 0.027777777777777776
0 0.16380208333333332 0.27175925925925926 0.0067708333333333336 0.012037037037037037
0 0.14739583333333334 0.2412037037037037 0.007291666666666667 0.017592592592592594
1 0.5078768229166667 0.4153833333333333 0.9845036458333334 0.8307666666666667
0 0.9888059895833333 0.6379611111111112 0.008861979166666667 0.02407037037037037
0 0.9280833333333334 0.16949907407407408 0.011375 0.02418333333333333
0 0.5992177083333333 0.010800462962962963 0.014060416666666666 0.014193518518518519
0 0.9472481770833333 0.3198162037037037 0.0122046875 0.028521296296296298
0 0.8263197916666667 0.49306250000000007 0.007847916666666666 0.013902777777777778
0 0.2885682291666667 0.06390370370370371 0.008386458333333334 0.014844444444444445
0 0.24020286458333334 0.08965185185185184 0.015822395833333332 0.020044444444444445
0 0.2510497395833333 0.2698569444444444 0.012516145833333332 0.024899074074074073
0 0.3627364583333333 0.3494773148148148 0.017139583333333333 0.04154722222222222
0 0.3353296875 0.4061300925925926 0.0071177083333333335 0.01781574074074074
0 0.3083916666666667 0.4398050925925926 0.008450000000000001 0.024054629629629627
0 0.2718200520833333 0.44033333333333335 0.006140104166666666 0.015851851851851853
0 0.27349140625 0.5749981481481482 0.0094828125 0.02407037037037037
0 0.29718958333333334 0.5203689814814815 0.003754166666666667 0.016663888888888888
0 0.22442395833333334 0.5528967592592593 0.008222916666666667 0.031719444444444446
0 0.21489348958333335 0.4773384259259259 0.004786979166666667 0.010232407407407407
0 0.06316692708333334 0.6440981481481481 0.008625520833333334 0.06041851851851852
0 0.23839895833333333 0.7258671296296296 0.00700625 0.027660185185185187
0 0.8341140625 0.7384898148148148 0.006769791666666666 0.012164814814814814
0 0.8500447916666667 0.7698574074074074 0.007381250000000001 0.01749259259259259
1 0.49270833333333336 0.4148148148148148 0.9854166666666667 0.8277777777777777
0 0.01015625 0.6231481481481481 0.008854166666666666 0.024074074074074074
0 0.075 0.15648148148148147 0.011458333333333333 0.024074074074074074
0 0.40546875 0.00787037037037037 0.0140625 0.013888888888888888
0 0.054427083333333334 0.3060185185185185 0.011979166666666667 0.028703703703703703
0 0.17369791666666667 0.4828703703703704 0.0078125 0.013888888888888888
0 0.715625 0.07037037037037037 0.008333333333333333 0.014814814814814815
0 0.7635416666666667 0.09814814814814815 0.015625 0.020370370370370372
0 0.7510416666666667 0.2773148148148148 0.0125 0.025
0 0.6388020833333333 0.35324074074074074 0.0171875 0.041666666666666664
0 0.665625 0.4115740740740741 0.007291666666666667 0.017592592592592594
0 0.6921875 0.44537037037037036 0.008333333333333333 0.024074074074074074
0 0.7286458333333333 0.4476851851851852 0.00625 0.01574074074074074
0 0.7255208333333333 0.5814814814814815 0.009375 0.024074074074074074
0 0.7028645833333333 0.5268518518518519 0.0036458333333333334 0.016666666666666666
0 0.775 0.5611111111111111 0.008333333333333333 0.03148148148148148
0 0.78515625 0.48657407407407405 0.0046875 0.010185185185185186
0 0.93515625 0.6578703703703703 0.008854166666666666 0.06018518518518518
0 0.7591145833333334 0.7342592592592593 0.0067708333333333336 0.027777777777777776
0 0.16380208333333332 0.7282407407407407 0.0067708333333333336 0.012037037037037037
0 0.14739583333333334 0.7587962962962963 0.007291666666666667 0.017592592592592594
1 0.49270833333333336 0.5851851851851851 0.9854166666666667 0.8277777777777777
0 0.01015625 0.3768518518518518 0.008854166666666666 0.024074074074074074
0 0.075 0.8435185185185186 0.011458333333333333 0.024074074074074074
0 0.40546875 0.9921296296296296 0.0140625 0.013888888888888888
0 0.054427083333333334 0.6939814814814815 0.011979166666666667 0.028703703703703703
0 0.17369791666666667 0.5171296296296296 0.0078125 0.013888888888888888
0 0.715625 0.9296296296296296 0.008333333333333333 0.014814814814814815
0 0.7635416666666667 0.9018518518518519 0.015625 0.020370370370370372
0 0.7510416666666667 0.7226851851851852 0.0125 0.025
0 0.6388020833333333 0.6467592592592593 0.0171875 0.041666666666666664
0 0.665625 0.5884259259259259 0.007291666666666667 0.017592592592592594
0 0.6921875 0.5546296296296296 0.008333333333333333 0.024074074074074074
0 0.7286458333333333 0.5523148148148148 0.00625 0.01574074074074074
0 0.7255208333333333 0.4185185185185185 0.009375 0.024074074074074074
0 0.7028645833333333 0.47314814814814815 0.0036458333333333334 0.016666666666666666
0 0.775 0.4388888888888889 0.008333333333333333 0.03148148148148148
0 0.78515625 0.513425925925926 0.0046875 0.010185185185185186
0 0.93515625 0.3421296296296296 0.008854166666666666 0.06018518518518518
0 0.7591145833333334 0.2657407407407407 0.0067708333333333336 0.027777777777777776
0 0.16380208333333332 0.27175925925925926 0.0067708333333333336 0.012037037037037037
0 0.14739583333333334 0.2412037037037037 0.007291666666666667 0.017592592592592594
1 0.5078768229166667 0.4153833333333333 0.9845036458333334 0.8307666666666667
0 0.9888059895833333 0.6379611111111112 0.008861979166666667 0.02407037037037037
0 0.9280833333333334 0.16949907407407408 0.011375 0.02418333333333333
0 0.5992177083333333 0.010800462962962963 0.014060416666666666 0.014193518518518519
0 0.9472481770833333 0.3198162037037037 0.0122046875 0.028521296296296298
0 0.8263197916666667 0.49306250000000007 0.007847916666666666 0.013902777777777778
0 0.2885682291666667 0.06390370370370371 0.008386458333333334 0.014844444444444445
0 0.24020286458333334 0.08965185185185184 0.015822395833333332 0.020044444444444445
0 0.2510497395833333 0.2698569444444444 0.012516145833333332 0.024899074074074073
0 0.3627364583333333 0.3494773148148148 0.017139583333333333 0.04154722222222222
0 0.3353296875 0.4061300925925926 0.0071177083333333335 0.01781574074074074
0 0.3083916666666667 0.4398050925925926 0.008450000000000001 0.024054629629629627
0 0.2718200520833333 0.44033333333333335 0.006140104166666666 0.015851851851851853
0 0.27349140625 0.5749981481481482 0.0094828125 0.02407037037037037
0 0.29718958333333334 0.5203689814814815 0.003754166666666667 0.016663888888888888
0 0.22442395833333334 0.5528967592592593 0.008222916666666667 0.031719444444444446
0 0.21489348958333335 0.4773384259259259 0.004786979166666667 0.010232407407407407
0 0.06316692708333334 0.6440981481481481 0.008625520833333334 0.06041851851851852
0 0.23839895833333333 0.7258671296296296 0.00700625 0.027660185185185187
0 0.8341140625 0.7384898148148148 0.006769791666666666 0.012164814814814814
0 0.8500447916666667 0.7698574074074074 0.007381250000000001 0.01749259259259259
1 0.49270833333333336 0.4148148148148148 0.9854166666666667 0.8277777777777777
0 0.01015625 0.6231481481481481 0.008854166666666666 0.024074074074074074
0 0.075 0.15648148148148147 0.011458333333333333 0.024074074074074074
0 0.40546875 0.00787037037037037 0.0140625 0.013888888888888888
0 0.054427083333333334 0.3060185185185185 0.011979166666666667 0.028703703703703703
0 0.17369791666666667 0.4828703703703704 0.0078125 0.013888888888888888
0 0.715625 0.07037037037037037 0.008333333333333333 0.014814814814814815
0 0.7635416666666667 0.09814814814814815 0.015625 0.020370370370370372
0 0.7510416666666667 0.2773148148148148 0.0125 0.025
0 0.6388020833333333 0.35324074074074074 0.0171875 0.041666666666666664
0 0.665625 0.4115740740740741 0.007291666666666667 0.017592592592592594
0 0.6921875 0.44537037037037036 0.008333333333333333 0.024074074074074074
0 0.7286458333333333 0.4476851851851852 0.00625 0.01574074074074074
0 0.7255208333333333 0.5814814814814815 0.009375 0.024074074074074074
0 0.7028645833333333 0.5268518518518519 0.0036458333333333334 0.016666666666666666
0 0.775 0.5611111111111111 0.008333333333333333 0.03148148148148148
0 0.78515625 0.48657407407407405 0.0046875 0.010185185185185186
0 0.93515625 0.6578703703703703 0.008854166666666666 0.06018518518518518
0 0.7591145833333334 0.7342592592592593 0.0067708333333333336 0.027777777777777776
0 0.16380208333333332 0.7282407407407407 0.0067708333333333336 0.012037037037037037
0 0.14739583333333334 0.7587962962962963 0.007291666666666667 0.017592592592592594
