1 0.5 0.4575425925925926 1.0 0.9150851851851852
0 0.32189843749999997 0.8742342592592592 0.016713541666666668 0.0336537037037037
0 0.4139315104166667 0.6082171296296296 0.0257796875 0.05161944444444445
0 0.3864354166666667 0.4838967592592593 0.010370833333333333 0.017793518518518518
0 0.20442213541666668 0.5389365740740741 0.0067609375 0.016762037037037037
0 0.425184375 0.23921805555555556 0.018077083333333334 0.05065833333333333
0 0.4443955729166667 0.2910175925925926 0.004416145833333333 0.024627777777777776
0 0.5644895833333333 0.47585046296296296 0.016479166666666666 0.01836759259259259
0 0.56512265625 0.6956097222222223 0.009411979166666667 0.01899722222222222
0 0.54931640625 0.6426194444444444 0.009049479166666667 0.009312962962962962
0 0.51306796875 0.8629013888888889 0.005302604166666666 0.02580277777777778
0 0.71351953125 0.8876837962962962 0.0176640625 0.02166388888888889
0 0.7906770833333333 0.7233592592592593 0.004270833333333333 0.011533333333333333
0 0.6712158854166667 0.5805106481481481 0.004931770833333333 0.009169444444444445
0 0.7580078125 0.5573171296296296 0.006640625 0.018337962962962962
0 0.6257390625 0.3453055555555556 0.007728125 0.014685185185185185
0 0.60316796875 0.3800912037037037 0.005294270833333333 0.012034259259259258
0 0.75388828125 0.15489907407407408 0.011943229166666668 0.024612962962962965
0 0.7815338541666667 0.2863537037037037 0.010984375 0.015300000000000001
0 0.7507229166666666 0.3273523148148148 0.0118625 0.01581574074074074
0 0.7768666666666667 0.19693842592592592 0.009983333333333334 0.03276574074074074
0 0.99890546875 0.5250662037037037 0.0019776041666666666 0.02235462962962963
0 0.906271875 0.6738189814814816 0.013585416666666666 0.040230555555555554
0 0.90388828125 0.7123171296296297 0.011943229166666668 0.020930555555555556
0 0.97612421875 0.610886111111111 0.006415104166666667 0.016216666666666667
0 0.548696875 0.5280115740740742 0.015102083333333332 0.01713425925925926
0 0.4287174479166667 0.10455277777777779 0.012643229166666665 0.020216666666666668
0 0.3064471354166667 0.16219398148148148 0.012894270833333334 0.02253611111111111
1 0.49973958333333335 0.5305555555555556 0.9994791666666667 0.937037037037037
0 0.3528645833333333 0.08518518518518518 0.016145833333333335 0.03333333333333333
0 0.42473958333333334 0.3712962962962963 0.025520833333333333 0.053703703703703705
0 0.38645833333333335 0.487962962962963 0.009375 0.016666666666666666
0 0.21015625 0.38796296296296295 0.005729166666666666 0.016666666666666666
0 0.4046875 0.7393518518518518 0.019791666666666666 0.049074074074074076
0 0.42864583333333334 0.6930555555555555 0.005208333333333333 0.025
0 0.5622395833333333 0.5388888888888889 0.015104166666666667 0.020370370370370372
0 0.5796875 0.3226851851851852 0.008333333333333333 0.019444444444444445
0 0.5598958333333334 0.37175925925925923 0.008333333333333333 0.010185185185185186
0 0.5419270833333333 0.14444444444444443 0.005729166666666666 0.025925925925925925
0 0.7416666666666667 0.16898148148148148 0.016666666666666666 0.025
0 0.8057291666666667 0.350462962962963 0.004166666666666667 0.012037037037037037
0 0.67578125 0.46296296296296297 0.0046875 0.009259259259259259
0 0.7598958333333333 0.5064814814814815 0.007291666666666667 0.018518518518518517
0 0.6125 0.6847222222222222 0.007291666666666667 0.01574074074074074
0 0.59296875 0.6444444444444445 0.0046875 0.011111111111111112
0 0.7239583333333334 0.9041666666666667 0.0125 0.025
0 0.7619791666666667 0.7819444444444444 0.011458333333333333 0.013888888888888888
0 0.7346354166666667 0.7328703703703704 0.011979166666666667 0.013888888888888888
0 0.75078125 0.8680555555555556 0.0078125 0.03425925925925926
0 0.9971354166666667 0.6 0.0046875 0.024074074074074074
0 0.91640625 0.4287037037037037 0.0109375 0.04259259259259259
0 0.9166666666666666 0.3902777777777778 0.0125 0.019444444444444445
0 0.98046875 0.5083333333333333 0.0067708333333333336 0.016666666666666666
0 0.55078125 0.48564814814814816 0.015104166666666667 0.01574074074074074
0 0.39869791666666665 0.8736111111111111 0.0109375 0.023148148148148147
0 0.28151041666666665 0.7865740740740741 0.013020833333333334 0.023148148148148147
1 0.5 0.4585162037037037 1.0 0.9170324074074074
0 0.31827682291666665 0.867749537037037 0.016761979166666666 0.033647222222222224
0 0.41288854166666666 0.6053314814814815 0.025777083333333332 0.0514037037037037
0 0.38701171875 0.4802513888888889 0.010481770833333333 0.017910185185185185
0 0.20396119791666667 0.5296717592592592 0.006880729166666667 0.016750925925925926
0 0.42766848958333337 0.23650462962962965 0.017836979166666666 0.05078703703703704
0 0.4459705729166667 0.28912546296296293 0.0044411458333333325 0.02454722222222222
0 0.5650854166666667 0.47849027777777775 0.016629166666666667 0.01809166666666667
0 0.5631005208333334 0.6974208333333334 0.009534375000000001 0.01891574074074074
0 0.5477927083333333 0.6435837962962964 0.009127083333333334 0.009389814814814814
0 0.5094244791666667 0.8628759259259259 0.005307291666666667 0.025751851851851852
0 0.70992421875 0.8939412037037037 0.017765104166666667 0.02121574074074074
0 0.7885973958333333 0.7325791666666667 0.004278125 0.01145462962962963
0 0.67070703125 0.5860541666666667 0.004955729166666667 0.009145370370370371
0 0.7574416666666667 0.5656268518518518 0.00655 0.018290740740740743
0 0.6273236979166666 0.3489333333333334 0.007772395833333333 0.014533333333333334
0 0.6042440104166666 0.38291851851851855 0.005363020833333333 0.012133333333333333
0 0.7569703125 0.16324953703703704 0.011857291666666665 0.024647222222222223
0 0.7835799479166667 0.2947652777777778 0.010909895833333332 0.015456481481481483
0 0.7522700520833333 0.3357953703703704 0.011831770833333333 0.016035185185185187
0 0.7796002604166666 0.20608194444444444 0.0102421875 0.03253425925925926
0 0.9990447916666666 0.5408967592592593 0.00225625 0.022534259259259257
0 0.9048661458333334 0.6866638888888889 0.013898958333333333 0.039994444444444444
0 0.9017619791666667 0.7253587962962963 0.011857291666666665 0.02108796296296296
0 0.9750557291666666 0.6257777777777778 0.0063614583333333335 0.01637037037037037
0 0.5486864583333334 0.529012962962963 0.01508125 0.017285185185185185
0 0.4329822916666667 0.10250324074074074 0.012839583333333333 0.019821296296296295
0 0.3100760416666667 0.15658472222222222 0.012860416666666668 0.022428703703703704
1 0.5 0.4575425925925926 1.0 0.9150851851851852
0 0.32189843749999997 0.8742342592592592 0.016713541666666668 0.0336537037037037
0 0.4139315104166667 0.6082171296296296 0.0257796875 0.05161944444444445
0 0.3864354166666667 0.4838967592592593 0.010370833333333333 0.017793518518518518
0 0.20442213541666668 0.5389365740740741 0.0067609375 0.016762037037037037
0 0.425184375 0.23921805555555556 0.018077083333333334 0.05065833333333333
0 0.4443955729166667 0.2910175925925926 0.004416145833333333 0.024627777777777776
0 0.5644895833333333 0.47585046296296296 0.016479166666666666 0.01836759259259259
0 0.56512265625 0.6956097222222223 0.009411979166666667 0.01899722222222222
0 0.54931640625 0.6426194444444444 0.009049479166666667 0.009312962962962962
0 0.51306796875 0.8629013888888889 0.005302604166666666 0.02580277777777778
0 0.71351953125 0.8876837962962962 0.0176640625 0.02166388888888889
0 0.7906770833333333 0.7233592592592593 0.004270833333333333 0.011533333333333333
0 0.6712158854166667 0.5805106481481481 0.004931770833333333 0.009169444444444445
0 0.7580078125 0.5573171296296296 0.006640625 0.018337962962962962
0 0.6257390625 0.3453055555555556 0.007728125 0.014685185185185185
0 0.60316796875 0.3800912037037037 0.005294270833333333 0.012034259259259258
0 0.75388828125 0.15489907407407408 0.011943229166666668 0.024612962962962965
0 0.7815338541666667 0.2863537037037037 0.010984375 0.015300000000000001
0 0.7507229166666666 0.3273523148148148 0.0118625 0.01581574074074074
0 0.7768666666666667 0.19693842592592592 0.009983333333333334 0.03276574074074074
0 0.99890546875 0.5250662037037037 0.0019776041666666666 0.02235462962962963
0 0.906271875 0.6738189814814816 0.013585416666666666 0.040230555555555554
0 0.90388828125 0.7123171296296297 0.011943229166666668 0.020930555555555556
0 0.97612421875 0.610886111111111 0.006415104166666667 0.016216666666666667
0 0.548696875 0.5280115740740742 0.015102083333333332 0.01713425925925926
0 0.4287174479166667 0.10455277777777779 0.012643229166666665 0.020216666666666668
0 0.3064471354166667 0.16219398148148148 0.012894270833333334 0.02253611111111111
1 0.49973958333333335 0.5305555555555556 0.9994791666666667 0.937037037037037
0 0.3528645833333333 0.08518518518518518 0.016145833333333335 0.03333333333333333
0 0.42473958333333334 0.3712962962962963 0.025520833333333333 0.053703703703703705
0 0.38645833333333335 0.487962962962963 0.009375 0.016666666666666666
0 0.21015625 0.38796296296296295 0.005729166666666666 0.016666666666666666
0 0.4046875 0.7393518518518518 0.019791666666666666 0.049074074074074076
0 0.42864583333333334 0.6930555555555555 0.005208333333333333 0.025
0 0.5622395833333333 0.5388888888888889 0.015104166666666667 0.020370370370370372
0 0.5796875 0.3226851851851852 0.008333333333333333 0.019444444444444445
0 0.5598958333333334 0.37175925925925923 0.008333333333333333 0.010185185185185186
0 0.5419270833333333 0.14444444444444443 0.005729166666666666 0.025925925925925925
0 0.7416666666666667 0.16898148148148148 0.016666666666666666 0.025
0 0.8057291666666667 0.350462962962963 0.004166666666666667 0.012037037037037037
0 0.67578125 0.46296296296296297 0.0046875 0.009259259259259259
0 0.7598958333333333 0.5064814814814815 0.007291666666666667 0.018518518518518517
0 0.6125 0.6847222222222222 0.007291666666666667 0.01574074074074074
0 0.59296875 0.6444444444444445 0.0046875 0.011111111111111112
0 0.7239583333333334 0.9041666666666667 0.0125 0.025
0 0.7619791666666667 0.7819444444444444 0.011458333333333333 0.013888888888888888
0 0.7346354166666667 0.7328703703703704 0.011979166666666667 0.013888888888888888
0 0.75078125 0.8680555555555556 0.0078125 0.03425925925925926
0 0.9971354166666667 0.6 0.0046875 0.024074074074074074
0 0.91640625 0.4287037037037037 0.0109375 0.04259259259259259
0 0.9166666666666666 0.3902777777777778 0.0125 0.019444444444444445
0 0.98046875 0.5083333333333333 0.0067708333333333336 0.016666666666666666
0 0.55078125 0.48564814814814816 0.015104166666666667 0.01574074074074074
0 0.39869791666666665 0.8736111111111111 0.0109375 0.023148148148148147
0 0.28151041666666665 0.7865740740740741 0.013020833333333334 0.023148148148148147
1 0.5 0.4585162037037037 1.0 0.9170324074074074
0 0.31827682291666665 0.867749537037037 0.016761979166666666 0.033647222222222224
0 0.41288854166666666 0.6053314814814815 0.025777083333333332 0.0514037037037037
0 0.38701171875 0.4802513888888889 0.010481770833333333 0.017910185185185185
0 0.20396119791666667 0.5296717592592592 0.006880729166666667 0.016750925925925926
0 0.42766848958333337 0.23650462962962965 0.017836979166666666 0.05078703703703704
0 0.4459705729166667 0.28912546296296293 0.0044411458333333325 0.02454722222222222
0 0.5650854166666667 0.47849027777777775 0.016629166666666667 0.01809166666666667
0 0.5631005208333334 0.6974208333333334 0.009534375000000001 0.01891574074074074
0 0.5477927083333333 0.6435837962962964 0.009127083333333334 0.009389814814814814
0 0.5094244791666667 0.8628759259259259 0.005307291666666667 0.025751851851851852
0 0.70992421875 0.8939412037037037 0.017765104166666667 0.02121574074074074
0 0.7885973958333333 0.7325791666666667 0.004278125 0.01145462962962963
0 0.67070703125 0.5860541666666667 0.004955729166666667 0.009145370370370371
0 0.7574416666666667 0.5656268518518518 0.00655 0.018290740740740743
0 0.6273236979166666 0.3489333333333334 0.007772395833333333 0.014533333333333334
0 0.6042440104166666 0.38291851851851855 0.005363020833333333 0.012133333333333333
0 0.7569703125 0.16324953703703704 0.011857291666666665 0.024647222222222223
0 0.7835799479166667 0.2947652777777778 0.010909895833333332 0.015456481481481483
0 0.7522700520833333 0.3357953703703704 0.011831770833333333 0.016035185185185187
0 0.7796002604166666 0.20608194444444444 0.0102421875 0.03253425925925926
0 0.9990447916666666 0.5408967592592593 0.00225625 0.022534259259259257
0 0.9048661458333334 0.6866638888888889 0.013898958333333333 0.039994444444444444
0 0.9017619791666667 0.7253587962962963 0.011857291666666665 0.02108796296296296
0 0.9750557291666666 0.6257777777777778 0.0063614583333333335 0.01637037037037037
0 0.5486864583333334 0.529012962962963 0.01508125 0.017285185185185185
0 0.4329822916666667 0.10250324074074074 0.012839583333333333 0.019821296296296295
0 0.3100760416666667 0.15658472222222222 0.012860416666666668 0.022428703703703704
