1 0.5 0.4716208333333333 1.0 0.9432416666666666
0 0.7277244791666667 0.31101944444444446 0.022115625000000003 0.047964814814814814
0 0.7163596354166667 0.08821666666666667 0.0243859375 0.057914814814814815
0 0.7040807291666666 0.16221712962962964 0.022744791666666667 0.029989814814814816
0 0.72416328125 0.2264361111111111 0.0170765625 0.017687037037037036
0 0.8719497395833333 0.11193194444444445 0.018899479166666667 0.036826851851851854
0 0.69849453125 0.051246759259259256 0.023030729166666666 0.02286388888888889
0 0.9889854166666667 0.317962037037037 0.011304166666666667 0.015553703703703702
0 0.8427822916666667 0.8193513888888889 0.015772916666666668 0.01833240740740741
0 0.8180447916666667 0.7779810185185185 0.007964583333333334 0.020776851851851852
0 0.9261611979166666 0.7536296296296295 0.010655729166666666 0.03874074074074074
0 0.9805302083333333 0.6382166666666667 0.012102083333333334 0.03384074074074074
0 0.62828984375 0.9053361111111111 0.0159546875 0.04215370370370371
0 0.5107609375000001 0.7603796296296297 0.02256354166666667 0.046685185185185184
0 0.4963192708333333 0.7241106481481481 0.030138541666666668 0.035258333333333336
0 0.4105755208333333 0.7407194444444444 0.005526041666666666 0.01106851851851852
0 0.45986901041666667 0.551687037037037 0.020779687499999998 0.034855555555555556
0 0.5366783854166666 0.6132138888888888 0.016065104166666667 0.01716851851851852
0 0.49527812499999996 0.5275013888888889 0.033264583333333334 0.05685462962962963
0 0.5346799479166666 0.5386 0.0141515625 0.06794074074074075
0 0.4026484375 0.49366898148148153 0.03133854166666667 0.048449074074074075
0 0.37544192708333335 0.4191546296296296 0.036300520833333336 0.10312407407407408
0 0.4456059895833333 0.3443550925925926 0.02871197916666667 0.0498212962962963
0 0.42446640625 0.25707546296296296 0.032266145833333336 0.025262037037037038
0 0.5407471354166666 0.35237453703703703 0.012744270833333333 0.023267592592592593
0 0.52250234375 0.3451125 0.0106296875 0.019854629629629632
0 0.4038950520833334 0.38225601851851854 0.029665104166666668 0.0700675925925926
0 0.48184947916666665 0.2789509259259259 0.011615625 0.01901296296296296
0 0.3237447916666667 0.4800486111111111 0.00790625 0.056393518518518516
0 0.5255346354166667 0.4464472222222222 0.016694270833333334 0.03919074074074074
0 0.50677578125 0.4446953703703704 0.009384895833333332 0.01716851851851852
0 0.3369494791666667 0.3742402777777778 0.010357291666666666 0.028110185185185186
0 0.5617442708333333 0.10549907407407406 0.017238541666666666 0.029516666666666667
0 0.38158723958333335 0.018014814814814813 0.019424479166666668 0.021214814814814815
0 0.25622552083333333 0.7454152777777777 0.014534374999999999 0.037126851851851855
0 0.596334375 0.14368842592592593 0.010377083333333334 0.026265740740740742
0 0.6143770833333334 0.1638412037037037 0.014170833333333332 0.036941666666666664
0 0.6894247395833334 0.25986898148148146 0.008016145833333333 0.03825648148148148
1 0.49973958333333335 0.5462962962962963 0.9994791666666667 0.9055555555555556
0 0.28229166666666666 0.7231481481481481 0.020833333333333332 0.04814814814814815
0 0.30442708333333335 0.9435185185185185 0.024479166666666666 0.05740740740740741
0 0.31302083333333336 0.8675925925925926 0.021875 0.03148148148148148
0 0.2903645833333333 0.8074074074074075 0.0171875 0.018518518518518517
0 0.1484375 0.9444444444444444 0.019791666666666666 0.03518518518518519
0 0.32421875 0.9773148148148149 0.0234375 0.023148148148148147
0 0.021614583333333333 0.7574074074074074 0.0109375 0.016666666666666666
0 0.14296875 0.23472222222222222 0.015104166666666667 0.017592592592592594
0 0.16953125 0.2722222222222222 0.0078125 0.020370370370370372
0 0.06302083333333333 0.31296296296296294 0.009375 0.03888888888888889
0 0.014583333333333334 0.43703703703703706 0.010416666666666666 0.03518518518518519
0 0.35208333333333336 0.1162037037037037 0.015625 0.041666666666666664
0 0.4765625 0.24259259259259258 0.021875 0.046296296296296294
0 0.49270833333333336 0.27546296296296297 0.030208333333333334 0.03425925925925926
0 0.57734375 0.2462962962962963 0.005729166666666666 0.011111111111111112
0 0.5377604166666666 0.44212962962962965 0.0203125 0.03425925925925926
0 0.4578125 0.3925925925925926 0.015625 0.016666666666666666
0 0.503125 0.47129629629629627 0.03125 0.05925925925925926
0 0.4635416666666667 0.46620370370370373 0.014583333333333334 0.06759259259259259
0 0.5971354166666667 0.49027777777777776 0.030729166666666665 0.049074074074074076
0 0.6276041666666666 0.5625 0.03958333333333333 0.10092592592592593
0 0.56171875 0.6462962962962963 0.0296875 0.04814814814814815
0 0.5869791666666667 0.7305555555555555 0.03125 0.025925925925925925
0 0.46640625 0.6537037037037037 0.013020833333333334 0.022222222222222223
0 0.48515625 0.6578703703703703 0.009895833333333333 0.019444444444444445
0 0.6018229166666667 0.6023148148148149 0.0296875 0.06944444444444445
0 0.52890625 0.7175925925925926 0.011979166666666667 0.018518518518518517
0 0.6768229166666667 0.4925925925925926 0.009895833333333333 0.05555555555555555
0 0.47708333333333336 0.5569444444444445 0.016666666666666666 0.03796296296296296
0 0.49583333333333335 0.5564814814814815 0.009375 0.016666666666666666
0 0.6684895833333333 0.600462962962963 0.009895833333333333 0.028703703703703703
0 0.4578125 0.9027777777777778 0.016666666666666666 0.02962962962962963
0 0.64140625 0.961574074074074 0.019270833333333334 0.021296296296296296
0 0.7307291666666667 0.2175925925925926 0.013541666666666667 0.03888888888888889
0 0.42135416666666664 0.8699074074074075 0.010416666666666666 0.026851851851851852
0 0.40208333333333335 0.8523148148148149 0.013541666666666667 0.03611111111111111
0 0.32265625 0.7685185185185185 0.0067708333333333336 0.03888888888888889
1 0.5 0.5520486111111111 1.0 0.8966898148148148
0 0.29407109375 0.7556481481481482 0.019392187499999998 0.04833333333333334
0 0.32734375 0.9718708333333334 0.025520833333333333 0.05670462962962963
0 0.33193229166666666 0.8955546296296296 0.021156249999999998 0.03370185185185186
0 0.30650052083333335 0.8386138888888889 0.017167708333333333 0.01982037037037037
0 0.17121927083333333 0.9896990740740741 0.019521875 0.02013888888888889
0 0.3480182291666667 0.994676388888889 0.019994791666666668 0.009723148148148147
0 0.03597291666666667 0.8302837962962963 0.0104875 0.017975
0 0.13119947916666666 0.291775462962963 0.014482291666666668 0.01873611111111111
0 0.15967890625 0.3247597222222222 0.007899479166666666 0.019889814814814815
0 0.05566796875 0.3818111111111111 0.0082109375 0.03954814814814815
0 0.013316406250000001 0.5127773148148148 0.008924479166666667 0.036665740740740735
0 0.33354348958333335 0.14112453703703703 0.0160453125 0.041508333333333335
0 0.4638067708333333 0.24685185185185188 0.021363541666666666 0.04555555555555556
0 0.4817942708333333 0.27668472222222223 0.030255208333333335 0.032999074074074077
0 0.5644028645833333 0.2351638888888889 0.0058890625 0.01106851851851852
0 0.5348453125 0.4362666666666667 0.019690625 0.03364444444444444
0 0.45285859375000004 0.399849537037037 0.0150921875 0.018217592592592594
0 0.5014778645833333 0.46981805555555556 0.02899739583333333 0.061858333333333335
0 0.46206614583333333 0.47155 0.01579895833333333 0.06717407407407408
0 0.5965463541666666 0.4750490740740741 0.030592708333333333 0.05009814814814815
0 0.63013671875 0.5435050925925926 0.042565104166666666 0.0981212962962963
0 0.5688643229166667 0.6360175925925926 0.030436979166666666 0.04610925925925926
0 0.5978106770833332 0.7161393518518518 0.02999635416666667 0.03042685185185185
0 0.47378671874999995 0.6581699074074073 0.0131984375 0.02189537037037037
0 0.4928591145833333 0.6592435185185185 0.009676562500000001 0.02033888888888889
0 0.6069294270833333 0.5861597222222222 0.029483854166666667 0.06861574074074074
0 0.5394591145833334 0.7128064814814815 0.0122515625 0.018205555555555555
0 0.6759236979166666 0.4653527777777778 0.0122640625 0.05477962962962963
0 0.47961041666666665 0.560374074074074 0.0165125 0.03741481481481482
0 0.4985104166666667 0.5564092592592593 0.009520833333333334 0.016522222222222223
0 0.6729442708333334 0.5738791666666666 0.009430208333333334 0.029239814814814816
0 0.4777755208333333 0.9082768518518518 0.015967708333333334 0.029516666666666667
0 0.6636518229166666 0.9376611111111111 0.0189703125 0.021618518518518516
0 0.71611875 0.1832615740740741 0.012445833333333333 0.04059722222222222
0 0.43956354166666667 0.8803643518518518 0.010377083333333334 0.02739537037037037
0 0.41914583333333333 0.8658527777777778 0.014333333333333333 0.03540925925925926
0 0.33645625 0.7946930555555556 0.006245833333333334 0.03938611111111111
1 0.5 0.4716208333333333 1.0 0.9432416666666666
0 0.7277244791666667 0.31101944444444446 0.022115625000000003 0.047964814814814814
0 0.7163596354166667 0.08821666666666667 0.0243859375 0.057914814814814815
0 0.7040807291666666 0.16221712962962964 0.022744791666666667 0.029989814814814816
0 0.72416328125 0.2264361111111111 0.0170765625 0.017687037037037036
0 0.8719497395833333 0.11193194444444445 0.018899479166666667 0.036826851851851854
0 0.69849453125 0.051246759259259256 0.023030729166666666 0.02286388888888889
0 0.9889854166666667 0.317962037037037 0.011304166666666667 0.015553703703703702
0 0.8427822916666667 0.8193513888888889 0.015772916666666668 0.01833240740740741
0 0.8180447916666667 0.7779810185185185 0.007964583333333334 0.020776851851851852
0 0.9261611979166666 0.7536296296296295 0.010655729166666666 0.03874074074074074
0 0.9805302083333333 0.6382166666666667 0.012102083333333334 0.03384074074074074
0 0.62828984375 0.9053361111111111 0.0159546875 0.04215370370370371
0 0.5107609375000001 0.7603796296296297 0.02256354166666667 0.046685185185185184
0 0.4963192708333333 0.7241106481481481 0.030138541666666668 0.035258333333333336
0 0.4105755208333333 0.7407194444444444 0.005526041666666666 0.01106851851851852
0 0.45986901041666667 0.551687037037037 0.020779687499999998 0.034855555555555556
0 0.5366783854166666 0.6132138888888888 0.016065104166666667 0.01716851851851852
0 0.49527812499999996 0.5275013888888889 0.033264583333333334 0.05685462962962963
0 0.5346799479166666 0.5386 0.0141515625 0.06794074074074075
0 0.4026484375 0.49366898148148153 0.03133854166666667 0.048449074074074075
0 0.37544192708333335 0.4191546296296296 0.036300520833333336 0.10312407407407408
0 0.4456059895833333 0.3443550925925926 0.02871197916666667 0.0498212962962963
0 0.42446640625 0.25707546296296296 0.032266145833333336 0.025262037037037038
0 0.5407471354166666 0.35237453703703703 0.012744270833333333 0.023267592592592593
0 0.52250234375 0.3451125 0.0106296875 0.019854629629629632
0 0.4038950520833334 0.38225601851851854 0.029665104166666668 0.0700675925925926
0 0.48184947916666665 0.2789509259259259 0.011615625 0.01901296296296296
0 0.3237447916666667 0.4800486111111111 0.00790625 0.056393518518518516
0 0.5255346354166667 0.4464472222222222 0.016694270833333334 0.03919074074074074
0 0.50677578125 0.4446953703703704 0.009384895833333332 0.01716851851851852
0 0.3369494791666667 0.3742402777777778 0.010357291666666666 0.028110185185185186
0 0.5617442708333333 0.10549907407407406 0.017238541666666666 0.029516666666666667
0 0.38158723958333335 0.018014814814814813 0.019424479166666668 0.021214814814814815
0 0.25622552083333333 0.7454152777777777 0.014534374999999999 0.037126851851851855
0 0.596334375 0.14368842592592593 0.010377083333333334 0.026265740740740742
0 0.6143770833333334 0.1638412037037037 0.014170833333333332 0.036941666666666664
0 0.6894247395833334 0.25986898148148146 0.008016145833333333 0.03825648148148148
1 0.49973958333333335 0.5462962962962963 0.9994791666666667 0.9055555555555556
0 0.28229166666666666 0.7231481481481481 0.020833333333333332 0.04814814814814815
0 0.30442708333333335 0.9435185185185185 0.024479166666666666 0.05740740740740741
0 0.31302083333333336 0.8675925925925926 0.021875 0.03148148148148148
0 0.2903645833333333 0.8074074074074075 0.0171875 0.018518518518518517
0 0.1484375 0.9444444444444444 0.019791666666666666 0.03518518518518519
0 0.32421875 0.9773148148148149 0.0234375 0.023148148148148147
0 0.021614583333333333 0.7574074074074074 0.0109375 0.016666666666666666
0 0.14296875 0.23472222222222222 0.015104166666666667 0.017592592592592594
0 0.16953125 0.2722222222222222 0.0078125 0.020370370370370372
0 0.06302083333333333 0.31296296296296294 0.009375 0.03888888888888889
0 0.014583333333333334 0.43703703703703706 0.010416666666666666 0.03518518518518519
0 0.35208333333333336 0.1162037037037037 0.015625 0.041666666666666664
0 0.4765625 0.24259259259259258 0.021875 0.046296296296296294
0 0.49270833333333336 0.27546296296296297 0.030208333333333334 0.03425925925925926
0 0.57734375 0.2462962962962963 0.005729166666666666 0.011111111111111112
0 0.5377604166666666 0.44212962962962965 0.0203125 0.03425925925925926
0 0.4578125 0.3925925925925926 0.015625 0.016666666666666666
0 0.503125 0.47129629629629627 0.03125 0.05925925925925926
0 0.4635416666666667 0.46620370370370373 0.014583333333333334 0.06759259259259259
0 0.5971354166666667 0.49027777777777776 0.030729166666666665 0.049074074074074076
0 0.6276041666666666 0.5625 0.03958333333333333 0.10092592592592593
0 0.56171875 0.6462962962962963 0.0296875 0.04814814814814815
0 0.5869791666666667 0.7305555555555555 0.03125 0.025925925925925925
0 0.46640625 0.6537037037037037 0.013020833333333334 0.022222222222222223
0 0.48515625 0.6578703703703703 0.009895833333333333 0.019444444444444445
0 0.6018229166666667 0.6023148148148149 0.0296875 0.06944444444444445
0 0.52890625 0.7175925925925926 0.011979166666666667 0.018518518518518517
0 0.6768229166666667 0.4925925925925926 0.009895833333333333 0.05555555555555555
0 0.47708333333333336 0.5569444444444445 0.016666666666666666 0.03796296296296296
0 0.49583333333333335 0.5564814814814815 0.009375 0.016666666666666666
0 0.6684895833333333 0.600462962962963 0.009895833333333333 0.028703703703703703
0 0.4578125 0.9027777777777778 0.016666666666666666 0.02962962962962963
0 0.64140625 0.961574074074074 0.019270833333333334 0.021296296296296296
0 0.7307291666666667 0.2175925925925926 0.013541666666666667 0.03888888888888889
0 0.42135416666666664 0.8699074074074075 0.010416666666666666 0.026851851851851852
0 0.40208333333333335 0.8523148148148149 0.013541666666666667 0.03611111111111111
0 0.32265625 0.7685185185185185 0.0067708333333333336 0.03888888888888889
1 0.5 0.5520486111111111 1.0 0.8966898148148148
0 0.29407109375 0.7556481481481482 0.019392187499999998 0.04833333333333334
0 0.32734375 0.9718708333333334 0.025520833333333333 0.05670462962962963
0 0.33193229166666666 0.8955546296296296 0.021156249999999998 0.03370185185185186
0 0.30650052083333335 0.8386138888888889 0.017167708333333333 0.01982037037037037
0 0.17121927083333333 0.9896990740740741 0.019521875 0.02013888888888889
0 0.3480182291666667 0.994676388888889 0.019994791666666668 0.009723148148148147
0 0.03597291666666667 0.8302837962962963 0.0104875 0.017975
0 0.13119947916666666 0.291775462962963 0.014482291666666668 0.01873611111111111
0 0.15967890625 0.3247597222222222 0.007899479166666666 0.019889814814814815
0 0.05566796875 0.3818111111111111 0.0082109375 0.03954814814814815
0 0.013316406250000001 0.5127773148148148 0.008924479166666667 0.036665740740740735
0 0.33354348958333335 0.14112453703703703 0.0160453125 0.041508333333333335
0 0.4638067708333333 0.24685185185185188 0.021363541666666666 0.04555555555555556
0 0.4817942708333333 0.27668472222222223 0.030255208333333335 0.032999074074074077
0 0.5644028645833333 0.2351638888888889 0.0058890625 0.01106851851851852
0 0.5348453125 0.4362666666666667 0.019690625 0.03364444444444444
0 0.45285859375000004 0.399849537037037 0.0150921875 0.018217592592592594
0 0.5014778645833333 0.46981805555555556 0.02899739583333333 0.061858333333333335
0 0.46206614583333333 0.47155 0.01579895833333333 0.06717407407407408
0 0.5965463541666666 0.4750490740740741 0.030592708333333333 0.05009814814814815
0 0.63013671875 0.5435050925925926 0.042565104166666666 0.0981212962962963
0 0.5688643229166667 0.6360175925925926 0.030436979166666666 0.04610925925925926
0 0.5978106770833332 0.7161393518518518 0.02999635416666667 0.03042685185185185
0 0.47378671874999995 0.6581699074074073 0.0131984375 0.02189537037037037
0 0.4928591145833333 0.6592435185185185 0.009676562500000001 0.02033888888888889
0 0.6069294270833333 0.5861597222222222 0.029483854166666667 0.06861574074074074
0 0.5394591145833334 0.7128064814814815 0.0122515625 0.018205555555555555
0 0.6759236979166666 0.4653527777777778 0.0122640625 0.05477962962962963
0 0.47961041666666665 0.560374074074074 0.0165125 0.03741481481481482
0 0.4985104166666667 0.5564092592592593 0.009520833333333334 0.016522222222222223
0 0.6729442708333334 0.5738791666666666 0.009430208333333334 0.029239814814814816
0 0.4777755208333333 0.9082768518518518 0.015967708333333334 0.029516666666666667
0 0.6636518229166666 0.9376611111111111 0.0189703125 0.021618518518518516
0 0.71611875 0.1832615740740741 0.012445833333333333 0.04059722222222222
0 0.43956354166666667 0.8803643518518518 0.010377083333333334 0.02739537037037037
0 0.41914583333333333 0.8658527777777778 0.014333333333333333 0.03540925925925926
0 0.33645625 0.7946930555555556 0.006245833333333334 0.03938611111111111
1 0.5 0.4716208333333333 1.0 0.9432416666666666
0 0.7277244791666667 0.31101944444444446 0.022115625000000003 0.047964814814814814
0 0.7163596354166667 0.08821666666666667 0.0243859375 0.057914814814814815
0 0.7040807291666666 0.16221712962962964 0.022744791666666667 0.029989814814814816
0 0.72416328125 0.2264361111111111 0.0170765625 0.017687037037037036
0 0.8719497395833333 0.11193194444444445 0.018899479166666667 0.036826851851851854
0 0.69849453125 0.051246759259259256 0.023030729166666666 0.02286388888888889
0 0.9889854166666667 0.317962037037037 0.011304166666666667 0.015553703703703702
0 0.8427822916666667 0.8193513888888889 0.015772916666666668 0.01833240740740741
0 0.8180447916666667 0.7779810185185185 0.007964583333333334 0.020776851851851852
0 0.9261611979166666 0.7536296296296295 0.010655729166666666 0.03874074074074074
0 0.9805302083333333 0.6382166666666667 0.012102083333333334 0.03384074074074074
0 0.62828984375 0.9053361111111111 0.0159546875 0.04215370370370371
0 0.5107609375000001 0.7603796296296297 0.02256354166666667 0.046685185185185184
0 0.4963192708333333 0.7241106481481481 0.030138541666666668 0.035258333333333336
0 0.4105755208333333 0.7407194444444444 0.005526041666666666 0.01106851851851852
0 0.45986901041666667 0.551687037037037 0.020779687499999998 0.034855555555555556
0 0.5366783854166666 0.6132138888888888 0.016065104166666667 0.01716851851851852
0 0.49527812499999996 0.5275013888888889 0.033264583333333334 0.05685462962962963
0 0.5346799479166666 0.5386 0.0141515625 0.06794074074074075
0 0.4026484375 0.49366898148148153 0.03133854166666667 0.048449074074074075
0 0.37544192708333335 0.4191546296296296 0.036300520833333336 0.10312407407407408
0 0.4456059895833333 0.3443550925925926 0.02871197916666667 0.0498212962962963
0 0.42446640625 0.25707546296296296 0.032266145833333336 0.025262037037037038
0 0.5407471354166666 0.35237453703703703 0.012744270833333333 0.023267592592592593
0 0.52250234375 0.3451125 0.0106296875 0.019854629629629632
0 0.4038950520833334 0.38225601851851854 0.029665104166666668 0.0700675925925926
0 0.48184947916666665 0.2789509259259259 0.011615625 0.01901296296296296
0 0.3237447916666667 0.4800486111111111 0.00790625 0.056393518518518516
0 0.5255346354166667 0.4464472222222222 0.016694270833333334 0.03919074074074074
0 0.50677578125 0.4446953703703704 0.009384895833333332 0.01716851851851852
0 0.3369494791666667 0.3742402777777778 0.010357291666666666 0.028110185185185186
0 0.5617442708333333 0.10549907407407406 0.017238541666666666 0.029516666666666667
0 0.38158723958333335 0.018014814814814813 0.019424479166666668 0.021214814814814815
0 0.25622552083333333 0.7454152777777777 0.014534374999999999 0.037126851851851855
0 0.596334375 0.14368842592592593 0.010377083333333334 0.026265740740740742
0 0.6143770833333334 0.1638412037037037 0.014170833333333332 0.036941666666666664
0 0.6894247395833334 0.25986898148148146 0.008016145833333333 0.03825648148148148
1 0.49973958333333335 0.5462962962962963 0.9994791666666667 0.9055555555555556
0 0.28229166666666666 0.7231481481481481 0.020833333333333332 0.04814814814814815
0 0.30442708333333335 0.9435185185185185 0.024479166666666666 0.05740740740740741
0 0.31302083333333336 0.8675925925925926 0.021875 0.03148148148148148
0 0.2903645833333333 0.8074074074074075 0.0171875 0.018518518518518517
0 0.1484375 0.9444444444444444 0.019791666666666666 0.03518518518518519
0 0.32421875 0.9773148148148149 0.0234375 0.023148148148148147
0 0.021614583333333333 0.7574074074074074 0.0109375 0.016666666666666666
0 0.14296875 0.23472222222222222 0.015104166666666667 0.017592592592592594
0 0.16953125 0.2722222222222222 0.0078125 0.020370370370370372
0 0.06302083333333333 0.31296296296296294 0.009375 0.03888888888888889
0 0.014583333333333334 0.43703703703703706 0.010416666666666666 0.03518518518518519
0 0.35208333333333336 0.1162037037037037 0.015625 0.041666666666666664
0 0.4765625 0.24259259259259258 0.021875 0.046296296296296294
0 0.49270833333333336 0.27546296296296297 0.030208333333333334 0.03425925925925926
0 0.57734375 0.2462962962962963 0.005729166666666666 0.011111111111111112
0 0.5377604166666666 0.44212962962962965 0.0203125 0.03425925925925926
0 0.4578125 0.3925925925925926 0.015625 0.016666666666666666
0 0.503125 0.47129629629629627 0.03125 0.05925925925925926
0 0.4635416666666667 0.46620370370370373 0.014583333333333334 0.06759259259259259
0 0.5971354166666667 0.49027777777777776 0.030729166666666665 0.049074074074074076
0 0.6276041666666666 0.5625 0.03958333333333333 0.10092592592592593
0 0.56171875 0.6462962962962963 0.0296875 0.04814814814814815
0 0.5869791666666667 0.7305555555555555 0.03125 0.025925925925925925
0 0.46640625 0.6537037037037037 0.013020833333333334 0.022222222222222223
0 0.48515625 0.6578703703703703 0.009895833333333333 0.019444444444444445
0 0.6018229166666667 0.6023148148148149 0.0296875 0.06944444444444445
0 0.52890625 0.7175925925925926 0.011979166666666667 0.018518518518518517
0 0.6768229166666667 0.4925925925925926 0.009895833333333333 0.05555555555555555
0 0.47708333333333336 0.5569444444444445 0.016666666666666666 0.03796296296296296
0 0.49583333333333335 0.5564814814814815 0.009375 0.016666666666666666
0 0.6684895833333333 0.600462962962963 0.009895833333333333 0.028703703703703703
0 0.4578125 0.9027777777777778 0.016666666666666666 0.02962962962962963
0 0.64140625 0.961574074074074 0.019270833333333334 0.021296296296296296
0 0.7307291666666667 0.2175925925925926 0.013541666666666667 0.03888888888888889
0 0.42135416666666664 0.8699074074074075 0.010416666666666666 0.026851851851851852
0 0.40208333333333335 0.8523148148148149 0.013541666666666667 0.03611111111111111
0 0.32265625 0.7685185185185185 0.0067708333333333336 0.03888888888888889
1 0.5 0.5520486111111111 1.0 0.8966898148148148
0 0.29407109375 0.7556481481481482 0.019392187499999998 0.04833333333333334
0 0.32734375 0.9718708333333334 0.025520833333333333 0.05670462962962963
0 0.33193229166666666 0.8955546296296296 0.021156249999999998 0.03370185185185186
0 0.30650052083333335 0.8386138888888889 0.017167708333333333 0.01982037037037037
0 0.17121927083333333 0.9896990740740741 0.019521875 0.02013888888888889
0 0.3480182291666667 0.994676388888889 0.019994791666666668 0.009723148148148147
0 0.03597291666666667 0.8302837962962963 0.0104875 0.017975
0 0.13119947916666666 0.291775462962963 0.014482291666666668 0.01873611111111111
0 0.15967890625 0.3247597222222222 0.007899479166666666 0.019889814814814815
0 0.05566796875 0.3818111111111111 0.0082109375 0.03954814814814815
0 0.013316406250000001 0.5127773148148148 0.008924479166666667 0.036665740740740735
0 0.33354348958333335 0.14112453703703703 0.0160453125 0.041508333333333335
0 0.4638067708333333 0.24685185185185188 0.021363541666666666 0.04555555555555556
0 0.4817942708333333 0.27668472222222223 0.030255208333333335 0.032999074074074077
0 0.5644028645833333 0.2351638888888889 0.0058890625 0.01106851851851852
0 0.5348453125 0.4362666666666667 0.019690625 0.03364444444444444
0 0.45285859375000004 0.399849537037037 0.0150921875 0.018217592592592594
0 0.5014778645833333 0.46981805555555556 0.02899739583333333 0.061858333333333335
0 0.46206614583333333 0.47155 0.01579895833333333 0.06717407407407408
0 0.5965463541666666 0.4750490740740741 0.030592708333333333 0.05009814814814815
0 0.63013671875 0.5435050925925926 0.042565104166666666 0.0981212962962963
0 0.5688643229166667 0.6360175925925926 0.030436979166666666 0.04610925925925926
0 0.5978106770833332 0.7161393518518518 0.02999635416666667 0.03042685185185185
0 0.47378671874999995 0.6581699074074073 0.0131984375 0.02189537037037037
0 0.4928591145833333 0.6592435185185185 0.009676562500000001 0.02033888888888889
0 0.6069294270833333 0.5861597222222222 0.029483854166666667 0.06861574074074074
0 0.5394591145833334 0.7128064814814815 0.0122515625 0.018205555555555555
0 0.6759236979166666 0.4653527777777778 0.0122640625 0.05477962962962963
0 0.47961041666666665 0.560374074074074 0.0165125 0.03741481481481482
0 0.4985104166666667 0.5564092592592593 0.009520833333333334 0.016522222222222223
0 0.6729442708333334 0.5738791666666666 0.009430208333333334 0.029239814814814816
0 0.4777755208333333 0.9082768518518518 0.015967708333333334 0.029516666666666667
0 0.6636518229166666 0.9376611111111111 0.0189703125 0.021618518518518516
0 0.71611875 0.1832615740740741 0.012445833333333333 0.04059722222222222
0 0.43956354166666667 0.8803643518518518 0.010377083333333334 0.02739537037037037
0 0.41914583333333333 0.8658527777777778 0.014333333333333333 0.03540925925925926
0 0.33645625 0.7946930555555556 0.006245833333333334 0.03938611111111111
