1 0.4998046875 0.5222222222222223 0.999609375 0.9541666666666667
0 0.341796875 0.6163194444444444 0.015625 0.04513888888888889
0 0.2515625 0.7489583333333333 0.008984375 0.018750000000000003
0 0.31796875 0.8239583333333333 0.012890625 0.0125
0 0.30947265625 0.7355902777777777 0.0046875 0.0076388888888888895
0 0.34912109375 0.9006944444444444 0.015625 0.020138888888888887
0 0.36552734375 0.8885416666666667 0.030859375 0.030555555555555558
0 0.33955078125 0.7340277777777778 0.012109375 0.013194444444444444
0 0.49765625 0.653125 0.016796875 0.03194444444444444
0 0.45068359375 0.5743055555555556 0.009765625 0.027083333333333334
0 0.47177734375 0.5255208333333333 0.0109375 0.042361111111111106
0 0.4646484375 0.4378472222222222 0.015234375 0.028472222222222218
0 0.42470703125 0.1371527777777778 0.0359375 0.08333333333333333
0 0.4412109375 0.08402777777777777 0.01328125 0.018750000000000003
0 0.45458984375 0.1359375 0.0234375 0.051388888888888894
0 0.4578125 0.1032986111111111 0.0171875 0.020833333333333332
0 0.7111328125 0.6619791666666667 0.04921875 0.044444444444444446
0 0.64599609375 0.5967013888888889 0.013671875 0.025
0 0.6798828125 0.6717013888888889 0.031640625 0.04652777777777778
0 0.6251953125 0.5147569444444444 0.004296875 0.010416666666666666
0 0.63671875 0.5342013888888889 0.00390625 0.011111111111111112
0 0.63681640625 0.5506944444444444 0.008984375 0.018055555555555557
0 0.894140625 0.19652777777777777 0.005078125 0.0076388888888888895
0 0.7880859375 0.5043402777777778 0.017578125 0.041666666666666664
0 0.94609375 0.7017361111111111 0.007421875 0.049305555555555554
0 0.88349609375 0.6157986111111111 0.012109375 0.011111111111111112
0 0.89248046875 0.6821180555555555 0.00859375 0.022222222222222223
0 0.447265625 0.4263888888888889 0.0078125 0.01597222222222222
0 0.4248046875 0.25121527777777775 0.01953125 0.03194444444444444
1 0.5 0.508474826388889 1.0 0.9822274305555556
0 0.346267822265625 0.6353615451388889 0.01577783203125 0.04502864583333333
0 0.2617236328125 0.7792447916666667 0.008798828125 0.01855902777777778
0 0.331625 0.84612890625 0.012859375 0.013438368055555556
0 0.319259765625 0.7592365451388888 0.00473046875 0.008056423611111111
0 0.365460693359375 0.918705295138889 0.01607763671875 0.019702256944444444
0 0.3807900390625 0.9036653645833334 0.031111328125 0.02781684027777778
0 0.34905859375 0.7538559027777778 0.0125703125 0.012920138888888889
0 0.503238525390625 0.6536875 0.01721923828125 0.03133333333333333
0 0.453680908203125 0.5807847222222222 0.00892431640625 0.02788888888888889
0 0.472947021484375 0.5290381944444444 0.01230029296875 0.04245138888888889
0 0.46231103515625 0.4419105902777778 0.0154423828125 0.027918402777777778
0 0.41059619140625 0.14678645833333334 0.0350595703125 0.08350347222222222
0 0.4249453125 0.09319401041666667 0.0129765625 0.019721354166666667
0 0.4408779296875 0.1425529513888889 0.024333984375 0.05073090277777778
0 0.442572998046875 0.10951171875 0.01698193359375 0.021106770833333333
0 0.716644287109375 0.6373988715277777 0.04949951171875 0.04389496527777778
0 0.648936279296875 0.5785143229166666 0.01369287109375 0.025084201388888887
0 0.6866416015625 0.6481549479166666 0.032462890625 0.04457378472222222
0 0.625542236328125 0.49892534722222215 0.00401416015625 0.010003472222222221
0 0.6376728515625 0.5170690104166666 0.003861328125 0.011568576388888889
0 0.63855419921875 0.5333111979166667 0.0085537109375 0.018011284722222222
0 0.881100830078125 0.14901779513888888 0.00536572265625 0.008105034722222222
0 0.787835205078125 0.46838454861111106 0.01805322265625 0.04093576388888889
0 0.95258447265625 0.6460963541666667 0.0086845703125 0.049137152777777776
0 0.88698095703125 0.5676714409722222 0.0122431640625 0.010342881944444444
0 0.89868359375 0.6329713541666666 0.00928125 0.021151041666666665
0 0.444837890625 0.43239756944444446 0.00783984375 0.015836805555555555
0 0.415735107421875 0.2612052951388889 0.01994677734375 0.031091145833333333
1 0.5 0.4738485243055556 1.0 0.9476970486111111
0 0.66613330078125 0.42767361111111113 0.0158603515625 0.044583333333333336
0 0.7678037109375 0.3236588541666667 0.009240234375 0.01884548611111111
0 0.708178955078125 0.23034852430555552 0.01303759765625 0.012780381944444445
0 0.709041259765625 0.3197990451388889 0.00499658203125 0.0076536458333333335
0 0.684412353515625 0.1460151909722222 0.01433251953125 0.02293315972222222
0 0.667216796875 0.15376519097222222 0.02974609375 0.03669704861111111
0 0.67915771484375 0.3134123263888889 0.0116357421875 0.015713541666666667
0 0.516595703125 0.34970659722222225 0.01658984375 0.03274652777777778
0 0.5555439453125 0.4400238715277778 0.011478515625 0.02588107638888889
0 0.529769287109375 0.4827625868055556 0.01071044921875 0.041914062499999995
0 0.52922119140625 0.5701597222222222 0.0144970703125 0.029208333333333336
0 0.543081787109375 0.8798038194444444 0.03733544921875 0.08252430555555555
0 0.521512939453125 0.9269392361111112 0.01372900390625 0.017072916666666667
0 0.513434814453125 0.8720590277777778 0.02101025390625 0.05314583333333333
0 0.50671826171875 0.9042769097222223 0.0173427734375 0.020359375
0 0.304806884765625 0.2835685763888889 0.04906689453125 0.049776041666666666
0 0.364479248046875 0.3637456597222222 0.01411474609375 0.024366319444444444
0 0.337859375 0.2790568576388889 0.029234375 0.051169270833333336
0 0.377427490234375 0.45002300347222224 0.00485498046875 0.011157118055555556
0 0.368140625 0.42817578125 0.0048359375 0.010865451388888888
0 0.369153076171875 0.41212890625 0.00979052734375 0.018702256944444447
0 0.08385791015624999 0.6902426215277777 0.0046298828125 0.008957465277777778
0 0.216108154296875 0.41538020833333333 0.01620068359375 0.04256597222222222
0 0.076952392578125 0.17631336805555556 0.00937353515625 0.04880729166666667
0 0.131336669921875 0.2787638888888889 0.01169677734375 0.014124999999999999
0 0.12825732421875 0.21089973958333333 0.0074912109375 0.024230034722222224
0 0.546146240234375 0.5878576388888889 0.00830810546875 0.015993055555555555
0 0.5525830078125 0.7660312499999999 0.018251953125 0.03379861111111111
1 0.4998046875 0.5222222222222223 0.999609375 0.9541666666666667
0 0.341796875 0.6163194444444444 0.015625 0.04513888888888889
0 0.2515625 0.7489583333333333 0.008984375 0.018750000000000003
0 0.31796875 0.8239583333333333 0.012890625 0.0125
0 0.30947265625 0.7355902777777777 0.0046875 0.0076388888888888895
0 0.34912109375 0.9006944444444444 0.015625 0.020138888888888887
0 0.36552734375 0.8885416666666667 0.030859375 0.030555555555555558
0 0.33955078125 0.7340277777777778 0.012109375 0.013194444444444444
0 0.49765625 0.653125 0.016796875 0.03194444444444444
0 0.45068359375 0.5743055555555556 0.009765625 0.027083333333333334
0 0.47177734375 0.5255208333333333 0.0109375 0.042361111111111106
0 0.4646484375 0.4378472222222222 0.015234375 0.028472222222222218
0 0.42470703125 0.1371527777777778 0.0359375 0.08333333333333333
0 0.4412109375 0.08402777777777777 0.01328125 0.018750000000000003
0 0.45458984375 0.1359375 0.0234375 0.051388888888888894
0 0.4578125 0.1032986111111111 0.0171875 0.020833333333333332
0 0.7111328125 0.6619791666666667 0.04921875 0.044444444444444446
0 0.64599609375 0.5967013888888889 0.013671875 0.025
0 0.6798828125 0.6717013888888889 0.031640625 0.04652777777777778
0 0.6251953125 0.5147569444444444 0.004296875 0.010416666666666666
0 0.63671875 0.5342013888888889 0.00390625 0.011111111111111112
0 0.63681640625 0.5506944444444444 0.008984375 0.018055555555555557
0 0.894140625 0.19652777777777777 0.005078125 0.0076388888888888895
0 0.7880859375 0.5043402777777778 0.017578125 0.041666666666666664
0 0.94609375 0.7017361111111111 0.007421875 0.049305555555555554
0 0.88349609375 0.6157986111111111 0.012109375 0.011111111111111112
0 0.89248046875 0.6821180555555555 0.00859375 0.022222222222222223
0 0.447265625 0.4263888888888889 0.0078125 0.01597222222222222
0 0.4248046875 0.25121527777777775 0.01953125 0.03194444444444444
1 0.5 0.508474826388889 1.0 0.9822274305555556
0 0.346267822265625 0.6353615451388889 0.01577783203125 0.04502864583333333
0 0.2617236328125 0.7792447916666667 0.008798828125 0.01855902777777778
0 0.331625 0.84612890625 0.012859375 0.013438368055555556
0 0.319259765625 0.7592365451388888 0.00473046875 0.008056423611111111
0 0.365460693359375 0.918705295138889 0.01607763671875 0.019702256944444444
0 0.3807900390625 0.9036653645833334 0.031111328125 0.02781684027777778
0 0.34905859375 0.7538559027777778 0.0125703125 0.012920138888888889
0 0.503238525390625 0.6536875 0.01721923828125 0.03133333333333333
0 0.453680908203125 0.5807847222222222 0.00892431640625 0.02788888888888889
0 0.472947021484375 0.5290381944444444 0.01230029296875 0.04245138888888889
0 0.46231103515625 0.4419105902777778 0.0154423828125 0.027918402777777778
0 0.41059619140625 0.14678645833333334 0.0350595703125 0.08350347222222222
0 0.4249453125 0.09319401041666667 0.0129765625 0.019721354166666667
0 0.4408779296875 0.1425529513888889 0.024333984375 0.05073090277777778
0 0.442572998046875 0.10951171875 0.01698193359375 0.021106770833333333
0 0.716644287109375 0.6373988715277777 0.04949951171875 0.04389496527777778
0 0.648936279296875 0.5785143229166666 0.01369287109375 0.025084201388888887
0 0.6866416015625 0.6481549479166666 0.032462890625 0.04457378472222222
0 0.625542236328125 0.49892534722222215 0.00401416015625 0.010003472222222221
0 0.6376728515625 0.5170690104166666 0.003861328125 0.011568576388888889
0 0.63855419921875 0.5333111979166667 0.0085537109375 0.018011284722222222
0 0.881100830078125 0.14901779513888888 0.00536572265625 0.008105034722222222
0 0.787835205078125 0.46838454861111106 0.01805322265625 0.04093576388888889
0 0.95258447265625 0.6460963541666667 0.0086845703125 0.049137152777777776
0 0.88698095703125 0.5676714409722222 0.0122431640625 0.010342881944444444
0 0.89868359375 0.6329713541666666 0.00928125 0.021151041666666665
0 0.444837890625 0.43239756944444446 0.00783984375 0.015836805555555555
0 0.415735107421875 0.2612052951388889 0.01994677734375 0.031091145833333333
1 0.5 0.4738485243055556 1.0 0.9476970486111111
0 0.66613330078125 0.42767361111111113 0.0158603515625 0.044583333333333336
0 0.7678037109375 0.3236588541666667 0.009240234375 0.01884548611111111
0 0.708178955078125 0.23034852430555552 0.01303759765625 0.012780381944444445
0 0.709041259765625 0.3197990451388889 0.00499658203125 0.0076536458333333335
0 0.684412353515625 0.1460151909722222 0.01433251953125 0.02293315972222222
0 0.667216796875 0.15376519097222222 0.02974609375 0.03669704861111111
0 0.67915771484375 0.3134123263888889 0.0116357421875 0.015713541666666667
0 0.516595703125 0.34970659722222225 0.01658984375 0.03274652777777778
0 0.5555439453125 0.4400238715277778 0.011478515625 0.02588107638888889
0 0.529769287109375 0.4827625868055556 0.01071044921875 0.041914062499999995
0 0.52922119140625 0.5701597222222222 0.0144970703125 0.029208333333333336
0 0.543081787109375 0.8798038194444444 0.03733544921875 0.08252430555555555
0 0.521512939453125 0.9269392361111112 0.01372900390625 0.017072916666666667
0 0.513434814453125 0.8720590277777778 0.02101025390625 0.05314583333333333
0 0.50671826171875 0.9042769097222223 0.0173427734375 0.020359375
0 0.304806884765625 0.2835685763888889 0.04906689453125 0.049776041666666666
0 0.364479248046875 0.3637456597222222 0.01411474609375 0.024366319444444444
0 0.337859375 0.2790568576388889 0.029234375 0.051169270833333336
0 0.377427490234375 0.45002300347222224 0.00485498046875 0.011157118055555556
0 0.368140625 0.42817578125 0.0048359375 0.010865451388888888
0 0.369153076171875 0.41212890625 0.00979052734375 0.018702256944444447
0 0.08385791015624999 0.6902426215277777 0.0046298828125 0.008957465277777778
0 0.216108154296875 0.41538020833333333 0.01620068359375 0.04256597222222222
0 0.076952392578125 0.17631336805555556 0.00937353515625 0.04880729166666667
0 0.131336669921875 0.2787638888888889 0.01169677734375 0.014124999999999999
0 0.12825732421875 0.21089973958333333 0.0074912109375 0.024230034722222224
0 0.546146240234375 0.5878576388888889 0.00830810546875 0.015993055555555555
0 0.5525830078125 0.7660312499999999 0.018251953125 0.03379861111111111
