1 0.5 0.46557731481481485 1.0 0.9311546296296297
0 0.22755390625 0.5539 0.013441145833333333 0.031874074074074076
0 0.07356796874999999 0.4250333333333333 0.008594270833333334 0.02228888888888889
0 0.08819270833333334 0.5090439814814816 0.00659375 0.031050925925925923
0 0.07547447916666666 0.5529296296296297 0.006157291666666666 0.02622962962962963
0 0.07505156249999999 0.574825462962963 0.0042697916666666665 0.007058333333333333
0 0.059559375 0.5899486111111111 0.009743749999999999 0.01693425925925926
0 0.08240494791666667 0.2761273148148148 0.013768229166666666 0.02447685185185185
0 0.06367213541666666 0.3419481481481481 0.008594270833333334 0.01722962962962963
0 0.022515625 0.36860925925925925 0.0044062500000000004 0.00944074074074074
0 0.02202109375 0.34609351851851855 0.007583854166666667 0.012557407407407406
0 0.022488281250000002 0.37009444444444445 0.0043515625 0.01055925925925926
0 0.01766458333333333 0.3846912037037037 0.004079166666666667 0.010123148148148148
0 0.022473437500000002 0.7116361111111111 0.006405208333333333 0.015864814814814814
0 0.03123072916666667 0.6537893518518518 0.008294791666666667 0.01683796296296296
0 0.04689322916666667 0.19342916666666668 0.011494791666666667 0.02389537037037037
0 0.08207890625 0.2305162037037037 0.009991145833333333 0.022143518518518517
0 0.0046421875000000005 0.5081050925925926 0.009284375000000001 0.07917314814814816
0 0.19675416666666667 0.08346527777777778 0.015383333333333334 0.022486111111111113
0 0.22431041666666665 0.05112453703703704 0.025704166666666663 0.03187870370370371
0 0.31497734374999997 0.050748611111111105 0.022663020833333332 0.045941666666666665
0 0.33995885416666666 0.07579351851851852 0.011167708333333333 0.01640185185185185
0 0.3230752604166666 0.12016527777777779 0.0076088541666666665 0.01625648148148148
0 0.24007161458333334 0.18358935185185185 0.006184895833333333 0.019030555555555558
0 0.23861692708333332 0.1003337962962963 0.009525520833333334 0.011778703703703704
0 0.3190875 0.280175 0.026716666666666666 0.027016666666666668
0 0.44742369791666664 0.1396824074074074 0.015680729166666667 0.051587037037037035
0 0.42934791666666666 0.18046805555555553 0.0159875 0.01834351851851852
0 0.4671661458333333 0.19172685185185184 0.011415625 0.01863888888888889
0 0.4718815104166667 0.12598842592592593 0.0104296875 0.014939814814814815
0 0.5613109375 0.09996666666666666 0.034080208333333334 0.042525925925925925
0 0.5784338541666667 0.015043518518518519 0.028742708333333332 0.017124074074074073
0 0.41925208333333336 0.8733546296296296 0.0072541666666666674 0.017079629629629632
0 0.4917578125 0.8740625 0.09080729166666666 0.10553240740740741
0 0.45883697916666666 0.8669601851851851 0.024965624999999998 0.03206851851851852
0 0.47814557291666665 0.8377453703703703 0.011499479166666667 0.031046296296296298
0 0.48284479166666666 0.8703791666666667 0.012564583333333332 0.022239814814814813
0 0.5320244791666666 0.9153347222222222 0.009882291666666666 0.02326203703703704
0 0.4856377604166667 0.9023018518518519 0.03898385416666667 0.045344444444444444
0 0.5487679687499999 0.8177916666666667 0.017327604166666667 0.028175925925925927
0 0.52238515625 0.8031277777777778 0.015603645833333334 0.022922222222222222
0 0.48519244791666666 0.7921953703703704 0.006843229166666667 0.010316666666666667
0 0.57465 0.7778041666666666 0.012841666666666666 0.02968240740740741
0 0.6081520833333334 0.7970731481481482 0.0038041666666666666 0.005257407407407408
0 0.6070817708333334 0.7972643518518518 0.005830208333333334 0.009343518518518518
0 0.64230859375 0.7556532407407407 0.0408671875 0.03723240740740741
0 0.6653950520833334 0.7619425925925926 0.015165104166666667 0.031292592592592594
0 0.6477580729166666 0.8258041666666667 0.0121828125 0.033089814814814815
0 0.6447895833333334 0.8259449074074073 0.0031208333333333335 0.00744537037037037
0 0.6545033854166667 0.7981699074074075 0.024631770833333334 0.04448796296296296
0 0.6681539062499999 0.8073476851851852 0.010266145833333332 0.01654722222222222
0 0.5532169270833334 0.639049537037037 0.0053921875 0.01328425925925926
0 0.6316070312500001 0.6383328703703703 0.018422395833333334 0.02666574074074074
0 0.6226638020833334 0.4491851851851852 0.008869270833333333 0.015037037037037036
0 0.6967971354166667 0.47084444444444445 0.012344270833333334 0.019466666666666667
0 0.67538984375 0.5284467592592592 0.0101546875 0.01800462962962963
0 0.72028828125 0.46699398148148147 0.0155765625 0.021025000000000002
0 0.7387916666666666 0.4842189814814815 0.015083333333333334 0.020289814814814816
0 0.7384455729166667 0.523825 0.020641145833333333 0.04209444444444445
0 0.7797802083333334 0.6416185185185185 0.024143750000000002 0.03508888888888889
0 0.7048052083333334 0.6948518518518519 0.0075270833333333335 0.010074074074074076
0 0.7384958333333334 0.8044518518518519 0.0072 0.008903703703703704
0 0.61982578125 0.8190541666666666 0.0115265625 0.03255277777777778
0 0.8971825520833333 0.8105800925925927 0.011031770833333334 0.028567592592592592
0 0.8070216145833334 0.8728805555555555 0.010918229166666666 0.03650185185185185
0 0.8715640625 0.7298324074074074 0.013961458333333334 0.022627777777777778
0 0.86348203125 0.6835185185185185 0.007172395833333334 0.013333333333333334
0 0.9359359375 0.5393555555555556 0.043746875 0.13611851851851853
0 0.9198403645833333 0.5486449074074075 0.008430729166666668 0.02136388888888889
0 0.9486562500000001 0.568663425925926 0.019187500000000003 0.03917870370370371
0 0.9303393229166667 0.5203694444444444 0.009636979166666667 0.037035185185185185
0 0.9942518229166667 0.5982541666666666 0.006211979166666667 0.022434259259259258
0 0.9658921874999999 0.44915324074074076 0.009909375 0.02608425925925926
0 0.6813953125 0.5514638888888889 0.025290625 0.03811296296296296
0 0.8695731770833334 0.452824537037037 0.018313020833333336 0.0352787037037037
0 0.9312177083333334 0.3247046296296296 0.007227083333333333 0.03829814814814815
0 0.9968924479166666 0.21963842592592592 0.006284895833333333 0.035573148148148145
0 0.9839859375 0.13397314814814815 0.008596875 0.025353703703703705
0 0.9345067708333333 0.07936759259259259 0.008596875 0.025401851851851853
0 0.95679375 0.14284907407407407 0.006295833333333333 0.015327777777777777
0 0.9333963541666667 0.11444074074074075 0.0074177083333333334 0.012214814814814815
0 0.9267174479166667 0.14724907407407406 0.012809895833333333 0.03153518518518519
0 0.9220138020833333 0.19438842592592592 0.0179859375 0.04618425925925926
0 0.17104687500000001 0.8025287037037037 0.008760416666666666 0.04209444444444445
1 0.49973958333333335 0.5375 0.9994791666666667 0.9231481481481482
0 0.2296875 0.4212962962962963 0.013541666666666667 0.03148148148148148
0 0.071875 0.5351851851851852 0.008333333333333333 0.022222222222222223
0 0.08880208333333334 0.4527777777777778 0.005729166666666666 0.03148148148148148
0 0.07734375 0.4074074074074074 0.005729166666666666 0.025925925925925925
0 0.07760416666666667 0.3861111111111111 0.004166666666666667 0.007407407407407408
0 0.06302083333333333 0.36944444444444446 0.009375 0.016666666666666666
0 0.0765625 0.6851851851851852 0.013541666666666667 0.024074074074074074
0 0.059375 0.6171296296296296 0.008333333333333333 0.017592592592592594
0 0.019270833333333334 0.587037037037037 0.004166666666666667 0.009259259259259259
0 0.01796875 0.6092592592592593 0.0078125 0.012962962962962963
0 0.019270833333333334 0.5856481481481481 0.004166666666666667 0.010185185185185186
0 0.015104166666666667 0.5699074074074074 0.004166666666666667 0.010185185185185186
0 0.029166666666666667 0.2439814814814815 0.00625 0.01574074074074074
0 0.036458333333333336 0.30277777777777776 0.008333333333333333 0.016666666666666666
0 0.03828125 0.7638888888888888 0.0109375 0.024074074074074074
0 0.07473958333333333 0.7305555555555555 0.009895833333333333 0.022222222222222223
0 0.0046875 0.44537037037037036 0.009375 0.07962962962962963
0 0.18463541666666666 0.8875 0.015104166666666667 0.023148148148148147
0 0.21171875 0.9226851851851852 0.025520833333333333 0.032407407407407406
0 0.3015625 0.9314814814814815 0.021875 0.046296296296296294
0 0.32786458333333335 0.9083333333333333 0.0109375 0.016666666666666666
0 0.31197916666666664 0.8629629629629629 0.007291666666666667 0.016666666666666666
0 0.23098958333333333 0.7921296296296296 0.005729166666666666 0.019444444444444445
0 0.22708333333333333 0.874537037037037 0.009375 0.012037037037037037
0 0.31276041666666665 0.7023148148148148 0.0265625 0.028703703703703703
0 0.43697916666666664 0.8546296296296296 0.014583333333333334 0.05185185185185185
0 0.4200520833333333 0.8125 0.016145833333333335 0.017592592592592594
0 0.4583333333333333 0.8046296296296296 0.011458333333333333 0.018518518518518517
0 0.4609375 0.8712962962962963 0.010416666666666666 0.014814814814814815
0 0.5497395833333333 0.9050925925925926 0.033854166666666664 0.041666666666666664
0 0.5638020833333334 0.9912037037037037 0.028645833333333332 0.01574074074074074
0 0.43020833333333336 0.11944444444444445 0.007291666666666667 0.016666666666666666
0 0.5033854166666667 0.1259259259259259 0.0921875 0.10185185185185185
0 0.46927083333333336 0.12962962962962962 0.025 0.03148148148148148
0 0.48828125 0.16064814814814815 0.011979166666666667 0.030555555555555555
0 0.49375 0.1287037037037037 0.0125 0.022222222222222223
0 0.54453125 0.08842592592592592 0.009895833333333333 0.023148148148148147
0 0.4973958333333333 0.09722222222222222 0.03958333333333333 0.04259259259259259
0 0.5580729166666667 0.18703703703703703 0.0171875 0.027777777777777776
0 0.53125 0.19953703703703704 0.015625 0.023148148148148147
0 0.4940104166666667 0.20694444444444443 0.0067708333333333336 0.010185185185185186
0 0.5828125 0.22916666666666666 0.013541666666666667 0.028703703703703703
0 0.5908854166666667 0.005092592592592593 0.09322916666666667 0.010185185185185186
0 0.6169270833333333 0.21388888888888888 0.0036458333333333334 0.005555555555555556
0 0.6158854166666666 0.21296296296296297 0.005729166666666666 0.009259259259259259
0 0.6497395833333334 0.25833333333333336 0.04010416666666667 0.03888888888888889
0 0.67265625 0.2537037037037037 0.015104166666666667 0.03148148148148148
0 0.6572916666666667 0.1884259259259259 0.0125 0.032407407407407406
0 0.6541666666666667 0.18796296296296297 0.003125 0.007407407407407408
0 0.66328125 0.21666666666666667 0.0234375 0.046296296296296294
0 0.6770833333333334 0.20925925925925926 0.010416666666666666 0.016666666666666666
0 0.5572916666666666 0.36574074074074076 0.005208333333333333 0.012962962962962963
0 0.6356770833333333 0.37407407407407406 0.018229166666666668 0.025925925925925925
0 0.62109375 0.562037037037037 0.008854166666666666 0.014814814814814815
0 0.6955729166666667 0.5476851851851852 0.011979166666666667 0.019444444444444445
0 0.67578125 0.4875 0.009895833333333333 0.017592592592592594
0 0.71875 0.5532407407407407 0.015625 0.021296296296296296
0 0.73828125 0.5375 0.015104166666666667 0.019444444444444445
0 0.7385416666666667 0.4976851851851852 0.020833333333333332 0.041666666666666664
0 0.7833333333333333 0.38425925925925924 0.023958333333333335 0.03518518518518519
0 0.7104166666666667 0.324537037037037 0.007291666666666667 0.010185185185185186
0 0.746875 0.21805555555555556 0.007291666666666667 0.008333333333333333
0 0.62890625 0.1925925925925926 0.011979166666666667 0.03148148148148148
0 0.90546875 0.2263888888888889 0.0109375 0.028703703703703703
0 0.8174479166666667 0.15648148148148147 0.009895833333333333 0.037037037037037035
0 0.8778645833333333 0.3055555555555556 0.0140625 0.022222222222222223
0 0.8682291666666667 0.35 0.007291666666666667 0.012962962962962963
0 0.93671875 0.500462962962963 0.044270833333333336 0.1361111111111111
0 0.9208333333333333 0.49027777777777776 0.008333333333333333 0.021296296296296296
0 0.95 0.4736111111111111 0.01875 0.03981481481481482
0 0.9299479166666667 0.5194444444444445 0.009895833333333333 0.037037037037037035
0 0.9966145833333333 0.44814814814814813 0.005729166666666666 0.022222222222222223
0 0.9638020833333333 0.5944444444444444 0.009895833333333333 0.025925925925925925
0 0.6825520833333333 0.4652777777777778 0.024479166666666666 0.03981481481481482
0 0.8674479166666667 0.5810185185185185 0.018229166666666668 0.03425925925925926
0 0.9255208333333333 0.7152777777777778 0.007291666666666667 0.03796296296296296
0 0.9877604166666667 0.825925925925926 0.0067708333333333336 0.03518518518518519
0 0.97265625 0.9106481481481481 0.008854166666666666 0.025
0 0.9986979166666666 0.8393518518518519 0.0015625 0.006481481481481481
0 0.9953125 0.8680555555555556 0.008333333333333333 0.03611111111111111
0 0.9875 0.9921296296296296 0.008333333333333333 0.013888888888888888
0 0.990625 0.9578703703703704 0.008333333333333333 0.017592592592592594
0 0.9216145833333333 0.9606481481481481 0.008854166666666666 0.025
0 0.9458333333333333 0.899074074074074 0.00625 0.014814814814814815
0 0.9213541666666667 0.9254629629629629 0.007291666666666667 0.012037037037037037
0 0.9161458333333333 0.8916666666666667 0.0125 0.03148148148148148
0 0.9122395833333333 0.8444444444444444 0.018229166666666668 0.046296296296296294
0 0.18098958333333334 0.16712962962962963 0.008854166666666666 0.041666666666666664
1 0.5 0.4737518518518518 1.0 0.9475037037037036
0 0.76156953125 0.6447662037037036 0.0137640625 0.03027314814814815
0 0.92677578125 0.571187962962963 0.008759895833333333 0.022005555555555553
0 0.9034671875 0.6485101851851851 0.004851041666666667 0.03220555555555555
0 0.9107901041666667 0.6958407407407408 0.005955208333333333 0.025014814814814813
0 0.90973046875 0.7170814814814814 0.0038359375 0.008237037037037038
0 0.9221606770833334 0.7370773148148148 0.008904687500000001 0.016747222222222222
0 0.9334486979166667 0.42076851851851854 0.013772395833333334 0.02487037037037037
0 0.94543046875 0.4934208333333333 0.007527604166666666 0.01832314814814815
0 0.9828604166666667 0.5334814814814814 0.0042625 0.009555555555555555
0 0.9859289062500001 0.5106375000000001 0.008316145833333333 0.013867592592592593
0 0.9826700520833334 0.533875462962963 0.0049234375 0.010343518518518518
0 0.9860260416666667 0.5505421296296297 0.0043437499999999995 0.010343518518518518
0 0.9460929687499999 0.8697662037037037 0.006769270833333333 0.015458333333333334
0 0.9434786458333334 0.8102972222222222 0.008832291666666665 0.01689074074074074
0 0.9784502604166666 0.3532328703703703 0.010025520833333332 0.024984259259259258
0 0.9396505208333333 0.3768083333333333 0.009509374999999999 0.022135185185185185
0 0.9877411458333333 0.6771731481481481 0.011940625 0.08027222222222223
0 0.8423382812500001 0.19448935185185184 0.014884895833333333 0.026015740740740742
0 0.8180755208333333 0.1531236111111111 0.02469270833333333 0.034025
0 0.7308174479166667 0.12102314814814813 0.021009895833333334 0.0494537037037037
0 0.7024851562500001 0.13839722222222223 0.010178645833333333 0.017535185185185185
0 0.7146338541666667 0.18654537037037036 0.006351041666666667 0.017535185185185185
0 0.7895622395833333 0.27773564814814816 0.005166145833333333 0.02028611111111111
0 0.7997369791666666 0.1972162037037037 0.008848958333333332 0.012950925925925926
0 0.7011002604166666 0.3462259259259259 0.02615885416666667 0.03319259259259259
0 0.5903510416666666 0.16419259259259258 0.015077083333333333 0.05431111111111111
0 0.6034880208333333 0.2102402777777778 0.016351041666666667 0.016776851851851852
0 0.5650846354166668 0.20824305555555556 0.011419270833333333 0.018337962962962962
0 0.5681421875 0.14178796296296298 0.010242708333333333 0.015057407407407408
0 0.4818497395833333 0.08889120370370371 0.03349114583333333 0.04074537037037037
0 0.47733203124999996 0.00305 0.022372395833333333 0.0061
0 0.53906328125 0.8939768518518518 0.007293229166666667 0.01573148148148148
0 0.46600859375 0.8712365740740741 0.09555885416666668 0.09617685185185185
0 0.5021026041666666 0.8740092592592592 0.025038541666666667 0.0295
0 0.48533828125 0.8399356481481481 0.013384895833333334 0.0298712962962963
0 0.47705885416666666 0.8693361111111112 0.012451041666666666 0.022005555555555553
0 0.42389010416666667 0.896775462962963 0.011321875 0.023180555555555555
0 0.4708447916666667 0.898925462962963 0.040647916666666666 0.04044351851851852
0 0.4177359375 0.7961611111111111 0.016721875 0.027507407407407408
0 0.44481588541666667 0.7900768518518518 0.0156734375 0.024598148148148147
0 0.48293125 0.7921444444444444 0.006487499999999999 0.010214814814814815
0 0.39719427083333336 0.7485523148148149 0.015221875 0.02673425925925926
0 0.3706763020833333 0.9707638888888889 0.09239427083333333 0.02486111111111111
0 0.3617372395833333 0.7541277777777777 0.0036828125 0.006403703703703704
0 0.36276875 0.755575 0.005745833333333334 0.009298148148148147
0 0.33301328125 0.7015597222222222 0.0379015625 0.04571203703703704
0 0.309634375 0.7010949074074074 0.015102083333333332 0.03181944444444445
0 0.31993489583333334 0.7698305555555556 0.013828125 0.030401851851851854
0 0.3229015625 0.771324537037037 0.0030947916666666667 0.007463888888888889
0 0.31622369791666666 0.7402504629629629 0.019947395833333333 0.050871296296296296
0 0.3022138020833333 0.7438240740740741 0.010677604166666667 0.017277777777777777
0 0.4324838541666667 0.6193814814814815 0.005592708333333333 0.012837037037037037
0 0.3556109375 0.5916287037037037 0.017471875 0.023998148148148147
0 0.3850768229166667 0.4087125 0.0086953125 0.015573148148148147
0 0.30943203125 0.4043939814814815 0.011572395833333334 0.019899074074074072
0 0.3251625 0.4689527777777778 0.010741666666666667 0.017535185185185185
0 0.28798098958333335 0.39366064814814816 0.0155453125 0.02250648148148148
0 0.2668536458333334 0.4041601851851852 0.014957291666666667 0.01757962962962963
0 0.26457734374999997 0.444125 0.021863020833333333 0.040101851851851854
0 0.21053098958333333 0.545024074074074 0.0231453125 0.03634444444444445
0 0.2779083333333333 0.6215569444444445 0.006858333333333333 0.011632407407407407
0 0.23340651041666666 0.7184898148148149 0.007438020833333334 0.00735
0 0.34830937500000003 0.7725032407407407 0.014327083333333332 0.028339814814814814
0 0.07732682291666666 0.670887037037037 0.010903645833333333 0.02881111111111111
0 0.15842760416666665 0.7618328703703704 0.0074802083333333335 0.03848055555555555
0 0.11048645833333334 0.5985791666666667 0.014722916666666667 0.021232407407407408
0 0.123546875 0.5578194444444445 0.007510416666666667 0.011935185185185186
0 0.06726562500000001 0.39239305555555554 0.045989583333333334 0.1347861111111111
0 0.08298932291666666 0.4059148148148148 0.008686979166666666 0.02108888888888889
0 0.052417708333333334 0.41432731481481483 0.017335416666666666 0.041617592592592595
0 0.07611822916666666 0.37395833333333334 0.011611458333333333 0.03680555555555556
0 0.00404609375 0.42812083333333334 0.007050520833333334 0.022908333333333333
0 0.04786171875 0.29199166666666665 0.010306770833333334 0.026575925925925926
0 0.3162052083333334 0.48895740740740734 0.02199375 0.044581481481481486
0 0.14273515625 0.3289592592592593 0.017761979166666667 0.03199259259259259
0 0.09506979166666667 0.1813087962962963 0.007847916666666666 0.03669166666666667
0 0.042868489583333336 0.05684953703703704 0.008653645833333333 0.034069444444444444
0 0.03279817708333333 0.04043935185185185 0.0020546875 0.00680462962962963
0 0.03780833333333333 0.015106018518518517 0.009991666666666668 0.030212037037037034
0 0.11825416666666667 0.012900462962962963 0.011508333333333334 0.025800925925925925
0 0.11921171875 0.05737546296296296 0.018631770833333335 0.0462324074074074
0 0.7897291666666667 0.9090685185185186 0.010708333333333332 0.04035925925925926
1 0.5 0.46557731481481485 1.0 0.9311546296296297
0 0.22755390625 0.5539 0.013441145833333333 0.031874074074074076
0 0.07356796874999999 0.4250333333333333 0.008594270833333334 0.02228888888888889
0 0.08819270833333334 0.5090439814814816 0.00659375 0.031050925925925923
0 0.07547447916666666 0.5529296296296297 0.006157291666666666 0.02622962962962963
0 0.07505156249999999 0.574825462962963 0.0042697916666666665 0.007058333333333333
0 0.059559375 0.5899486111111111 0.009743749999999999 0.01693425925925926
0 0.08240494791666667 0.2761273148148148 0.013768229166666666 0.02447685185185185
0 0.06367213541666666 0.3419481481481481 0.008594270833333334 0.01722962962962963
0 0.022515625 0.36860925925925925 0.0044062500000000004 0.00944074074074074
0 0.02202109375 0.34609351851851855 0.007583854166666667 0.012557407407407406
0 0.022488281250000002 0.37009444444444445 0.0043515625 0.01055925925925926
0 0.01766458333333333 0.3846912037037037 0.004079166666666667 0.010123148148148148
0 0.022473437500000002 0.7116361111111111 0.006405208333333333 0.015864814814814814
0 0.03123072916666667 0.6537893518518518 0.008294791666666667 0.01683796296296296
0 0.04689322916666667 0.19342916666666668 0.011494791666666667 0.02389537037037037
0 0.08207890625 0.2305162037037037 0.009991145833333333 0.022143518518518517
0 0.0046421875000000005 0.5081050925925926 0.009284375000000001 0.07917314814814816
0 0.19675416666666667 0.08346527777777778 0.015383333333333334 0.022486111111111113
0 0.22431041666666665 0.05112453703703704 0.025704166666666663 0.03187870370370371
0 0.31497734374999997 0.050748611111111105 0.022663020833333332 0.045941666666666665
0 0.33995885416666666 0.07579351851851852 0.011167708333333333 0.01640185185185185
0 0.3230752604166666 0.12016527777777779 0.0076088541666666665 0.01625648148148148
0 0.24007161458333334 0.18358935185185185 0.006184895833333333 0.019030555555555558
0 0.23861692708333332 0.1003337962962963 0.009525520833333334 0.011778703703703704
0 0.3190875 0.280175 0.026716666666666666 0.027016666666666668
0 0.44742369791666664 0.1396824074074074 0.015680729166666667 0.051587037037037035
0 0.42934791666666666 0.18046805555555553 0.0159875 0.01834351851851852
0 0.4671661458333333 0.19172685185185184 0.011415625 0.01863888888888889
0 0.4718815104166667 0.12598842592592593 0.0104296875 0.014939814814814815
0 0.5613109375 0.09996666666666666 0.034080208333333334 0.042525925925925925
0 0.5784338541666667 0.015043518518518519 0.028742708333333332 0.017124074074074073
0 0.41925208333333336 0.8733546296296296 0.0072541666666666674 0.017079629629629632
0 0.4917578125 0.8740625 0.09080729166666666 0.10553240740740741
0 0.45883697916666666 0.8669601851851851 0.024965624999999998 0.03206851851851852
0 0.47814557291666665 0.8377453703703703 0.011499479166666667 0.031046296296296298
0 0.48284479166666666 0.8703791666666667 0.012564583333333332 0.022239814814814813
0 0.5320244791666666 0.9153347222222222 0.009882291666666666 0.02326203703703704
0 0.4856377604166667 0.9023018518518519 0.03898385416666667 0.045344444444444444
0 0.5487679687499999 0.8177916666666667 0.017327604166666667 0.028175925925925927
0 0.52238515625 0.8031277777777778 0.015603645833333334 0.022922222222222222
0 0.48519244791666666 0.7921953703703704 0.006843229166666667 0.010316666666666667
0 0.57465 0.7778041666666666 0.012841666666666666 0.02968240740740741
0 0.6081520833333334 0.7970731481481482 0.0038041666666666666 0.005257407407407408
0 0.6070817708333334 0.7972643518518518 0.005830208333333334 0.009343518518518518
0 0.64230859375 0.7556532407407407 0.0408671875 0.03723240740740741
0 0.6653950520833334 0.7619425925925926 0.015165104166666667 0.031292592592592594
0 0.6477580729166666 0.8258041666666667 0.0121828125 0.033089814814814815
0 0.6447895833333334 0.8259449074074073 0.0031208333333333335 0.00744537037037037
0 0.6545033854166667 0.7981699074074075 0.024631770833333334 0.04448796296296296
0 0.6681539062499999 0.8073476851851852 0.010266145833333332 0.01654722222222222
0 0.5532169270833334 0.639049537037037 0.0053921875 0.01328425925925926
0 0.6316070312500001 0.6383328703703703 0.018422395833333334 0.02666574074074074
0 0.6226638020833334 0.4491851851851852 0.008869270833333333 0.015037037037037036
0 0.6967971354166667 0.47084444444444445 0.012344270833333334 0.019466666666666667
0 0.67538984375 0.5284467592592592 0.0101546875 0.01800462962962963
0 0.72028828125 0.46699398148148147 0.0155765625 0.021025000000000002
0 0.7387916666666666 0.4842189814814815 0.015083333333333334 0.020289814814814816
0 0.7384455729166667 0.523825 0.020641145833333333 0.04209444444444445
0 0.7797802083333334 0.6416185185185185 0.024143750000000002 0.03508888888888889
0 0.7048052083333334 0.6948518518518519 0.0075270833333333335 0.010074074074074076
0 0.7384958333333334 0.8044518518518519 0.0072 0.008903703703703704
0 0.61982578125 0.8190541666666666 0.0115265625 0.03255277777777778
0 0.8971825520833333 0.8105800925925927 0.011031770833333334 0.028567592592592592
0 0.8070216145833334 0.8728805555555555 0.010918229166666666 0.03650185185185185
0 0.8715640625 0.7298324074074074 0.013961458333333334 0.022627777777777778
0 0.86348203125 0.6835185185185185 0.007172395833333334 0.013333333333333334
0 0.9359359375 0.5393555555555556 0.043746875 0.13611851851851853
0 0.9198403645833333 0.5486449074074075 0.008430729166666668 0.02136388888888889
0 0.9486562500000001 0.568663425925926 0.019187500000000003 0.03917870370370371
0 0.9303393229166667 0.5203694444444444 0.009636979166666667 0.037035185185185185
0 0.9942518229166667 0.5982541666666666 0.006211979166666667 0.022434259259259258
0 0.9658921874999999 0.44915324074074076 0.009909375 0.02608425925925926
0 0.6813953125 0.5514638888888889 0.025290625 0.03811296296296296
0 0.8695731770833334 0.452824537037037 0.018313020833333336 0.0352787037037037
0 0.9312177083333334 0.3247046296296296 0.007227083333333333 0.03829814814814815
0 0.9968924479166666 0.21963842592592592 0.006284895833333333 0.035573148148148145
0 0.9839859375 0.13397314814814815 0.008596875 0.025353703703703705
0 0.9345067708333333 0.07936759259259259 0.008596875 0.025401851851851853
0 0.95679375 0.14284907407407407 0.006295833333333333 0.015327777777777777
0 0.9333963541666667 0.11444074074074075 0.0074177083333333334 0.012214814814814815
0 0.9267174479166667 0.14724907407407406 0.012809895833333333 0.03153518518518519
0 0.9220138020833333 0.19438842592592592 0.0179859375 0.04618425925925926
0 0.17104687500000001 0.8025287037037037 0.008760416666666666 0.04209444444444445
1 0.49973958333333335 0.5375 0.9994791666666667 0.9231481481481482
0 0.2296875 0.4212962962962963 0.013541666666666667 0.03148148148148148
0 0.071875 0.5351851851851852 0.008333333333333333 0.022222222222222223
0 0.08880208333333334 0.4527777777777778 0.005729166666666666 0.03148148148148148
0 0.07734375 0.4074074074074074 0.005729166666666666 0.025925925925925925
0 0.07760416666666667 0.3861111111111111 0.004166666666666667 0.007407407407407408
0 0.06302083333333333 0.36944444444444446 0.009375 0.016666666666666666
0 0.0765625 0.6851851851851852 0.013541666666666667 0.024074074074074074
0 0.059375 0.6171296296296296 0.008333333333333333 0.017592592592592594
0 0.019270833333333334 0.587037037037037 0.004166666666666667 0.009259259259259259
0 0.01796875 0.6092592592592593 0.0078125 0.012962962962962963
0 0.019270833333333334 0.5856481481481481 0.004166666666666667 0.010185185185185186
0 0.015104166666666667 0.5699074074074074 0.004166666666666667 0.010185185185185186
0 0.029166666666666667 0.2439814814814815 0.00625 0.01574074074074074
0 0.036458333333333336 0.30277777777777776 0.008333333333333333 0.016666666666666666
0 0.03828125 0.7638888888888888 0.0109375 0.024074074074074074
0 0.07473958333333333 0.7305555555555555 0.009895833333333333 0.022222222222222223
0 0.0046875 0.44537037037037036 0.009375 0.07962962962962963
0 0.18463541666666666 0.8875 0.015104166666666667 0.023148148148148147
0 0.21171875 0.9226851851851852 0.025520833333333333 0.032407407407407406
0 0.3015625 0.9314814814814815 0.021875 0.046296296296296294
0 0.32786458333333335 0.9083333333333333 0.0109375 0.016666666666666666
0 0.31197916666666664 0.8629629629629629 0.007291666666666667 0.016666666666666666
0 0.23098958333333333 0.7921296296296296 0.005729166666666666 0.019444444444444445
0 0.22708333333333333 0.874537037037037 0.009375 0.012037037037037037
0 0.31276041666666665 0.7023148148148148 0.0265625 0.028703703703703703
0 0.43697916666666664 0.8546296296296296 0.014583333333333334 0.05185185185185185
0 0.4200520833333333 0.8125 0.016145833333333335 0.017592592592592594
0 0.4583333333333333 0.8046296296296296 0.011458333333333333 0.018518518518518517
0 0.4609375 0.8712962962962963 0.010416666666666666 0.014814814814814815
0 0.5497395833333333 0.9050925925925926 0.033854166666666664 0.041666666666666664
0 0.5638020833333334 0.9912037037037037 0.028645833333333332 0.01574074074074074
0 0.43020833333333336 0.11944444444444445 0.007291666666666667 0.016666666666666666
0 0.5033854166666667 0.1259259259259259 0.0921875 0.10185185185185185
0 0.46927083333333336 0.12962962962962962 0.025 0.03148148148148148
0 0.48828125 0.16064814814814815 0.011979166666666667 0.030555555555555555
0 0.49375 0.1287037037037037 0.0125 0.022222222222222223
0 0.54453125 0.08842592592592592 0.009895833333333333 0.023148148148148147
0 0.4973958333333333 0.09722222222222222 0.03958333333333333 0.04259259259259259
0 0.5580729166666667 0.18703703703703703 0.0171875 0.027777777777777776
0 0.53125 0.19953703703703704 0.015625 0.023148148148148147
0 0.4940104166666667 0.20694444444444443 0.0067708333333333336 0.010185185185185186
0 0.5828125 0.22916666666666666 0.013541666666666667 0.028703703703703703
0 0.5908854166666667 0.005092592592592593 0.09322916666666667 0.010185185185185186
0 0.6169270833333333 0.21388888888888888 0.0036458333333333334 0.005555555555555556
0 0.6158854166666666 0.21296296296296297 0.005729166666666666 0.009259259259259259
0 0.6497395833333334 0.25833333333333336 0.04010416666666667 0.03888888888888889
0 0.67265625 0.2537037037037037 0.015104166666666667 0.03148148148148148
0 0.6572916666666667 0.1884259259259259 0.0125 0.032407407407407406
0 0.6541666666666667 0.18796296296296297 0.003125 0.007407407407407408
0 0.66328125 0.21666666666666667 0.0234375 0.046296296296296294
0 0.6770833333333334 0.20925925925925926 0.010416666666666666 0.016666666666666666
0 0.5572916666666666 0.36574074074074076 0.005208333333333333 0.012962962962962963
0 0.6356770833333333 0.37407407407407406 0.018229166666666668 0.025925925925925925
0 0.62109375 0.562037037037037 0.008854166666666666 0.014814814814814815
0 0.6955729166666667 0.5476851851851852 0.011979166666666667 0.019444444444444445
0 0.67578125 0.4875 0.009895833333333333 0.017592592592592594
0 0.71875 0.5532407407407407 0.015625 0.021296296296296296
0 0.73828125 0.5375 0.015104166666666667 0.019444444444444445
0 0.7385416666666667 0.4976851851851852 0.020833333333333332 0.041666666666666664
0 0.7833333333333333 0.38425925925925924 0.023958333333333335 0.03518518518518519
0 0.7104166666666667 0.324537037037037 0.007291666666666667 0.010185185185185186
0 0.746875 0.21805555555555556 0.007291666666666667 0.008333333333333333
0 0.62890625 0.1925925925925926 0.011979166666666667 0.03148148148148148
0 0.90546875 0.2263888888888889 0.0109375 0.028703703703703703
0 0.8174479166666667 0.15648148148148147 0.009895833333333333 0.037037037037037035
0 0.8778645833333333 0.3055555555555556 0.0140625 0.022222222222222223
0 0.8682291666666667 0.35 0.007291666666666667 0.012962962962962963
0 0.93671875 0.500462962962963 0.044270833333333336 0.1361111111111111
0 0.9208333333333333 0.49027777777777776 0.008333333333333333 0.021296296296296296
0 0.95 0.4736111111111111 0.01875 0.03981481481481482
0 0.9299479166666667 0.5194444444444445 0.009895833333333333 0.037037037037037035
0 0.9966145833333333 0.44814814814814813 0.005729166666666666 0.022222222222222223
0 0.9638020833333333 0.5944444444444444 0.009895833333333333 0.025925925925925925
0 0.6825520833333333 0.4652777777777778 0.024479166666666666 0.03981481481481482
0 0.8674479166666667 0.5810185185185185 0.018229166666666668 0.03425925925925926
0 0.9255208333333333 0.7152777777777778 0.007291666666666667 0.03796296296296296
0 0.9877604166666667 0.825925925925926 0.0067708333333333336 0.03518518518518519
0 0.97265625 0.9106481481481481 0.008854166666666666 0.025
0 0.9986979166666666 0.8393518518518519 0.0015625 0.006481481481481481
0 0.9953125 0.8680555555555556 0.008333333333333333 0.03611111111111111
0 0.9875 0.9921296296296296 0.008333333333333333 0.013888888888888888
0 0.990625 0.9578703703703704 0.008333333333333333 0.017592592592592594
0 0.9216145833333333 0.9606481481481481 0.008854166666666666 0.025
0 0.9458333333333333 0.899074074074074 0.00625 0.014814814814814815
0 0.9213541666666667 0.9254629629629629 0.007291666666666667 0.012037037037037037
0 0.9161458333333333 0.8916666666666667 0.0125 0.03148148148148148
0 0.9122395833333333 0.8444444444444444 0.018229166666666668 0.046296296296296294
0 0.18098958333333334 0.16712962962962963 0.008854166666666666 0.041666666666666664
1 0.5 0.4737518518518518 1.0 0.9475037037037036
0 0.76156953125 0.6447662037037036 0.0137640625 0.03027314814814815
0 0.92677578125 0.571187962962963 0.008759895833333333 0.022005555555555553
0 0.9034671875 0.6485101851851851 0.004851041666666667 0.03220555555555555
0 0.9107901041666667 0.6958407407407408 0.005955208333333333 0.025014814814814813
0 0.90973046875 0.7170814814814814 0.0038359375 0.008237037037037038
0 0.9221606770833334 0.7370773148148148 0.008904687500000001 0.016747222222222222
0 0.9334486979166667 0.42076851851851854 0.013772395833333334 0.02487037037037037
0 0.94543046875 0.4934208333333333 0.007527604166666666 0.01832314814814815
0 0.9828604166666667 0.5334814814814814 0.0042625 0.009555555555555555
0 0.9859289062500001 0.5106375000000001 0.008316145833333333 0.013867592592592593
0 0.9826700520833334 0.533875462962963 0.0049234375 0.010343518518518518
0 0.9860260416666667 0.5505421296296297 0.0043437499999999995 0.010343518518518518
0 0.9460929687499999 0.8697662037037037 0.006769270833333333 0.015458333333333334
0 0.9434786458333334 0.8102972222222222 0.008832291666666665 0.01689074074074074
0 0.9784502604166666 0.3532328703703703 0.010025520833333332 0.024984259259259258
0 0.9396505208333333 0.3768083333333333 0.009509374999999999 0.022135185185185185
0 0.9877411458333333 0.6771731481481481 0.011940625 0.08027222222222223
0 0.8423382812500001 0.19448935185185184 0.014884895833333333 0.026015740740740742
0 0.8180755208333333 0.1531236111111111 0.02469270833333333 0.034025
0 0.7308174479166667 0.12102314814814813 0.021009895833333334 0.0494537037037037
0 0.7024851562500001 0.13839722222222223 0.010178645833333333 0.017535185185185185
0 0.7146338541666667 0.18654537037037036 0.006351041666666667 0.017535185185185185
0 0.7895622395833333 0.27773564814814816 0.005166145833333333 0.02028611111111111
0 0.7997369791666666 0.1972162037037037 0.008848958333333332 0.012950925925925926
0 0.7011002604166666 0.3462259259259259 0.02615885416666667 0.03319259259259259
0 0.5903510416666666 0.16419259259259258 0.015077083333333333 0.05431111111111111
0 0.6034880208333333 0.2102402777777778 0.016351041666666667 0.016776851851851852
0 0.5650846354166668 0.20824305555555556 0.011419270833333333 0.018337962962962962
0 0.5681421875 0.14178796296296298 0.010242708333333333 0.015057407407407408
0 0.4818497395833333 0.08889120370370371 0.03349114583333333 0.04074537037037037
0 0.47733203124999996 0.00305 0.022372395833333333 0.0061
0 0.53906328125 0.8939768518518518 0.007293229166666667 0.01573148148148148
0 0.46600859375 0.8712365740740741 0.09555885416666668 0.09617685185185185
0 0.5021026041666666 0.8740092592592592 0.025038541666666667 0.0295
0 0.48533828125 0.8399356481481481 0.013384895833333334 0.0298712962962963
0 0.47705885416666666 0.8693361111111112 0.012451041666666666 0.022005555555555553
0 0.42389010416666667 0.896775462962963 0.011321875 0.023180555555555555
0 0.4708447916666667 0.898925462962963 0.040647916666666666 0.04044351851851852
0 0.4177359375 0.7961611111111111 0.016721875 0.027507407407407408
0 0.44481588541666667 0.7900768518518518 0.0156734375 0.024598148148148147
0 0.48293125 0.7921444444444444 0.006487499999999999 0.010214814814814815
0 0.39719427083333336 0.7485523148148149 0.015221875 0.02673425925925926
0 0.3706763020833333 0.9707638888888889 0.09239427083333333 0.02486111111111111
0 0.3617372395833333 0.7541277777777777 0.0036828125 0.006403703703703704
0 0.36276875 0.755575 0.005745833333333334 0.009298148148148147
0 0.33301328125 0.7015597222222222 0.0379015625 0.04571203703703704
0 0.309634375 0.7010949074074074 0.015102083333333332 0.03181944444444445
0 0.31993489583333334 0.7698305555555556 0.013828125 0.030401851851851854
0 0.3229015625 0.771324537037037 0.0030947916666666667 0.007463888888888889
0 0.31622369791666666 0.7402504629629629 0.019947395833333333 0.050871296296296296
0 0.3022138020833333 0.7438240740740741 0.010677604166666667 0.017277777777777777
0 0.4324838541666667 0.6193814814814815 0.005592708333333333 0.012837037037037037
0 0.3556109375 0.5916287037037037 0.017471875 0.023998148148148147
0 0.3850768229166667 0.4087125 0.0086953125 0.015573148148148147
0 0.30943203125 0.4043939814814815 0.011572395833333334 0.019899074074074072
0 0.3251625 0.4689527777777778 0.010741666666666667 0.017535185185185185
0 0.28798098958333335 0.39366064814814816 0.0155453125 0.02250648148148148
0 0.2668536458333334 0.4041601851851852 0.014957291666666667 0.01757962962962963
0 0.26457734374999997 0.444125 0.021863020833333333 0.040101851851851854
0 0.21053098958333333 0.545024074074074 0.0231453125 0.03634444444444445
0 0.2779083333333333 0.6215569444444445 0.006858333333333333 0.011632407407407407
0 0.23340651041666666 0.7184898148148149 0.007438020833333334 0.00735
0 0.34830937500000003 0.7725032407407407 0.014327083333333332 0.028339814814814814
0 0.07732682291666666 0.670887037037037 0.010903645833333333 0.02881111111111111
0 0.15842760416666665 0.7618328703703704 0.0074802083333333335 0.03848055555555555
0 0.11048645833333334 0.5985791666666667 0.014722916666666667 0.021232407407407408
0 0.123546875 0.5578194444444445 0.007510416666666667 0.011935185185185186
0 0.06726562500000001 0.39239305555555554 0.045989583333333334 0.1347861111111111
0 0.08298932291666666 0.4059148148148148 0.008686979166666666 0.02108888888888889
0 0.052417708333333334 0.41432731481481483 0.017335416666666666 0.041617592592592595
0 0.07611822916666666 0.37395833333333334 0.011611458333333333 0.03680555555555556
0 0.00404609375 0.42812083333333334 0.007050520833333334 0.022908333333333333
0 0.04786171875 0.29199166666666665 0.010306770833333334 0.026575925925925926
0 0.3162052083333334 0.48895740740740734 0.02199375 0.044581481481481486
0 0.14273515625 0.3289592592592593 0.017761979166666667 0.03199259259259259
0 0.09506979166666667 0.1813087962962963 0.007847916666666666 0.03669166666666667
0 0.042868489583333336 0.05684953703703704 0.008653645833333333 0.034069444444444444
0 0.03279817708333333 0.04043935185185185 0.0020546875 0.00680462962962963
0 0.03780833333333333 0.015106018518518517 0.009991666666666668 0.030212037037037034
0 0.11825416666666667 0.012900462962962963 0.011508333333333334 0.025800925925925925
0 0.11921171875 0.05737546296296296 0.018631770833333335 0.0462324074074074
0 0.7897291666666667 0.9090685185185186 0.010708333333333332 0.04035925925925926
1 0.5 0.46557731481481485 1.0 0.9311546296296297
0 0.22755390625 0.5539 0.013441145833333333 0.031874074074074076
0 0.07356796874999999 0.4250333333333333 0.008594270833333334 0.02228888888888889
0 0.08819270833333334 0.5090439814814816 0.00659375 0.031050925925925923
0 0.07547447916666666 0.5529296296296297 0.006157291666666666 0.02622962962962963
0 0.07505156249999999 0.574825462962963 0.0042697916666666665 0.007058333333333333
0 0.059559375 0.5899486111111111 0.009743749999999999 0.01693425925925926
0 0.08240494791666667 0.2761273148148148 0.013768229166666666 0.02447685185185185
0 0.06367213541666666 0.3419481481481481 0.008594270833333334 0.01722962962962963
0 0.022515625 0.36860925925925925 0.0044062500000000004 0.00944074074074074
0 0.02202109375 0.34609351851851855 0.007583854166666667 0.012557407407407406
0 0.022488281250000002 0.37009444444444445 0.0043515625 0.01055925925925926
0 0.01766458333333333 0.3846912037037037 0.004079166666666667 0.010123148148148148
0 0.022473437500000002 0.7116361111111111 0.006405208333333333 0.015864814814814814
0 0.03123072916666667 0.6537893518518518 0.008294791666666667 0.01683796296296296
0 0.04689322916666667 0.19342916666666668 0.011494791666666667 0.02389537037037037
0 0.08207890625 0.2305162037037037 0.009991145833333333 0.022143518518518517
0 0.0046421875000000005 0.5081050925925926 0.009284375000000001 0.07917314814814816
0 0.19675416666666667 0.08346527777777778 0.015383333333333334 0.022486111111111113
0 0.22431041666666665 0.05112453703703704 0.025704166666666663 0.03187870370370371
0 0.31497734374999997 0.050748611111111105 0.022663020833333332 0.045941666666666665
0 0.33995885416666666 0.07579351851851852 0.011167708333333333 0.01640185185185185
0 0.3230752604166666 0.12016527777777779 0.0076088541666666665 0.01625648148148148
0 0.24007161458333334 0.18358935185185185 0.006184895833333333 0.019030555555555558
0 0.23861692708333332 0.1003337962962963 0.009525520833333334 0.011778703703703704
0 0.3190875 0.280175 0.026716666666666666 0.027016666666666668
0 0.44742369791666664 0.1396824074074074 0.015680729166666667 0.051587037037037035
0 0.42934791666666666 0.18046805555555553 0.0159875 0.01834351851851852
0 0.4671661458333333 0.19172685185185184 0.011415625 0.01863888888888889
0 0.4718815104166667 0.12598842592592593 0.0104296875 0.014939814814814815
0 0.5613109375 0.09996666666666666 0.034080208333333334 0.042525925925925925
0 0.5784338541666667 0.015043518518518519 0.028742708333333332 0.017124074074074073
0 0.41925208333333336 0.8733546296296296 0.0072541666666666674 0.017079629629629632
0 0.4917578125 0.8740625 0.09080729166666666 0.10553240740740741
0 0.45883697916666666 0.8669601851851851 0.024965624999999998 0.03206851851851852
0 0.47814557291666665 0.8377453703703703 0.011499479166666667 0.031046296296296298
0 0.48284479166666666 0.8703791666666667 0.012564583333333332 0.022239814814814813
0 0.5320244791666666 0.9153347222222222 0.009882291666666666 0.02326203703703704
0 0.4856377604166667 0.9023018518518519 0.03898385416666667 0.045344444444444444
0 0.5487679687499999 0.8177916666666667 0.017327604166666667 0.028175925925925927
0 0.52238515625 0.8031277777777778 0.015603645833333334 0.022922222222222222
0 0.48519244791666666 0.7921953703703704 0.006843229166666667 0.010316666666666667
0 0.57465 0.7778041666666666 0.012841666666666666 0.02968240740740741
0 0.6081520833333334 0.7970731481481482 0.0038041666666666666 0.005257407407407408
0 0.6070817708333334 0.7972643518518518 0.005830208333333334 0.009343518518518518
0 0.64230859375 0.7556532407407407 0.0408671875 0.03723240740740741
0 0.6653950520833334 0.7619425925925926 0.015165104166666667 0.031292592592592594
0 0.6477580729166666 0.8258041666666667 0.0121828125 0.033089814814814815
0 0.6447895833333334 0.8259449074074073 0.0031208333333333335 0.00744537037037037
0 0.6545033854166667 0.7981699074074075 0.024631770833333334 0.04448796296296296
0 0.6681539062499999 0.8073476851851852 0.010266145833333332 0.01654722222222222
0 0.5532169270833334 0.639049537037037 0.0053921875 0.01328425925925926
0 0.6316070312500001 0.6383328703703703 0.018422395833333334 0.02666574074074074
0 0.6226638020833334 0.4491851851851852 0.008869270833333333 0.015037037037037036
0 0.6967971354166667 0.47084444444444445 0.012344270833333334 0.019466666666666667
0 0.67538984375 0.5284467592592592 0.0101546875 0.01800462962962963
0 0.72028828125 0.46699398148148147 0.0155765625 0.021025000000000002
0 0.7387916666666666 0.4842189814814815 0.015083333333333334 0.020289814814814816
0 0.7384455729166667 0.523825 0.020641145833333333 0.04209444444444445
0 0.7797802083333334 0.6416185185185185 0.024143750000000002 0.03508888888888889
0 0.7048052083333334 0.6948518518518519 0.0075270833333333335 0.010074074074074076
0 0.7384958333333334 0.8044518518518519 0.0072 0.008903703703703704
0 0.61982578125 0.8190541666666666 0.0115265625 0.03255277777777778
0 0.8971825520833333 0.8105800925925927 0.011031770833333334 0.028567592592592592
0 0.8070216145833334 0.8728805555555555 0.010918229166666666 0.03650185185185185
0 0.8715640625 0.7298324074074074 0.013961458333333334 0.022627777777777778
0 0.86348203125 0.6835185185185185 0.007172395833333334 0.013333333333333334
0 0.9359359375 0.5393555555555556 0.043746875 0.13611851851851853
0 0.9198403645833333 0.5486449074074075 0.008430729166666668 0.02136388888888889
0 0.9486562500000001 0.568663425925926 0.019187500000000003 0.03917870370370371
0 0.9303393229166667 0.5203694444444444 0.009636979166666667 0.037035185185185185
0 0.9942518229166667 0.5982541666666666 0.006211979166666667 0.022434259259259258
0 0.9658921874999999 0.44915324074074076 0.009909375 0.02608425925925926
0 0.6813953125 0.5514638888888889 0.025290625 0.03811296296296296
0 0.8695731770833334 0.452824537037037 0.018313020833333336 0.0352787037037037
0 0.9312177083333334 0.3247046296296296 0.007227083333333333 0.03829814814814815
0 0.9968924479166666 0.21963842592592592 0.006284895833333333 0.035573148148148145
0 0.9839859375 0.13397314814814815 0.008596875 0.025353703703703705
0 0.9345067708333333 0.07936759259259259 0.008596875 0.025401851851851853
0 0.95679375 0.14284907407407407 0.006295833333333333 0.015327777777777777
0 0.9333963541666667 0.11444074074074075 0.0074177083333333334 0.012214814814814815
0 0.9267174479166667 0.14724907407407406 0.012809895833333333 0.03153518518518519
0 0.9220138020833333 0.19438842592592592 0.0179859375 0.04618425925925926
0 0.17104687500000001 0.8025287037037037 0.008760416666666666 0.04209444444444445
1 0.49973958333333335 0.5375 0.9994791666666667 0.9231481481481482
0 0.2296875 0.4212962962962963 0.013541666666666667 0.03148148148148148
0 0.071875 0.5351851851851852 0.008333333333333333 0.022222222222222223
0 0.08880208333333334 0.4527777777777778 0.005729166666666666 0.03148148148148148
0 0.07734375 0.4074074074074074 0.005729166666666666 0.025925925925925925
0 0.07760416666666667 0.3861111111111111 0.004166666666666667 0.007407407407407408
0 0.06302083333333333 0.36944444444444446 0.009375 0.016666666666666666
0 0.0765625 0.6851851851851852 0.013541666666666667 0.024074074074074074
0 0.059375 0.6171296296296296 0.008333333333333333 0.017592592592592594
0 0.019270833333333334 0.587037037037037 0.004166666666666667 0.009259259259259259
0 0.01796875 0.6092592592592593 0.0078125 0.012962962962962963
0 0.019270833333333334 0.5856481481481481 0.004166666666666667 0.010185185185185186
0 0.015104166666666667 0.5699074074074074 0.004166666666666667 0.010185185185185186
0 0.029166666666666667 0.2439814814814815 0.00625 0.01574074074074074
0 0.036458333333333336 0.30277777777777776 0.008333333333333333 0.016666666666666666
0 0.03828125 0.7638888888888888 0.0109375 0.024074074074074074
0 0.07473958333333333 0.7305555555555555 0.009895833333333333 0.022222222222222223
0 0.0046875 0.44537037037037036 0.009375 0.07962962962962963
0 0.18463541666666666 0.8875 0.015104166666666667 0.023148148148148147
0 0.21171875 0.9226851851851852 0.025520833333333333 0.032407407407407406
0 0.3015625 0.9314814814814815 0.021875 0.046296296296296294
0 0.32786458333333335 0.9083333333333333 0.0109375 0.016666666666666666
0 0.31197916666666664 0.8629629629629629 0.007291666666666667 0.016666666666666666
0 0.23098958333333333 0.7921296296296296 0.005729166666666666 0.019444444444444445
0 0.22708333333333333 0.874537037037037 0.009375 0.012037037037037037
0 0.31276041666666665 0.7023148148148148 0.0265625 0.028703703703703703
0 0.43697916666666664 0.8546296296296296 0.014583333333333334 0.05185185185185185
0 0.4200520833333333 0.8125 0.016145833333333335 0.017592592592592594
0 0.4583333333333333 0.8046296296296296 0.011458333333333333 0.018518518518518517
0 0.4609375 0.8712962962962963 0.010416666666666666 0.014814814814814815
0 0.5497395833333333 0.9050925925925926 0.033854166666666664 0.041666666666666664
0 0.5638020833333334 0.9912037037037037 0.028645833333333332 0.01574074074074074
0 0.43020833333333336 0.11944444444444445 0.007291666666666667 0.016666666666666666
0 0.5033854166666667 0.1259259259259259 0.0921875 0.10185185185185185
0 0.46927083333333336 0.12962962962962962 0.025 0.03148148148148148
0 0.48828125 0.16064814814814815 0.011979166666666667 0.030555555555555555
0 0.49375 0.1287037037037037 0.0125 0.022222222222222223
0 0.54453125 0.08842592592592592 0.009895833333333333 0.023148148148148147
0 0.4973958333333333 0.09722222222222222 0.03958333333333333 0.04259259259259259
0 0.5580729166666667 0.18703703703703703 0.0171875 0.027777777777777776
0 0.53125 0.19953703703703704 0.015625 0.023148148148148147
0 0.4940104166666667 0.20694444444444443 0.0067708333333333336 0.010185185185185186
0 0.5828125 0.22916666666666666 0.013541666666666667 0.028703703703703703
0 0.5908854166666667 0.005092592592592593 0.09322916666666667 0.010185185185185186
0 0.6169270833333333 0.21388888888888888 0.0036458333333333334 0.005555555555555556
0 0.6158854166666666 0.21296296296296297 0.005729166666666666 0.009259259259259259
0 0.6497395833333334 0.25833333333333336 0.04010416666666667 0.03888888888888889
0 0.67265625 0.2537037037037037 0.015104166666666667 0.03148148148148148
0 0.6572916666666667 0.1884259259259259 0.0125 0.032407407407407406
0 0.6541666666666667 0.18796296296296297 0.003125 0.007407407407407408
0 0.66328125 0.21666666666666667 0.0234375 0.046296296296296294
0 0.6770833333333334 0.20925925925925926 0.010416666666666666 0.016666666666666666
0 0.5572916666666666 0.36574074074074076 0.005208333333333333 0.012962962962962963
0 0.6356770833333333 0.37407407407407406 0.018229166666666668 0.025925925925925925
0 0.62109375 0.562037037037037 0.008854166666666666 0.014814814814814815
0 0.6955729166666667 0.5476851851851852 0.011979166666666667 0.019444444444444445
0 0.67578125 0.4875 0.009895833333333333 0.017592592592592594
0 0.71875 0.5532407407407407 0.015625 0.021296296296296296
0 0.73828125 0.5375 0.015104166666666667 0.019444444444444445
0 0.7385416666666667 0.4976851851851852 0.020833333333333332 0.041666666666666664
0 0.7833333333333333 0.38425925925925924 0.023958333333333335 0.03518518518518519
0 0.7104166666666667 0.324537037037037 0.007291666666666667 0.010185185185185186
0 0.746875 0.21805555555555556 0.007291666666666667 0.008333333333333333
0 0.62890625 0.1925925925925926 0.011979166666666667 0.03148148148148148
0 0.90546875 0.2263888888888889 0.0109375 0.028703703703703703
0 0.8174479166666667 0.15648148148148147 0.009895833333333333 0.037037037037037035
0 0.8778645833333333 0.3055555555555556 0.0140625 0.022222222222222223
0 0.8682291666666667 0.35 0.007291666666666667 0.012962962962962963
0 0.93671875 0.500462962962963 0.044270833333333336 0.1361111111111111
0 0.9208333333333333 0.49027777777777776 0.008333333333333333 0.021296296296296296
0 0.95 0.4736111111111111 0.01875 0.03981481481481482
0 0.9299479166666667 0.5194444444444445 0.009895833333333333 0.037037037037037035
0 0.9966145833333333 0.44814814814814813 0.005729166666666666 0.022222222222222223
0 0.9638020833333333 0.5944444444444444 0.009895833333333333 0.025925925925925925
0 0.6825520833333333 0.4652777777777778 0.024479166666666666 0.03981481481481482
0 0.8674479166666667 0.5810185185185185 0.018229166666666668 0.03425925925925926
0 0.9255208333333333 0.7152777777777778 0.007291666666666667 0.03796296296296296
0 0.9877604166666667 0.825925925925926 0.0067708333333333336 0.03518518518518519
0 0.97265625 0.9106481481481481 0.008854166666666666 0.025
0 0.9986979166666666 0.8393518518518519 0.0015625 0.006481481481481481
0 0.9953125 0.8680555555555556 0.008333333333333333 0.03611111111111111
0 0.9875 0.9921296296296296 0.008333333333333333 0.013888888888888888
0 0.990625 0.9578703703703704 0.008333333333333333 0.017592592592592594
0 0.9216145833333333 0.9606481481481481 0.008854166666666666 0.025
0 0.9458333333333333 0.899074074074074 0.00625 0.014814814814814815
0 0.9213541666666667 0.9254629629629629 0.007291666666666667 0.012037037037037037
0 0.9161458333333333 0.8916666666666667 0.0125 0.03148148148148148
0 0.9122395833333333 0.8444444444444444 0.018229166666666668 0.046296296296296294
0 0.18098958333333334 0.16712962962962963 0.008854166666666666 0.041666666666666664
1 0.5 0.4737518518518518 1.0 0.9475037037037036
0 0.76156953125 0.6447662037037036 0.0137640625 0.03027314814814815
0 0.92677578125 0.571187962962963 0.008759895833333333 0.022005555555555553
0 0.9034671875 0.6485101851851851 0.004851041666666667 0.03220555555555555
0 0.9107901041666667 0.6958407407407408 0.005955208333333333 0.025014814814814813
0 0.90973046875 0.7170814814814814 0.0038359375 0.008237037037037038
0 0.9221606770833334 0.7370773148148148 0.008904687500000001 0.016747222222222222
0 0.9334486979166667 0.42076851851851854 0.013772395833333334 0.02487037037037037
0 0.94543046875 0.4934208333333333 0.007527604166666666 0.01832314814814815
0 0.9828604166666667 0.5334814814814814 0.0042625 0.009555555555555555
0 0.9859289062500001 0.5106375000000001 0.008316145833333333 0.013867592592592593
0 0.9826700520833334 0.533875462962963 0.0049234375 0.010343518518518518
0 0.9860260416666667 0.5505421296296297 0.0043437499999999995 0.010343518518518518
0 0.9460929687499999 0.8697662037037037 0.006769270833333333 0.015458333333333334
0 0.9434786458333334 0.8102972222222222 0.008832291666666665 0.01689074074074074
0 0.9784502604166666 0.3532328703703703 0.010025520833333332 0.024984259259259258
0 0.9396505208333333 0.3768083333333333 0.009509374999999999 0.022135185185185185
0 0.9877411458333333 0.6771731481481481 0.011940625 0.08027222222222223
0 0.8423382812500001 0.19448935185185184 0.014884895833333333 0.026015740740740742
0 0.8180755208333333 0.1531236111111111 0.02469270833333333 0.034025
0 0.7308174479166667 0.12102314814814813 0.021009895833333334 0.0494537037037037
0 0.7024851562500001 0.13839722222222223 0.010178645833333333 0.017535185185185185
0 0.7146338541666667 0.18654537037037036 0.006351041666666667 0.017535185185185185
0 0.7895622395833333 0.27773564814814816 0.005166145833333333 0.02028611111111111
0 0.7997369791666666 0.1972162037037037 0.008848958333333332 0.012950925925925926
0 0.7011002604166666 0.3462259259259259 0.02615885416666667 0.03319259259259259
0 0.5903510416666666 0.16419259259259258 0.015077083333333333 0.05431111111111111
0 0.6034880208333333 0.2102402777777778 0.016351041666666667 0.016776851851851852
0 0.5650846354166668 0.20824305555555556 0.011419270833333333 0.018337962962962962
0 0.5681421875 0.14178796296296298 0.010242708333333333 0.015057407407407408
0 0.4818497395833333 0.08889120370370371 0.03349114583333333 0.04074537037037037
0 0.47733203124999996 0.00305 0.022372395833333333 0.0061
0 0.53906328125 0.8939768518518518 0.007293229166666667 0.01573148148148148
0 0.46600859375 0.8712365740740741 0.09555885416666668 0.09617685185185185
0 0.5021026041666666 0.8740092592592592 0.025038541666666667 0.0295
0 0.48533828125 0.8399356481481481 0.013384895833333334 0.0298712962962963
0 0.47705885416666666 0.8693361111111112 0.012451041666666666 0.022005555555555553
0 0.42389010416666667 0.896775462962963 0.011321875 0.023180555555555555
0 0.4708447916666667 0.898925462962963 0.040647916666666666 0.04044351851851852
0 0.4177359375 0.7961611111111111 0.016721875 0.027507407407407408
0 0.44481588541666667 0.7900768518518518 0.0156734375 0.024598148148148147
0 0.48293125 0.7921444444444444 0.006487499999999999 0.010214814814814815
0 0.39719427083333336 0.7485523148148149 0.015221875 0.02673425925925926
0 0.3706763020833333 0.9707638888888889 0.09239427083333333 0.02486111111111111
0 0.3617372395833333 0.7541277777777777 0.0036828125 0.006403703703703704
0 0.36276875 0.755575 0.005745833333333334 0.009298148148148147
0 0.33301328125 0.7015597222222222 0.0379015625 0.04571203703703704
0 0.309634375 0.7010949074074074 0.015102083333333332 0.03181944444444445
0 0.31993489583333334 0.7698305555555556 0.013828125 0.030401851851851854
0 0.3229015625 0.771324537037037 0.0030947916666666667 0.007463888888888889
0 0.31622369791666666 0.7402504629629629 0.019947395833333333 0.050871296296296296
0 0.3022138020833333 0.7438240740740741 0.010677604166666667 0.017277777777777777
0 0.4324838541666667 0.6193814814814815 0.005592708333333333 0.012837037037037037
0 0.3556109375 0.5916287037037037 0.017471875 0.023998148148148147
0 0.3850768229166667 0.4087125 0.0086953125 0.015573148148148147
0 0.30943203125 0.4043939814814815 0.011572395833333334 0.019899074074074072
0 0.3251625 0.4689527777777778 0.010741666666666667 0.017535185185185185
0 0.28798098958333335 0.39366064814814816 0.0155453125 0.02250648148148148
0 0.2668536458333334 0.4041601851851852 0.014957291666666667 0.01757962962962963
0 0.26457734374999997 0.444125 0.021863020833333333 0.040101851851851854
0 0.21053098958333333 0.545024074074074 0.0231453125 0.03634444444444445
0 0.2779083333333333 0.6215569444444445 0.006858333333333333 0.011632407407407407
0 0.23340651041666666 0.7184898148148149 0.007438020833333334 0.00735
0 0.34830937500000003 0.7725032407407407 0.014327083333333332 0.028339814814814814
0 0.07732682291666666 0.670887037037037 0.010903645833333333 0.02881111111111111
0 0.15842760416666665 0.7618328703703704 0.0074802083333333335 0.03848055555555555
0 0.11048645833333334 0.5985791666666667 0.014722916666666667 0.021232407407407408
0 0.123546875 0.5578194444444445 0.007510416666666667 0.011935185185185186
0 0.06726562500000001 0.39239305555555554 0.045989583333333334 0.1347861111111111
0 0.08298932291666666 0.4059148148148148 0.008686979166666666 0.02108888888888889
0 0.052417708333333334 0.41432731481481483 0.017335416666666666 0.041617592592592595
0 0.07611822916666666 0.37395833333333334 0.011611458333333333 0.03680555555555556
0 0.00404609375 0.42812083333333334 0.007050520833333334 0.022908333333333333
0 0.04786171875 0.29199166666666665 0.010306770833333334 0.026575925925925926
0 0.3162052083333334 0.48895740740740734 0.02199375 0.044581481481481486
0 0.14273515625 0.3289592592592593 0.017761979166666667 0.03199259259259259
0 0.09506979166666667 0.1813087962962963 0.007847916666666666 0.03669166666666667
0 0.042868489583333336 0.05684953703703704 0.008653645833333333 0.034069444444444444
0 0.03279817708333333 0.04043935185185185 0.0020546875 0.00680462962962963
0 0.03780833333333333 0.015106018518518517 0.009991666666666668 0.030212037037037034
0 0.11825416666666667 0.012900462962962963 0.011508333333333334 0.025800925925925925
0 0.11921171875 0.05737546296296296 0.018631770833333335 0.0462324074074074
0 0.7897291666666667 0.9090685185185186 0.010708333333333332 0.04035925925925926
