1 0.5 0.4912912037037037 1.0 0.9825824074074074
0 0.34928281250000004 0.5853199074074074 0.036065625 0.06878796296296295
0 0.4835291666666667 0.7257634259259259 0.03685 0.023749074074074075
0 0.36214557291666666 0.25508101851851855 0.021166145833333334 0.0805324074074074
0 0.8731505208333333 0.597900462962963 0.008801041666666667 0.019875
0 0.8666713541666666 0.48638611111111113 0.006259375 0.026475925925925927
0 0.8565005208333333 0.23215648148148146 0.011959375 0.036535185185185184
0 0.7940804687499999 0.12557222222222222 0.015244270833333332 0.010403703703703705
0 0.7435765624999999 0.1581199074074074 0.007986458333333333 0.014387962962962964
0 0.9307528645833333 0.16198425925925927 0.007339062499999999 0.020264814814814815
0 0.99651953125 0.1689226851851852 0.004497395833333333 0.017475
0 0.8582197916666666 0.28348240740740743 0.0028979166666666667 0.011409259259259258
0 0.8154731770833333 0.2146398148148148 0.006988020833333333 0.016316666666666667
0 0.9476145833333334 0.41759675925925926 0.004604166666666667 0.011119444444444444
0 0.8710585937499999 0.4156268518518519 0.005658854166666667 0.018290740740740743
0 0.7981161458333333 0.4998476851851852 0.005607291666666667 0.012658333333333332
0 0.6153294270833333 0.24138101851851854 0.0035755208333333333 0.006836111111111111
0 0.3872903645833333 0.35787685185185186 0.018330729166666667 0.030568518518518523
0 0.3875604166666667 0.3535101851851852 0.0167875 0.019983333333333336
0 0.3397997395833333 0.3203787037037037 0.004599479166666667 0.018535185185185186
0 0.3967893229166667 0.3951574074074074 0.0071203125 0.006981481481481482
0 0.44162812500000004 0.19020370370370368 0.004089583333333333 0.008185185185185184
0 0.28289869791666666 0.031718055555555555 0.008505729166666667 0.020843518518518518
0 0.07671718749999999 0.32312916666666663 0.010726041666666667 0.018480555555555556
0 0.34727604166666665 0.7536351851851852 0.003927083333333334 0.007270370370370371
0 0.2655416666666667 0.49685694444444445 0.013375 0.01593611111111111
0 0.6425005208333334 0.8640532407407407 0.006876041666666667 0.016995370370370372
1 0.49973958333333335 0.5319444444444444 0.9994791666666667 0.9342592592592592
0 0.64140625 0.37407407407407406 0.0359375 0.06851851851851852
0 0.49661458333333336 0.2726851851851852 0.03697916666666667 0.019444444444444445
0 0.65859375 0.7032407407407407 0.0171875 0.08055555555555556
0 0.12239583333333333 0.5069444444444444 0.008333333333333333 0.021296296296296296
0 0.13854166666666667 0.6157407407407407 0.00625 0.025925925925925925
0 0.17135416666666667 0.8634259259259259 0.014583333333333334 0.03611111111111111
0 0.24244791666666668 0.9513888888888888 0.015104166666666667 0.010185185185185186
0 0.2890625 0.9050925925925926 0.008333333333333333 0.01574074074074074
0 0.10442708333333334 0.9537037037037037 0.0067708333333333336 0.020370370370370372
0 0.038802083333333334 0.9648148148148148 0.0036458333333333334 0.016666666666666666
0 0.16484375 0.8138888888888889 0.0026041666666666665 0.011111111111111112
0 0.21354166666666666 0.8694444444444445 0.00625 0.016666666666666666
0 0.06510416666666667 0.7064814814814815 0.004166666666666667 0.011111111111111112
0 0.14140625 0.6861111111111111 0.005729166666666666 0.018518518518518517
0 0.20520833333333333 0.5824074074074074 0.005208333333333333 0.012962962962962963
0 0.4088541666666667 0.7875 0.003125 0.006481481481481481
0 0.6247395833333333 0.6083333333333333 0.018229166666666668 0.02962962962962963
0 0.6244791666666667 0.6129629629629629 0.016666666666666666 0.018518518518518517
0 0.67421875 0.6328703703703704 0.005729166666666666 0.017592592592592594
0 0.6114583333333333 0.575462962962963 0.007291666666666667 0.006481481481481481
0 0.58515625 0.7898148148148149 0.0036458333333333334 0.007407407407407408
0 0.75546875 0.9018518518518519 0.0078125 0.020370370370370372
0 0.86796875 0.961574074074074 0.016145833333333335 0.032407407407407406
0 0.9338541666666667 0.5578703703703703 0.009375 0.019444444444444445
0 0.6283854166666667 0.20694444444444443 0.0036458333333333334 0.006481481481481481
0 0.7317708333333334 0.43842592592592594 0.013541666666666667 0.01574074074074074
0 0.32760416666666664 0.18055555555555555 0.007291666666666667 0.016666666666666666
1 0.5 0.5232800925925927 1.0 0.9539675925925927
0 0.6472260416666666 0.39626944444444445 0.03611875 0.06846481481481481
0 0.5075723958333334 0.2735013888888889 0.03701979166666667 0.021076851851851854
0 0.6466510416666666 0.727225 0.018302083333333333 0.08037592592592592
0 0.12410130208333332 0.44917361111111115 0.008619270833333333 0.020569444444444446
0 0.13455963541666666 0.5594518518518519 0.0055776041666666665 0.02631111111111111
0 0.15502057291666665 0.8108217592592593 0.013166145833333334 0.036458333333333336
0 0.22115572916666668 0.910311574074074 0.015228125 0.009512037037037038
0 0.27022864583333334 0.8704805555555556 0.008165625000000001 0.015035185185185184
0 0.0837625 0.8907421296296296 0.007108333333333333 0.020373148148148147
0 0.017690625 0.8919175925925925 0.00413125 0.01716851851851852
0 0.1508671875 0.7612111111111111 0.0027760416666666667 0.01131111111111111
0 0.19656927083333334 0.8230759259259259 0.006680208333333334 0.016522222222222223
0 0.056378124999999994 0.6379819444444444 0.004422916666666667 0.011149074074074075
0 0.13358281249999998 0.6295944444444445 0.005707291666666667 0.018448148148148148
0 0.20263958333333332 0.5369722222222222 0.005279166666666666 0.012833333333333332
0 0.394921875 0.7718680555555555 0.0033854166666666668 0.006699074074074074
0 0.6185455729166667 0.6271587962962963 0.018341145833333336 0.030243518518518517
0 0.61828828125 0.6317115740740741 0.01678489583333333 0.018978703703703702
0 0.6671419270833333 0.6590856481481482 0.005117187499999999 0.018171296296296297
0 0.6072552083333334 0.5922787037037036 0.0072187499999999995 0.006779629629629629
0 0.5707020833333334 0.8020796296296296 0.003904166666666667 0.007862962962962964
0 0.7347242187499999 0.9399777777777778 0.007990104166666666 0.020696296296296296
0 0.9295572916666667 0.6242981481481481 0.01015625 0.01896666666666667
0 0.6420109375 0.22754444444444444 0.003813541666666667 0.006940740740740741
0 0.7338283854166666 0.4745069444444444 0.013490104166666666 0.015680555555555555
0 0.34364531249999997 0.15471898148148147 0.007082291666666667 0.01684537037037037
1 0.5 0.4912912037037037 1.0 0.9825824074074074
0 0.34928281250000004 0.5853199074074074 0.036065625 0.06878796296296295
0 0.4835291666666667 0.7257634259259259 0.03685 0.023749074074074075
0 0.36214557291666666 0.25508101851851855 0.021166145833333334 0.0805324074074074
0 0.8731505208333333 0.597900462962963 0.008801041666666667 0.019875
0 0.8666713541666666 0.48638611111111113 0.006259375 0.026475925925925927
0 0.8565005208333333 0.23215648148148146 0.011959375 0.036535185185185184
0 0.7940804687499999 0.12557222222222222 0.015244270833333332 0.010403703703703705
0 0.7435765624999999 0.1581199074074074 0.007986458333333333 0.014387962962962964
0 0.9307528645833333 0.16198425925925927 0.007339062499999999 0.020264814814814815
0 0.99651953125 0.1689226851851852 0.004497395833333333 0.017475
0 0.8582197916666666 0.28348240740740743 0.0028979166666666667 0.011409259259259258
0 0.8154731770833333 0.2146398148148148 0.006988020833333333 0.016316666666666667
0 0.9476145833333334 0.41759675925925926 0.004604166666666667 0.011119444444444444
0 0.8710585937499999 0.4156268518518519 0.005658854166666667 0.018290740740740743
0 0.7981161458333333 0.4998476851851852 0.005607291666666667 0.012658333333333332
0 0.6153294270833333 0.24138101851851854 0.0035755208333333333 0.006836111111111111
0 0.3872903645833333 0.35787685185185186 0.018330729166666667 0.030568518518518523
0 0.3875604166666667 0.3535101851851852 0.0167875 0.019983333333333336
0 0.3397997395833333 0.3203787037037037 0.004599479166666667 0.018535185185185186
0 0.3967893229166667 0.3951574074074074 0.0071203125 0.006981481481481482
0 0.44162812500000004 0.19020370370370368 0.004089583333333333 0.008185185185185184
0 0.28289869791666666 0.031718055555555555 0.008505729166666667 0.020843518518518518
0 0.07671718749999999 0.32312916666666663 0.010726041666666667 0.018480555555555556
0 0.34727604166666665 0.7536351851851852 0.003927083333333334 0.007270370370370371
0 0.2655416666666667 0.49685694444444445 0.013375 0.01593611111111111
0 0.6425005208333334 0.8640532407407407 0.006876041666666667 0.016995370370370372
1 0.49973958333333335 0.5319444444444444 0.9994791666666667 0.9342592592592592
0 0.64140625 0.37407407407407406 0.0359375 0.06851851851851852
0 0.49661458333333336 0.2726851851851852 0.03697916666666667 0.019444444444444445
0 0.65859375 0.7032407407407407 0.0171875 0.08055555555555556
0 0.12239583333333333 0.5069444444444444 0.008333333333333333 0.021296296296296296
0 0.13854166666666667 0.6157407407407407 0.00625 0.025925925925925925
0 0.17135416666666667 0.8634259259259259 0.014583333333333334 0.03611111111111111
0 0.24244791666666668 0.9513888888888888 0.015104166666666667 0.010185185185185186
0 0.2890625 0.9050925925925926 0.008333333333333333 0.01574074074074074
0 0.10442708333333334 0.9537037037037037 0.0067708333333333336 0.020370370370370372
0 0.038802083333333334 0.9648148148148148 0.0036458333333333334 0.016666666666666666
0 0.16484375 0.8138888888888889 0.0026041666666666665 0.011111111111111112
0 0.21354166666666666 0.8694444444444445 0.00625 0.016666666666666666
0 0.06510416666666667 0.7064814814814815 0.004166666666666667 0.011111111111111112
0 0.14140625 0.6861111111111111 0.005729166666666666 0.018518518518518517
0 0.20520833333333333 0.5824074074074074 0.005208333333333333 0.012962962962962963
0 0.4088541666666667 0.7875 0.003125 0.006481481481481481
0 0.6247395833333333 0.6083333333333333 0.018229166666666668 0.02962962962962963
0 0.6244791666666667 0.6129629629629629 0.016666666666666666 0.018518518518518517
0 0.67421875 0.6328703703703704 0.005729166666666666 0.017592592592592594
0 0.6114583333333333 0.575462962962963 0.007291666666666667 0.006481481481481481
0 0.58515625 0.7898148148148149 0.0036458333333333334 0.007407407407407408
0 0.75546875 0.9018518518518519 0.0078125 0.020370370370370372
0 0.86796875 0.961574074074074 0.016145833333333335 0.032407407407407406
0 0.9338541666666667 0.5578703703703703 0.009375 0.019444444444444445
0 0.6283854166666667 0.20694444444444443 0.0036458333333333334 0.006481481481481481
0 0.7317708333333334 0.43842592592592594 0.013541666666666667 0.01574074074074074
0 0.32760416666666664 0.18055555555555555 0.007291666666666667 0.016666666666666666
1 0.5 0.5232800925925927 1.0 0.9539675925925927
0 0.6472260416666666 0.39626944444444445 0.03611875 0.06846481481481481
0 0.5075723958333334 0.2735013888888889 0.03701979166666667 0.021076851851851854
0 0.6466510416666666 0.727225 0.018302083333333333 0.08037592592592592
0 0.12410130208333332 0.44917361111111115 0.008619270833333333 0.020569444444444446
0 0.13455963541666666 0.5594518518518519 0.0055776041666666665 0.02631111111111111
0 0.15502057291666665 0.8108217592592593 0.013166145833333334 0.036458333333333336
0 0.22115572916666668 0.910311574074074 0.015228125 0.009512037037037038
0 0.27022864583333334 0.8704805555555556 0.008165625000000001 0.015035185185185184
0 0.0837625 0.8907421296296296 0.007108333333333333 0.020373148148148147
0 0.017690625 0.8919175925925925 0.00413125 0.01716851851851852
0 0.1508671875 0.7612111111111111 0.0027760416666666667 0.01131111111111111
0 0.19656927083333334 0.8230759259259259 0.006680208333333334 0.016522222222222223
0 0.056378124999999994 0.6379819444444444 0.004422916666666667 0.011149074074074075
0 0.13358281249999998 0.6295944444444445 0.005707291666666667 0.018448148148148148
0 0.20263958333333332 0.5369722222222222 0.005279166666666666 0.012833333333333332
0 0.394921875 0.7718680555555555 0.0033854166666666668 0.006699074074074074
0 0.6185455729166667 0.6271587962962963 0.018341145833333336 0.030243518518518517
0 0.61828828125 0.6317115740740741 0.01678489583333333 0.018978703703703702
0 0.6671419270833333 0.6590856481481482 0.005117187499999999 0.018171296296296297
0 0.6072552083333334 0.5922787037037036 0.0072187499999999995 0.006779629629629629
0 0.5707020833333334 0.8020796296296296 0.003904166666666667 0.007862962962962964
0 0.7347242187499999 0.9399777777777778 0.007990104166666666 0.020696296296296296
0 0.9295572916666667 0.6242981481481481 0.01015625 0.01896666666666667
0 0.6420109375 0.22754444444444444 0.003813541666666667 0.006940740740740741
0 0.7338283854166666 0.4745069444444444 0.013490104166666666 0.015680555555555555
0 0.34364531249999997 0.15471898148148147 0.007082291666666667 0.01684537037037037
