0 0.5274203125 0.41580231481481483 0.9454656250000001 0.8316046296296297
1 0.5257591145833334 0.41643611111111106 0.9483932291666667 0.8328722222222221
0 0.9080526041666667 0.1456527777777778 0.009855208333333334 0.015379629629629629
0 0.9827231770833333 0.6969888888888889 0.009196354166666667 0.021755555555555556
0 0.9082018229166666 0.31740416666666665 0.0111953125 0.027400925925925926
0 0.33582682291666666 0.08458101851851851 0.02061197916666667 0.032125
0 0.9057520833333333 0.36485555555555554 0.006295833333333333 0.011192592592592593
0 0.8724489583333334 0.2889347222222222 0.0021895833333333333 0.0037953703703703704
0 0.8832151041666666 0.2928273148148148 0.013305208333333334 0.011580555555555556
0 0.9180200520833334 0.4398810185185185 0.0047901041666666665 0.009391666666666668
0 0.9703619791666667 0.07240324074074074 0.007390625 0.018880555555555553
0 0.9863729166666667 0.06960787037037038 0.0050375 0.009586111111111111
0 0.472775 0.4156777777777778 0.94555 0.8313555555555556
1 0.4741854166666667 0.41676203703703707 0.9483708333333334 0.8335240740740741
0 0.0955609375 0.1327523148148148 0.009871875 0.01550462962962963
0 0.015479947916666665 0.6822550925925926 0.009084895833333334 0.021917592592592593
0 0.09357708333333334 0.30450787037037036 0.011112499999999999 0.02753425925925926
0 0.6680716145833333 0.08941666666666666 0.02051822916666667 0.03253703703703704
0 0.09584947916666667 0.35280648148148147 0.006282291666666666 0.011168518518518519
0 0.12972317708333334 0.2778087962962963 0.0021546875 0.003765740740740741
0 0.11867317708333333 0.2807138888888889 0.013388020833333332 0.011427777777777778
0 0.0831078125 0.4268976851851852 0.004757291666666667 0.009350925925925926
0 0.03388828125 0.05845694444444444 0.007359895833333334 0.01876574074074074
0 0.018173177083333332 0.05473981481481482 0.005096354166666667 0.00947962962962963
0 0.5260416666666666 0.5805555555555556 0.946875 0.837037037037037
1 0.5247395833333334 0.5805555555555556 0.9494791666666667 0.837037037037037
0 0.8971354166666666 0.8921296296296296 0.009895833333333333 0.01574074074074074
0 0.9877604166666667 0.34814814814814815 0.008854166666666666 0.022222222222222223
0 0.90234375 0.7203703703703703 0.0109375 0.027777777777777776
0 0.32421875 0.9 0.0203125 0.03333333333333333
0 0.9010416666666666 0.6722222222222223 0.00625 0.011111111111111112
0 0.865625 0.7453703703703703 0.0020833333333333333 0.003703703703703704
0 0.8765625 0.7425925925925926 0.013541666666666667 0.011111111111111112
0 0.9153645833333334 0.5990740740740741 0.0046875 0.009259259259259259
0 0.9572916666666667 0.9703703703703703 0.007291666666666667 0.018518518518518517
0 0.9729166666666667 0.975 0.005208333333333333 0.009259259259259259
0 0.5274203125 0.41580231481481483 0.9454656250000001 0.8316046296296297
1 0.5257591145833334 0.41643611111111106 0.9483932291666667 0.8328722222222221
0 0.9080526041666667 0.1456527777777778 0.009855208333333334 0.015379629629629629
0 0.9827231770833333 0.6969888888888889 0.009196354166666667 0.021755555555555556
0 0.9082018229166666 0.31740416666666665 0.0111953125 0.027400925925925926
0 0.33582682291666666 0.08458101851851851 0.02061197916666667 0.032125
0 0.9057520833333333 0.36485555555555554 0.006295833333333333 0.011192592592592593
0 0.8724489583333334 0.2889347222222222 0.0021895833333333333 0.0037953703703703704
0 0.8832151041666666 0.2928273148148148 0.013305208333333334 0.011580555555555556
0 0.9180200520833334 0.4398810185185185 0.0047901041666666665 0.009391666666666668
0 0.9703619791666667 0.07240324074074074 0.007390625 0.018880555555555553
0 0.9863729166666667 0.06960787037037038 0.0050375 0.009586111111111111
0 0.472775 0.4156777777777778 0.94555 0.8313555555555556
1 0.4741854166666667 0.41676203703703707 0.9483708333333334 0.8335240740740741
0 0.0955609375 0.1327523148148148 0.009871875 0.01550462962962963
0 0.015479947916666665 0.6822550925925926 0.009084895833333334 0.021917592592592593
0 0.09357708333333334 0.30450787037037036 0.011112499999999999 0.02753425925925926
0 0.6680716145833333 0.08941666666666666 0.02051822916666667 0.03253703703703704
0 0.09584947916666667 0.35280648148148147 0.006282291666666666 0.011168518518518519
0 0.12972317708333334 0.2778087962962963 0.0021546875 0.003765740740740741
0 0.11867317708333333 0.2807138888888889 0.013388020833333332 0.011427777777777778
0 0.0831078125 0.4268976851851852 0.004757291666666667 0.009350925925925926
0 0.03388828125 0.05845694444444444 0.007359895833333334 0.01876574074074074
0 0.018173177083333332 0.05473981481481482 0.005096354166666667 0.00947962962962963
0 0.5260416666666666 0.5805555555555556 0.946875 0.837037037037037
1 0.5247395833333334 0.5805555555555556 0.9494791666666667 0.837037037037037
0 0.8971354166666666 0.8921296296296296 0.009895833333333333 0.01574074074074074
0 0.9877604166666667 0.34814814814814815 0.008854166666666666 0.022222222222222223
0 0.90234375 0.7203703703703703 0.0109375 0.027777777777777776
0 0.32421875 0.9 0.0203125 0.03333333333333333
0 0.9010416666666666 0.6722222222222223 0.00625 0.011111111111111112
0 0.865625 0.7453703703703703 0.0020833333333333333 0.003703703703703704
0 0.8765625 0.7425925925925926 0.013541666666666667 0.011111111111111112
0 0.9153645833333334 0.5990740740740741 0.0046875 0.009259259259259259
0 0.9572916666666667 0.9703703703703703 0.007291666666666667 0.018518518518518517
0 0.9729166666666667 0.975 0.005208333333333333 0.009259259259259259
0 0.5274203125 0.41580231481481483 0.9454656250000001 0.8316046296296297
1 0.5257591145833334 0.41643611111111106 0.9483932291666667 0.8328722222222221
0 0.9080526041666667 0.1456527777777778 0.009855208333333334 0.015379629629629629
0 0.9827231770833333 0.6969888888888889 0.009196354166666667 0.021755555555555556
0 0.9082018229166666 0.31740416666666665 0.0111953125 0.027400925925925926
0 0.33582682291666666 0.08458101851851851 0.02061197916666667 0.032125
0 0.9057520833333333 0.36485555555555554 0.006295833333333333 0.011192592592592593
0 0.8724489583333334 0.2889347222222222 0.0021895833333333333 0.0037953703703703704
0 0.8832151041666666 0.2928273148148148 0.013305208333333334 0.011580555555555556
0 0.9180200520833334 0.4398810185185185 0.0047901041666666665 0.009391666666666668
0 0.9703619791666667 0.07240324074074074 0.007390625 0.018880555555555553
0 0.9863729166666667 0.06960787037037038 0.0050375 0.009586111111111111
0 0.472775 0.4156777777777778 0.94555 0.8313555555555556
1 0.4741854166666667 0.41676203703703707 0.9483708333333334 0.8335240740740741
0 0.0955609375 0.1327523148148148 0.009871875 0.01550462962962963
0 0.015479947916666665 0.6822550925925926 0.009084895833333334 0.021917592592592593
0 0.09357708333333334 0.30450787037037036 0.011112499999999999 0.02753425925925926
0 0.6680716145833333 0.08941666666666666 0.02051822916666667 0.03253703703703704
0 0.09584947916666667 0.35280648148148147 0.006282291666666666 0.011168518518518519
0 0.12972317708333334 0.2778087962962963 0.0021546875 0.003765740740740741
0 0.11867317708333333 0.2807138888888889 0.013388020833333332 0.011427777777777778
0 0.0831078125 0.4268976851851852 0.004757291666666667 0.009350925925925926
0 0.03388828125 0.05845694444444444 0.007359895833333334 0.01876574074074074
0 0.018173177083333332 0.05473981481481482 0.005096354166666667 0.00947962962962963
0 0.5260416666666666 0.5805555555555556 0.946875 0.837037037037037
1 0.5247395833333334 0.5805555555555556 0.9494791666666667 0.837037037037037
0 0.8971354166666666 0.8921296296296296 0.009895833333333333 0.01574074074074074
0 0.9877604166666667 0.34814814814814815 0.008854166666666666 0.022222222222222223
0 0.90234375 0.7203703703703703 0.0109375 0.027777777777777776
0 0.32421875 0.9 0.0203125 0.03333333333333333
0 0.9010416666666666 0.6722222222222223 0.00625 0.011111111111111112
0 0.865625 0.7453703703703703 0.0020833333333333333 0.003703703703703704
0 0.8765625 0.7425925925925926 0.013541666666666667 0.011111111111111112
0 0.9153645833333334 0.5990740740740741 0.0046875 0.009259259259259259
0 0.9572916666666667 0.9703703703703703 0.007291666666666667 0.018518518518518517
0 0.9729166666666667 0.975 0.005208333333333333 0.009259259259259259
