1 0.5 0.5397925925925926 1.0 0.9203259259259259
1 0.9473658854166668 0.8686097222222223 0.0926484375 0.2631453703703704
0 0.92547421875 0.5685773148148148 0.008240104166666666 0.02048796296296296
0 0.7359552083333334 0.6605351851851852 0.012535416666666667 0.022922222222222222
0 0.7358588541666666 0.661411574074074 0.013384375 0.024675000000000002
0 0.76957890625 0.3731111111111111 0.009991145833333333 0.018444444444444447
0 0.6396927083333334 0.5062296296296296 0.017927083333333333 0.04579259259259259
0 0.6972130208333333 0.4275185185185185 0.007967708333333334 0.021703703703703704
0 0.6828572916666666 0.8458125 0.012589583333333333 0.03051388888888889
0 0.30240338541666667 0.17999629629629632 0.011056770833333333 0.03406666666666667
0 0.3350924479166667 0.5713351851851852 0.0118515625 0.016744444444444444
0 0.32410234374999997 0.5146564814814815 0.030496354166666666 0.05709074074074074
0 0.06796223958333333 0.4318263888888889 0.010924479166666667 0.03031944444444444
0 0.4434828125 0.5386652777777778 0.009882291666666666 0.005108333333333334
0 0.3120427083333333 0.6543962962962964 0.005335416666666666 0.021755555555555556
0 0.43601510416666667 0.7765462962962962 0.006405208333333333 0.017907407407407407
0 0.4978549479166666 0.7108555555555556 0.010293229166666668 0.016155555555555555
0 0.36929166666666663 0.8090796296296296 0.009416666666666665 0.014455555555555555
0 0.3833796875 0.918212037037037 0.013634375 0.019757407407407408
0 0.25817447916666664 0.8527384259259259 0.011140625 0.022143518518518517
0 0.0983328125 0.9278074074074074 0.013332291666666666 0.02783703703703704
0 0.06559427083333333 0.6078634259259259 0.0051468749999999995 0.010171296296296296
0 0.81773046875 0.890437962962963 0.0073359375000000004 0.01420925925925926
0 0.8212109375 0.9565754629629629 0.008046875 0.0075953703703703695
0 0.6709632812499999 0.9042587962962964 0.009634895833333332 0.010369444444444445
0 0.6724963541666666 0.917363888888889 0.012701041666666666 0.012505555555555556
1 0.49973958333333335 0.5314814814814814 0.9994791666666667 0.937037037037037
1 0.04895833333333333 0.8449074074074074 0.09791666666666667 0.30833333333333335
0 0.07291666666666667 0.5287037037037037 0.008333333333333333 0.020370370370370372
0 0.2596354166666667 0.638425925925926 0.011979166666666667 0.023148148148148147
0 0.2596354166666667 0.6393518518518518 0.013020833333333334 0.025
0 0.23463541666666668 0.34814814814814815 0.009895833333333333 0.018518518518518517
0 0.36015625 0.4930555555555556 0.0171875 0.04537037037037037
0 0.30520833333333336 0.40879629629629627 0.008333333333333333 0.021296296296296296
0 0.30703125 0.8282407407407407 0.011979166666666667 0.030555555555555555
0 0.7067708333333333 0.1986111111111111 0.010416666666666666 0.03425925925925926
0 0.6625 0.586574074074074 0.011458333333333333 0.017592592592592594
0 0.6752604166666667 0.5310185185185186 0.030729166666666665 0.058333333333333334
0 0.9333333333333333 0.47175925925925927 0.011458333333333333 0.030555555555555555
0 0.55546875 0.5439814814814815 0.009895833333333333 0.004629629629629629
0 0.6830729166666667 0.6712962962962963 0.0046875 0.022222222222222223
0 0.5557291666666667 0.7819444444444444 0.00625 0.017592592592592594
0 0.49583333333333335 0.7106481481481481 0.010416666666666666 0.01574074074074074
0 0.6213541666666667 0.8203703703703704 0.009375 0.014814814814814815
0 0.6044270833333333 0.9282407407407407 0.0140625 0.019444444444444445
0 0.7309895833333333 0.875 0.0109375 0.022222222222222223
0 0.8885416666666667 0.9648148148148148 0.013541666666666667 0.027777777777777776
0 0.9307291666666667 0.6486111111111111 0.005208333333333333 0.010185185185185186
0 0.17135416666666667 0.8606481481481482 0.007291666666666667 0.013888888888888888
0 0.16588541666666667 0.9263888888888889 0.0078125 0.008333333333333333
0 0.3171875 0.887962962962963 0.009375 0.011111111111111112
0 0.315625 0.9009259259259259 0.0125 0.012962962962962963
1 0.5 0.5397925925925926 1.0 0.9203259259259259
1 0.9473658854166668 0.8686097222222223 0.0926484375 0.2631453703703704
0 0.92547421875 0.5685773148148148 0.008240104166666666 0.02048796296296296
0 0.7359552083333334 0.6605351851851852 0.012535416666666667 0.022922222222222222
0 0.7358588541666666 0.661411574074074 0.013384375 0.024675000000000002
0 0.76957890625 0.3731111111111111 0.009991145833333333 0.018444444444444447
0 0.6396927083333334 0.5062296296296296 0.017927083333333333 0.04579259259259259
0 0.6972130208333333 0.4275185185185185 0.007967708333333334 0.021703703703703704
0 0.6828572916666666 0.8458125 0.012589583333333333 0.03051388888888889
0 0.30240338541666667 0.17999629629629632 0.011056770833333333 0.03406666666666667
0 0.3350924479166667 0.5713351851851852 0.0118515625 0.016744444444444444
0 0.32410234374999997 0.5146564814814815 0.030496354166666666 0.05709074074074074
0 0.06796223958333333 0.4318263888888889 0.010924479166666667 0.03031944444444444
0 0.4434828125 0.5386652777777778 0.009882291666666666 0.005108333333333334
0 0.3120427083333333 0.6543962962962964 0.005335416666666666 0.021755555555555556
0 0.43601510416666667 0.7765462962962962 0.006405208333333333 0.017907407407407407
0 0.4978549479166666 0.7108555555555556 0.010293229166666668 0.016155555555555555
0 0.36929166666666663 0.8090796296296296 0.009416666666666665 0.014455555555555555
0 0.3833796875 0.918212037037037 0.013634375 0.019757407407407408
0 0.25817447916666664 0.8527384259259259 0.011140625 0.022143518518518517
0 0.0983328125 0.9278074074074074 0.013332291666666666 0.02783703703703704
0 0.06559427083333333 0.6078634259259259 0.0051468749999999995 0.010171296296296296
0 0.81773046875 0.890437962962963 0.0073359375000000004 0.01420925925925926
0 0.8212109375 0.9565754629629629 0.008046875 0.0075953703703703695
0 0.6709632812499999 0.9042587962962964 0.009634895833333332 0.010369444444444445
0 0.6724963541666666 0.917363888888889 0.012701041666666666 0.012505555555555556
1 0.5 0.5397925925925926 1.0 0.9203259259259259
1 0.9473658854166668 0.8686097222222223 0.0926484375 0.2631453703703704
0 0.92547421875 0.5685773148148148 0.008240104166666666 0.02048796296296296
0 0.7359552083333334 0.6605351851851852 0.012535416666666667 0.022922222222222222
0 0.7358588541666666 0.661411574074074 0.013384375 0.024675000000000002
0 0.76957890625 0.3731111111111111 0.009991145833333333 0.018444444444444447
0 0.6396927083333334 0.5062296296296296 0.017927083333333333 0.04579259259259259
0 0.6972130208333333 0.4275185185185185 0.007967708333333334 0.021703703703703704
0 0.6828572916666666 0.8458125 0.012589583333333333 0.03051388888888889
0 0.30240338541666667 0.17999629629629632 0.011056770833333333 0.03406666666666667
0 0.3350924479166667 0.5713351851851852 0.0118515625 0.016744444444444444
0 0.32410234374999997 0.5146564814814815 0.030496354166666666 0.05709074074074074
0 0.06796223958333333 0.4318263888888889 0.010924479166666667 0.03031944444444444
0 0.4434828125 0.5386652777777778 0.009882291666666666 0.005108333333333334
0 0.3120427083333333 0.6543962962962964 0.005335416666666666 0.021755555555555556
0 0.43601510416666667 0.7765462962962962 0.006405208333333333 0.017907407407407407
0 0.4978549479166666 0.7108555555555556 0.010293229166666668 0.016155555555555555
0 0.36929166666666663 0.8090796296296296 0.009416666666666665 0.014455555555555555
0 0.3833796875 0.918212037037037 0.013634375 0.019757407407407408
0 0.25817447916666664 0.8527384259259259 0.011140625 0.022143518518518517
0 0.0983328125 0.9278074074074074 0.013332291666666666 0.02783703703703704
0 0.06559427083333333 0.6078634259259259 0.0051468749999999995 0.010171296296296296
0 0.81773046875 0.890437962962963 0.0073359375000000004 0.01420925925925926
0 0.8212109375 0.9565754629629629 0.008046875 0.0075953703703703695
0 0.6709632812499999 0.9042587962962964 0.009634895833333332 0.010369444444444445
0 0.6724963541666666 0.917363888888889 0.012701041666666666 0.012505555555555556
1 0.49973958333333335 0.5314814814814814 0.9994791666666667 0.937037037037037
1 0.04895833333333333 0.8449074074074074 0.09791666666666667 0.30833333333333335
0 0.07291666666666667 0.5287037037037037 0.008333333333333333 0.020370370370370372
0 0.2596354166666667 0.638425925925926 0.011979166666666667 0.023148148148148147
0 0.2596354166666667 0.6393518518518518 0.013020833333333334 0.025
0 0.23463541666666668 0.34814814814814815 0.009895833333333333 0.018518518518518517
0 0.36015625 0.4930555555555556 0.0171875 0.04537037037037037
0 0.30520833333333336 0.40879629629629627 0.008333333333333333 0.021296296296296296
0 0.30703125 0.8282407407407407 0.011979166666666667 0.030555555555555555
0 0.7067708333333333 0.1986111111111111 0.010416666666666666 0.03425925925925926
0 0.6625 0.586574074074074 0.011458333333333333 0.017592592592592594
0 0.6752604166666667 0.5310185185185186 0.030729166666666665 0.058333333333333334
0 0.9333333333333333 0.47175925925925927 0.011458333333333333 0.030555555555555555
0 0.55546875 0.5439814814814815 0.009895833333333333 0.004629629629629629
0 0.6830729166666667 0.6712962962962963 0.0046875 0.022222222222222223
0 0.5557291666666667 0.7819444444444444 0.00625 0.017592592592592594
0 0.49583333333333335 0.7106481481481481 0.010416666666666666 0.01574074074074074
0 0.6213541666666667 0.8203703703703704 0.009375 0.014814814814814815
0 0.6044270833333333 0.9282407407407407 0.0140625 0.019444444444444445
0 0.7309895833333333 0.875 0.0109375 0.022222222222222223
0 0.8885416666666667 0.9648148148148148 0.013541666666666667 0.027777777777777776
0 0.9307291666666667 0.6486111111111111 0.005208333333333333 0.010185185185185186
0 0.17135416666666667 0.8606481481481482 0.007291666666666667 0.013888888888888888
0 0.16588541666666667 0.9263888888888889 0.0078125 0.008333333333333333
0 0.3171875 0.887962962962963 0.009375 0.011111111111111112
0 0.315625 0.9009259259259259 0.0125 0.012962962962962963
1 0.5 0.5397925925925926 1.0 0.9203259259259259
1 0.9473658854166668 0.8686097222222223 0.0926484375 0.2631453703703704
0 0.92547421875 0.5685773148148148 0.008240104166666666 0.02048796296296296
0 0.7359552083333334 0.6605351851851852 0.012535416666666667 0.022922222222222222
0 0.7358588541666666 0.661411574074074 0.013384375 0.024675000000000002
0 0.76957890625 0.3731111111111111 0.009991145833333333 0.018444444444444447
0 0.6396927083333334 0.5062296296296296 0.017927083333333333 0.04579259259259259
0 0.6972130208333333 0.4275185185185185 0.007967708333333334 0.021703703703703704
0 0.6828572916666666 0.8458125 0.012589583333333333 0.03051388888888889
0 0.30240338541666667 0.17999629629629632 0.011056770833333333 0.03406666666666667
0 0.3350924479166667 0.5713351851851852 0.0118515625 0.016744444444444444
0 0.32410234374999997 0.5146564814814815 0.030496354166666666 0.05709074074074074
0 0.06796223958333333 0.4318263888888889 0.010924479166666667 0.03031944444444444
0 0.4434828125 0.5386652777777778 0.009882291666666666 0.005108333333333334
0 0.3120427083333333 0.6543962962962964 0.005335416666666666 0.021755555555555556
0 0.43601510416666667 0.7765462962962962 0.006405208333333333 0.017907407407407407
0 0.4978549479166666 0.7108555555555556 0.010293229166666668 0.016155555555555555
0 0.36929166666666663 0.8090796296296296 0.009416666666666665 0.014455555555555555
0 0.3833796875 0.918212037037037 0.013634375 0.019757407407407408
0 0.25817447916666664 0.8527384259259259 0.011140625 0.022143518518518517
0 0.0983328125 0.9278074074074074 0.013332291666666666 0.02783703703703704
0 0.06559427083333333 0.6078634259259259 0.0051468749999999995 0.010171296296296296
0 0.81773046875 0.890437962962963 0.0073359375000000004 0.01420925925925926
0 0.8212109375 0.9565754629629629 0.008046875 0.0075953703703703695
0 0.6709632812499999 0.9042587962962964 0.009634895833333332 0.010369444444444445
0 0.6724963541666666 0.917363888888889 0.012701041666666666 0.012505555555555556
