1 0.5 0.4672573784722222 1.0 0.9345147569444444
0 0.962044921875 0.7387860243055555 0.01002734375 0.019238715277777776
0 0.9419013671875 0.36039539930555553 0.006849609375 0.02981857638888889
0 0.995503173828125 0.3168580729166667 0.00858447265625 0.02086892361111111
0 0.841850341796875 0.4105251736111111 0.01963818359375 0.06757812499999999
0 0.733439208984375 0.1921032986111111 0.03719091796875 0.06476215277777778
0 0.80587158203125 0.2785473090277778 0.0043212890625 0.0327890625
0 0.657620361328125 0.3374431423611111 0.01836572265625 0.05509461805555556
0 0.693779052734375 0.3166974826388889 0.01646435546875 0.03096440972222222
0 0.622616943359375 0.3900390625 0.00988232421875 0.014453124999999999
0 0.70051025390625 0.39727647569444446 0.0103955078125 0.020247395833333334
0 0.836069580078125 0.13570746527777777 0.00612353515625 0.012734375
0 0.838833251953125 0.14945789930555556 0.00676806640625 0.01766579861111111
0 0.795562255859375 0.10175868055555555 0.07842919921875 0.1687951388888889
0 0.823485107421875 0.05994878472222223 0.00732177734375 0.012258680555555556
0 0.80598095703125 0.0944453125 0.0113759765625 0.010071180555555555
0 0.777412109375 0.043346788194444444 0.00697265625 0.012040798611111111
0 0.647037353515625 0.15267447916666665 0.01868408203125 0.020626736111111113
0 0.517622802734375 0.25551171875 0.00985498046875 0.024912326388888892
0 0.530595703125 0.18545225694444445 0.00845703125 0.015001736111111112
0 0.517721923828125 0.19032682291666667 0.00517041015625 0.010861979166666667
0 0.55009375 0.3865321180555556 0.0269453125 0.05084201388888889
0 0.4832646484375 0.8139809027777778 0.006568359375 0.016850694444444442
0 0.40242822265625 0.9123411458333334 0.0206767578125 0.045168402777777776
0 0.410930908203125 0.8142044270833333 0.00643212890625 0.012089409722222222
0 0.367806884765625 0.03067447916666667 0.02369970703125 0.05961284722222223
0 0.392638916015625 0.12601258680555555 0.00891064453125 0.0159140625
0 0.291932373046875 0.08794184027777778 0.01843505859375 0.03352256944444445
0 0.207625 0.07474869791666666 0.0119296875 0.01581684027777778
0 0.27253173828125 0.142515625 0.0069775390625 0.03503125
0 0.258913818359375 0.13330598958333334 0.00806201171875 0.009667534722222223
0 0.223278564453125 0.2629978298611111 0.00710400390625 0.0225234375
0 0.202989990234375 0.3759079861111111 0.01047216796875 0.027857638888888887
0 0.19117333984375 0.3991514756944444 0.0044169921875 0.015316840277777778
0 0.26076025390625 0.4711805555555555 0.0068720703125 0.03958333333333333
0 0.23297021484375 0.39897743055555557 0.0040263671875 0.01670486111111111
0 0.28522509765625 0.7371467013888888 0.0118564453125 0.019432291666666667
0 0.349680908203125 0.7582799479166666 0.02553369140625 0.042601562499999995
0 0.341619140625 0.6343980034722222 0.00941015625 0.01705989583333333
0 0.20741259765625 0.7644214409722223 0.0163876953125 0.040995659722222216
0 0.213856689453125 0.8100746527777778 0.01169775390625 0.022927083333333334
0 0.200714599609375 0.6984809027777777 0.00982763671875 0.01675347222222222
0 0.16638818359375 0.66684765625 0.0075810546875 0.01598697916666667
0 0.149076416015625 0.6606037326388888 0.01202001953125 0.022596354166666666
0 0.18922900390625 0.5985894097222223 0.0122470703125 0.018359374999999997
0 0.178380859375 0.8575169270833334 0.01105859375 0.04142274305555556
0 0.17989892578125 0.8195594618055556 0.0072587890625 0.021063368055555556
0 0.042020507812499996 0.8388880208333334 0.034236328125 0.05277604166666667
0 0.166868408203125 0.8333433159722222 0.01147119140625 0.0191171875
0 0.28652197265625 0.9017699652777778 0.0046845703125 0.008401041666666668
0 0.20725 0.9067877604166666 0.0053203125 0.023644965277777777
0 0.390920654296875 0.6266119791666667 0.01328662109375 0.024057291666666664
0 0.325403076171875 0.6906662326388889 0.01799365234375 0.02369357638888889
0 0.256072021484375 0.21435243055555556 0.01019091796875 0.015510416666666665
0 0.2734765625 0.36489192708333335 0.0059375 0.007561631944444445
0 0.389110595703125 0.7543250868055555 0.00576025390625 0.010386284722222222
0 0.26258935546875 0.09585416666666667 0.0046708984375 0.011152777777777779
0 0.10987890625 0.008911024305555555 0.0088203125 0.01782204861111111
0 0.863249755859375 0.7268493923611111 0.00677294921875 0.02661545138888889
1 0.5 0.5 1.0 1.0
0 0.97991552734375 0.5624613715277778 0.0106123046875 0.02075607638888889
0 0.915897216796875 0.19965972222222222 0.00855224609375 0.029527777777777778
0 0.9655009765625 0.13687413194444445 0.013033203125 0.020276041666666668
0 0.82348876953125 0.2845959201388889 0.0151416015625 0.06919184027777778
0 0.691481689453125 0.11198741319444444 0.03921337890625 0.06251649305555557
0 0.773014892578125 0.1705251736111111 0.00696728515625 0.03202256944444445
0 0.63534765625 0.28298958333333335 0.0226484375 0.05382638888888889
0 0.6676220703125 0.24947352430555558 0.015908203125 0.033669270833333334
0 0.60735888671875 0.34628515625 0.0096396484375 0.015486979166666668
0 0.683813720703125 0.32578689236111114 0.01020556640625 0.01962934027777778
0 0.7865859375 0.019440972222222224 0.006765625 0.011104166666666667
0 0.790727783203125 0.0322109375 0.00821337890625 0.015810763888888888
0 0.771127197265625 0.040021701388888886 0.02858251953125 0.08004340277777777
0 0.603776123046875 0.10709505208333334 0.01907568359375 0.021481770833333334
0 0.488817626953125 0.25381032986111113 0.01083837890625 0.024981770833333333
0 0.49318603515625 0.18094878472222223 0.0068798828125 0.016411458333333333
0 0.481185791015625 0.19097005208333334 0.00534033203125 0.0121484375
0 0.534806396484375 0.37227604166666667 0.02957373046875 0.04489930555555555
0 0.520687255859375 0.8138828124999999 0.00719482421875 0.01665451388888889
0 0.4520146484375 0.9397282986111111 0.023169921875 0.040914930555555555
0 0.450067626953125 0.8396124131944445 0.00755712890625 0.010822048611111112
0 0.287138671875 0.06272482638888889 0.00884765625 0.009130208333333334
0 0.31591455078125 0.09043229166666666 0.0263603515625 0.05933680555555555
0 0.351273193359375 0.1734587673611111 0.00918701171875 0.01705642361111111
0 0.24902783203125 0.17421137152777777 0.0166103515625 0.03592274305555556
0 0.164360107421875 0.19138628472222222 0.01133740234375 0.016453125
0 0.234954345703125 0.23448958333333333 0.00604150390625 0.036687500000000005
0 0.22117529296875 0.22886631944444444 0.0087568359375 0.009815972222222222
0 0.2012119140625 0.37001171875 0.008869140625 0.02300954861111111
0 0.19530419921875 0.4889865451388889 0.0107255859375 0.0283203125
0 0.18535693359375 0.51521484375 0.0045029296875 0.0148046875
0 0.26233544921875 0.5610972222222222 0.0100224609375 0.03886111111111111
0 0.226598388671875 0.5002734375000001 0.00495458984375 0.016171875
0 0.3176083984375 0.8114127604166667 0.013146484375 0.020394965277777777
0 0.382922607421875 0.8091137152777779 0.02658740234375 0.041838541666666666
0 0.361197265625 0.6898276909722223 0.00950390625 0.018544270833333334
0 0.244754638671875 0.868 0.01782958984375 0.041555555555555554
0 0.2571083984375 0.9087934027777779 0.012263671875 0.022447916666666665
0 0.23071337890625 0.8038676215277778 0.0092783203125 0.01745746527777778
0 0.19342626953125 0.7852569444444444 0.0069697265625 0.016694444444444442
0 0.175177001953125 0.7874904513888888 0.01343994140625 0.021161458333333334
0 0.20744921875 0.7125616319444444 0.01353125 0.01713715277777778
0 0.228111572265625 0.9681080729166668 0.00993408203125 0.04211892361111111
0 0.22444775390625 0.9297942708333333 0.0074892578125 0.019310763888888888
0 0.099876708984375 0.9861132812500001 0.01518310546875 0.027782118055555558
0 0.213212646484375 0.9478585069444444 0.01040966796875 0.02071701388888889
0 0.33775732421875 0.9719448784722222 0.0046162109375 0.008125868055555556
0 0.407802978515625 0.6637191840277779 0.01384814453125 0.0218828125
0 0.351718994140625 0.7518363715277778 0.01984423828125 0.02276996527777778
0 0.227837890625 0.3104743923611111 0.01036328125 0.015046006944444443
0 0.2625830078125 0.4509908854166667 0.005634765625 0.007884548611111111
0 0.42157958984375 0.7907799479166667 0.0062451171875 0.010379340277777779
0 0.22039794921875 0.19149609374999998 0.0052490234375 0.011464409722222223
0 0.061272216796875 0.16287413194444444 0.00731005859375 0.020192708333333333
0 0.882379150390625 0.5885147569444444 0.00694580078125 0.02598784722222222
1 0.50029296875 0.5236111111111111 0.999609375 0.9534722222222223
0 0.0333984375 0.29010416666666666 0.01015625 0.019444444444444445
0 0.0611328125 0.6668402777777778 0.00703125 0.02986111111111111
0 0.00625 0.7135416666666666 0.0125 0.020833333333333332
0 0.16025390625 0.6112847222222223 0.01875 0.06805555555555556
0 0.27314453125 0.8222222222222223 0.0375 0.06458333333333334
0 0.1984375 0.7402777777777777 0.004296875 0.03263888888888889
0 0.3455078125 0.6723958333333333 0.019140625 0.05486111111111111
0 0.3099609375 0.6944444444444444 0.01640625 0.03125
0 0.37939453125 0.6175347222222222 0.009765625 0.014583333333333334
0 0.30146484375 0.6151041666666667 0.01015625 0.020138888888888887
0 0.17109375 0.8847222222222223 0.00625 0.0125
0 0.1685546875 0.8715277777777778 0.00703125 0.017361111111111112
0 0.2130859375 0.9157986111111112 0.08046875 0.16666666666666666
0 0.1853515625 0.9598958333333333 0.007421875 0.011805555555555555
0 0.201953125 0.9244791666666666 0.011328125 0.010416666666666666
0 0.23154296875 0.9737847222222222 0.00703125 0.011805555555555555
0 0.3599609375 0.8559027777777778 0.01875 0.020833333333333332
0 0.4873046875 0.7451388888888889 0.009765625 0.025
0 0.47578125 0.8157986111111111 0.008203125 0.015277777777777779
0 0.48837890625 0.8102430555555555 0.005078125 0.011111111111111112
0 0.4521484375 0.6161458333333333 0.02734375 0.05
0 0.51015625 0.1845486111111111 0.006640625 0.016666666666666666
0 0.589453125 0.08211805555555556 0.020703125 0.044444444444444446
0 0.582421875 0.18125000000000002 0.006640625 0.011805555555555555
0 0.6666015625 0.9956597222222222 0.008984375 0.006944444444444444
0 0.64150390625 0.9604166666666667 0.02421875 0.05972222222222222
0 0.61484375 0.8673611111111111 0.008984375 0.01597222222222222
0 0.716015625 0.8989583333333333 0.01796875 0.03402777777777778
0 0.80078125 0.9072916666666667 0.01171875 0.01597222222222222
0 0.734765625 0.8432291666666667 0.006640625 0.035416666666666666
0 0.7482421875 0.8520833333333333 0.008203125 0.009722222222222222
0 0.78154296875 0.7194444444444444 0.007421875 0.022222222222222223
0 0.79921875 0.6059027777777778 0.010546875 0.027777777777777776
0 0.8107421875 0.5822916666666667 0.004296875 0.015277777777777779
0 0.73955078125 0.5137152777777777 0.007421875 0.03958333333333333
0 0.76904296875 0.5838541666666667 0.00390625 0.016666666666666666
0 0.71015625 0.2501736111111111 0.012109375 0.019444444444444445
0 0.64521484375 0.23211805555555554 0.02578125 0.042361111111111106
0 0.65556640625 0.3559027777777778 0.009375 0.017361111111111112
0 0.78681640625 0.21753472222222223 0.016015625 0.04097222222222222
0 0.77978515625 0.17291666666666666 0.01171875 0.022916666666666665
0 0.794921875 0.28350694444444446 0.009765625 0.016666666666666666
0 0.8298828125 0.3126736111111111 0.007421875 0.01597222222222222
0 0.84736328125 0.31753472222222223 0.012109375 0.022222222222222223
0 0.80849609375 0.38229166666666664 0.0125 0.018055555555555557
0 0.81435546875 0.1232638888888889 0.010546875 0.041666666666666664
0 0.81357421875 0.16145833333333334 0.00703125 0.020833333333333332
0 0.9505859375 0.1329861111111111 0.033984375 0.05416666666666667
0 0.82646484375 0.14687499999999998 0.011328125 0.019444444444444445
0 0.70546875 0.08576388888888889 0.0046875 0.008333333333333333
0 0.784765625 0.07517361111111111 0.005078125 0.02361111111111111
0 0.60673828125 0.3668402777777778 0.01328125 0.02361111111111111
0 0.6703125 0.2982638888888889 0.018359375 0.02361111111111111
0 0.74921875 0.7697916666666667 0.01015625 0.015277777777777779
0 0.72900390625 0.6210069444444444 0.005859375 0.0076388888888888895
0 0.60546875 0.2387152777777778 0.005859375 0.010416666666666666
0 0.7455078125 0.8892361111111112 0.0046875 0.011111111111111112
0 0.8998046875 0.9668402777777777 0.00859375 0.018750000000000003
0 0.1322265625 0.29618055555555556 0.006640625 0.02638888888888889
1 0.5 0.4672573784722222 1.0 0.9345147569444444
0 0.962044921875 0.7387860243055555 0.01002734375 0.019238715277777776
0 0.9419013671875 0.36039539930555553 0.006849609375 0.02981857638888889
0 0.995503173828125 0.3168580729166667 0.00858447265625 0.02086892361111111
0 0.841850341796875 0.4105251736111111 0.01963818359375 0.06757812499999999
0 0.733439208984375 0.1921032986111111 0.03719091796875 0.06476215277777778
0 0.80587158203125 0.2785473090277778 0.0043212890625 0.0327890625
0 0.657620361328125 0.3374431423611111 0.01836572265625 0.05509461805555556
0 0.693779052734375 0.3166974826388889 0.01646435546875 0.03096440972222222
0 0.622616943359375 0.3900390625 0.00988232421875 0.014453124999999999
0 0.70051025390625 0.39727647569444446 0.0103955078125 0.020247395833333334
0 0.836069580078125 0.13570746527777777 0.00612353515625 0.012734375
0 0.838833251953125 0.14945789930555556 0.00676806640625 0.01766579861111111
0 0.795562255859375 0.10175868055555555 0.07842919921875 0.1687951388888889
0 0.823485107421875 0.05994878472222223 0.00732177734375 0.012258680555555556
0 0.80598095703125 0.0944453125 0.0113759765625 0.010071180555555555
0 0.777412109375 0.043346788194444444 0.00697265625 0.012040798611111111
0 0.647037353515625 0.15267447916666665 0.01868408203125 0.020626736111111113
0 0.517622802734375 0.25551171875 0.00985498046875 0.024912326388888892
0 0.530595703125 0.18545225694444445 0.00845703125 0.015001736111111112
0 0.517721923828125 0.19032682291666667 0.00517041015625 0.010861979166666667
0 0.55009375 0.3865321180555556 0.0269453125 0.05084201388888889
0 0.4832646484375 0.8139809027777778 0.006568359375 0.016850694444444442
0 0.40242822265625 0.9123411458333334 0.0206767578125 0.045168402777777776
0 0.410930908203125 0.8142044270833333 0.00643212890625 0.012089409722222222
0 0.367806884765625 0.03067447916666667 0.02369970703125 0.05961284722222223
0 0.392638916015625 0.12601258680555555 0.00891064453125 0.0159140625
0 0.291932373046875 0.08794184027777778 0.01843505859375 0.03352256944444445
0 0.207625 0.07474869791666666 0.0119296875 0.01581684027777778
0 0.27253173828125 0.142515625 0.0069775390625 0.03503125
0 0.258913818359375 0.13330598958333334 0.00806201171875 0.009667534722222223
0 0.223278564453125 0.2629978298611111 0.00710400390625 0.0225234375
0 0.202989990234375 0.3759079861111111 0.01047216796875 0.027857638888888887
0 0.19117333984375 0.3991514756944444 0.0044169921875 0.015316840277777778
0 0.26076025390625 0.4711805555555555 0.0068720703125 0.03958333333333333
0 0.23297021484375 0.39897743055555557 0.0040263671875 0.01670486111111111
0 0.28522509765625 0.7371467013888888 0.0118564453125 0.019432291666666667
0 0.349680908203125 0.7582799479166666 0.02553369140625 0.042601562499999995
0 0.341619140625 0.6343980034722222 0.00941015625 0.01705989583333333
0 0.20741259765625 0.7644214409722223 0.0163876953125 0.040995659722222216
0 0.213856689453125 0.8100746527777778 0.01169775390625 0.022927083333333334
0 0.200714599609375 0.6984809027777777 0.00982763671875 0.01675347222222222
0 0.16638818359375 0.66684765625 0.0075810546875 0.01598697916666667
0 0.149076416015625 0.6606037326388888 0.01202001953125 0.022596354166666666
0 0.18922900390625 0.5985894097222223 0.0122470703125 0.018359374999999997
0 0.178380859375 0.8575169270833334 0.01105859375 0.04142274305555556
0 0.17989892578125 0.8195594618055556 0.0072587890625 0.021063368055555556
0 0.042020507812499996 0.8388880208333334 0.034236328125 0.05277604166666667
0 0.166868408203125 0.8333433159722222 0.01147119140625 0.0191171875
0 0.28652197265625 0.9017699652777778 0.0046845703125 0.008401041666666668
0 0.20725 0.9067877604166666 0.0053203125 0.023644965277777777
0 0.390920654296875 0.6266119791666667 0.01328662109375 0.024057291666666664
0 0.325403076171875 0.6906662326388889 0.01799365234375 0.02369357638888889
0 0.256072021484375 0.21435243055555556 0.01019091796875 0.015510416666666665
0 0.2734765625 0.36489192708333335 0.0059375 0.007561631944444445
0 0.389110595703125 0.7543250868055555 0.00576025390625 0.010386284722222222
0 0.26258935546875 0.09585416666666667 0.0046708984375 0.011152777777777779
0 0.10987890625 0.008911024305555555 0.0088203125 0.01782204861111111
0 0.863249755859375 0.7268493923611111 0.00677294921875 0.02661545138888889
1 0.5 0.5 1.0 1.0
0 0.97991552734375 0.5624613715277778 0.0106123046875 0.02075607638888889
0 0.915897216796875 0.19965972222222222 0.00855224609375 0.029527777777777778
0 0.9655009765625 0.13687413194444445 0.013033203125 0.020276041666666668
0 0.82348876953125 0.2845959201388889 0.0151416015625 0.06919184027777778
0 0.691481689453125 0.11198741319444444 0.03921337890625 0.06251649305555557
0 0.773014892578125 0.1705251736111111 0.00696728515625 0.03202256944444445
0 0.63534765625 0.28298958333333335 0.0226484375 0.05382638888888889
0 0.6676220703125 0.24947352430555558 0.015908203125 0.033669270833333334
0 0.60735888671875 0.34628515625 0.0096396484375 0.015486979166666668
0 0.683813720703125 0.32578689236111114 0.01020556640625 0.01962934027777778
0 0.7865859375 0.019440972222222224 0.006765625 0.011104166666666667
0 0.790727783203125 0.0322109375 0.00821337890625 0.015810763888888888
0 0.771127197265625 0.040021701388888886 0.02858251953125 0.08004340277777777
0 0.603776123046875 0.10709505208333334 0.01907568359375 0.021481770833333334
0 0.488817626953125 0.25381032986111113 0.01083837890625 0.024981770833333333
0 0.49318603515625 0.18094878472222223 0.0068798828125 0.016411458333333333
0 0.481185791015625 0.19097005208333334 0.00534033203125 0.0121484375
0 0.534806396484375 0.37227604166666667 0.02957373046875 0.04489930555555555
0 0.520687255859375 0.8138828124999999 0.00719482421875 0.01665451388888889
0 0.4520146484375 0.9397282986111111 0.023169921875 0.040914930555555555
0 0.450067626953125 0.8396124131944445 0.00755712890625 0.010822048611111112
0 0.287138671875 0.06272482638888889 0.00884765625 0.009130208333333334
0 0.31591455078125 0.09043229166666666 0.0263603515625 0.05933680555555555
0 0.351273193359375 0.1734587673611111 0.00918701171875 0.01705642361111111
0 0.24902783203125 0.17421137152777777 0.0166103515625 0.03592274305555556
0 0.164360107421875 0.19138628472222222 0.01133740234375 0.016453125
0 0.234954345703125 0.23448958333333333 0.00604150390625 0.036687500000000005
0 0.22117529296875 0.22886631944444444 0.0087568359375 0.009815972222222222
0 0.2012119140625 0.37001171875 0.008869140625 0.02300954861111111
0 0.19530419921875 0.4889865451388889 0.0107255859375 0.0283203125
0 0.18535693359375 0.51521484375 0.0045029296875 0.0148046875
0 0.26233544921875 0.5610972222222222 0.0100224609375 0.03886111111111111
0 0.226598388671875 0.5002734375000001 0.00495458984375 0.016171875
0 0.3176083984375 0.8114127604166667 0.013146484375 0.020394965277777777
0 0.382922607421875 0.8091137152777779 0.02658740234375 0.041838541666666666
0 0.361197265625 0.6898276909722223 0.00950390625 0.018544270833333334
0 0.244754638671875 0.868 0.01782958984375 0.041555555555555554
0 0.2571083984375 0.9087934027777779 0.012263671875 0.022447916666666665
0 0.23071337890625 0.8038676215277778 0.0092783203125 0.01745746527777778
0 0.19342626953125 0.7852569444444444 0.0069697265625 0.016694444444444442
0 0.175177001953125 0.7874904513888888 0.01343994140625 0.021161458333333334
0 0.20744921875 0.7125616319444444 0.01353125 0.01713715277777778
0 0.228111572265625 0.9681080729166668 0.00993408203125 0.04211892361111111
0 0.22444775390625 0.9297942708333333 0.0074892578125 0.019310763888888888
0 0.099876708984375 0.9861132812500001 0.01518310546875 0.027782118055555558
0 0.213212646484375 0.9478585069444444 0.01040966796875 0.02071701388888889
0 0.33775732421875 0.9719448784722222 0.0046162109375 0.008125868055555556
0 0.407802978515625 0.6637191840277779 0.01384814453125 0.0218828125
0 0.351718994140625 0.7518363715277778 0.01984423828125 0.02276996527777778
0 0.227837890625 0.3104743923611111 0.01036328125 0.015046006944444443
0 0.2625830078125 0.4509908854166667 0.005634765625 0.007884548611111111
0 0.42157958984375 0.7907799479166667 0.0062451171875 0.010379340277777779
0 0.22039794921875 0.19149609374999998 0.0052490234375 0.011464409722222223
0 0.061272216796875 0.16287413194444444 0.00731005859375 0.020192708333333333
0 0.882379150390625 0.5885147569444444 0.00694580078125 0.02598784722222222
1 0.50029296875 0.5236111111111111 0.999609375 0.9534722222222223
0 0.0333984375 0.29010416666666666 0.01015625 0.019444444444444445
0 0.0611328125 0.6668402777777778 0.00703125 0.02986111111111111
0 0.00625 0.7135416666666666 0.0125 0.020833333333333332
0 0.16025390625 0.6112847222222223 0.01875 0.06805555555555556
0 0.27314453125 0.8222222222222223 0.0375 0.06458333333333334
0 0.1984375 0.7402777777777777 0.004296875 0.03263888888888889
0 0.3455078125 0.6723958333333333 0.019140625 0.05486111111111111
0 0.3099609375 0.6944444444444444 0.01640625 0.03125
0 0.37939453125 0.6175347222222222 0.009765625 0.014583333333333334
0 0.30146484375 0.6151041666666667 0.01015625 0.020138888888888887
0 0.17109375 0.8847222222222223 0.00625 0.0125
0 0.1685546875 0.8715277777777778 0.00703125 0.017361111111111112
0 0.2130859375 0.9157986111111112 0.08046875 0.16666666666666666
0 0.1853515625 0.9598958333333333 0.007421875 0.011805555555555555
0 0.201953125 0.9244791666666666 0.011328125 0.010416666666666666
0 0.23154296875 0.9737847222222222 0.00703125 0.011805555555555555
0 0.3599609375 0.8559027777777778 0.01875 0.020833333333333332
0 0.4873046875 0.7451388888888889 0.009765625 0.025
0 0.47578125 0.8157986111111111 0.008203125 0.015277777777777779
0 0.48837890625 0.8102430555555555 0.005078125 0.011111111111111112
0 0.4521484375 0.6161458333333333 0.02734375 0.05
0 0.51015625 0.1845486111111111 0.006640625 0.016666666666666666
0 0.589453125 0.08211805555555556 0.020703125 0.044444444444444446
0 0.582421875 0.18125000000000002 0.006640625 0.011805555555555555
0 0.6666015625 0.9956597222222222 0.008984375 0.006944444444444444
0 0.64150390625 0.9604166666666667 0.02421875 0.05972222222222222
0 0.61484375 0.8673611111111111 0.008984375 0.01597222222222222
0 0.716015625 0.8989583333333333 0.01796875 0.03402777777777778
0 0.80078125 0.9072916666666667 0.01171875 0.01597222222222222
0 0.734765625 0.8432291666666667 0.006640625 0.035416666666666666
0 0.7482421875 0.8520833333333333 0.008203125 0.009722222222222222
0 0.78154296875 0.7194444444444444 0.007421875 0.022222222222222223
0 0.79921875 0.6059027777777778 0.010546875 0.027777777777777776
0 0.8107421875 0.5822916666666667 0.004296875 0.015277777777777779
0 0.73955078125 0.5137152777777777 0.007421875 0.03958333333333333
0 0.76904296875 0.5838541666666667 0.00390625 0.016666666666666666
0 0.71015625 0.2501736111111111 0.012109375 0.019444444444444445
0 0.64521484375 0.23211805555555554 0.02578125 0.042361111111111106
0 0.65556640625 0.3559027777777778 0.009375 0.017361111111111112
0 0.78681640625 0.21753472222222223 0.016015625 0.04097222222222222
0 0.77978515625 0.17291666666666666 0.01171875 0.022916666666666665
0 0.794921875 0.28350694444444446 0.009765625 0.016666666666666666
0 0.8298828125 0.3126736111111111 0.007421875 0.01597222222222222
0 0.84736328125 0.31753472222222223 0.012109375 0.022222222222222223
0 0.80849609375 0.38229166666666664 0.0125 0.018055555555555557
0 0.81435546875 0.1232638888888889 0.010546875 0.041666666666666664
0 0.81357421875 0.16145833333333334 0.00703125 0.020833333333333332
0 0.9505859375 0.1329861111111111 0.033984375 0.05416666666666667
0 0.82646484375 0.14687499999999998 0.011328125 0.019444444444444445
0 0.70546875 0.08576388888888889 0.0046875 0.008333333333333333
0 0.784765625 0.07517361111111111 0.005078125 0.02361111111111111
0 0.60673828125 0.3668402777777778 0.01328125 0.02361111111111111
0 0.6703125 0.2982638888888889 0.018359375 0.02361111111111111
0 0.74921875 0.7697916666666667 0.01015625 0.015277777777777779
0 0.72900390625 0.6210069444444444 0.005859375 0.0076388888888888895
0 0.60546875 0.2387152777777778 0.005859375 0.010416666666666666
0 0.7455078125 0.8892361111111112 0.0046875 0.011111111111111112
0 0.8998046875 0.9668402777777777 0.00859375 0.018750000000000003
0 0.1322265625 0.29618055555555556 0.006640625 0.02638888888888889
1 0.5 0.4672573784722222 1.0 0.9345147569444444
0 0.962044921875 0.7387860243055555 0.01002734375 0.019238715277777776
0 0.9419013671875 0.36039539930555553 0.006849609375 0.02981857638888889
0 0.995503173828125 0.3168580729166667 0.00858447265625 0.02086892361111111
0 0.841850341796875 0.4105251736111111 0.01963818359375 0.06757812499999999
0 0.733439208984375 0.1921032986111111 0.03719091796875 0.06476215277777778
0 0.80587158203125 0.2785473090277778 0.0043212890625 0.0327890625
0 0.657620361328125 0.3374431423611111 0.01836572265625 0.05509461805555556
0 0.693779052734375 0.3166974826388889 0.01646435546875 0.03096440972222222
0 0.622616943359375 0.3900390625 0.00988232421875 0.014453124999999999
0 0.70051025390625 0.39727647569444446 0.0103955078125 0.020247395833333334
0 0.836069580078125 0.13570746527777777 0.00612353515625 0.012734375
0 0.838833251953125 0.14945789930555556 0.00676806640625 0.01766579861111111
0 0.795562255859375 0.10175868055555555 0.07842919921875 0.1687951388888889
0 0.823485107421875 0.05994878472222223 0.00732177734375 0.012258680555555556
0 0.80598095703125 0.0944453125 0.0113759765625 0.010071180555555555
0 0.777412109375 0.043346788194444444 0.00697265625 0.012040798611111111
0 0.647037353515625 0.15267447916666665 0.01868408203125 0.020626736111111113
0 0.517622802734375 0.25551171875 0.00985498046875 0.024912326388888892
0 0.530595703125 0.18545225694444445 0.00845703125 0.015001736111111112
0 0.517721923828125 0.19032682291666667 0.00517041015625 0.010861979166666667
0 0.55009375 0.3865321180555556 0.0269453125 0.05084201388888889
0 0.4832646484375 0.8139809027777778 0.006568359375 0.016850694444444442
0 0.40242822265625 0.9123411458333334 0.0206767578125 0.045168402777777776
0 0.410930908203125 0.8142044270833333 0.00643212890625 0.012089409722222222
0 0.367806884765625 0.03067447916666667 0.02369970703125 0.05961284722222223
0 0.392638916015625 0.12601258680555555 0.00891064453125 0.0159140625
0 0.291932373046875 0.08794184027777778 0.01843505859375 0.03352256944444445
0 0.207625 0.07474869791666666 0.0119296875 0.01581684027777778
0 0.27253173828125 0.142515625 0.0069775390625 0.03503125
0 0.258913818359375 0.13330598958333334 0.00806201171875 0.009667534722222223
0 0.223278564453125 0.2629978298611111 0.00710400390625 0.0225234375
0 0.202989990234375 0.3759079861111111 0.01047216796875 0.027857638888888887
0 0.19117333984375 0.3991514756944444 0.0044169921875 0.015316840277777778
0 0.26076025390625 0.4711805555555555 0.0068720703125 0.03958333333333333
0 0.23297021484375 0.39897743055555557 0.0040263671875 0.01670486111111111
0 0.28522509765625 0.7371467013888888 0.0118564453125 0.019432291666666667
0 0.349680908203125 0.7582799479166666 0.02553369140625 0.042601562499999995
0 0.341619140625 0.6343980034722222 0.00941015625 0.01705989583333333
0 0.20741259765625 0.7644214409722223 0.0163876953125 0.040995659722222216
0 0.213856689453125 0.8100746527777778 0.01169775390625 0.022927083333333334
0 0.200714599609375 0.6984809027777777 0.00982763671875 0.01675347222222222
0 0.16638818359375 0.66684765625 0.0075810546875 0.01598697916666667
0 0.149076416015625 0.6606037326388888 0.01202001953125 0.022596354166666666
0 0.18922900390625 0.5985894097222223 0.0122470703125 0.018359374999999997
0 0.178380859375 0.8575169270833334 0.01105859375 0.04142274305555556
0 0.17989892578125 0.8195594618055556 0.0072587890625 0.021063368055555556
0 0.042020507812499996 0.8388880208333334 0.034236328125 0.05277604166666667
0 0.166868408203125 0.8333433159722222 0.01147119140625 0.0191171875
0 0.28652197265625 0.9017699652777778 0.0046845703125 0.008401041666666668
0 0.20725 0.9067877604166666 0.0053203125 0.023644965277777777
0 0.390920654296875 0.6266119791666667 0.01328662109375 0.024057291666666664
0 0.325403076171875 0.6906662326388889 0.01799365234375 0.02369357638888889
0 0.256072021484375 0.21435243055555556 0.01019091796875 0.015510416666666665
0 0.2734765625 0.36489192708333335 0.0059375 0.007561631944444445
0 0.389110595703125 0.7543250868055555 0.00576025390625 0.010386284722222222
0 0.26258935546875 0.09585416666666667 0.0046708984375 0.011152777777777779
0 0.10987890625 0.008911024305555555 0.0088203125 0.01782204861111111
0 0.863249755859375 0.7268493923611111 0.00677294921875 0.02661545138888889
1 0.5 0.5 1.0 1.0
0 0.97991552734375 0.5624613715277778 0.0106123046875 0.02075607638888889
0 0.915897216796875 0.19965972222222222 0.00855224609375 0.029527777777777778
0 0.9655009765625 0.13687413194444445 0.013033203125 0.020276041666666668
0 0.82348876953125 0.2845959201388889 0.0151416015625 0.06919184027777778
0 0.691481689453125 0.11198741319444444 0.03921337890625 0.06251649305555557
0 0.773014892578125 0.1705251736111111 0.00696728515625 0.03202256944444445
0 0.63534765625 0.28298958333333335 0.0226484375 0.05382638888888889
0 0.6676220703125 0.24947352430555558 0.015908203125 0.033669270833333334
0 0.60735888671875 0.34628515625 0.0096396484375 0.015486979166666668
0 0.683813720703125 0.32578689236111114 0.01020556640625 0.01962934027777778
0 0.7865859375 0.019440972222222224 0.006765625 0.011104166666666667
0 0.790727783203125 0.0322109375 0.00821337890625 0.015810763888888888
0 0.771127197265625 0.040021701388888886 0.02858251953125 0.08004340277777777
0 0.603776123046875 0.10709505208333334 0.01907568359375 0.021481770833333334
0 0.488817626953125 0.25381032986111113 0.01083837890625 0.024981770833333333
0 0.49318603515625 0.18094878472222223 0.0068798828125 0.016411458333333333
0 0.481185791015625 0.19097005208333334 0.00534033203125 0.0121484375
0 0.534806396484375 0.37227604166666667 0.02957373046875 0.04489930555555555
0 0.520687255859375 0.8138828124999999 0.00719482421875 0.01665451388888889
0 0.4520146484375 0.9397282986111111 0.023169921875 0.040914930555555555
0 0.450067626953125 0.8396124131944445 0.00755712890625 0.010822048611111112
0 0.287138671875 0.06272482638888889 0.00884765625 0.009130208333333334
0 0.31591455078125 0.09043229166666666 0.0263603515625 0.05933680555555555
0 0.351273193359375 0.1734587673611111 0.00918701171875 0.01705642361111111
0 0.24902783203125 0.17421137152777777 0.0166103515625 0.03592274305555556
0 0.164360107421875 0.19138628472222222 0.01133740234375 0.016453125
0 0.234954345703125 0.23448958333333333 0.00604150390625 0.036687500000000005
0 0.22117529296875 0.22886631944444444 0.0087568359375 0.009815972222222222
0 0.2012119140625 0.37001171875 0.008869140625 0.02300954861111111
0 0.19530419921875 0.4889865451388889 0.0107255859375 0.0283203125
0 0.18535693359375 0.51521484375 0.0045029296875 0.0148046875
0 0.26233544921875 0.5610972222222222 0.0100224609375 0.03886111111111111
0 0.226598388671875 0.5002734375000001 0.00495458984375 0.016171875
0 0.3176083984375 0.8114127604166667 0.013146484375 0.020394965277777777
0 0.382922607421875 0.8091137152777779 0.02658740234375 0.041838541666666666
0 0.361197265625 0.6898276909722223 0.00950390625 0.018544270833333334
0 0.244754638671875 0.868 0.01782958984375 0.041555555555555554
0 0.2571083984375 0.9087934027777779 0.012263671875 0.022447916666666665
0 0.23071337890625 0.8038676215277778 0.0092783203125 0.01745746527777778
0 0.19342626953125 0.7852569444444444 0.0069697265625 0.016694444444444442
0 0.175177001953125 0.7874904513888888 0.01343994140625 0.021161458333333334
0 0.20744921875 0.7125616319444444 0.01353125 0.01713715277777778
0 0.228111572265625 0.9681080729166668 0.00993408203125 0.04211892361111111
0 0.22444775390625 0.9297942708333333 0.0074892578125 0.019310763888888888
0 0.099876708984375 0.9861132812500001 0.01518310546875 0.027782118055555558
0 0.213212646484375 0.9478585069444444 0.01040966796875 0.02071701388888889
0 0.33775732421875 0.9719448784722222 0.0046162109375 0.008125868055555556
0 0.407802978515625 0.6637191840277779 0.01384814453125 0.0218828125
0 0.351718994140625 0.7518363715277778 0.01984423828125 0.02276996527777778
0 0.227837890625 0.3104743923611111 0.01036328125 0.015046006944444443
0 0.2625830078125 0.4509908854166667 0.005634765625 0.007884548611111111
0 0.42157958984375 0.7907799479166667 0.0062451171875 0.010379340277777779
0 0.22039794921875 0.19149609374999998 0.0052490234375 0.011464409722222223
0 0.061272216796875 0.16287413194444444 0.00731005859375 0.020192708333333333
0 0.882379150390625 0.5885147569444444 0.00694580078125 0.02598784722222222
1 0.50029296875 0.5236111111111111 0.999609375 0.9534722222222223
0 0.0333984375 0.29010416666666666 0.01015625 0.019444444444444445
0 0.0611328125 0.6668402777777778 0.00703125 0.02986111111111111
0 0.00625 0.7135416666666666 0.0125 0.020833333333333332
0 0.16025390625 0.6112847222222223 0.01875 0.06805555555555556
0 0.27314453125 0.8222222222222223 0.0375 0.06458333333333334
0 0.1984375 0.7402777777777777 0.004296875 0.03263888888888889
0 0.3455078125 0.6723958333333333 0.019140625 0.05486111111111111
0 0.3099609375 0.6944444444444444 0.01640625 0.03125
0 0.37939453125 0.6175347222222222 0.009765625 0.014583333333333334
0 0.30146484375 0.6151041666666667 0.01015625 0.020138888888888887
0 0.17109375 0.8847222222222223 0.00625 0.0125
0 0.1685546875 0.8715277777777778 0.00703125 0.017361111111111112
0 0.2130859375 0.9157986111111112 0.08046875 0.16666666666666666
0 0.1853515625 0.9598958333333333 0.007421875 0.011805555555555555
0 0.201953125 0.9244791666666666 0.011328125 0.010416666666666666
0 0.23154296875 0.9737847222222222 0.00703125 0.011805555555555555
0 0.3599609375 0.8559027777777778 0.01875 0.020833333333333332
0 0.4873046875 0.7451388888888889 0.009765625 0.025
0 0.47578125 0.8157986111111111 0.008203125 0.015277777777777779
0 0.48837890625 0.8102430555555555 0.005078125 0.011111111111111112
0 0.4521484375 0.6161458333333333 0.02734375 0.05
0 0.51015625 0.1845486111111111 0.006640625 0.016666666666666666
0 0.589453125 0.08211805555555556 0.020703125 0.044444444444444446
0 0.582421875 0.18125000000000002 0.006640625 0.011805555555555555
0 0.6666015625 0.9956597222222222 0.008984375 0.006944444444444444
0 0.64150390625 0.9604166666666667 0.02421875 0.05972222222222222
0 0.61484375 0.8673611111111111 0.008984375 0.01597222222222222
0 0.716015625 0.8989583333333333 0.01796875 0.03402777777777778
0 0.80078125 0.9072916666666667 0.01171875 0.01597222222222222
0 0.734765625 0.8432291666666667 0.006640625 0.035416666666666666
0 0.7482421875 0.8520833333333333 0.008203125 0.009722222222222222
0 0.78154296875 0.7194444444444444 0.007421875 0.022222222222222223
0 0.79921875 0.6059027777777778 0.010546875 0.027777777777777776
0 0.8107421875 0.5822916666666667 0.004296875 0.015277777777777779
0 0.73955078125 0.5137152777777777 0.007421875 0.03958333333333333
0 0.76904296875 0.5838541666666667 0.00390625 0.016666666666666666
0 0.71015625 0.2501736111111111 0.012109375 0.019444444444444445
0 0.64521484375 0.23211805555555554 0.02578125 0.042361111111111106
0 0.65556640625 0.3559027777777778 0.009375 0.017361111111111112
0 0.78681640625 0.21753472222222223 0.016015625 0.04097222222222222
0 0.77978515625 0.17291666666666666 0.01171875 0.022916666666666665
0 0.794921875 0.28350694444444446 0.009765625 0.016666666666666666
0 0.8298828125 0.3126736111111111 0.007421875 0.01597222222222222
0 0.84736328125 0.31753472222222223 0.012109375 0.022222222222222223
0 0.80849609375 0.38229166666666664 0.0125 0.018055555555555557
0 0.81435546875 0.1232638888888889 0.010546875 0.041666666666666664
0 0.81357421875 0.16145833333333334 0.00703125 0.020833333333333332
0 0.9505859375 0.1329861111111111 0.033984375 0.05416666666666667
0 0.82646484375 0.14687499999999998 0.011328125 0.019444444444444445
0 0.70546875 0.08576388888888889 0.0046875 0.008333333333333333
0 0.784765625 0.07517361111111111 0.005078125 0.02361111111111111
0 0.60673828125 0.3668402777777778 0.01328125 0.02361111111111111
0 0.6703125 0.2982638888888889 0.018359375 0.02361111111111111
0 0.74921875 0.7697916666666667 0.01015625 0.015277777777777779
0 0.72900390625 0.6210069444444444 0.005859375 0.0076388888888888895
0 0.60546875 0.2387152777777778 0.005859375 0.010416666666666666
0 0.7455078125 0.8892361111111112 0.0046875 0.011111111111111112
0 0.8998046875 0.9668402777777777 0.00859375 0.018750000000000003
0 0.1322265625 0.29618055555555556 0.006640625 0.02638888888888889
