1 0.5 0.46273287037037036 1.0 0.9254657407407407
0 0.981640625 0.49576111111111115 0.01015625 0.03781851851851852
0 0.18961119791666667 0.5900425925925926 0.012555729166666666 0.05045555555555555
0 0.032886458333333334 0.17073333333333332 0.015772916666666668 0.04331851851851852
0 0.020817447916666666 0.6594486111111112 0.0083015625 0.02815648148148148
0 0.41004166666666664 0.06724675925925926 0.01904166666666667 0.023382407407407407
0 0.36633307291666667 0.24846898148148147 0.007666145833333333 0.02286388888888889
0 0.7632408854166666 0.012156018518518519 0.010856770833333333 0.022460185185185187
0 0.9060515625 0.05862037037037037 0.015228125 0.03761111111111111
0 0.9449960937499999 0.2389689814814815 0.013950520833333334 0.05201203703703704
0 0.7140013020833333 0.3187657407407407 0.0082109375 0.01901296296296296
0 0.73223828125 0.28500462962962964 0.004059895833333333 0.02186111111111111
0 0.6561630208333333 0.7602273148148148 0.016492708333333335 0.02045462962962963
0 0.4089893229166667 0.8256101851851851 0.012770312499999999 0.01973888888888889
0 0.03895703125 0.798687962962963 0.009164062499999999 0.02330185185185185
0 0.2985231770833333 0.7861356481481481 0.0147546875 0.0296787037037037
0 0.11235885416666666 0.3394412037037037 0.014301041666666665 0.02888240740740741
0 0.8125541666666667 0.5127208333333334 0.012608333333333333 0.03284907407407407
0 0.55240625 0.004047685185185185 0.024604166666666667 0.00809537037037037
0 0.8663609375 0.05099953703703704 0.006680208333333334 0.013110185185185187
0 0.78215859375 0.019565277777777775 0.0049421875 0.009500925925925925
0 0.8270203125 0.03284027777777778 0.004040625 0.015680555555555555
0 0.8480802083333334 0.5619199074074075 0.02324375 0.044210185185185186
0 0.9553632812499999 0.439562962962963 0.018018229166666667 0.056903703703703706
1 0.5 0.44959305555555557 1.0 0.8991861111111111
0 0.97736484375 0.6153972222222223 0.008896354166666667 0.038201851851851855
0 0.18554869791666664 0.5127347222222223 0.0096390625 0.049543518518518515
0 0.06380546875 0.058255555555555553 0.015110937500000001 0.04243703703703704
0 0.013535937500000001 0.5388939814814815 0.008321875 0.027787962962962962
0 0.44488776041666667 0.047594444444444446 0.0189421875 0.022966666666666666
0 0.3871643229166667 0.21735925925925925 0.008703645833333332 0.021755555555555556
0 0.7989122395833334 0.08229537037037038 0.0092828125 0.02199814814814815
0 0.8298440104166667 0.06048240740740741 0.0107296875 0.02652037037037037
0 0.9350914062500001 0.16327546296296297 0.014974479166666667 0.03951388888888888
0 0.9604791666666667 0.35152222222222224 0.011583333333333333 0.05304444444444444
0 0.7261859375 0.3738916666666667 0.008621875 0.018153703703703707
0 0.7468158854166667 0.3446990740740741 0.005090104166666666 0.02087962962962963
0 0.6340898437500001 0.7962337962962963 0.016096354166666667 0.02024537037037037
0 0.38427109375 0.800449537037037 0.0122921875 0.019417592592592594
0 0.019731510416666667 0.6818560185185185 0.008213020833333333 0.0229712962962963
0 0.27752604166666667 0.7331643518518518 0.014427083333333333 0.03114351851851852
0 0.12922473958333333 0.24591388888888888 0.014699479166666666 0.02701296296296296
0 0.80869375 0.5900861111111111 0.013220833333333333 0.03202407407407407
0 0.5916486979166666 0.015432870370370371 0.026005729166666665 0.016050925925925927
0 0.8979125 0.14604166666666665 0.006241666666666667 0.014305555555555556
0 0.8489276041666667 0.03976018518518519 0.0051468749999999995 0.00915
0 0.8499419270833334 0.0680726851851852 0.0050921874999999995 0.010219444444444446
0 0.8173630208333333 0.09416851851851851 0.004517708333333333 0.01055925925925926
0 0.8606609375000001 0.11897083333333332 0.0036135416666666664 0.015719444444444446
0 0.8403921875000001 0.6469685185185186 0.021409375 0.04949259259259259
0 0.9554713541666667 0.5531412037037038 0.015109375000000001 0.056282407407407406
1 0.49973958333333335 0.549074074074074 0.9994791666666667 0.9
0 0.9802083333333333 0.42916666666666664 0.009375 0.03796296296296296
0 0.18645833333333334 0.4583333333333333 0.010416666666666666 0.05
0 0.05130208333333333 0.9 0.015104166666666667 0.04259259259259259
0 0.015104166666666667 0.41574074074074074 0.008333333333333333 0.027777777777777776
0 0.4317708333333333 0.9458333333333333 0.01875 0.023148148148148147
0 0.37916666666666665 0.7712962962962963 0.008333333333333333 0.022222222222222223
0 0.7861979166666667 0.9453703703703704 0.009895833333333333 0.022222222222222223
0 0.8166666666666667 0.9694444444444444 0.010416666666666666 0.025925925925925925
0 0.9252604166666667 0.8768518518518519 0.015104166666666667 0.03888888888888889
0 0.9557291666666666 0.6912037037037037 0.0125 0.05277777777777778
0 0.7223958333333333 0.6472222222222223 0.008333333333333333 0.018518518518518517
0 0.7419270833333333 0.6782407407407407 0.0046875 0.021296296296296296
0 0.6424479166666667 0.21666666666666667 0.016145833333333335 0.020370370370370372
0 0.3932291666666667 0.18935185185185185 0.0125 0.019444444444444445
0 0.026041666666666668 0.27361111111111114 0.008333333333333333 0.023148148148148147
0 0.28489583333333335 0.24675925925925926 0.014583333333333334 0.030555555555555555
0 0.121875 0.7194444444444444 0.014583333333333334 0.027777777777777776
0 0.8106770833333333 0.43842592592592594 0.013020833333333334 0.032407407407407406
0 0.5770833333333333 0.9912037037037037 0.026041666666666668 0.01574074074074074
0 0.8869791666666667 0.8902777777777777 0.00625 0.013888888888888888
0 0.8348958333333333 0.9916666666666667 0.005208333333333333 0.009259259259259259
0 0.8369791666666667 0.9643518518518519 0.005208333333333333 0.010185185185185186
0 0.8049479166666667 0.9347222222222222 0.0046875 0.010185185185185186
0 0.8486979166666667 0.9143518518518519 0.0036458333333333334 0.01574074074074074
0 0.8443080729166667 0.3849208333333333 0.021949479166666667 0.04761944444444444
0 0.95655625 0.4894333333333333 0.0162375 0.05664444444444445
1 0.5 0.46273287037037036 1.0 0.9254657407407407
0 0.981640625 0.49576111111111115 0.01015625 0.03781851851851852
0 0.18961119791666667 0.5900425925925926 0.012555729166666666 0.05045555555555555
0 0.032886458333333334 0.17073333333333332 0.015772916666666668 0.04331851851851852
0 0.020817447916666666 0.6594486111111112 0.0083015625 0.02815648148148148
0 0.41004166666666664 0.06724675925925926 0.01904166666666667 0.023382407407407407
0 0.36633307291666667 0.24846898148148147 0.007666145833333333 0.02286388888888889
0 0.7632408854166666 0.012156018518518519 0.010856770833333333 0.022460185185185187
0 0.9060515625 0.05862037037037037 0.015228125 0.03761111111111111
0 0.9449960937499999 0.2389689814814815 0.013950520833333334 0.05201203703703704
0 0.7140013020833333 0.3187657407407407 0.0082109375 0.01901296296296296
0 0.73223828125 0.28500462962962964 0.004059895833333333 0.02186111111111111
0 0.6561630208333333 0.7602273148148148 0.016492708333333335 0.02045462962962963
0 0.4089893229166667 0.8256101851851851 0.012770312499999999 0.01973888888888889
0 0.03895703125 0.798687962962963 0.009164062499999999 0.02330185185185185
0 0.2985231770833333 0.7861356481481481 0.0147546875 0.0296787037037037
0 0.11235885416666666 0.3394412037037037 0.014301041666666665 0.02888240740740741
0 0.8125541666666667 0.5127208333333334 0.012608333333333333 0.03284907407407407
0 0.55240625 0.004047685185185185 0.024604166666666667 0.00809537037037037
0 0.8663609375 0.05099953703703704 0.006680208333333334 0.013110185185185187
0 0.78215859375 0.019565277777777775 0.0049421875 0.009500925925925925
0 0.8270203125 0.03284027777777778 0.004040625 0.015680555555555555
0 0.8480802083333334 0.5619199074074075 0.02324375 0.044210185185185186
0 0.9553632812499999 0.439562962962963 0.018018229166666667 0.056903703703703706
1 0.5 0.44959305555555557 1.0 0.8991861111111111
0 0.97736484375 0.6153972222222223 0.008896354166666667 0.038201851851851855
0 0.18554869791666664 0.5127347222222223 0.0096390625 0.049543518518518515
0 0.06380546875 0.058255555555555553 0.015110937500000001 0.04243703703703704
0 0.013535937500000001 0.5388939814814815 0.008321875 0.027787962962962962
0 0.44488776041666667 0.047594444444444446 0.0189421875 0.022966666666666666
0 0.3871643229166667 0.21735925925925925 0.008703645833333332 0.021755555555555556
0 0.7989122395833334 0.08229537037037038 0.0092828125 0.02199814814814815
0 0.8298440104166667 0.06048240740740741 0.0107296875 0.02652037037037037
0 0.9350914062500001 0.16327546296296297 0.014974479166666667 0.03951388888888888
0 0.9604791666666667 0.35152222222222224 0.011583333333333333 0.05304444444444444
0 0.7261859375 0.3738916666666667 0.008621875 0.018153703703703707
0 0.7468158854166667 0.3446990740740741 0.005090104166666666 0.02087962962962963
0 0.6340898437500001 0.7962337962962963 0.016096354166666667 0.02024537037037037
0 0.38427109375 0.800449537037037 0.0122921875 0.019417592592592594
0 0.019731510416666667 0.6818560185185185 0.008213020833333333 0.0229712962962963
0 0.27752604166666667 0.7331643518518518 0.014427083333333333 0.03114351851851852
0 0.12922473958333333 0.24591388888888888 0.014699479166666666 0.02701296296296296
0 0.80869375 0.5900861111111111 0.013220833333333333 0.03202407407407407
0 0.5916486979166666 0.015432870370370371 0.026005729166666665 0.016050925925925927
0 0.8979125 0.14604166666666665 0.006241666666666667 0.014305555555555556
0 0.8489276041666667 0.03976018518518519 0.0051468749999999995 0.00915
0 0.8499419270833334 0.0680726851851852 0.0050921874999999995 0.010219444444444446
0 0.8173630208333333 0.09416851851851851 0.004517708333333333 0.01055925925925926
0 0.8606609375000001 0.11897083333333332 0.0036135416666666664 0.015719444444444446
0 0.8403921875000001 0.6469685185185186 0.021409375 0.04949259259259259
0 0.9554713541666667 0.5531412037037038 0.015109375000000001 0.056282407407407406
1 0.49973958333333335 0.549074074074074 0.9994791666666667 0.9
0 0.9802083333333333 0.42916666666666664 0.009375 0.03796296296296296
0 0.18645833333333334 0.4583333333333333 0.010416666666666666 0.05
0 0.05130208333333333 0.9 0.015104166666666667 0.04259259259259259
0 0.015104166666666667 0.41574074074074074 0.008333333333333333 0.027777777777777776
0 0.4317708333333333 0.9458333333333333 0.01875 0.023148148148148147
0 0.37916666666666665 0.7712962962962963 0.008333333333333333 0.022222222222222223
0 0.7861979166666667 0.9453703703703704 0.009895833333333333 0.022222222222222223
0 0.8166666666666667 0.9694444444444444 0.010416666666666666 0.025925925925925925
0 0.9252604166666667 0.8768518518518519 0.015104166666666667 0.03888888888888889
0 0.9557291666666666 0.6912037037037037 0.0125 0.05277777777777778
0 0.7223958333333333 0.6472222222222223 0.008333333333333333 0.018518518518518517
0 0.7419270833333333 0.6782407407407407 0.0046875 0.021296296296296296
0 0.6424479166666667 0.21666666666666667 0.016145833333333335 0.020370370370370372
0 0.3932291666666667 0.18935185185185185 0.0125 0.019444444444444445
0 0.026041666666666668 0.27361111111111114 0.008333333333333333 0.023148148148148147
0 0.28489583333333335 0.24675925925925926 0.014583333333333334 0.030555555555555555
0 0.121875 0.7194444444444444 0.014583333333333334 0.027777777777777776
0 0.8106770833333333 0.43842592592592594 0.013020833333333334 0.032407407407407406
0 0.5770833333333333 0.9912037037037037 0.026041666666666668 0.01574074074074074
0 0.8869791666666667 0.8902777777777777 0.00625 0.013888888888888888
0 0.8348958333333333 0.9916666666666667 0.005208333333333333 0.009259259259259259
0 0.8369791666666667 0.9643518518518519 0.005208333333333333 0.010185185185185186
0 0.8049479166666667 0.9347222222222222 0.0046875 0.010185185185185186
0 0.8486979166666667 0.9143518518518519 0.0036458333333333334 0.01574074074074074
0 0.8443080729166667 0.3849208333333333 0.021949479166666667 0.04761944444444444
0 0.95655625 0.4894333333333333 0.0162375 0.05664444444444445
1 0.5 0.46273287037037036 1.0 0.9254657407407407
0 0.981640625 0.49576111111111115 0.01015625 0.03781851851851852
0 0.18961119791666667 0.5900425925925926 0.012555729166666666 0.05045555555555555
0 0.032886458333333334 0.17073333333333332 0.015772916666666668 0.04331851851851852
0 0.020817447916666666 0.6594486111111112 0.0083015625 0.02815648148148148
0 0.41004166666666664 0.06724675925925926 0.01904166666666667 0.023382407407407407
0 0.36633307291666667 0.24846898148148147 0.007666145833333333 0.02286388888888889
0 0.7632408854166666 0.012156018518518519 0.010856770833333333 0.022460185185185187
0 0.9060515625 0.05862037037037037 0.015228125 0.03761111111111111
0 0.9449960937499999 0.2389689814814815 0.013950520833333334 0.05201203703703704
0 0.7140013020833333 0.3187657407407407 0.0082109375 0.01901296296296296
0 0.73223828125 0.28500462962962964 0.004059895833333333 0.02186111111111111
0 0.6561630208333333 0.7602273148148148 0.016492708333333335 0.02045462962962963
0 0.4089893229166667 0.8256101851851851 0.012770312499999999 0.01973888888888889
0 0.03895703125 0.798687962962963 0.009164062499999999 0.02330185185185185
0 0.2985231770833333 0.7861356481481481 0.0147546875 0.0296787037037037
0 0.11235885416666666 0.3394412037037037 0.014301041666666665 0.02888240740740741
0 0.8125541666666667 0.5127208333333334 0.012608333333333333 0.03284907407407407
0 0.55240625 0.004047685185185185 0.024604166666666667 0.00809537037037037
0 0.8663609375 0.05099953703703704 0.006680208333333334 0.013110185185185187
0 0.78215859375 0.019565277777777775 0.0049421875 0.009500925925925925
0 0.8270203125 0.03284027777777778 0.004040625 0.015680555555555555
0 0.8480802083333334 0.5619199074074075 0.02324375 0.044210185185185186
0 0.9553632812499999 0.439562962962963 0.018018229166666667 0.056903703703703706
1 0.5 0.44959305555555557 1.0 0.8991861111111111
0 0.97736484375 0.6153972222222223 0.008896354166666667 0.038201851851851855
0 0.18554869791666664 0.5127347222222223 0.0096390625 0.049543518518518515
0 0.06380546875 0.058255555555555553 0.015110937500000001 0.04243703703703704
0 0.013535937500000001 0.5388939814814815 0.008321875 0.027787962962962962
0 0.44488776041666667 0.047594444444444446 0.0189421875 0.022966666666666666
0 0.3871643229166667 0.21735925925925925 0.008703645833333332 0.021755555555555556
0 0.7989122395833334 0.08229537037037038 0.0092828125 0.02199814814814815
0 0.8298440104166667 0.06048240740740741 0.0107296875 0.02652037037037037
0 0.9350914062500001 0.16327546296296297 0.014974479166666667 0.03951388888888888
0 0.9604791666666667 0.35152222222222224 0.011583333333333333 0.05304444444444444
0 0.7261859375 0.3738916666666667 0.008621875 0.018153703703703707
0 0.7468158854166667 0.3446990740740741 0.005090104166666666 0.02087962962962963
0 0.6340898437500001 0.7962337962962963 0.016096354166666667 0.02024537037037037
0 0.38427109375 0.800449537037037 0.0122921875 0.019417592592592594
0 0.019731510416666667 0.6818560185185185 0.008213020833333333 0.0229712962962963
0 0.27752604166666667 0.7331643518518518 0.014427083333333333 0.03114351851851852
0 0.12922473958333333 0.24591388888888888 0.014699479166666666 0.02701296296296296
0 0.80869375 0.5900861111111111 0.013220833333333333 0.03202407407407407
0 0.5916486979166666 0.015432870370370371 0.026005729166666665 0.016050925925925927
0 0.8979125 0.14604166666666665 0.006241666666666667 0.014305555555555556
0 0.8489276041666667 0.03976018518518519 0.0051468749999999995 0.00915
0 0.8499419270833334 0.0680726851851852 0.0050921874999999995 0.010219444444444446
0 0.8173630208333333 0.09416851851851851 0.004517708333333333 0.01055925925925926
0 0.8606609375000001 0.11897083333333332 0.0036135416666666664 0.015719444444444446
0 0.8403921875000001 0.6469685185185186 0.021409375 0.04949259259259259
0 0.9554713541666667 0.5531412037037038 0.015109375000000001 0.056282407407407406
1 0.49973958333333335 0.549074074074074 0.9994791666666667 0.9
0 0.9802083333333333 0.42916666666666664 0.009375 0.03796296296296296
0 0.18645833333333334 0.4583333333333333 0.010416666666666666 0.05
0 0.05130208333333333 0.9 0.015104166666666667 0.04259259259259259
0 0.015104166666666667 0.41574074074074074 0.008333333333333333 0.027777777777777776
0 0.4317708333333333 0.9458333333333333 0.01875 0.023148148148148147
0 0.37916666666666665 0.7712962962962963 0.008333333333333333 0.022222222222222223
0 0.7861979166666667 0.9453703703703704 0.009895833333333333 0.022222222222222223
0 0.8166666666666667 0.9694444444444444 0.010416666666666666 0.025925925925925925
0 0.9252604166666667 0.8768518518518519 0.015104166666666667 0.03888888888888889
0 0.9557291666666666 0.6912037037037037 0.0125 0.05277777777777778
0 0.7223958333333333 0.6472222222222223 0.008333333333333333 0.018518518518518517
0 0.7419270833333333 0.6782407407407407 0.0046875 0.021296296296296296
0 0.6424479166666667 0.21666666666666667 0.016145833333333335 0.020370370370370372
0 0.3932291666666667 0.18935185185185185 0.0125 0.019444444444444445
0 0.026041666666666668 0.27361111111111114 0.008333333333333333 0.023148148148148147
0 0.28489583333333335 0.24675925925925926 0.014583333333333334 0.030555555555555555
0 0.121875 0.7194444444444444 0.014583333333333334 0.027777777777777776
0 0.8106770833333333 0.43842592592592594 0.013020833333333334 0.032407407407407406
0 0.5770833333333333 0.9912037037037037 0.026041666666666668 0.01574074074074074
0 0.8869791666666667 0.8902777777777777 0.00625 0.013888888888888888
0 0.8348958333333333 0.9916666666666667 0.005208333333333333 0.009259259259259259
0 0.8369791666666667 0.9643518518518519 0.005208333333333333 0.010185185185185186
0 0.8049479166666667 0.9347222222222222 0.0046875 0.010185185185185186
0 0.8486979166666667 0.9143518518518519 0.0036458333333333334 0.01574074074074074
0 0.8443080729166667 0.3849208333333333 0.021949479166666667 0.04761944444444444
0 0.95655625 0.4894333333333333 0.0162375 0.05664444444444445
