1 0.49973958333333335 0.5361111111111111 0.9994791666666667 0.9259259259259259
0 0.40286458333333336 0.08842592592592592 0.018229166666666668 0.028703703703703703
0 0.1046875 0.44583333333333336 0.013541666666666667 0.03981481481481482
0 0.03723958333333333 0.43333333333333335 0.0109375 0.025925925925925925
0 0.128125 0.5986111111111111 0.011458333333333333 0.028703703703703703
0 0.17135416666666667 0.6337962962962963 0.014583333333333334 0.023148148148148147
0 0.046875 0.6356481481481482 0.007291666666666667 0.01574074074074074
0 0.0109375 0.7129629629629629 0.005208333333333333 0.022222222222222223
0 0.24453125 0.8611111111111112 0.0109375 0.022222222222222223
0 0.6559895833333333 0.9013888888888889 0.0109375 0.013888888888888888
0 0.6653645833333334 0.8472222222222222 0.013020833333333334 0.03518518518518519
0 0.69375 0.7847222222222222 0.017708333333333333 0.049074074074074076
0 0.6408854166666667 0.7754629629629629 0.009895833333333333 0.013888888888888888
0 0.6825520833333333 0.7550925925925925 0.0109375 0.017592592592592594
0 0.5033854166666667 0.2537037037037037 0.0203125 0.03333333333333333
0 0.52890625 0.08981481481481482 0.009895833333333333 0.014814814814814815
0 0.9408854166666667 0.2791666666666667 0.013020833333333334 0.032407407407407406
0 0.9299479166666667 0.5023148148148148 0.011979166666666667 0.03611111111111111
0 0.92890625 0.43425925925925923 0.0078125 0.014814814814814815
0 0.8635416666666667 0.5981481481481481 0.017708333333333333 0.05740740740740741
0 0.9 0.799074074074074 0.019791666666666666 0.03888888888888889
0 0.9528645833333333 0.9018518518518519 0.024479166666666666 0.08333333333333333
1 0.5 0.48213101851851853 1.0 0.9642620370370371
0 0.4277838541666667 0.9280236111111111 0.019109374999999998 0.026417592592592593
0 0.1102125 0.6280347222222222 0.014175 0.03940277777777778
0 0.04386796875 0.6520777777777778 0.011694270833333333 0.024525925925925927
0 0.12484218750000001 0.47139027777777776 0.012184374999999999 0.02796574074074074
0 0.16525833333333334 0.42807407407407405 0.01385 0.024666666666666667
0 0.04109869791666666 0.44895509259259264 0.007197395833333333 0.016428703703703702
0 0.0021145833333333333 0.3789814814814815 0.004229166666666667 0.02277777777777778
0 0.22484583333333333 0.18814398148148148 0.01115 0.02258425925925926
0 0.6316437500000001 0.07211481481481481 0.011204166666666666 0.012748148148148149
0 0.6440557291666666 0.1245398148148148 0.013111458333333333 0.03426481481481482
0 0.6754075520833334 0.18085925925925928 0.016440104166666667 0.04875555555555555
0 0.6241916666666667 0.19988611111111113 0.009841666666666667 0.014587037037037037
0 0.6667338541666666 0.21205833333333332 0.010551041666666667 0.01856111111111111
0 0.5181169270833333 0.7443949074074074 0.02060885416666667 0.03508611111111111
0 0.55269765625 0.9029856481481482 0.010603645833333335 0.013378703703703703
0 0.9521447916666667 0.6373564814814815 0.012622916666666668 0.03397222222222222
0 0.9277596354166667 0.417762962962963 0.012810937500000001 0.035525925925925926
0 0.930365625 0.4859972222222222 0.007606249999999999 0.014587037037037037
0 0.8556734375 0.3338601851851852 0.019680208333333334 0.056609259259259255
0 0.8805080729166667 0.12830694444444446 0.020391145833333336 0.03809537037037037
0 0.92694453125 0.02825972222222222 0.024722395833333334 0.05651944444444444
1 0.5 0.5395759259259258 1.0 0.9217444444444445
0 0.6090067708333333 0.09824722222222222 0.018013541666666667 0.029827777777777776
0 0.8964674479166667 0.4830611111111111 0.013768229166666666 0.04019629629629629
0 0.9641109375 0.4762958333333333 0.010513541666666666 0.02666574074074074
0 0.8685648437500001 0.6330689814814815 0.011088020833333333 0.029100925925925926
0 0.8241119791666667 0.6644087962962963 0.014890625 0.02326203703703704
0 0.94844609375 0.6774736111111112 0.007308854166666667 0.016058333333333334
0 0.9819854166666667 0.7583180555555556 0.0056375 0.022191666666666665
0 0.7444557291666667 0.8841226851851851 0.010786458333333334 0.021949074074074072
0 0.33246276041666667 0.886050462962963 0.010758854166666667 0.014693518518518519
0 0.32438697916666664 0.831675462962963 0.013357291666666667 0.035573148148148145
0 0.2979015625 0.7664365740740741 0.018719791666666666 0.049539814814814814
0 0.35129531249999996 0.7623935185185186 0.009882291666666666 0.013675925925925925
0 0.31023046875000004 0.7372699074074074 0.0110859375 0.01713240740740741
0 0.5038515625 0.2533902777777778 0.020203125 0.03270648148148148
0 0.48339609375 0.08743888888888889 0.009500520833333333 0.015618518518518518
0 0.06654609375000001 0.23818564814814813 0.013300520833333333 0.03192685185185185
0 0.07099010416666666 0.4625962962962963 0.011771875 0.0363037037037037
0 0.07373333333333335 0.3946523148148148 0.007883333333333332 0.015230555555555556
0 0.13443098958333335 0.564237037037037 0.0178203125 0.058103703703703706
0 0.09159869791666667 0.7613509259259259 0.019655729166666667 0.03936851851851852
0 0.03569036458333333 0.8584699074074075 0.0234640625 0.08360648148148149
1 0.49973958333333335 0.5361111111111111 0.9994791666666667 0.9259259259259259
0 0.40286458333333336 0.08842592592592592 0.018229166666666668 0.028703703703703703
0 0.1046875 0.44583333333333336 0.013541666666666667 0.03981481481481482
0 0.03723958333333333 0.43333333333333335 0.0109375 0.025925925925925925
0 0.128125 0.5986111111111111 0.011458333333333333 0.028703703703703703
0 0.17135416666666667 0.6337962962962963 0.014583333333333334 0.023148148148148147
0 0.046875 0.6356481481481482 0.007291666666666667 0.01574074074074074
0 0.0109375 0.7129629629629629 0.005208333333333333 0.022222222222222223
0 0.24453125 0.8611111111111112 0.0109375 0.022222222222222223
0 0.6559895833333333 0.9013888888888889 0.0109375 0.013888888888888888
0 0.6653645833333334 0.8472222222222222 0.013020833333333334 0.03518518518518519
0 0.69375 0.7847222222222222 0.017708333333333333 0.049074074074074076
0 0.6408854166666667 0.7754629629629629 0.009895833333333333 0.013888888888888888
0 0.6825520833333333 0.7550925925925925 0.0109375 0.017592592592592594
0 0.5033854166666667 0.2537037037037037 0.0203125 0.03333333333333333
0 0.52890625 0.08981481481481482 0.009895833333333333 0.014814814814814815
0 0.9408854166666667 0.2791666666666667 0.013020833333333334 0.032407407407407406
0 0.9299479166666667 0.5023148148148148 0.011979166666666667 0.03611111111111111
0 0.92890625 0.43425925925925923 0.0078125 0.014814814814814815
0 0.8635416666666667 0.5981481481481481 0.017708333333333333 0.05740740740740741
0 0.9 0.799074074074074 0.019791666666666666 0.03888888888888889
0 0.9528645833333333 0.9018518518518519 0.024479166666666666 0.08333333333333333
1 0.5 0.48213101851851853 1.0 0.9642620370370371
0 0.4277838541666667 0.9280236111111111 0.019109374999999998 0.026417592592592593
0 0.1102125 0.6280347222222222 0.014175 0.03940277777777778
0 0.04386796875 0.6520777777777778 0.011694270833333333 0.024525925925925927
0 0.12484218750000001 0.47139027777777776 0.012184374999999999 0.02796574074074074
0 0.16525833333333334 0.42807407407407405 0.01385 0.024666666666666667
0 0.04109869791666666 0.44895509259259264 0.007197395833333333 0.016428703703703702
0 0.0021145833333333333 0.3789814814814815 0.004229166666666667 0.02277777777777778
0 0.22484583333333333 0.18814398148148148 0.01115 0.02258425925925926
0 0.6316437500000001 0.07211481481481481 0.011204166666666666 0.012748148148148149
0 0.6440557291666666 0.1245398148148148 0.013111458333333333 0.03426481481481482
0 0.6754075520833334 0.18085925925925928 0.016440104166666667 0.04875555555555555
0 0.6241916666666667 0.19988611111111113 0.009841666666666667 0.014587037037037037
0 0.6667338541666666 0.21205833333333332 0.010551041666666667 0.01856111111111111
0 0.5181169270833333 0.7443949074074074 0.02060885416666667 0.03508611111111111
0 0.55269765625 0.9029856481481482 0.010603645833333335 0.013378703703703703
0 0.9521447916666667 0.6373564814814815 0.012622916666666668 0.03397222222222222
0 0.9277596354166667 0.417762962962963 0.012810937500000001 0.035525925925925926
0 0.930365625 0.4859972222222222 0.007606249999999999 0.014587037037037037
0 0.8556734375 0.3338601851851852 0.019680208333333334 0.056609259259259255
0 0.8805080729166667 0.12830694444444446 0.020391145833333336 0.03809537037037037
0 0.92694453125 0.02825972222222222 0.024722395833333334 0.05651944444444444
1 0.5 0.5395759259259258 1.0 0.9217444444444445
0 0.6090067708333333 0.09824722222222222 0.018013541666666667 0.029827777777777776
0 0.8964674479166667 0.4830611111111111 0.013768229166666666 0.04019629629629629
0 0.9641109375 0.4762958333333333 0.010513541666666666 0.02666574074074074
0 0.8685648437500001 0.6330689814814815 0.011088020833333333 0.029100925925925926
0 0.8241119791666667 0.6644087962962963 0.014890625 0.02326203703703704
0 0.94844609375 0.6774736111111112 0.007308854166666667 0.016058333333333334
0 0.9819854166666667 0.7583180555555556 0.0056375 0.022191666666666665
0 0.7444557291666667 0.8841226851851851 0.010786458333333334 0.021949074074074072
0 0.33246276041666667 0.886050462962963 0.010758854166666667 0.014693518518518519
0 0.32438697916666664 0.831675462962963 0.013357291666666667 0.035573148148148145
0 0.2979015625 0.7664365740740741 0.018719791666666666 0.049539814814814814
0 0.35129531249999996 0.7623935185185186 0.009882291666666666 0.013675925925925925
0 0.31023046875000004 0.7372699074074074 0.0110859375 0.01713240740740741
0 0.5038515625 0.2533902777777778 0.020203125 0.03270648148148148
0 0.48339609375 0.08743888888888889 0.009500520833333333 0.015618518518518518
0 0.06654609375000001 0.23818564814814813 0.013300520833333333 0.03192685185185185
0 0.07099010416666666 0.4625962962962963 0.011771875 0.0363037037037037
0 0.07373333333333335 0.3946523148148148 0.007883333333333332 0.015230555555555556
0 0.13443098958333335 0.564237037037037 0.0178203125 0.058103703703703706
0 0.09159869791666667 0.7613509259259259 0.019655729166666667 0.03936851851851852
0 0.03569036458333333 0.8584699074074075 0.0234640625 0.08360648148148149
1 0.49973958333333335 0.5361111111111111 0.9994791666666667 0.9259259259259259
0 0.40286458333333336 0.08842592592592592 0.018229166666666668 0.028703703703703703
0 0.1046875 0.44583333333333336 0.013541666666666667 0.03981481481481482
0 0.03723958333333333 0.43333333333333335 0.0109375 0.025925925925925925
0 0.128125 0.5986111111111111 0.011458333333333333 0.028703703703703703
0 0.17135416666666667 0.6337962962962963 0.014583333333333334 0.023148148148148147
0 0.046875 0.6356481481481482 0.007291666666666667 0.01574074074074074
0 0.0109375 0.7129629629629629 0.005208333333333333 0.022222222222222223
0 0.24453125 0.8611111111111112 0.0109375 0.022222222222222223
0 0.6559895833333333 0.9013888888888889 0.0109375 0.013888888888888888
0 0.6653645833333334 0.8472222222222222 0.013020833333333334 0.03518518518518519
0 0.69375 0.7847222222222222 0.017708333333333333 0.049074074074074076
0 0.6408854166666667 0.7754629629629629 0.009895833333333333 0.013888888888888888
0 0.6825520833333333 0.7550925925925925 0.0109375 0.017592592592592594
0 0.5033854166666667 0.2537037037037037 0.0203125 0.03333333333333333
0 0.52890625 0.08981481481481482 0.009895833333333333 0.014814814814814815
0 0.9408854166666667 0.2791666666666667 0.013020833333333334 0.032407407407407406
0 0.9299479166666667 0.5023148148148148 0.011979166666666667 0.03611111111111111
0 0.92890625 0.43425925925925923 0.0078125 0.014814814814814815
0 0.8635416666666667 0.5981481481481481 0.017708333333333333 0.05740740740740741
0 0.9 0.799074074074074 0.019791666666666666 0.03888888888888889
0 0.9528645833333333 0.9018518518518519 0.024479166666666666 0.08333333333333333
1 0.5 0.48213101851851853 1.0 0.9642620370370371
0 0.4277838541666667 0.9280236111111111 0.019109374999999998 0.026417592592592593
0 0.1102125 0.6280347222222222 0.014175 0.03940277777777778
0 0.04386796875 0.6520777777777778 0.011694270833333333 0.024525925925925927
0 0.12484218750000001 0.47139027777777776 0.012184374999999999 0.02796574074074074
0 0.16525833333333334 0.42807407407407405 0.01385 0.024666666666666667
0 0.04109869791666666 0.44895509259259264 0.007197395833333333 0.016428703703703702
0 0.0021145833333333333 0.3789814814814815 0.004229166666666667 0.02277777777777778
0 0.22484583333333333 0.18814398148148148 0.01115 0.02258425925925926
0 0.6316437500000001 0.07211481481481481 0.011204166666666666 0.012748148148148149
0 0.6440557291666666 0.1245398148148148 0.013111458333333333 0.03426481481481482
0 0.6754075520833334 0.18085925925925928 0.016440104166666667 0.04875555555555555
0 0.6241916666666667 0.19988611111111113 0.009841666666666667 0.014587037037037037
0 0.6667338541666666 0.21205833333333332 0.010551041666666667 0.01856111111111111
0 0.5181169270833333 0.7443949074074074 0.02060885416666667 0.03508611111111111
0 0.55269765625 0.9029856481481482 0.010603645833333335 0.013378703703703703
0 0.9521447916666667 0.6373564814814815 0.012622916666666668 0.03397222222222222
0 0.9277596354166667 0.417762962962963 0.012810937500000001 0.035525925925925926
0 0.930365625 0.4859972222222222 0.007606249999999999 0.014587037037037037
0 0.8556734375 0.3338601851851852 0.019680208333333334 0.056609259259259255
0 0.8805080729166667 0.12830694444444446 0.020391145833333336 0.03809537037037037
0 0.92694453125 0.02825972222222222 0.024722395833333334 0.05651944444444444
1 0.5 0.5395759259259258 1.0 0.9217444444444445
0 0.6090067708333333 0.09824722222222222 0.018013541666666667 0.029827777777777776
0 0.8964674479166667 0.4830611111111111 0.013768229166666666 0.04019629629629629
0 0.9641109375 0.4762958333333333 0.010513541666666666 0.02666574074074074
0 0.8685648437500001 0.6330689814814815 0.011088020833333333 0.029100925925925926
0 0.8241119791666667 0.6644087962962963 0.014890625 0.02326203703703704
0 0.94844609375 0.6774736111111112 0.007308854166666667 0.016058333333333334
0 0.9819854166666667 0.7583180555555556 0.0056375 0.022191666666666665
0 0.7444557291666667 0.8841226851851851 0.010786458333333334 0.021949074074074072
0 0.33246276041666667 0.886050462962963 0.010758854166666667 0.014693518518518519
0 0.32438697916666664 0.831675462962963 0.013357291666666667 0.035573148148148145
0 0.2979015625 0.7664365740740741 0.018719791666666666 0.049539814814814814
0 0.35129531249999996 0.7623935185185186 0.009882291666666666 0.013675925925925925
0 0.31023046875000004 0.7372699074074074 0.0110859375 0.01713240740740741
0 0.5038515625 0.2533902777777778 0.020203125 0.03270648148148148
0 0.48339609375 0.08743888888888889 0.009500520833333333 0.015618518518518518
0 0.06654609375000001 0.23818564814814813 0.013300520833333333 0.03192685185185185
0 0.07099010416666666 0.4625962962962963 0.011771875 0.0363037037037037
0 0.07373333333333335 0.3946523148148148 0.007883333333333332 0.015230555555555556
0 0.13443098958333335 0.564237037037037 0.0178203125 0.058103703703703706
0 0.09159869791666667 0.7613509259259259 0.019655729166666667 0.03936851851851852
0 0.03569036458333333 0.8584699074074075 0.0234640625 0.08360648148148149
