1 0.5 0.5 1.0 1.0
0 0.344705078125 0.0809743923611111 0.02339453125 0.05430989583333333
0 0.33054345703125 0.037473958333333335 0.0126494140625 0.02980902777777778
0 0.3895869140625 0.22032161458333333 0.020384765625 0.04654600694444445
0 0.685257568359375 0.8931171875000001 0.00918701171875 0.01713715277777778
0 0.728462890625 0.5944696180555555 0.01551953125 0.07088368055555555
0 0.7152265625 0.6936197916666667 0.02615625 0.03307291666666667
0 0.44965185546875 0.9370985243055555 0.0116083984375 0.042599826388888894
0 0.21648779296875 0.7467973090277779 0.0140302734375 0.01790017361111111
0 0.2224501953125 0.56669921875 0.013259765625 0.02228732638888889
1 0.5 0.495046875 1.0 0.99009375
0 0.67576220703125 0.8935256076388889 0.0214462890625 0.05614843750000001
0 0.691394287109375 0.9340711805555555 0.01267138671875 0.029600694444444447
0 0.623485107421875 0.7617274305555556 0.01845458984375 0.047760416666666666
0 0.296552490234375 0.1369552951388889 0.00912060546875 0.016966145833333335
0 0.268358154296875 0.44216319444444446 0.01327880859375 0.07182638888888888
0 0.27601953125 0.3411501736111111 0.0246953125 0.036467013888888886
0 0.52831494140625 0.05708246527777778 0.0117080078125 0.041248263888888886
0 0.77033154296875 0.21032161458333334 0.0142958984375 0.017865451388888887
0 0.773066162109375 0.38999088541666665 0.01292919921875 0.02303732638888889
1 0.4998046875 0.5211805555555555 0.999609375 0.9555555555555555
0 0.69453125 0.13472222222222222 0.019921875 0.05763888888888889
0 0.71201171875 0.09704861111111111 0.012890625 0.029166666666666667
0 0.6361328125 0.2586805555555556 0.01640625 0.04861111111111111
0 0.2798828125 0.8298611111111112 0.008984375 0.017361111111111112
0 0.26669921875 0.5213541666666667 0.0109375 0.07222222222222223
0 0.26884765625 0.6239583333333333 0.023046875 0.03958333333333333
0 0.5072265625 0.9454861111111111 0.0125 0.04027777777777777
0 0.75478515625 0.8302083333333333 0.014453125 0.018055555555555557
0 0.7669921875 0.6515625 0.0125 0.02361111111111111
1 0.5 0.5 1.0 1.0
0 0.344705078125 0.0809743923611111 0.02339453125 0.05430989583333333
0 0.33054345703125 0.037473958333333335 0.0126494140625 0.02980902777777778
0 0.3895869140625 0.22032161458333333 0.020384765625 0.04654600694444445
0 0.685257568359375 0.8931171875000001 0.00918701171875 0.01713715277777778
0 0.728462890625 0.5944696180555555 0.01551953125 0.07088368055555555
0 0.7152265625 0.6936197916666667 0.02615625 0.03307291666666667
0 0.44965185546875 0.9370985243055555 0.0116083984375 0.042599826388888894
0 0.21648779296875 0.7467973090277779 0.0140302734375 0.01790017361111111
0 0.2224501953125 0.56669921875 0.013259765625 0.02228732638888889
1 0.5 0.495046875 1.0 0.99009375
0 0.67576220703125 0.8935256076388889 0.0214462890625 0.05614843750000001
0 0.691394287109375 0.9340711805555555 0.01267138671875 0.029600694444444447
0 0.623485107421875 0.7617274305555556 0.01845458984375 0.047760416666666666
0 0.296552490234375 0.1369552951388889 0.00912060546875 0.016966145833333335
0 0.268358154296875 0.44216319444444446 0.01327880859375 0.07182638888888888
0 0.27601953125 0.3411501736111111 0.0246953125 0.036467013888888886
0 0.52831494140625 0.05708246527777778 0.0117080078125 0.041248263888888886
0 0.77033154296875 0.21032161458333334 0.0142958984375 0.017865451388888887
0 0.773066162109375 0.38999088541666665 0.01292919921875 0.02303732638888889
1 0.4998046875 0.5211805555555555 0.999609375 0.9555555555555555
0 0.69453125 0.13472222222222222 0.019921875 0.05763888888888889
0 0.71201171875 0.09704861111111111 0.012890625 0.029166666666666667
0 0.6361328125 0.2586805555555556 0.01640625 0.04861111111111111
0 0.2798828125 0.8298611111111112 0.008984375 0.017361111111111112
0 0.26669921875 0.5213541666666667 0.0109375 0.07222222222222223
0 0.26884765625 0.6239583333333333 0.023046875 0.03958333333333333
0 0.5072265625 0.9454861111111111 0.0125 0.04027777777777777
0 0.75478515625 0.8302083333333333 0.014453125 0.018055555555555557
0 0.7669921875 0.6515625 0.0125 0.02361111111111111
