1 0.5 0.4688537037037037 1.0 0.9377074074074074
0 0.7593375000000001 0.8098967592592592 0.015550000000000001 0.04201574074074074
0 0.4899236979166667 0.4285703703703704 0.0246390625 0.023807407407407406
0 0.4302395833333333 0.5035351851851851 0.025062499999999998 0.06077407407407407
0 0.42581171875 0.526786574074074 0.016206770833333335 0.010980555555555556
0 0.395059375 0.2983328703703704 0.02345208333333333 0.01518425925925926
0 0.1282328125 0.7170777777777777 0.017923958333333333 0.043414814814814816
0 0.16429036458333332 0.665349537037037 0.0087890625 0.012180555555555556
0 0.26896796875 0.1791740740740741 0.0077276041666666665 0.0102
0 0.28066432291666665 0.1645222222222222 0.0154953125 0.02719259259259259
1 0.5 0.5238884259259259 1.0 0.9514805555555554
0 0.7426408854166666 0.1515537037037037 0.016531770833333334 0.04014444444444445
0 0.49345989583333333 0.5732953703703704 0.02441979166666667 0.022516666666666667
0 0.43082499999999996 0.5064513888888889 0.027275 0.05919907407407408
0 0.42511354166666665 0.4852143518518519 0.015852083333333333 0.013021296296296296
0 0.40540390625 0.7179546296296296 0.0233078125 0.013687037037037037
0 0.11881328125 0.34227037037037034 0.016793229166666666 0.0438
0 0.15766848958333332 0.3871949074074074 0.009086979166666667 0.011426851851851851
0 0.28571796875 0.8559736111111111 0.007894270833333333 0.010095370370370371
0 0.29782864583333335 0.867950462962963 0.016490625 0.024789814814814813
1 0.49973958333333335 0.5300925925925926 0.9994791666666667 0.937962962962963
0 0.24375 0.18194444444444444 0.015625 0.041666666666666664
0 0.5096354166666667 0.5717592592592593 0.024479166666666666 0.023148148148148147
0 0.56953125 0.4986111111111111 0.025520833333333333 0.06018518518518518
0 0.57421875 0.4759259259259259 0.016145833333333335 0.011111111111111112
0 0.6028645833333334 0.7046296296296296 0.0234375 0.014814814814814815
0 0.8739583333333333 0.2949074074074074 0.017708333333333333 0.04351851851851852
0 0.8372395833333334 0.3449074074074074 0.008854166666666666 0.012037037037037037
0 0.7278411458333333 0.8282407407407407 0.007765625 0.010185185185185186
0 0.7161458333333334 0.8420680555555555 0.015625 0.026728703703703706
1 0.5 0.4688537037037037 1.0 0.9377074074074074
0 0.7593375000000001 0.8098967592592592 0.015550000000000001 0.04201574074074074
0 0.4899236979166667 0.4285703703703704 0.0246390625 0.023807407407407406
0 0.4302395833333333 0.5035351851851851 0.025062499999999998 0.06077407407407407
0 0.42581171875 0.526786574074074 0.016206770833333335 0.010980555555555556
0 0.395059375 0.2983328703703704 0.02345208333333333 0.01518425925925926
0 0.1282328125 0.7170777777777777 0.017923958333333333 0.043414814814814816
0 0.16429036458333332 0.665349537037037 0.0087890625 0.012180555555555556
0 0.26896796875 0.1791740740740741 0.0077276041666666665 0.0102
0 0.28066432291666665 0.1645222222222222 0.0154953125 0.02719259259259259
1 0.5 0.5238884259259259 1.0 0.9514805555555554
0 0.7426408854166666 0.1515537037037037 0.016531770833333334 0.04014444444444445
0 0.49345989583333333 0.5732953703703704 0.02441979166666667 0.022516666666666667
0 0.43082499999999996 0.5064513888888889 0.027275 0.05919907407407408
0 0.42511354166666665 0.4852143518518519 0.015852083333333333 0.013021296296296296
0 0.40540390625 0.7179546296296296 0.0233078125 0.013687037037037037
0 0.11881328125 0.34227037037037034 0.016793229166666666 0.0438
0 0.15766848958333332 0.3871949074074074 0.009086979166666667 0.011426851851851851
0 0.28571796875 0.8559736111111111 0.007894270833333333 0.010095370370370371
0 0.29782864583333335 0.867950462962963 0.016490625 0.024789814814814813
1 0.49973958333333335 0.5300925925925926 0.9994791666666667 0.937962962962963
0 0.24375 0.18194444444444444 0.015625 0.041666666666666664
0 0.5096354166666667 0.5717592592592593 0.024479166666666666 0.023148148148148147
0 0.56953125 0.4986111111111111 0.025520833333333333 0.06018518518518518
0 0.57421875 0.4759259259259259 0.016145833333333335 0.011111111111111112
0 0.6028645833333334 0.7046296296296296 0.0234375 0.014814814814814815
0 0.8739583333333333 0.2949074074074074 0.017708333333333333 0.04351851851851852
0 0.8372395833333334 0.3449074074074074 0.008854166666666666 0.012037037037037037
0 0.7278411458333333 0.8282407407407407 0.007765625 0.010185185185185186
0 0.7161458333333334 0.8420680555555555 0.015625 0.026728703703703706
