1 0.5 0.5 1.0 1.0
0 0.38611796875 0.7793592592592592 0.008694270833333333 0.016125925925925925
0 0.12315677083333335 0.12622777777777777 0.014021875 0.03764074074074074
0 0.11142447916666667 0.22633425925925926 0.010348958333333333 0.028594444444444447
0 0.99166484375 0.5512125 0.009371354166666667 0.020943518518518518
0 0.44317369791666666 0.5166023148148149 0.011347395833333333 0.018389814814814814
0 0.9432942708333333 0.890123611111111 0.016796875 0.03950648148148148
0 0.6596559895833334 0.6905740740740741 0.009936979166666667 0.03485185185185185
0 0.16747942708333333 0.6413888888888889 0.017250520833333335 0.03648148148148148
0 0.48172604166666666 0.09101898148148148 0.007202083333333333 0.006112037037037037
0 0.7974627604166666 0.12617407407407408 0.013675520833333335 0.02271851851851852
1 0.49973958333333335 0.5287037037037037 0.9994791666666667 0.9407407407407408
0 0.5877604166666667 0.19305555555555556 0.0078125 0.01574074074074074
0 0.9049479166666666 0.7643518518518518 0.015104166666666667 0.03796296296296296
0 0.90859375 0.6620370370370371 0.009895833333333333 0.027777777777777776
0 0.010416666666666666 0.5861111111111111 0.009375 0.020370370370370372
0 0.5549479166666667 0.4671296296296296 0.0109375 0.017592592592592594
0 0.027604166666666666 0.23842592592592593 0.014583333333333334 0.04351851851851852
0 0.32526041666666666 0.35509259259259257 0.009895833333333333 0.03425925925925926
0 0.8161458333333333 0.26805555555555555 0.016666666666666666 0.03796296296296296
0 0.5541666666666667 0.899537037037037 0.007291666666666667 0.006481481481481481
0 0.2390625 0.9513888888888888 0.013541666666666667 0.023148148148148147
1 0.5 0.4694421296296296 1.0 0.9388842592592592
0 0.415309375 0.8096888888888889 0.007702083333333333 0.015674074074074076
0 0.09249687499999999 0.2486 0.015202083333333333 0.03794074074074074
0 0.08982473958333334 0.35085925925925926 0.0098578125 0.027644444444444447
0 0.9885408854166666 0.3990402777777778 0.0093734375 0.020302777777777777
0 0.4455674479166667 0.5346643518518519 0.010926562499999999 0.01747685185185185
0 0.9748763020833333 0.74695 0.0143359375 0.0439
0 0.6763604166666667 0.639349074074074 0.0100125 0.0342537037037037
0 0.18595885416666666 0.7421833333333333 0.016709375000000002 0.03807037037037037
0 0.44166614583333336 0.1023949074074074 0.007290624999999999 0.006641666666666666
0 0.7562533854166666 0.04034074074074074 0.013548437500000001 0.023274074074074072
1 0.5 0.5 1.0 1.0
0 0.38611796875 0.7793592592592592 0.008694270833333333 0.016125925925925925
0 0.12315677083333335 0.12622777777777777 0.014021875 0.03764074074074074
0 0.11142447916666667 0.22633425925925926 0.010348958333333333 0.028594444444444447
0 0.99166484375 0.5512125 0.009371354166666667 0.020943518518518518
0 0.44317369791666666 0.5166023148148149 0.011347395833333333 0.018389814814814814
0 0.9432942708333333 0.890123611111111 0.016796875 0.03950648148148148
0 0.6596559895833334 0.6905740740740741 0.009936979166666667 0.03485185185185185
0 0.16747942708333333 0.6413888888888889 0.017250520833333335 0.03648148148148148
0 0.48172604166666666 0.09101898148148148 0.007202083333333333 0.006112037037037037
0 0.7974627604166666 0.12617407407407408 0.013675520833333335 0.02271851851851852
1 0.49973958333333335 0.5287037037037037 0.9994791666666667 0.9407407407407408
0 0.5877604166666667 0.19305555555555556 0.0078125 0.01574074074074074
0 0.9049479166666666 0.7643518518518518 0.015104166666666667 0.03796296296296296
0 0.90859375 0.6620370370370371 0.009895833333333333 0.027777777777777776
0 0.010416666666666666 0.5861111111111111 0.009375 0.020370370370370372
0 0.5549479166666667 0.4671296296296296 0.0109375 0.017592592592592594
0 0.027604166666666666 0.23842592592592593 0.014583333333333334 0.04351851851851852
0 0.32526041666666666 0.35509259259259257 0.009895833333333333 0.03425925925925926
0 0.8161458333333333 0.26805555555555555 0.016666666666666666 0.03796296296296296
0 0.5541666666666667 0.899537037037037 0.007291666666666667 0.006481481481481481
0 0.2390625 0.9513888888888888 0.013541666666666667 0.023148148148148147
1 0.5 0.4694421296296296 1.0 0.9388842592592592
0 0.415309375 0.8096888888888889 0.007702083333333333 0.015674074074074076
0 0.09249687499999999 0.2486 0.015202083333333333 0.03794074074074074
0 0.08982473958333334 0.35085925925925926 0.0098578125 0.027644444444444447
0 0.9885408854166666 0.3990402777777778 0.0093734375 0.020302777777777777
0 0.4455674479166667 0.5346643518518519 0.010926562499999999 0.01747685185185185
0 0.9748763020833333 0.74695 0.0143359375 0.0439
0 0.6763604166666667 0.639349074074074 0.0100125 0.0342537037037037
0 0.18595885416666666 0.7421833333333333 0.016709375000000002 0.03807037037037037
0 0.44166614583333336 0.1023949074074074 0.007290624999999999 0.006641666666666666
0 0.7562533854166666 0.04034074074074074 0.013548437500000001 0.023274074074074072
