1 0.49973958333333335 0.5462962962962963 0.9994791666666667 0.9055555555555556
0 0.30182291666666666 0.7111111111111111 0.0171875 0.044444444444444446
0 0.32890625 0.6972222222222222 0.03697916666666667 0.1
0 0.13255208333333332 0.537962962962963 0.0140625 0.037037037037037035
0 0.24348958333333334 0.29212962962962963 0.0203125 0.03796296296296296
0 0.8361979166666667 0.5259259259259259 0.018229166666666668 0.06296296296296296
0 0.7994791666666666 0.9680555555555556 0.022916666666666665 0.04537037037037037
0 0.9364583333333333 0.9125 0.011458333333333333 0.026851851851851852
0 0.7734375 0.7347222222222223 0.0125 0.026851851851851852
0 0.81796875 0.6060185185185185 0.0171875 0.01574074074074074
0 0.725 0.2814814814814815 0.0125 0.022222222222222223
0 0.6869791666666667 0.45185185185185184 0.008333333333333333 0.020370370370370372
0 0.68125 0.36203703703703705 0.009375 0.05555555555555555
0 0.7473958333333334 0.4356481481481482 0.013541666666666667 0.04537037037037037
0 0.7828125 0.34675925925925927 0.016666666666666666 0.04351851851851852
0 0.65703125 0.35509259259259257 0.013020833333333334 0.026851851851851852
0 0.5919270833333333 0.35694444444444445 0.0067708333333333336 0.013888888888888888
0 0.8244791666666667 0.4 0.011458333333333333 0.018518518518518517
0 0.7986979166666667 0.7055555555555556 0.008854166666666666 0.018518518518518517
0 0.7924479166666667 0.2550925925925926 0.009895833333333333 0.019444444444444445
0 0.8333333333333334 0.5916666666666667 0.007291666666666667 0.022222222222222223
0 0.6559895833333333 0.6976851851851852 0.0036458333333333334 0.026851851851851852
0 0.8200520833333333 0.8731481481481481 0.019270833333333334 0.024074074074074074
0 0.8640625 0.6532407407407408 0.00625 0.04722222222222222
0 0.9520833333333333 0.4537037037037037 0.0125 0.025925925925925925
0 0.7075520833333333 0.2152777777777778 0.0067708333333333336 0.019444444444444445
0 0.48385416666666664 0.19537037037037036 0.010416666666666666 0.03333333333333333
0 0.4010416666666667 0.34814814814814815 0.015625 0.044444444444444446
0 0.17786458333333333 0.2050925925925926 0.009895833333333333 0.023148148148148147
0 0.26171875 0.961574074074074 0.0036458333333333334 0.041666666666666664
0 0.11536458333333334 0.7268518518518519 0.0078125 0.018518518518518517
0 0.19010416666666666 0.5574074074074075 0.010416666666666666 0.020370370370370372
0 0.4122395833333333 0.5685185185185185 0.013020833333333334 0.02962962962962963
0 0.19505208333333332 0.2851851851851852 0.0036458333333333334 0.04259259259259259
0 0.11484375 0.19953703703703704 0.011979166666666667 0.041666666666666664
0 0.16614583333333333 0.45601851851851855 0.022916666666666665 0.021296296296296296
0 0.83828125 0.2712962962962963 0.0078125 0.018518518518518517
0 0.76484375 0.5287037037037037 0.0046875 0.025925925925925925
1 0.5 0.5141277777777779 1.0 0.9708481481481482
0 0.7134057291666667 0.6600259259259259 0.015353125 0.04412592592592592
0 0.6867023437499999 0.6526611111111111 0.03798802083333333 0.09606296296296296
0 0.8673119791666667 0.4468486111111111 0.012748958333333334 0.03628981481481481
0 0.7381460937500001 0.2314138888888889 0.0200421875 0.0387537037037037
0 0.16909479166666666 0.6094921296296296 0.021522916666666666 0.061576851851851855
0 0.24706796875 0.7999861111111112 0.0128859375 0.02775
0 0.1938408854166667 0.6822138888888889 0.017890104166666664 0.014427777777777779
0 0.26028333333333337 0.33936064814814815 0.012233333333333334 0.02316574074074074
0 0.31062994791666665 0.49916805555555555 0.008759895833333333 0.02055833333333333
0 0.30939374999999997 0.40806296296296296 0.0125375 0.055014814814814815
0 0.24990729166666667 0.4969490740740741 0.015439583333333333 0.043898148148148144
0 0.20870989583333335 0.41691805555555556 0.018461458333333333 0.04309537037037037
0 0.33324973958333337 0.39570277777777774 0.014416145833333333 0.02659074074074074
0 0.39761901041666664 0.38095092592592594 0.006696354166666666 0.013753703703703704
0 0.17047421875 0.4819069444444445 0.011781770833333333 0.019369444444444446
0 0.21994583333333334 0.7778569444444444 0.0076 0.020528703703703702
0 0.19146692708333332 0.32907222222222227 0.0100171875 0.019255555555555554
0 0.17728802083333334 0.6725888888888889 0.008742708333333333 0.021103703703703704
0 0.36118958333333334 0.7341407407407406 0.0057125 0.02568888888888889
0 0.21250833333333335 0.9491833333333333 0.01980833333333333 0.026144444444444446
0 0.15160963541666667 0.7415537037037038 0.005302604166666666 0.04792222222222222
0 0.04889739583333333 0.5662185185185185 0.012378124999999999 0.02502962962962963
0 0.2727682291666667 0.2690800925925926 0.0069947916666666665 0.01964166666666667
0 0.4922372395833333 0.19408888888888887 0.010516145833333332 0.03262222222222222
0 0.5863109375000001 0.3253875 0.017413541666666664 0.043367592592592596
0 0.7965302083333333 0.12825694444444447 0.009727083333333332 0.023180555555555555
0 0.7721861979166668 0.8984726851851852 0.006872395833333334 0.04138981481481482
0 0.8984786458333333 0.6297328703703704 0.007373958333333333 0.018725
0 0.8117109374999999 0.48023935185185185 0.009880208333333333 0.021589814814814815
0 0.5926020833333333 0.5463694444444444 0.013329166666666666 0.027924074074074077
0 0.78466328125 0.2117652777777778 0.005784895833333333 0.04204907407407407
0 0.85832734375 0.1081425925925926 0.0135296875 0.04035925925925926
0 0.82726171875 0.3736601851851852 0.0232734375 0.019542592592592594
0 0.14695234375000002 0.35690694444444443 0.007446354166666667 0.019369444444444446
0 0.23979401041666665 0.5938671296296296 0.006671354166666667 0.024771296296296295
1 0.5 0.5487601851851852 1.0 0.9030759259259259
0 0.32015911458333335 0.7586324074074073 0.019484895833333335 0.04504259259259259
0 0.34797421875 0.7383546296296296 0.03553177083333334 0.10263518518518519
0 0.1393859375 0.6281129629629629 0.015230208333333333 0.037707407407407405
0 0.22988541666666668 0.3572842592592593 0.0201875 0.03679074074074074
0 0.8349627604166667 0.4427134259259259 0.014717187500000001 0.06505648148148148
0 0.8343369791666666 0.8911523148148147 0.021798958333333333 0.04711944444444445
0 0.9645408854166667 0.8000509259259259 0.010331770833333333 0.02787962962962963
0 0.7887716145833333 0.6640685185185184 0.011918229166666666 0.02813703703703704
0 0.8233242187500001 0.5274722222222222 0.016440104166666667 0.017907407407407407
0 0.7058856770833334 0.22728287037037037 0.012813020833333333 0.021232407407407408
0 0.6812414062500001 0.40597175925925927 0.008316145833333333 0.02120277777777778
0 0.6685065104166666 0.3185060185185185 0.008888020833333335 0.055530555555555555
0 0.7400651041666666 0.37575787037037034 0.011380208333333334 0.04596018518518519
0 0.7685247395833333 0.2795990740740741 0.015174479166666668 0.04438333333333333
0 0.6445041666666668 0.3166527777777778 0.012966666666666666 0.02775
0 0.5800598958333333 0.33510555555555555 0.0069947916666666665 0.014655555555555555
0 0.8138484375 0.31976481481481484 0.012071875000000001 0.017307407407407407
0 0.8118796875 0.6296277777777778 0.010217708333333332 0.016662962962962963
0 0.7701127604166668 0.18501435185185183 0.0100171875 0.020028703703703705
0 0.8366041666666667 0.5088050925925925 0.007583333333333333 0.02316574074074074
0 0.6695 0.6572648148148148 0.004625000000000001 0.027492592592592593
0 0.8455515625000001 0.7891175925925925 0.019228125 0.02267962962962963
0 0.87239765625 0.5619481481481482 0.009378645833333334 0.04611851851851852
0 0.9442098958333334 0.34199166666666664 0.012378124999999999 0.026575925925925926
0 0.68329375 0.16630231481481483 0.0072125 0.01964166666666667
0 0.4604385416666667 0.20214074074074076 0.010460416666666666 0.033911111111111114
0 0.39133697916666665 0.3732300925925926 0.014965625000000001 0.04646018518518519
0 0.15752682291666667 0.2877097222222222 0.010886979166666666 0.02356759259259259
0 0.13696640625 0.8192898148148148 0.008307812500000001 0.01820925925925926
0 0.198115625 0.6327759259259259 0.010814583333333332 0.019255555555555554
0 0.4188744791666667 0.5895180555555555 0.012748958333333334 0.030887962962962964
0 0.18119453125 0.36189444444444446 0.0061390625 0.042307407407407405
0 0.09507552083333333 0.29700740740740744 0.010984375 0.042162962962962965
0 0.16592135416666667 0.5394745370370371 0.022467708333333333 0.02339351851851852
0 0.81651328125 0.1901111111111111 0.008026562499999999 0.01911111111111111
0 0.7644317708333334 0.46249074074074076 0.005946875 0.026833333333333334
1 0.49973958333333335 0.5462962962962963 0.9994791666666667 0.9055555555555556
0 0.30182291666666666 0.7111111111111111 0.0171875 0.044444444444444446
0 0.32890625 0.6972222222222222 0.03697916666666667 0.1
0 0.13255208333333332 0.537962962962963 0.0140625 0.037037037037037035
0 0.24348958333333334 0.29212962962962963 0.0203125 0.03796296296296296
0 0.8361979166666667 0.5259259259259259 0.018229166666666668 0.06296296296296296
0 0.7994791666666666 0.9680555555555556 0.022916666666666665 0.04537037037037037
0 0.9364583333333333 0.9125 0.011458333333333333 0.026851851851851852
0 0.7734375 0.7347222222222223 0.0125 0.026851851851851852
0 0.81796875 0.6060185185185185 0.0171875 0.01574074074074074
0 0.725 0.2814814814814815 0.0125 0.022222222222222223
0 0.6869791666666667 0.45185185185185184 0.008333333333333333 0.020370370370370372
0 0.68125 0.36203703703703705 0.009375 0.05555555555555555
0 0.7473958333333334 0.4356481481481482 0.013541666666666667 0.04537037037037037
0 0.7828125 0.34675925925925927 0.016666666666666666 0.04351851851851852
0 0.65703125 0.35509259259259257 0.013020833333333334 0.026851851851851852
0 0.5919270833333333 0.35694444444444445 0.0067708333333333336 0.013888888888888888
0 0.8244791666666667 0.4 0.011458333333333333 0.018518518518518517
0 0.7986979166666667 0.7055555555555556 0.008854166666666666 0.018518518518518517
0 0.7924479166666667 0.2550925925925926 0.009895833333333333 0.019444444444444445
0 0.8333333333333334 0.5916666666666667 0.007291666666666667 0.022222222222222223
0 0.6559895833333333 0.6976851851851852 0.0036458333333333334 0.026851851851851852
0 0.8200520833333333 0.8731481481481481 0.019270833333333334 0.024074074074074074
0 0.8640625 0.6532407407407408 0.00625 0.04722222222222222
0 0.9520833333333333 0.4537037037037037 0.0125 0.025925925925925925
0 0.7075520833333333 0.2152777777777778 0.0067708333333333336 0.019444444444444445
0 0.48385416666666664 0.19537037037037036 0.010416666666666666 0.03333333333333333
0 0.4010416666666667 0.34814814814814815 0.015625 0.044444444444444446
0 0.17786458333333333 0.2050925925925926 0.009895833333333333 0.023148148148148147
0 0.26171875 0.961574074074074 0.0036458333333333334 0.041666666666666664
0 0.11536458333333334 0.7268518518518519 0.0078125 0.018518518518518517
0 0.19010416666666666 0.5574074074074075 0.010416666666666666 0.020370370370370372
0 0.4122395833333333 0.5685185185185185 0.013020833333333334 0.02962962962962963
0 0.19505208333333332 0.2851851851851852 0.0036458333333333334 0.04259259259259259
0 0.11484375 0.19953703703703704 0.011979166666666667 0.041666666666666664
0 0.16614583333333333 0.45601851851851855 0.022916666666666665 0.021296296296296296
0 0.83828125 0.2712962962962963 0.0078125 0.018518518518518517
0 0.76484375 0.5287037037037037 0.0046875 0.025925925925925925
1 0.5 0.5141277777777779 1.0 0.9708481481481482
0 0.7134057291666667 0.6600259259259259 0.015353125 0.04412592592592592
0 0.6867023437499999 0.6526611111111111 0.03798802083333333 0.09606296296296296
0 0.8673119791666667 0.4468486111111111 0.012748958333333334 0.03628981481481481
0 0.7381460937500001 0.2314138888888889 0.0200421875 0.0387537037037037
0 0.16909479166666666 0.6094921296296296 0.021522916666666666 0.061576851851851855
0 0.24706796875 0.7999861111111112 0.0128859375 0.02775
0 0.1938408854166667 0.6822138888888889 0.017890104166666664 0.014427777777777779
0 0.26028333333333337 0.33936064814814815 0.012233333333333334 0.02316574074074074
0 0.31062994791666665 0.49916805555555555 0.008759895833333333 0.02055833333333333
0 0.30939374999999997 0.40806296296296296 0.0125375 0.055014814814814815
0 0.24990729166666667 0.4969490740740741 0.015439583333333333 0.043898148148148144
0 0.20870989583333335 0.41691805555555556 0.018461458333333333 0.04309537037037037
0 0.33324973958333337 0.39570277777777774 0.014416145833333333 0.02659074074074074
0 0.39761901041666664 0.38095092592592594 0.006696354166666666 0.013753703703703704
0 0.17047421875 0.4819069444444445 0.011781770833333333 0.019369444444444446
0 0.21994583333333334 0.7778569444444444 0.0076 0.020528703703703702
0 0.19146692708333332 0.32907222222222227 0.0100171875 0.019255555555555554
0 0.17728802083333334 0.6725888888888889 0.008742708333333333 0.021103703703703704
0 0.36118958333333334 0.7341407407407406 0.0057125 0.02568888888888889
0 0.21250833333333335 0.9491833333333333 0.01980833333333333 0.026144444444444446
0 0.15160963541666667 0.7415537037037038 0.005302604166666666 0.04792222222222222
0 0.04889739583333333 0.5662185185185185 0.012378124999999999 0.02502962962962963
0 0.2727682291666667 0.2690800925925926 0.0069947916666666665 0.01964166666666667
0 0.4922372395833333 0.19408888888888887 0.010516145833333332 0.03262222222222222
0 0.5863109375000001 0.3253875 0.017413541666666664 0.043367592592592596
0 0.7965302083333333 0.12825694444444447 0.009727083333333332 0.023180555555555555
0 0.7721861979166668 0.8984726851851852 0.006872395833333334 0.04138981481481482
0 0.8984786458333333 0.6297328703703704 0.007373958333333333 0.018725
0 0.8117109374999999 0.48023935185185185 0.009880208333333333 0.021589814814814815
0 0.5926020833333333 0.5463694444444444 0.013329166666666666 0.027924074074074077
0 0.78466328125 0.2117652777777778 0.005784895833333333 0.04204907407407407
0 0.85832734375 0.1081425925925926 0.0135296875 0.04035925925925926
0 0.82726171875 0.3736601851851852 0.0232734375 0.019542592592592594
0 0.14695234375000002 0.35690694444444443 0.007446354166666667 0.019369444444444446
0 0.23979401041666665 0.5938671296296296 0.006671354166666667 0.024771296296296295
1 0.5 0.5487601851851852 1.0 0.9030759259259259
0 0.32015911458333335 0.7586324074074073 0.019484895833333335 0.04504259259259259
0 0.34797421875 0.7383546296296296 0.03553177083333334 0.10263518518518519
0 0.1393859375 0.6281129629629629 0.015230208333333333 0.037707407407407405
0 0.22988541666666668 0.3572842592592593 0.0201875 0.03679074074074074
0 0.8349627604166667 0.4427134259259259 0.014717187500000001 0.06505648148148148
0 0.8343369791666666 0.8911523148148147 0.021798958333333333 0.04711944444444445
0 0.9645408854166667 0.8000509259259259 0.010331770833333333 0.02787962962962963
0 0.7887716145833333 0.6640685185185184 0.011918229166666666 0.02813703703703704
0 0.8233242187500001 0.5274722222222222 0.016440104166666667 0.017907407407407407
0 0.7058856770833334 0.22728287037037037 0.012813020833333333 0.021232407407407408
0 0.6812414062500001 0.40597175925925927 0.008316145833333333 0.02120277777777778
0 0.6685065104166666 0.3185060185185185 0.008888020833333335 0.055530555555555555
0 0.7400651041666666 0.37575787037037034 0.011380208333333334 0.04596018518518519
0 0.7685247395833333 0.2795990740740741 0.015174479166666668 0.04438333333333333
0 0.6445041666666668 0.3166527777777778 0.012966666666666666 0.02775
0 0.5800598958333333 0.33510555555555555 0.0069947916666666665 0.014655555555555555
0 0.8138484375 0.31976481481481484 0.012071875000000001 0.017307407407407407
0 0.8118796875 0.6296277777777778 0.010217708333333332 0.016662962962962963
0 0.7701127604166668 0.18501435185185183 0.0100171875 0.020028703703703705
0 0.8366041666666667 0.5088050925925925 0.007583333333333333 0.02316574074074074
0 0.6695 0.6572648148148148 0.004625000000000001 0.027492592592592593
0 0.8455515625000001 0.7891175925925925 0.019228125 0.02267962962962963
0 0.87239765625 0.5619481481481482 0.009378645833333334 0.04611851851851852
0 0.9442098958333334 0.34199166666666664 0.012378124999999999 0.026575925925925926
0 0.68329375 0.16630231481481483 0.0072125 0.01964166666666667
0 0.4604385416666667 0.20214074074074076 0.010460416666666666 0.033911111111111114
0 0.39133697916666665 0.3732300925925926 0.014965625000000001 0.04646018518518519
0 0.15752682291666667 0.2877097222222222 0.010886979166666666 0.02356759259259259
0 0.13696640625 0.8192898148148148 0.008307812500000001 0.01820925925925926
0 0.198115625 0.6327759259259259 0.010814583333333332 0.019255555555555554
0 0.4188744791666667 0.5895180555555555 0.012748958333333334 0.030887962962962964
0 0.18119453125 0.36189444444444446 0.0061390625 0.042307407407407405
0 0.09507552083333333 0.29700740740740744 0.010984375 0.042162962962962965
0 0.16592135416666667 0.5394745370370371 0.022467708333333333 0.02339351851851852
0 0.81651328125 0.1901111111111111 0.008026562499999999 0.01911111111111111
0 0.7644317708333334 0.46249074074074076 0.005946875 0.026833333333333334
1 0.49973958333333335 0.5462962962962963 0.9994791666666667 0.9055555555555556
0 0.30182291666666666 0.7111111111111111 0.0171875 0.044444444444444446
0 0.32890625 0.6972222222222222 0.03697916666666667 0.1
0 0.13255208333333332 0.537962962962963 0.0140625 0.037037037037037035
0 0.24348958333333334 0.29212962962962963 0.0203125 0.03796296296296296
0 0.8361979166666667 0.5259259259259259 0.018229166666666668 0.06296296296296296
0 0.7994791666666666 0.9680555555555556 0.022916666666666665 0.04537037037037037
0 0.9364583333333333 0.9125 0.011458333333333333 0.026851851851851852
0 0.7734375 0.7347222222222223 0.0125 0.026851851851851852
0 0.81796875 0.6060185185185185 0.0171875 0.01574074074074074
0 0.725 0.2814814814814815 0.0125 0.022222222222222223
0 0.6869791666666667 0.45185185185185184 0.008333333333333333 0.020370370370370372
0 0.68125 0.36203703703703705 0.009375 0.05555555555555555
0 0.7473958333333334 0.4356481481481482 0.013541666666666667 0.04537037037037037
0 0.7828125 0.34675925925925927 0.016666666666666666 0.04351851851851852
0 0.65703125 0.35509259259259257 0.013020833333333334 0.026851851851851852
0 0.5919270833333333 0.35694444444444445 0.0067708333333333336 0.013888888888888888
0 0.8244791666666667 0.4 0.011458333333333333 0.018518518518518517
0 0.7986979166666667 0.7055555555555556 0.008854166666666666 0.018518518518518517
0 0.7924479166666667 0.2550925925925926 0.009895833333333333 0.019444444444444445
0 0.8333333333333334 0.5916666666666667 0.007291666666666667 0.022222222222222223
0 0.6559895833333333 0.6976851851851852 0.0036458333333333334 0.026851851851851852
0 0.8200520833333333 0.8731481481481481 0.019270833333333334 0.024074074074074074
0 0.8640625 0.6532407407407408 0.00625 0.04722222222222222
0 0.9520833333333333 0.4537037037037037 0.0125 0.025925925925925925
0 0.7075520833333333 0.2152777777777778 0.0067708333333333336 0.019444444444444445
0 0.48385416666666664 0.19537037037037036 0.010416666666666666 0.03333333333333333
0 0.4010416666666667 0.34814814814814815 0.015625 0.044444444444444446
0 0.17786458333333333 0.2050925925925926 0.009895833333333333 0.023148148148148147
0 0.26171875 0.961574074074074 0.0036458333333333334 0.041666666666666664
0 0.11536458333333334 0.7268518518518519 0.0078125 0.018518518518518517
0 0.19010416666666666 0.5574074074074075 0.010416666666666666 0.020370370370370372
0 0.4122395833333333 0.5685185185185185 0.013020833333333334 0.02962962962962963
0 0.19505208333333332 0.2851851851851852 0.0036458333333333334 0.04259259259259259
0 0.11484375 0.19953703703703704 0.011979166666666667 0.041666666666666664
0 0.16614583333333333 0.45601851851851855 0.022916666666666665 0.021296296296296296
0 0.83828125 0.2712962962962963 0.0078125 0.018518518518518517
0 0.76484375 0.5287037037037037 0.0046875 0.025925925925925925
1 0.5 0.5141277777777779 1.0 0.9708481481481482
0 0.7134057291666667 0.6600259259259259 0.015353125 0.04412592592592592
0 0.6867023437499999 0.6526611111111111 0.03798802083333333 0.09606296296296296
0 0.8673119791666667 0.4468486111111111 0.012748958333333334 0.03628981481481481
0 0.7381460937500001 0.2314138888888889 0.0200421875 0.0387537037037037
0 0.16909479166666666 0.6094921296296296 0.021522916666666666 0.061576851851851855
0 0.24706796875 0.7999861111111112 0.0128859375 0.02775
0 0.1938408854166667 0.6822138888888889 0.017890104166666664 0.014427777777777779
0 0.26028333333333337 0.33936064814814815 0.012233333333333334 0.02316574074074074
0 0.31062994791666665 0.49916805555555555 0.008759895833333333 0.02055833333333333
0 0.30939374999999997 0.40806296296296296 0.0125375 0.055014814814814815
0 0.24990729166666667 0.4969490740740741 0.015439583333333333 0.043898148148148144
0 0.20870989583333335 0.41691805555555556 0.018461458333333333 0.04309537037037037
0 0.33324973958333337 0.39570277777777774 0.014416145833333333 0.02659074074074074
0 0.39761901041666664 0.38095092592592594 0.006696354166666666 0.013753703703703704
0 0.17047421875 0.4819069444444445 0.011781770833333333 0.019369444444444446
0 0.21994583333333334 0.7778569444444444 0.0076 0.020528703703703702
0 0.19146692708333332 0.32907222222222227 0.0100171875 0.019255555555555554
0 0.17728802083333334 0.6725888888888889 0.008742708333333333 0.021103703703703704
0 0.36118958333333334 0.7341407407407406 0.0057125 0.02568888888888889
0 0.21250833333333335 0.9491833333333333 0.01980833333333333 0.026144444444444446
0 0.15160963541666667 0.7415537037037038 0.005302604166666666 0.04792222222222222
0 0.04889739583333333 0.5662185185185185 0.012378124999999999 0.02502962962962963
0 0.2727682291666667 0.2690800925925926 0.0069947916666666665 0.01964166666666667
0 0.4922372395833333 0.19408888888888887 0.010516145833333332 0.03262222222222222
0 0.5863109375000001 0.3253875 0.017413541666666664 0.043367592592592596
0 0.7965302083333333 0.12825694444444447 0.009727083333333332 0.023180555555555555
0 0.7721861979166668 0.8984726851851852 0.006872395833333334 0.04138981481481482
0 0.8984786458333333 0.6297328703703704 0.007373958333333333 0.018725
0 0.8117109374999999 0.48023935185185185 0.009880208333333333 0.021589814814814815
0 0.5926020833333333 0.5463694444444444 0.013329166666666666 0.027924074074074077
0 0.78466328125 0.2117652777777778 0.005784895833333333 0.04204907407407407
0 0.85832734375 0.1081425925925926 0.0135296875 0.04035925925925926
0 0.82726171875 0.3736601851851852 0.0232734375 0.019542592592592594
0 0.14695234375000002 0.35690694444444443 0.007446354166666667 0.019369444444444446
0 0.23979401041666665 0.5938671296296296 0.006671354166666667 0.024771296296296295
1 0.5 0.5487601851851852 1.0 0.9030759259259259
0 0.32015911458333335 0.7586324074074073 0.019484895833333335 0.04504259259259259
0 0.34797421875 0.7383546296296296 0.03553177083333334 0.10263518518518519
0 0.1393859375 0.6281129629629629 0.015230208333333333 0.037707407407407405
0 0.22988541666666668 0.3572842592592593 0.0201875 0.03679074074074074
0 0.8349627604166667 0.4427134259259259 0.014717187500000001 0.06505648148148148
0 0.8343369791666666 0.8911523148148147 0.021798958333333333 0.04711944444444445
0 0.9645408854166667 0.8000509259259259 0.010331770833333333 0.02787962962962963
0 0.7887716145833333 0.6640685185185184 0.011918229166666666 0.02813703703703704
0 0.8233242187500001 0.5274722222222222 0.016440104166666667 0.017907407407407407
0 0.7058856770833334 0.22728287037037037 0.012813020833333333 0.021232407407407408
0 0.6812414062500001 0.40597175925925927 0.008316145833333333 0.02120277777777778
0 0.6685065104166666 0.3185060185185185 0.008888020833333335 0.055530555555555555
0 0.7400651041666666 0.37575787037037034 0.011380208333333334 0.04596018518518519
0 0.7685247395833333 0.2795990740740741 0.015174479166666668 0.04438333333333333
0 0.6445041666666668 0.3166527777777778 0.012966666666666666 0.02775
0 0.5800598958333333 0.33510555555555555 0.0069947916666666665 0.014655555555555555
0 0.8138484375 0.31976481481481484 0.012071875000000001 0.017307407407407407
0 0.8118796875 0.6296277777777778 0.010217708333333332 0.016662962962962963
0 0.7701127604166668 0.18501435185185183 0.0100171875 0.020028703703703705
0 0.8366041666666667 0.5088050925925925 0.007583333333333333 0.02316574074074074
0 0.6695 0.6572648148148148 0.004625000000000001 0.027492592592592593
0 0.8455515625000001 0.7891175925925925 0.019228125 0.02267962962962963
0 0.87239765625 0.5619481481481482 0.009378645833333334 0.04611851851851852
0 0.9442098958333334 0.34199166666666664 0.012378124999999999 0.026575925925925926
0 0.68329375 0.16630231481481483 0.0072125 0.01964166666666667
0 0.4604385416666667 0.20214074074074076 0.010460416666666666 0.033911111111111114
0 0.39133697916666665 0.3732300925925926 0.014965625000000001 0.04646018518518519
0 0.15752682291666667 0.2877097222222222 0.010886979166666666 0.02356759259259259
0 0.13696640625 0.8192898148148148 0.008307812500000001 0.01820925925925926
0 0.198115625 0.6327759259259259 0.010814583333333332 0.019255555555555554
0 0.4188744791666667 0.5895180555555555 0.012748958333333334 0.030887962962962964
0 0.18119453125 0.36189444444444446 0.0061390625 0.042307407407407405
0 0.09507552083333333 0.29700740740740744 0.010984375 0.042162962962962965
0 0.16592135416666667 0.5394745370370371 0.022467708333333333 0.02339351851851852
0 0.81651328125 0.1901111111111111 0.008026562499999999 0.01911111111111111
0 0.7644317708333334 0.46249074074074076 0.005946875 0.026833333333333334
