1 0.5 0.46087685185185184 1.0 0.9217537037037037
0 0.4672953125 0.7731050925925925 0.017923958333333333 0.03695092592592592
0 0.5183916666666667 0.8304222222222222 0.014908333333333332 0.051585185185185185
0 0.24451197916666667 0.721286574074074 0.012982291666666666 0.024054629629629627
0 0.3063671875 0.5263777777777778 0.011692708333333333 0.03794074074074074
0 0.24765520833333332 0.8199458333333334 0.015102083333333332 0.0269287037037037
0 0.27000963541666667 0.19648703703703702 0.02022760416666667 0.042974074074074074
0 0.6344830729166666 0.45372546296296296 0.0137578125 0.0352287037037037
0 0.7446260416666667 0.4361175925925926 0.00904375 0.022235185185185184
0 0.16610729166666666 0.0530087962962963 0.02700625 0.04120277777777778
0 0.1891203125 0.07956203703703703 0.015740625 0.040605555555555554
1 0.5 0.4910916666666667 1.0 0.9821833333333334
0 0.5563677083333334 0.7603273148148149 0.01586041666666667 0.0373212962962963
0 0.5107721354166667 0.8304083333333333 0.012169270833333332 0.05340925925925926
0 0.77169609375 0.6466944444444443 0.013183854166666667 0.02487037037037037
0 0.6942377604166666 0.47071296296296294 0.012433854166666668 0.037722222222222226
0 0.7772703125 0.7468217592592593 0.014957291666666667 0.026976851851851853
0 0.700203125 0.1371351851851852 0.02228125 0.03908518518518519
0 0.3630645833333333 0.4912708333333333 0.0125875 0.03624537037037037
0 0.252365625 0.5044976851851851 0.00785625 0.023810185185185184
0 0.7699200520833334 0.010055555555555555 0.014840104166666666 0.02011111111111111
1 0.49973958333333335 0.5365740740740741 0.9994791666666667 0.925
0 0.5354166666666667 0.22777777777777777 0.017708333333333333 0.037037037037037035
0 0.48489583333333336 0.16944444444444445 0.014583333333333334 0.05185185185185185
0 0.7575520833333333 0.28703703703703703 0.013020833333333334 0.024074074074074074
0 0.69375 0.48009259259259257 0.011458333333333333 0.03796296296296296
0 0.75546875 0.1875 0.015104166666666667 0.026851851851851852
0 0.7268229166666667 0.8101851851851852 0.0203125 0.04259259259259259
0 0.3651041666666667 0.5425925925925926 0.013541666666666667 0.03518518518518519
0 0.25494791666666666 0.5564814814814815 0.008854166666666666 0.022222222222222223
0 0.8296875 0.9574074074074074 0.027083333333333334 0.040740740740740744
0 0.8067708333333333 0.9296296296296296 0.015625 0.040740740740740744
1 0.5 0.46087685185185184 1.0 0.9217537037037037
0 0.4672953125 0.7731050925925925 0.017923958333333333 0.03695092592592592
0 0.5183916666666667 0.8304222222222222 0.014908333333333332 0.051585185185185185
0 0.24451197916666667 0.721286574074074 0.012982291666666666 0.024054629629629627
0 0.3063671875 0.5263777777777778 0.011692708333333333 0.03794074074074074
0 0.24765520833333332 0.8199458333333334 0.015102083333333332 0.0269287037037037
0 0.27000963541666667 0.19648703703703702 0.02022760416666667 0.042974074074074074
0 0.6344830729166666 0.45372546296296296 0.0137578125 0.0352287037037037
0 0.7446260416666667 0.4361175925925926 0.00904375 0.022235185185185184
0 0.16610729166666666 0.0530087962962963 0.02700625 0.04120277777777778
0 0.1891203125 0.07956203703703703 0.015740625 0.040605555555555554
1 0.5 0.4910916666666667 1.0 0.9821833333333334
0 0.5563677083333334 0.7603273148148149 0.01586041666666667 0.0373212962962963
0 0.5107721354166667 0.8304083333333333 0.012169270833333332 0.05340925925925926
0 0.77169609375 0.6466944444444443 0.013183854166666667 0.02487037037037037
0 0.6942377604166666 0.47071296296296294 0.012433854166666668 0.037722222222222226
0 0.7772703125 0.7468217592592593 0.014957291666666667 0.026976851851851853
0 0.700203125 0.1371351851851852 0.02228125 0.03908518518518519
0 0.3630645833333333 0.4912708333333333 0.0125875 0.03624537037037037
0 0.252365625 0.5044976851851851 0.00785625 0.023810185185185184
0 0.7699200520833334 0.010055555555555555 0.014840104166666666 0.02011111111111111
1 0.49973958333333335 0.5365740740740741 0.9994791666666667 0.925
0 0.5354166666666667 0.22777777777777777 0.017708333333333333 0.037037037037037035
0 0.48489583333333336 0.16944444444444445 0.014583333333333334 0.05185185185185185
0 0.7575520833333333 0.28703703703703703 0.013020833333333334 0.024074074074074074
0 0.69375 0.48009259259259257 0.011458333333333333 0.03796296296296296
0 0.75546875 0.1875 0.015104166666666667 0.026851851851851852
0 0.7268229166666667 0.8101851851851852 0.0203125 0.04259259259259259
0 0.3651041666666667 0.5425925925925926 0.013541666666666667 0.03518518518518519
0 0.25494791666666666 0.5564814814814815 0.008854166666666666 0.022222222222222223
0 0.8296875 0.9574074074074074 0.027083333333333334 0.040740740740740744
0 0.8067708333333333 0.9296296296296296 0.015625 0.040740740740740744
