1 0.49973958333333335 0.5375 0.9994791666666667 0.925
0 0.32057291666666665 0.1425925925925926 0.008854166666666666 0.022222222222222223
0 0.36223958333333334 0.13564814814814816 0.0203125 0.028703703703703703
0 0.40390625 0.09444444444444444 0.022395833333333334 0.03888888888888889
0 0.19244791666666666 0.3402777777777778 0.018229166666666668 0.04537037037037037
0 0.18697916666666667 0.43842592592592594 0.013541666666666667 0.03425925925925926
0 0.13411458333333334 0.5879629629629629 0.011979166666666667 0.02962962962962963
0 0.017447916666666667 0.5986111111111111 0.008854166666666666 0.021296296296296296
0 0.49765625 0.3490740740740741 0.011979166666666667 0.024074074074074074
0 0.5127604166666667 0.41064814814814815 0.0067708333333333336 0.026851851851851852
0 0.7236979166666667 0.7916666666666666 0.021354166666666667 0.02962962962962963
0 0.8044270833333333 0.7976851851851852 0.0171875 0.025
0 0.6588541666666666 0.8606481481481482 0.011458333333333333 0.013888888888888888
0 0.6505208333333333 0.8435185185185186 0.008333333333333333 0.014814814814814815
0 0.7588541666666667 0.7689814814814815 0.016666666666666666 0.028703703703703703
0 0.76015625 0.725462962962963 0.016145833333333335 0.032407407407407406
0 0.8994791666666667 0.45416666666666666 0.0125 0.030555555555555555
0 0.7231770833333333 0.37037037037037035 0.011979166666666667 0.027777777777777776
0 0.7526041666666666 0.32731481481481484 0.009375 0.019444444444444445
0 0.7171875 0.20925925925925926 0.011458333333333333 0.009259259259259259
0 0.49921875 0.2675925925925926 0.0078125 0.014814814814814815
0 0.15130208333333334 0.2972222222222222 0.0036458333333333334 0.014814814814814815
0 0.15494791666666666 0.3175925925925926 0.008854166666666666 0.018518518518518517
0 0.8286458333333333 0.5782407407407407 0.00625 0.019444444444444445
0 0.5953125 0.5296296296296297 0.008333333333333333 0.027777777777777776
0 0.61953125 0.6476851851851851 0.016145833333333335 0.03611111111111111
0 0.74609375 0.5569444444444445 0.0109375 0.019444444444444445
0 0.86328125 0.6111111111111112 0.0067708333333333336 0.012962962962962963
0 0.8692708333333333 0.41574074074074074 0.008333333333333333 0.03148148148148148
0 0.6169270833333333 0.1837962962962963 0.0067708333333333336 0.030555555555555555
0 0.8268229166666666 0.3662037037037037 0.016145833333333335 0.010185185185185186
0 0.7807291666666667 0.45740740740740743 0.010416666666666666 0.012962962962962963
0 0.8955729166666667 0.35509259259259257 0.0078125 0.021296296296296296
0 0.890625 0.637962962962963 0.003125 0.016666666666666666
0 0.7671875 0.700462962962963 0.010416666666666666 0.019444444444444445
0 0.1734375 0.9412037037037037 0.015625 0.013888888888888888
0 0.1015625 0.5935185185185186 0.00625 0.011111111111111112
0 0.43046875 0.5152777777777777 0.0046875 0.021296296296296296
0 0.8083333333333333 0.4810185185185185 0.007291666666666667 0.013888888888888888
0 0.82421875 0.6305555555555555 0.0046875 0.007407407407407408
0 0.840625 0.6472222222222223 0.00625 0.012962962962962963
0 0.8135416666666667 0.7453703703703703 0.00625 0.011111111111111112
0 0.7719307291666666 0.31808842592592595 0.009486458333333333 0.019510185185185186
1 0.5 0.4629898148148148 1.0 0.9259796296296297
0 0.6931153645833333 0.8341902777777779 0.008105729166666667 0.02208425925925926
0 0.65174375 0.8461537037037037 0.020154166666666664 0.029344444444444444
0 0.6114552083333333 0.8924912037037037 0.02186875 0.04053796296296296
0 0.8129744791666667 0.6206166666666666 0.01865729166666667 0.04493703703703703
0 0.8148575520833333 0.5227305555555556 0.014090104166666667 0.03435
0 0.86168046875 0.3663722222222222 0.011902604166666667 0.029040740740740742
0 0.9776236979166666 0.3421680555555555 0.009414062499999999 0.021373148148148148
0 0.5080401041666667 0.6499060185185185 0.011913541666666666 0.02388611111111111
0 0.4909989583333333 0.5910740740740741 0.006997916666666667 0.02659259259259259
0 0.26537499999999997 0.23632268518518518 0.021374999999999998 0.028200925925925928
0 0.18452369791666667 0.24002129629629632 0.016964062499999998 0.02448703703703704
0 0.3272145833333333 0.16022407407407407 0.011720833333333335 0.01304074074074074
0 0.3361635416666667 0.17587546296296297 0.008785416666666665 0.01471388888888889
0 0.231084375 0.2640046296296296 0.016335416666666668 0.029861111111111113
0 0.23174505208333332 0.30745416666666664 0.016615104166666665 0.03342685185185185
0 0.10280703125 0.5954407407407407 0.012905729166666666 0.02977037037037037
0 0.28222864583333335 0.6569967592592593 0.011332291666666666 0.02880833333333333
0 0.2549484375 0.703949074074074 0.009896875 0.01900925925925926
0 0.29481406250000003 0.816849074074074 0.011503125 0.009624074074074075
0 0.5098075520833334 0.7323569444444444 0.008156770833333334 0.01471388888888889
0 0.8561486979166666 0.6591444444444444 0.0039640625 0.014585185185185185
0 0.8515455729166667 0.639437037037037 0.009341145833333333 0.017762962962962963
0 0.16905781250000002 0.46279907407407406 0.005823958333333334 0.020042592592592594
0 0.4033940104166666 0.4825027777777777 0.0078296875 0.027968518518518518
0 0.37525338541666664 0.3680115740740741 0.016131770833333333 0.03602314814814815
0 0.25222135416666663 0.47381342592592596 0.010692708333333334 0.019849074074074075
0 0.13317369791666667 0.4342435185185185 0.006972395833333334 0.012931481481481481
0 0.13492864583333333 0.6298171296296297 0.0073572916666666665 0.031856481481481486
0 0.3957098958333333 0.8298291666666667 0.007044791666666666 0.0300287037037037
0 0.17888645833333333 0.6743092592592593 0.01610625 0.01158148148148148
0 0.22173515624999998 0.5771268518518519 0.010136979166666667 0.013512962962962963
0 0.11090364583333333 0.6939231481481482 0.008265625 0.021179629629629628
0 0.10484713541666667 0.41109074074074076 0.0034442708333333335 0.016625925925925926
0 0.22554453125 0.3330726851851852 0.010464062500000001 0.019849074074074075
0 0.8084052083333333 0.019610648148148148 0.01576875 0.015147222222222223
0 0.8939059895833333 0.3575875 0.0065619791666666665 0.011471296296296295
0 0.5688289062499999 0.47639537037037033 0.005366145833333334 0.021309259259259257
0 0.19298411458333334 0.557250462962963 0.0068015624999999994 0.014500925925925926
0 0.17123333333333332 0.4102731481481482 0.004966666666666666 0.0075833333333333326
0 0.15455260416666666 0.39535462962962964 0.005980208333333333 0.012931481481481481
0 0.17759661458333334 0.2937634259259259 0.006234895833333334 0.011600925925925926
0 0.23550234374999998 0.7163398148148149 0.009546354166666667 0.019716666666666667
1 0.5 0.47077638888888884 1.0 0.9415527777777777
0 0.6687559895833334 0.8731814814814814 0.009386979166666667 0.02228888888888889
0 0.6268499999999999 0.8764175925925926 0.020366666666666665 0.028761111111111112
0 0.5842890625 0.9134018518518519 0.022744791666666667 0.03791481481481482
0 0.8021541666666666 0.6885162037037037 0.017849999999999998 0.045550925925925925
0 0.8108026041666666 0.5902060185185185 0.014313541666666667 0.03411574074074074
0 0.8680559895833333 0.4464699074074074 0.012153645833333334 0.029976851851851852
0 0.98517734375 0.4466962962962963 0.008896354166666667 0.02117037037037037
0 0.49777083333333333 0.6509578703703703 0.012208333333333333 0.024137962962962962
0 0.48482161458333334 0.5884800925925926 0.007143229166666667 0.026960185185185188
0 0.28530520833333334 0.1884513888888889 0.021652083333333336 0.03060648148148148
0 0.20448333333333332 0.17468935185185186 0.0173 0.025304629629629632
0 0.35206197916666665 0.12489074074074075 0.011415625 0.014596296296296296
0 0.35982187499999996 0.14280046296296298 0.008185416666666665 0.015230555555555556
0 0.24915130208333333 0.2072638888888889 0.017052604166666666 0.029342592592592594
0 0.24641276041666668 0.2509546296296296 0.0157421875 0.03153888888888889
0 0.09982786458333333 0.5081157407407407 0.012155729166666665 0.031046296296296298
0 0.2734005208333333 0.6088282407407407 0.012426041666666667 0.02691574074074074
0 0.24249739583333335 0.6487430555555556 0.008953125000000001 0.019708333333333335
0 0.27444401041666666 0.7702185185185185 0.011388020833333333 0.008955555555555557
0 0.49386874999999997 0.731786111111111 0.007529166666666667 0.015424074074074074
0 0.8425135416666667 0.7352476851851851 0.0037770833333333332 0.014939814814814815
0 0.8391260416666667 0.7141425925925926 0.008460416666666666 0.019025925925925925
0 0.17417213541666668 0.39094814814814816 0.006677604166666667 0.018933333333333333
0 0.40594140625 0.46099537037037036 0.0087578125 0.027546296296296298
0 0.38470624999999997 0.34139722222222224 0.0162875 0.03649814814814815
0 0.25606380208333335 0.420650462962963 0.0110859375 0.019078703703703705
0 0.140278125 0.35462083333333333 0.006597916666666666 0.012945370370370371
0 0.12904895833333332 0.5498087962962963 0.009139583333333333 0.031099074074074078
0 0.37358411458333335 0.8052412037037037 0.006543229166666667 0.030852777777777778
0 0.1695203125 0.6022592592592593 0.016123958333333334 0.010074074074074076
0 0.21831744791666666 0.5164398148148148 0.010593229166666666 0.01250925925925926
0 0.10074869791666667 0.608049537037037 0.0077473958333333336 0.02165462962962963
0 0.11377109375 0.32591435185185186 0.0035838541666666666 0.01664351851851852
0 0.239028125 0.2743541666666667 0.010347916666666667 0.019078703703703705
0 0.8390927083333334 0.09019351851851852 0.015685416666666667 0.01372037037037037
0 0.9005302083333333 0.4436319444444444 0.00626875 0.011337962962962963
0 0.5697187499999999 0.4911648148148148 0.0050625 0.02121851851851852
0 0.19131796874999998 0.49014722222222223 0.0076359374999999995 0.013627777777777779
0 0.1798356770833333 0.3391018518518519 0.004463020833333334 0.007833333333333335
0 0.16415364583333333 0.3212875 0.006432291666666667 0.012945370370370371
0 0.19426666666666667 0.22586990740740742 0.006241666666666667 0.010999074074074074
0 0.22301458333333332 0.6568935185185185 0.009570833333333334 0.019342592592592592
1 0.49973958333333335 0.5375 0.9994791666666667 0.925
0 0.32057291666666665 0.1425925925925926 0.008854166666666666 0.022222222222222223
0 0.36223958333333334 0.13564814814814816 0.0203125 0.028703703703703703
0 0.40390625 0.09444444444444444 0.022395833333333334 0.03888888888888889
0 0.19244791666666666 0.3402777777777778 0.018229166666666668 0.04537037037037037
0 0.18697916666666667 0.43842592592592594 0.013541666666666667 0.03425925925925926
0 0.13411458333333334 0.5879629629629629 0.011979166666666667 0.02962962962962963
0 0.017447916666666667 0.5986111111111111 0.008854166666666666 0.021296296296296296
0 0.49765625 0.3490740740740741 0.011979166666666667 0.024074074074074074
0 0.5127604166666667 0.41064814814814815 0.0067708333333333336 0.026851851851851852
0 0.7236979166666667 0.7916666666666666 0.021354166666666667 0.02962962962962963
0 0.8044270833333333 0.7976851851851852 0.0171875 0.025
0 0.6588541666666666 0.8606481481481482 0.011458333333333333 0.013888888888888888
0 0.6505208333333333 0.8435185185185186 0.008333333333333333 0.014814814814814815
0 0.7588541666666667 0.7689814814814815 0.016666666666666666 0.028703703703703703
0 0.76015625 0.725462962962963 0.016145833333333335 0.032407407407407406
0 0.8994791666666667 0.45416666666666666 0.0125 0.030555555555555555
0 0.7231770833333333 0.37037037037037035 0.011979166666666667 0.027777777777777776
0 0.7526041666666666 0.32731481481481484 0.009375 0.019444444444444445
0 0.7171875 0.20925925925925926 0.011458333333333333 0.009259259259259259
0 0.49921875 0.2675925925925926 0.0078125 0.014814814814814815
0 0.15130208333333334 0.2972222222222222 0.0036458333333333334 0.014814814814814815
0 0.15494791666666666 0.3175925925925926 0.008854166666666666 0.018518518518518517
0 0.8286458333333333 0.5782407407407407 0.00625 0.019444444444444445
0 0.5953125 0.5296296296296297 0.008333333333333333 0.027777777777777776
0 0.61953125 0.6476851851851851 0.016145833333333335 0.03611111111111111
0 0.74609375 0.5569444444444445 0.0109375 0.019444444444444445
0 0.86328125 0.6111111111111112 0.0067708333333333336 0.012962962962962963
0 0.8692708333333333 0.41574074074074074 0.008333333333333333 0.03148148148148148
0 0.6169270833333333 0.1837962962962963 0.0067708333333333336 0.030555555555555555
0 0.8268229166666666 0.3662037037037037 0.016145833333333335 0.010185185185185186
0 0.7807291666666667 0.45740740740740743 0.010416666666666666 0.012962962962962963
0 0.8955729166666667 0.35509259259259257 0.0078125 0.021296296296296296
0 0.890625 0.637962962962963 0.003125 0.016666666666666666
0 0.7671875 0.700462962962963 0.010416666666666666 0.019444444444444445
0 0.1734375 0.9412037037037037 0.015625 0.013888888888888888
0 0.1015625 0.5935185185185186 0.00625 0.011111111111111112
0 0.43046875 0.5152777777777777 0.0046875 0.021296296296296296
0 0.8083333333333333 0.4810185185185185 0.007291666666666667 0.013888888888888888
0 0.82421875 0.6305555555555555 0.0046875 0.007407407407407408
0 0.840625 0.6472222222222223 0.00625 0.012962962962962963
0 0.8135416666666667 0.7453703703703703 0.00625 0.011111111111111112
0 0.7719307291666666 0.31808842592592595 0.009486458333333333 0.019510185185185186
1 0.5 0.4629898148148148 1.0 0.9259796296296297
0 0.6931153645833333 0.8341902777777779 0.008105729166666667 0.02208425925925926
0 0.65174375 0.8461537037037037 0.020154166666666664 0.029344444444444444
0 0.6114552083333333 0.8924912037037037 0.02186875 0.04053796296296296
0 0.8129744791666667 0.6206166666666666 0.01865729166666667 0.04493703703703703
0 0.8148575520833333 0.5227305555555556 0.014090104166666667 0.03435
0 0.86168046875 0.3663722222222222 0.011902604166666667 0.029040740740740742
0 0.9776236979166666 0.3421680555555555 0.009414062499999999 0.021373148148148148
0 0.5080401041666667 0.6499060185185185 0.011913541666666666 0.02388611111111111
0 0.4909989583333333 0.5910740740740741 0.006997916666666667 0.02659259259259259
0 0.26537499999999997 0.23632268518518518 0.021374999999999998 0.028200925925925928
0 0.18452369791666667 0.24002129629629632 0.016964062499999998 0.02448703703703704
0 0.3272145833333333 0.16022407407407407 0.011720833333333335 0.01304074074074074
0 0.3361635416666667 0.17587546296296297 0.008785416666666665 0.01471388888888889
0 0.231084375 0.2640046296296296 0.016335416666666668 0.029861111111111113
0 0.23174505208333332 0.30745416666666664 0.016615104166666665 0.03342685185185185
0 0.10280703125 0.5954407407407407 0.012905729166666666 0.02977037037037037
0 0.28222864583333335 0.6569967592592593 0.011332291666666666 0.02880833333333333
0 0.2549484375 0.703949074074074 0.009896875 0.01900925925925926
0 0.29481406250000003 0.816849074074074 0.011503125 0.009624074074074075
0 0.5098075520833334 0.7323569444444444 0.008156770833333334 0.01471388888888889
0 0.8561486979166666 0.6591444444444444 0.0039640625 0.014585185185185185
0 0.8515455729166667 0.639437037037037 0.009341145833333333 0.017762962962962963
0 0.16905781250000002 0.46279907407407406 0.005823958333333334 0.020042592592592594
0 0.4033940104166666 0.4825027777777777 0.0078296875 0.027968518518518518
0 0.37525338541666664 0.3680115740740741 0.016131770833333333 0.03602314814814815
0 0.25222135416666663 0.47381342592592596 0.010692708333333334 0.019849074074074075
0 0.13317369791666667 0.4342435185185185 0.006972395833333334 0.012931481481481481
0 0.13492864583333333 0.6298171296296297 0.0073572916666666665 0.031856481481481486
0 0.3957098958333333 0.8298291666666667 0.007044791666666666 0.0300287037037037
0 0.17888645833333333 0.6743092592592593 0.01610625 0.01158148148148148
0 0.22173515624999998 0.5771268518518519 0.010136979166666667 0.013512962962962963
0 0.11090364583333333 0.6939231481481482 0.008265625 0.021179629629629628
0 0.10484713541666667 0.41109074074074076 0.0034442708333333335 0.016625925925925926
0 0.22554453125 0.3330726851851852 0.010464062500000001 0.019849074074074075
0 0.8084052083333333 0.019610648148148148 0.01576875 0.015147222222222223
0 0.8939059895833333 0.3575875 0.0065619791666666665 0.011471296296296295
0 0.5688289062499999 0.47639537037037033 0.005366145833333334 0.021309259259259257
0 0.19298411458333334 0.557250462962963 0.0068015624999999994 0.014500925925925926
0 0.17123333333333332 0.4102731481481482 0.004966666666666666 0.0075833333333333326
0 0.15455260416666666 0.39535462962962964 0.005980208333333333 0.012931481481481481
0 0.17759661458333334 0.2937634259259259 0.006234895833333334 0.011600925925925926
0 0.23550234374999998 0.7163398148148149 0.009546354166666667 0.019716666666666667
1 0.5 0.47077638888888884 1.0 0.9415527777777777
0 0.6687559895833334 0.8731814814814814 0.009386979166666667 0.02228888888888889
0 0.6268499999999999 0.8764175925925926 0.020366666666666665 0.028761111111111112
0 0.5842890625 0.9134018518518519 0.022744791666666667 0.03791481481481482
0 0.8021541666666666 0.6885162037037037 0.017849999999999998 0.045550925925925925
0 0.8108026041666666 0.5902060185185185 0.014313541666666667 0.03411574074074074
0 0.8680559895833333 0.4464699074074074 0.012153645833333334 0.029976851851851852
0 0.98517734375 0.4466962962962963 0.008896354166666667 0.02117037037037037
0 0.49777083333333333 0.6509578703703703 0.012208333333333333 0.024137962962962962
0 0.48482161458333334 0.5884800925925926 0.007143229166666667 0.026960185185185188
0 0.28530520833333334 0.1884513888888889 0.021652083333333336 0.03060648148148148
0 0.20448333333333332 0.17468935185185186 0.0173 0.025304629629629632
0 0.35206197916666665 0.12489074074074075 0.011415625 0.014596296296296296
0 0.35982187499999996 0.14280046296296298 0.008185416666666665 0.015230555555555556
0 0.24915130208333333 0.2072638888888889 0.017052604166666666 0.029342592592592594
0 0.24641276041666668 0.2509546296296296 0.0157421875 0.03153888888888889
0 0.09982786458333333 0.5081157407407407 0.012155729166666665 0.031046296296296298
0 0.2734005208333333 0.6088282407407407 0.012426041666666667 0.02691574074074074
0 0.24249739583333335 0.6487430555555556 0.008953125000000001 0.019708333333333335
0 0.27444401041666666 0.7702185185185185 0.011388020833333333 0.008955555555555557
0 0.49386874999999997 0.731786111111111 0.007529166666666667 0.015424074074074074
0 0.8425135416666667 0.7352476851851851 0.0037770833333333332 0.014939814814814815
0 0.8391260416666667 0.7141425925925926 0.008460416666666666 0.019025925925925925
0 0.17417213541666668 0.39094814814814816 0.006677604166666667 0.018933333333333333
0 0.40594140625 0.46099537037037036 0.0087578125 0.027546296296296298
0 0.38470624999999997 0.34139722222222224 0.0162875 0.03649814814814815
0 0.25606380208333335 0.420650462962963 0.0110859375 0.019078703703703705
0 0.140278125 0.35462083333333333 0.006597916666666666 0.012945370370370371
0 0.12904895833333332 0.5498087962962963 0.009139583333333333 0.031099074074074078
0 0.37358411458333335 0.8052412037037037 0.006543229166666667 0.030852777777777778
0 0.1695203125 0.6022592592592593 0.016123958333333334 0.010074074074074076
0 0.21831744791666666 0.5164398148148148 0.010593229166666666 0.01250925925925926
0 0.10074869791666667 0.608049537037037 0.0077473958333333336 0.02165462962962963
0 0.11377109375 0.32591435185185186 0.0035838541666666666 0.01664351851851852
0 0.239028125 0.2743541666666667 0.010347916666666667 0.019078703703703705
0 0.8390927083333334 0.09019351851851852 0.015685416666666667 0.01372037037037037
0 0.9005302083333333 0.4436319444444444 0.00626875 0.011337962962962963
0 0.5697187499999999 0.4911648148148148 0.0050625 0.02121851851851852
0 0.19131796874999998 0.49014722222222223 0.0076359374999999995 0.013627777777777779
0 0.1798356770833333 0.3391018518518519 0.004463020833333334 0.007833333333333335
0 0.16415364583333333 0.3212875 0.006432291666666667 0.012945370370370371
0 0.19426666666666667 0.22586990740740742 0.006241666666666667 0.010999074074074074
0 0.22301458333333332 0.6568935185185185 0.009570833333333334 0.019342592592592592
