1 0.4799614583333333 0.4057587962962963 0.9599229166666666 0.8115175925925926
0 0.86557265625 0.6010842592592593 0.016561979166666668 0.05216851851851852
0 0.5913729166666666 0.7244560185185185 0.0087875 0.011875
0 0.5624515625 0.776075462962963 0.025944791666666668 0.06511388888888889
0 0.56821953125 0.7605532407407408 0.012480729166666668 0.032217592592592596
0 0.5281911458333333 0.6508069444444444 0.042840625 0.07013240740740741
0 0.5180281250000001 0.5898615740740741 0.03293125 0.07601944444444445
0 0.5260416666666666 0.581925925925926 0.019791666666666666 0.026814814814814816
0 0.5079828125 0.6042555555555555 0.011798958333333333 0.0474
0 0.5350408854166666 0.4861240740740741 0.007581770833333334 0.016692592592592592
0 0.5053908854166667 0.5393259259259259 0.010781770833333334 0.03791111111111111
0 0.47851484375000003 0.48007916666666667 0.0101546875 0.019417592592592594
0 0.49361875000000005 0.5440837962962963 0.009112499999999999 0.030760185185185182
0 0.44933229166666666 0.5729199074074074 0.010122916666666667 0.049543518518518515
0 0.40703802083333335 0.5122717592592593 0.009909375 0.011580555555555556
0 0.4437744791666667 0.43230555555555555 0.004215625 0.007203703703703704
0 0.43889505208333335 0.45896157407407406 0.0038317708333333333 0.0068120370370370375
0 0.29888333333333333 0.47223194444444444 0.027975000000000003 0.0592787037037037
0 0.31276484375 0.4799069444444444 0.011988020833333333 0.022776851851851854
0 0.2973596354166667 0.5443541666666667 0.0113859375 0.02574537037037037
0 0.2730807291666667 0.5763541666666666 0.018036458333333335 0.05085648148148148
0 0.29791093750000003 0.7115643518518519 0.008321875 0.013869444444444443
0 0.26898671875 0.712500925925926 0.012973437499999999 0.03426111111111111
0 0.243315625 0.7398379629629629 0.011631250000000001 0.03708333333333333
0 0.27762265625 0.3934425925925926 0.014620312500000001 0.03688518518518518
0 0.1806109375 0.3319930555555556 0.013305208333333334 0.032504629629629626
0 0.16720625 0.39458472222222224 0.0125375 0.042873148148148146
0 0.30495520833333334 0.010799537037037038 0.015118749999999999 0.021599074074074076
0 0.32119583333333335 0.003836111111111111 0.009058333333333333 0.007672222222222222
0 0.13928880208333333 0.2469652777777778 0.009827604166666667 0.01800462962962963
0 0.03861848958333333 0.06556111111111111 0.0074453125 0.014455555555555555
0 0.14011354166666665 0.07148148148148148 0.00626875 0.013333333333333334
0 0.02062109375 0.11150972222222222 0.007908854166666666 0.023019444444444447
0 0.015676041666666665 0.1500152777777778 0.005310416666666666 0.012993518518518519
0 0.01048046875 0.2255134259259259 0.006377604166666666 0.032508333333333334
0 0.027666927083333334 0.30580601851851846 0.0199171875 0.10050092592592592
0 0.030609114583333333 0.2743402777777778 0.014343229166666667 0.0394212962962963
0 0.021621875000000002 0.34608657407407406 0.007827083333333333 0.019950925925925928
0 0.05548880208333333 0.3870180555555555 0.008894270833333334 0.027739814814814814
0 0.02451171875 0.37093657407407404 0.010481770833333333 0.028910185185185185
0 0.04710494791666667 0.4347074074074074 0.0046265625 0.021266666666666666
0 0.025350520833333334 0.4235023148148148 0.007992708333333333 0.017375
0 0.01024453125 0.46939722222222224 0.009030729166666666 0.033238888888888894
0 0.03427552083333333 0.49431435185185185 0.0039677083333333335 0.012702777777777776
0 0.06038645833333334 0.5193907407407408 0.0041062500000000005 0.0073
0 0.0606171875 0.5784236111111111 0.0076927083333333335 0.016106481481481482
0 0.03579375 0.5700800925925926 0.0090875 0.030900925925925922
0 0.09034713541666667 0.6160958333333334 0.005694270833333333 0.015524999999999999
0 0.06929401041666666 0.6030203703703704 0.0052546875 0.015300000000000001
0 0.06722473958333335 0.6634888888888889 0.0052828125 0.014014814814814813
1 0.4782182291666667 0.4053425925925926 0.9564364583333334 0.8106851851851852
0 0.8671726562500001 0.5778384259259259 0.016636979166666666 0.05197314814814815
0 0.59556328125 0.7180305555555555 0.008834895833333333 0.011987037037037037
0 0.56769609375 0.7722819444444444 0.024975520833333334 0.06493425925925926
0 0.5732625 0.7569175925925926 0.01215 0.032353703703703704
0 0.5312786458333333 0.6484277777777778 0.042765625 0.07092962962962963
0 0.5195559895833334 0.589225 0.032861979166666666 0.07659814814814815
0 0.5276072916666666 0.5810166666666667 0.01979791666666667 0.026848148148148145
0 0.5096072916666666 0.6032773148148148 0.011922916666666667 0.04729537037037037
0 0.5344244791666667 0.48426620370370377 0.007390625 0.016680555555555556
0 0.5061388020833334 0.5384231481481481 0.010194270833333333 0.037957407407407405
0 0.477909375 0.48101712962962967 0.009985416666666667 0.019441666666666666
0 0.4944020833333333 0.5443287037037037 0.008595833333333334 0.03125
0 0.4504734375 0.5767833333333334 0.009280208333333335 0.04986296296296296
0 0.40755598958333333 0.5185986111111112 0.009903645833333334 0.011271296296296297
0 0.4421963541666667 0.43607824074074075 0.004184375000000001 0.007341666666666667
0 0.43831276041666667 0.4625560185185185 0.0037088541666666667 0.0065935185185185185
0 0.2982432291666666 0.4845800925925926 0.02773645833333333 0.05990092592592593
0 0.31259010416666666 0.4920712962962963 0.011638541666666667 0.02303148148148148
0 0.2982533854166666 0.5564550925925926 0.011090104166666667 0.02587314814814815
0 0.27488359375 0.5902740740740741 0.01747552083333333 0.050918518518518516
0 0.3026036458333333 0.7236101851851852 0.008332291666666667 0.013887037037037036
0 0.2729973958333333 0.7263944444444445 0.012661458333333332 0.03427037037037037
0 0.24829453125 0.7555689814814814 0.011172395833333333 0.03706388888888889
0 0.2757028645833334 0.40707916666666666 0.014947395833333333 0.036380555555555555
0 0.1780875 0.3520273148148148 0.013466666666666667 0.031832407407407406
0 0.16511223958333332 0.4157939814814815 0.012516145833333332 0.04269907407407408
0 0.29711302083333335 0.017108796296296296 0.018184375 0.03421759259259259
0 0.3127872395833334 0.007462962962962962 0.004741145833333333 0.011222222222222222
0 0.31143932291666665 0.010655092592592593 0.009336979166666667 0.017606481481481483
0 0.13410468749999999 0.2699787037037037 0.009876041666666667 0.017735185185185184
0 0.03023515625 0.09438657407407407 0.0073453125 0.014699074074074074
0 0.13229583333333333 0.09450787037037037 0.006258333333333334 0.013089814814814815
0 0.013124739583333333 0.14211157407407407 0.0074994791666666664 0.023112037037037035
0 0.008871875 0.1805625 0.00524375 0.012976851851851852
0 0.005751302083333334 0.25604027777777777 0.006294270833333334 0.032450925925925925
0 0.02415572916666667 0.334975462962963 0.018103125 0.1014324074074074
0 0.02635104166666667 0.30318101851851853 0.014160416666666667 0.039695370370370374
0 0.01884036458333333 0.37647638888888885 0.0074723958333333335 0.019619444444444443
0 0.053740625 0.41481250000000003 0.008522916666666666 0.027773148148148148
0 0.022234635416666666 0.3998847222222222 0.010094270833333334 0.029399074074074074
0 0.046084375 0.46342407407407404 0.00466875 0.021292592592592592
0 0.02425 0.4532069444444445 0.007875 0.017525
0 0.01001328125 0.4999893518518519 0.008568229166666667 0.033312037037037036
0 0.03416875 0.5231069444444445 0.003754166666666667 0.012880555555555555
0 0.060928125 0.5462796296296296 0.004147916666666667 0.0073740740740740746
0 0.06222083333333333 0.6051560185185185 0.007775000000000001 0.015867592592592593
0 0.0372796875 0.5986736111111111 0.008934375 0.030680555555555555
0 0.09296380208333334 0.6411703703703704 0.005719270833333333 0.015674074074074076
0 0.07204661458333333 0.6297046296296297 0.0055515625 0.014964814814814814
0 0.07032578125 0.690300925925926 0.005234895833333334 0.013935185185185186
1 0.521875 0.5930555555555556 0.9552083333333333 0.812037037037037
0 0.13229166666666667 0.43333333333333335 0.016666666666666666 0.05185185185185185
0 0.40234375 0.2847222222222222 0.008854166666666666 0.012037037037037037
0 0.42942708333333335 0.23055555555555557 0.024479166666666666 0.06481481481481481
0 0.42421875 0.24583333333333332 0.011979166666666667 0.032407407407407406
0 0.4671875 0.3523148148148148 0.042708333333333334 0.0712962962962963
0 0.47942708333333334 0.4115740740740741 0.0328125 0.07685185185185185
0 0.471875 0.4199074074074074 0.019791666666666666 0.026851851851851852
0 0.48932291666666666 0.39675925925925926 0.011979166666666667 0.04722222222222222
0 0.465625 0.5166666666666667 0.007291666666666667 0.016666666666666666
0 0.4934895833333333 0.4615740740740741 0.009895833333333333 0.03796296296296296
0 0.5221354166666666 0.5180555555555556 0.009895833333333333 0.019444444444444445
0 0.5052083333333334 0.45555555555555555 0.008333333333333333 0.03148148148148148
0 0.5486979166666667 0.4222222222222222 0.008854166666666666 0.05
0 0.5924479166666666 0.4787037037037037 0.009895833333333333 0.011111111111111112
0 0.5583333333333333 0.562037037037037 0.004166666666666667 0.007407407407407408
0 0.5622395833333333 0.5356481481481481 0.0036458333333333334 0.006481481481481481
0 0.7018229166666666 0.5097222222222222 0.027604166666666666 0.06018518518518518
0 0.6875 0.5023148148148148 0.011458333333333333 0.023148148148148147
0 0.7013020833333333 0.43703703703703706 0.0109375 0.025925925925925925
0 0.72421875 0.4023148148148148 0.0171875 0.05092592592592592
0 0.6953125 0.26990740740740743 0.008333333333333333 0.013888888888888888
0 0.7244791666666667 0.2662037037037037 0.0125 0.03425925925925926
0 0.74921875 0.23703703703703705 0.0109375 0.037037037037037035
0 0.7252604166666666 0.5856481481481481 0.015104166666666667 0.03611111111111111
0 0.8234375 0.637962962962963 0.013541666666666667 0.03148148148148148
0 0.8354166666666667 0.5740740740740741 0.0125 0.04259259259259259
0 0.7072916666666667 0.9791666666666666 0.01875 0.03981481481481482
0 0.6919270833333333 0.987037037037037 0.0046875 0.011111111111111112
0 0.6932291666666667 0.9837962962962963 0.009375 0.017592592592592594
0 0.86796875 0.7189814814814814 0.009895833333333333 0.017592592592592594
0 0.9734375 0.8907407407407407 0.007291666666666667 0.014814814814814815
0 0.871875 0.8944444444444445 0.00625 0.012962962962962963
0 0.9901041666666667 0.8430555555555556 0.007291666666666667 0.023148148148148147
0 0.9942708333333333 0.8046296296296296 0.005208333333333333 0.012962962962962963
0 0.9963541666666667 0.7282407407407407 0.00625 0.032407407407407406
0 0.97734375 0.65 0.0171875 0.10185185185185185
0 0.97578125 0.6819444444444445 0.0140625 0.03981481481481482
0 0.9822916666666667 0.6087962962962963 0.007291666666666667 0.019444444444444445
0 0.946875 0.5712962962962963 0.008333333333333333 0.027777777777777776
0 0.97890625 0.5851851851851851 0.009895833333333333 0.02962962962962963
0 0.9544270833333334 0.5226851851851851 0.0046875 0.021296296296296296
0 0.9763020833333333 0.5319444444444444 0.0078125 0.017592592592592594
0 0.9901041666666667 0.48518518518518516 0.008333333333333333 0.03333333333333333
0 0.9653645833333333 0.462037037037037 0.0036458333333333334 0.012962962962962963
0 0.9385416666666667 0.4398148148148148 0.004166666666666667 0.007407407407407408
0 0.93671875 0.38101851851851853 0.0078125 0.01574074074074074
0 0.96171875 0.38657407407407407 0.008854166666666666 0.030555555555555555
0 0.90546875 0.3458333333333333 0.005729166666666666 0.01574074074074074
0 0.9268072916666666 0.35739490740740737 0.005697916666666666 0.014789814814814815
0 0.9276041666666667 0.2967592592592593 0.005208333333333333 0.013888888888888888
1 0.4799614583333333 0.4057587962962963 0.9599229166666666 0.8115175925925926
0 0.86557265625 0.6010842592592593 0.016561979166666668 0.05216851851851852
0 0.5913729166666666 0.7244560185185185 0.0087875 0.011875
0 0.5624515625 0.776075462962963 0.025944791666666668 0.06511388888888889
0 0.56821953125 0.7605532407407408 0.012480729166666668 0.032217592592592596
0 0.5281911458333333 0.6508069444444444 0.042840625 0.07013240740740741
0 0.5180281250000001 0.5898615740740741 0.03293125 0.07601944444444445
0 0.5260416666666666 0.581925925925926 0.019791666666666666 0.026814814814814816
0 0.5079828125 0.6042555555555555 0.011798958333333333 0.0474
0 0.5350408854166666 0.4861240740740741 0.007581770833333334 0.016692592592592592
0 0.5053908854166667 0.5393259259259259 0.010781770833333334 0.03791111111111111
0 0.47851484375000003 0.48007916666666667 0.0101546875 0.019417592592592594
0 0.49361875000000005 0.5440837962962963 0.009112499999999999 0.030760185185185182
0 0.44933229166666666 0.5729199074074074 0.010122916666666667 0.049543518518518515
0 0.40703802083333335 0.5122717592592593 0.009909375 0.011580555555555556
0 0.4437744791666667 0.43230555555555555 0.004215625 0.007203703703703704
0 0.43889505208333335 0.45896157407407406 0.0038317708333333333 0.0068120370370370375
0 0.29888333333333333 0.47223194444444444 0.027975000000000003 0.0592787037037037
0 0.31276484375 0.4799069444444444 0.011988020833333333 0.022776851851851854
0 0.2973596354166667 0.5443541666666667 0.0113859375 0.02574537037037037
0 0.2730807291666667 0.5763541666666666 0.018036458333333335 0.05085648148148148
0 0.29791093750000003 0.7115643518518519 0.008321875 0.013869444444444443
0 0.26898671875 0.712500925925926 0.012973437499999999 0.03426111111111111
0 0.243315625 0.7398379629629629 0.011631250000000001 0.03708333333333333
0 0.27762265625 0.3934425925925926 0.014620312500000001 0.03688518518518518
0 0.1806109375 0.3319930555555556 0.013305208333333334 0.032504629629629626
0 0.16720625 0.39458472222222224 0.0125375 0.042873148148148146
0 0.30495520833333334 0.010799537037037038 0.015118749999999999 0.021599074074074076
0 0.32119583333333335 0.003836111111111111 0.009058333333333333 0.007672222222222222
0 0.13928880208333333 0.2469652777777778 0.009827604166666667 0.01800462962962963
0 0.03861848958333333 0.06556111111111111 0.0074453125 0.014455555555555555
0 0.14011354166666665 0.07148148148148148 0.00626875 0.013333333333333334
0 0.02062109375 0.11150972222222222 0.007908854166666666 0.023019444444444447
0 0.015676041666666665 0.1500152777777778 0.005310416666666666 0.012993518518518519
0 0.01048046875 0.2255134259259259 0.006377604166666666 0.032508333333333334
0 0.027666927083333334 0.30580601851851846 0.0199171875 0.10050092592592592
0 0.030609114583333333 0.2743402777777778 0.014343229166666667 0.0394212962962963
0 0.021621875000000002 0.34608657407407406 0.007827083333333333 0.019950925925925928
0 0.05548880208333333 0.3870180555555555 0.008894270833333334 0.027739814814814814
0 0.02451171875 0.37093657407407404 0.010481770833333333 0.028910185185185185
0 0.04710494791666667 0.4347074074074074 0.0046265625 0.021266666666666666
0 0.025350520833333334 0.4235023148148148 0.007992708333333333 0.017375
0 0.01024453125 0.46939722222222224 0.009030729166666666 0.033238888888888894
0 0.03427552083333333 0.49431435185185185 0.0039677083333333335 0.012702777777777776
0 0.06038645833333334 0.5193907407407408 0.0041062500000000005 0.0073
0 0.0606171875 0.5784236111111111 0.0076927083333333335 0.016106481481481482
0 0.03579375 0.5700800925925926 0.0090875 0.030900925925925922
0 0.09034713541666667 0.6160958333333334 0.005694270833333333 0.015524999999999999
0 0.06929401041666666 0.6030203703703704 0.0052546875 0.015300000000000001
0 0.06722473958333335 0.6634888888888889 0.0052828125 0.014014814814814813
1 0.4782182291666667 0.4053425925925926 0.9564364583333334 0.8106851851851852
0 0.8671726562500001 0.5778384259259259 0.016636979166666666 0.05197314814814815
0 0.59556328125 0.7180305555555555 0.008834895833333333 0.011987037037037037
0 0.56769609375 0.7722819444444444 0.024975520833333334 0.06493425925925926
0 0.5732625 0.7569175925925926 0.01215 0.032353703703703704
0 0.5312786458333333 0.6484277777777778 0.042765625 0.07092962962962963
0 0.5195559895833334 0.589225 0.032861979166666666 0.07659814814814815
0 0.5276072916666666 0.5810166666666667 0.01979791666666667 0.026848148148148145
0 0.5096072916666666 0.6032773148148148 0.011922916666666667 0.04729537037037037
0 0.5344244791666667 0.48426620370370377 0.007390625 0.016680555555555556
0 0.5061388020833334 0.5384231481481481 0.010194270833333333 0.037957407407407405
0 0.477909375 0.48101712962962967 0.009985416666666667 0.019441666666666666
0 0.4944020833333333 0.5443287037037037 0.008595833333333334 0.03125
0 0.4504734375 0.5767833333333334 0.009280208333333335 0.04986296296296296
0 0.40755598958333333 0.5185986111111112 0.009903645833333334 0.011271296296296297
0 0.4421963541666667 0.43607824074074075 0.004184375000000001 0.007341666666666667
0 0.43831276041666667 0.4625560185185185 0.0037088541666666667 0.0065935185185185185
0 0.2982432291666666 0.4845800925925926 0.02773645833333333 0.05990092592592593
0 0.31259010416666666 0.4920712962962963 0.011638541666666667 0.02303148148148148
0 0.2982533854166666 0.5564550925925926 0.011090104166666667 0.02587314814814815
0 0.27488359375 0.5902740740740741 0.01747552083333333 0.050918518518518516
0 0.3026036458333333 0.7236101851851852 0.008332291666666667 0.013887037037037036
0 0.2729973958333333 0.7263944444444445 0.012661458333333332 0.03427037037037037
0 0.24829453125 0.7555689814814814 0.011172395833333333 0.03706388888888889
0 0.2757028645833334 0.40707916666666666 0.014947395833333333 0.036380555555555555
0 0.1780875 0.3520273148148148 0.013466666666666667 0.031832407407407406
0 0.16511223958333332 0.4157939814814815 0.012516145833333332 0.04269907407407408
0 0.29711302083333335 0.017108796296296296 0.018184375 0.03421759259259259
0 0.3127872395833334 0.007462962962962962 0.004741145833333333 0.011222222222222222
0 0.31143932291666665 0.010655092592592593 0.009336979166666667 0.017606481481481483
0 0.13410468749999999 0.2699787037037037 0.009876041666666667 0.017735185185185184
0 0.03023515625 0.09438657407407407 0.0073453125 0.014699074074074074
0 0.13229583333333333 0.09450787037037037 0.006258333333333334 0.013089814814814815
0 0.013124739583333333 0.14211157407407407 0.0074994791666666664 0.023112037037037035
0 0.008871875 0.1805625 0.00524375 0.012976851851851852
0 0.005751302083333334 0.25604027777777777 0.006294270833333334 0.032450925925925925
0 0.02415572916666667 0.334975462962963 0.018103125 0.1014324074074074
0 0.02635104166666667 0.30318101851851853 0.014160416666666667 0.039695370370370374
0 0.01884036458333333 0.37647638888888885 0.0074723958333333335 0.019619444444444443
0 0.053740625 0.41481250000000003 0.008522916666666666 0.027773148148148148
0 0.022234635416666666 0.3998847222222222 0.010094270833333334 0.029399074074074074
0 0.046084375 0.46342407407407404 0.00466875 0.021292592592592592
0 0.02425 0.4532069444444445 0.007875 0.017525
0 0.01001328125 0.4999893518518519 0.008568229166666667 0.033312037037037036
0 0.03416875 0.5231069444444445 0.003754166666666667 0.012880555555555555
0 0.060928125 0.5462796296296296 0.004147916666666667 0.0073740740740740746
0 0.06222083333333333 0.6051560185185185 0.007775000000000001 0.015867592592592593
0 0.0372796875 0.5986736111111111 0.008934375 0.030680555555555555
0 0.09296380208333334 0.6411703703703704 0.005719270833333333 0.015674074074074076
0 0.07204661458333333 0.6297046296296297 0.0055515625 0.014964814814814814
0 0.07032578125 0.690300925925926 0.005234895833333334 0.013935185185185186
1 0.521875 0.5930555555555556 0.9552083333333333 0.812037037037037
0 0.13229166666666667 0.43333333333333335 0.016666666666666666 0.05185185185185185
0 0.40234375 0.2847222222222222 0.008854166666666666 0.012037037037037037
0 0.42942708333333335 0.23055555555555557 0.024479166666666666 0.06481481481481481
0 0.42421875 0.24583333333333332 0.011979166666666667 0.032407407407407406
0 0.4671875 0.3523148148148148 0.042708333333333334 0.0712962962962963
0 0.47942708333333334 0.4115740740740741 0.0328125 0.07685185185185185
0 0.471875 0.4199074074074074 0.019791666666666666 0.026851851851851852
0 0.48932291666666666 0.39675925925925926 0.011979166666666667 0.04722222222222222
0 0.465625 0.5166666666666667 0.007291666666666667 0.016666666666666666
0 0.4934895833333333 0.4615740740740741 0.009895833333333333 0.03796296296296296
0 0.5221354166666666 0.5180555555555556 0.009895833333333333 0.019444444444444445
0 0.5052083333333334 0.45555555555555555 0.008333333333333333 0.03148148148148148
0 0.5486979166666667 0.4222222222222222 0.008854166666666666 0.05
0 0.5924479166666666 0.4787037037037037 0.009895833333333333 0.011111111111111112
0 0.5583333333333333 0.562037037037037 0.004166666666666667 0.007407407407407408
0 0.5622395833333333 0.5356481481481481 0.0036458333333333334 0.006481481481481481
0 0.7018229166666666 0.5097222222222222 0.027604166666666666 0.06018518518518518
0 0.6875 0.5023148148148148 0.011458333333333333 0.023148148148148147
0 0.7013020833333333 0.43703703703703706 0.0109375 0.025925925925925925
0 0.72421875 0.4023148148148148 0.0171875 0.05092592592592592
0 0.6953125 0.26990740740740743 0.008333333333333333 0.013888888888888888
0 0.7244791666666667 0.2662037037037037 0.0125 0.03425925925925926
0 0.74921875 0.23703703703703705 0.0109375 0.037037037037037035
0 0.7252604166666666 0.5856481481481481 0.015104166666666667 0.03611111111111111
0 0.8234375 0.637962962962963 0.013541666666666667 0.03148148148148148
0 0.8354166666666667 0.5740740740740741 0.0125 0.04259259259259259
0 0.7072916666666667 0.9791666666666666 0.01875 0.03981481481481482
0 0.6919270833333333 0.987037037037037 0.0046875 0.011111111111111112
0 0.6932291666666667 0.9837962962962963 0.009375 0.017592592592592594
0 0.86796875 0.7189814814814814 0.009895833333333333 0.017592592592592594
0 0.9734375 0.8907407407407407 0.007291666666666667 0.014814814814814815
0 0.871875 0.8944444444444445 0.00625 0.012962962962962963
0 0.9901041666666667 0.8430555555555556 0.007291666666666667 0.023148148148148147
0 0.9942708333333333 0.8046296296296296 0.005208333333333333 0.012962962962962963
0 0.9963541666666667 0.7282407407407407 0.00625 0.032407407407407406
0 0.97734375 0.65 0.0171875 0.10185185185185185
0 0.97578125 0.6819444444444445 0.0140625 0.03981481481481482
0 0.9822916666666667 0.6087962962962963 0.007291666666666667 0.019444444444444445
0 0.946875 0.5712962962962963 0.008333333333333333 0.027777777777777776
0 0.97890625 0.5851851851851851 0.009895833333333333 0.02962962962962963
0 0.9544270833333334 0.5226851851851851 0.0046875 0.021296296296296296
0 0.9763020833333333 0.5319444444444444 0.0078125 0.017592592592592594
0 0.9901041666666667 0.48518518518518516 0.008333333333333333 0.03333333333333333
0 0.9653645833333333 0.462037037037037 0.0036458333333333334 0.012962962962962963
0 0.9385416666666667 0.4398148148148148 0.004166666666666667 0.007407407407407408
0 0.93671875 0.38101851851851853 0.0078125 0.01574074074074074
0 0.96171875 0.38657407407407407 0.008854166666666666 0.030555555555555555
0 0.90546875 0.3458333333333333 0.005729166666666666 0.01574074074074074
0 0.9268072916666666 0.35739490740740737 0.005697916666666666 0.014789814814814815
0 0.9276041666666667 0.2967592592592593 0.005208333333333333 0.013888888888888888
