1 0.5 0.5041273148148148 1.0 0.9915879629629629
0 0.17785520833333332 0.1404402777777778 0.015085416666666665 0.06051018518518519
0 0.09015859375 0.23789027777777777 0.015733854166666665 0.035039814814814815
0 0.10944114583333334 0.2094990740740741 0.014715625000000001 0.04122037037037037
0 0.09607317708333334 0.11567592592592593 0.005688020833333333 0.012833333333333332
0 0.005730208333333333 0.4059921296296296 0.0062520833333333335 0.013836111111111112
0 0.10545182291666667 0.7001912037037037 0.014028645833333332 0.03927129629629629
0 0.0457265625 0.7645430555555556 0.008119791666666666 0.017975
0 0.014878125 0.5542226851851852 0.01100625 0.025112037037037037
0 0.07467161458333332 0.620375462962963 0.006634895833333334 0.018528703703703703
0 0.08375729166666666 0.6025268518518518 0.008139583333333334 0.016164814814814812
0 0.25445546875 0.950275 0.014119270833333334 0.013512962962962963
0 0.25270572916666667 0.9277388888888889 0.0064531250000000005 0.02029259259259259
0 0.21815026041666666 0.8212643518518519 0.012342187499999999 0.025862037037037038
0 0.5025375 0.12081203703703704 0.019658333333333333 0.05643888888888889
0 0.5056520833333333 0.16042175925925928 0.0165125 0.02454722222222222
0 0.6247484375 0.15581805555555556 0.03283020833333333 0.050525
0 0.54070390625 0.1909986111111111 0.0064078125 0.013478703703703705
0 0.5547833333333333 0.1854587962962963 0.004358333333333334 0.02647314814814815
0 0.59888125 0.2685638888888889 0.011304166666666667 0.01860925925925926
0 0.58863125 0.24587870370370368 0.0178875 0.030646296296296296
0 0.633740625 0.2939736111111111 0.032064583333333334 0.04350277777777777
0 0.7130580729166667 0.23265462962962963 0.0334078125 0.043087037037037035
0 0.7249789062499999 0.23816805555555554 0.0093328125 0.031891666666666665
0 0.7147432291666667 0.3569513888888889 0.011778125 0.017606481481481483
0 0.7220466145833334 0.3565199074074074 0.0055515625 0.022299074074074072
0 0.7524729166666667 0.34396944444444444 0.027862500000000002 0.03053148148148148
0 0.7495778645833333 0.3945828703703704 0.009572395833333334 0.03361018518518519
0 0.7715955729166667 0.35022592592592594 0.015066145833333332 0.03008148148148148
0 0.7675109375000001 0.32221342592592594 0.007938541666666667 0.016649074074074077
0 0.4253518229166667 0.4219574074074074 0.010078645833333334 0.023544444444444444
0 0.48485052083333335 0.40493425925925924 0.013451041666666667 0.028387037037037037
0 0.59774296875 0.4318416666666667 0.0329859375 0.026646296296296296
0 0.5540372395833334 0.5129208333333334 0.0132828125 0.04621203703703704
0 0.5728526041666666 0.5316337962962963 0.011330208333333334 0.035489814814814814
0 0.6010059895833333 0.49578796296296296 0.018678645833333334 0.02676111111111111
0 0.5602453125 0.5636356481481481 0.016323958333333333 0.05690092592592593
0 0.57903828125 0.6097675925925926 0.019534895833333333 0.030646296296296296
0 0.5925830729166666 0.6475898148148148 0.033082812499999996 0.04703148148148148
0 0.5853635416666666 0.7632310185185185 0.017602083333333334 0.026462037037037037
0 0.36690989583333333 0.8626541666666667 0.037986458333333334 0.091975
0 0.48521640625 0.8025865740740741 0.016266145833333336 0.01813611111111111
0 0.57929296875 0.7303592592592593 0.0054609375 0.008866666666666667
0 0.720015625 0.45276342592592594 0.013989583333333333 0.0499712962962963
0 0.21771302083333335 0.2811462962962963 0.019801041666666668 0.05118148148148149
1 0.5 0.4789319444444444 1.0 0.9578638888888888
0 0.8360138020833333 0.8179217592592593 0.013694270833333333 0.061769444444444446
0 0.91918203125 0.7099967592592593 0.014405729166666666 0.03666018518518519
0 0.9006424479166667 0.7415421296296296 0.013784895833333333 0.04234351851851852
0 0.9182786458333333 0.833324074074074 0.005307291666666667 0.012944444444444444
0 0.99666875 0.5319435185185185 0.0058375 0.013887037037037036
0 0.88553515625 0.25153148148148147 0.014820312499999998 0.03824814814814815
0 0.9428861979166666 0.17976574074074073 0.0086890625 0.01693888888888889
0 0.9817291666666667 0.3852962962962963 0.011375 0.024296296296296295
0 0.9193111979166667 0.32778425925925925 0.006330729166666666 0.018531481481481482
0 0.9111291666666667 0.3458805555555555 0.008716666666666668 0.015835185185185185
0 0.72704140625 0.0208 0.014499479166666666 0.013822222222222224
0 0.7299109375 0.04351712962962963 0.006696875000000001 0.020367592592592593
0 0.7685296875 0.14481666666666665 0.012059375 0.02667037037037037
0 0.5122846354166667 0.8784384259259259 0.021444270833333334 0.055025
0 0.5078020833333333 0.8389435185185184 0.016645833333333335 0.02418333333333333
0 0.38891770833333333 0.8582162037037038 0.032002083333333334 0.05161759259259259
0 0.4715731770833333 0.8139444444444444 0.006688020833333333 0.013074074074074073
0 0.45832395833333334 0.8204328703703704 0.004147916666666667 0.02605092592592593
0 0.41019635416666667 0.7426074074074074 0.011017708333333332 0.018548148148148147
0 0.42210677083333337 0.764349537037037 0.018171875 0.030550925925925922
0 0.3748825520833333 0.7228777777777777 0.031015104166666665 0.04575555555555555
0 0.297621875 0.7940912037037038 0.033785416666666665 0.04188611111111111
0 0.286353125 0.7894949074074074 0.01020625 0.030841666666666663
0 0.29135546875 0.6699143518518519 0.011877604166666667 0.017606481481481483
0 0.28389010416666666 0.6703847222222222 0.005280208333333333 0.022250925925925924
0 0.25446145833333333 0.686563888888889 0.027672916666666665 0.030535185185185186
0 0.25521223958333333 0.6370750000000001 0.0093828125 0.03340925925925926
0 0.23536536458333332 0.682461574074074 0.015522395833333334 0.02973796296296296
0 0.24006718749999997 0.7107439814814815 0.008259375000000001 0.01593240740740741
0 0.5772611979166666 0.5690282407407408 0.010772395833333333 0.023241666666666667
0 0.518328125 0.5924773148148148 0.012697916666666666 0.029399074074074074
0 0.40476692708333334 0.5797106481481481 0.032450520833333336 0.029791666666666664
0 0.44549921875000004 0.4937092592592593 0.013915104166666666 0.04482592592592592
0 0.4261361979166667 0.4781893518518518 0.010605729166666666 0.03600833333333334
0 0.3994778645833333 0.5163875 0.018747395833333333 0.02536759259259259
0 0.4374703125 0.4438560185185185 0.014523958333333333 0.05808240740740741
0 0.41664687499999997 0.4010365740740741 0.019752083333333333 0.029850925925925923
0 0.40175546875 0.3641625 0.0316359375 0.04869537037037037
0 0.40478619791666665 0.24802500000000002 0.0168640625 0.027531481481481483
0 0.6197479166666666 0.12107685185185185 0.038454166666666664 0.09030185185185184
0 0.5028815104166667 0.19670925925925925 0.0161796875 0.01749259259259259
0 0.41200598958333334 0.2801486111111111 0.0052619791666666665 0.00844537037037037
0 0.282340625 0.5750125 0.013639583333333333 0.050025
0 0.7900070312499999 0.6834666666666667 0.020639062500000003 0.05026666666666666
1 0.49973958333333335 0.5231481481481481 0.9994791666666667 0.9518518518518518
0 0.1609375 0.19212962962962962 0.013541666666666667 0.062037037037037036
0 0.07890625 0.30277777777777776 0.0140625 0.037037037037037035
0 0.096875 0.2712962962962963 0.013541666666666667 0.04259259259259259
0 0.07864583333333333 0.17962962962962964 0.005208333333333333 0.012962962962962963
0 0.002864583333333333 0.4837962962962963 0.005729166666666666 0.013888888888888888
0 0.11692708333333333 0.7606481481481482 0.015104166666666667 0.03796296296296296
0 0.06015625 0.8342592592592593 0.008854166666666666 0.016666666666666666
0 0.019270833333333334 0.6296296296296297 0.011458333333333333 0.024074074074074074
0 0.08229166666666667 0.6851851851851852 0.00625 0.018518518518518517
0 0.09036458333333333 0.6671296296296296 0.008854166666666666 0.01574074074074074
0 0.27760416666666665 0.986574074074074 0.014583333333333334 0.013888888888888888
0 0.2747395833333333 0.9638888888888889 0.0067708333333333336 0.020370370370370372
0 0.23515625 0.8634259259259259 0.011979166666666667 0.026851851851851852
0 0.48385416666666664 0.12175925925925926 0.021875 0.05462962962962963
0 0.4890625 0.16111111111111112 0.016666666666666666 0.024074074074074074
0 0.6075520833333333 0.13796296296296295 0.03177083333333333 0.05185185185185185
0 0.5252604166666667 0.18518518518518517 0.0067708333333333336 0.012962962962962963
0 0.5385416666666667 0.1787037037037037 0.004166666666666667 0.025925925925925925
0 0.5872395833333334 0.25462962962962965 0.0109375 0.018518518518518517
0 0.5752604166666667 0.2337962962962963 0.018229166666666668 0.030555555555555555
0 0.6231770833333333 0.27314814814814814 0.030729166666666665 0.046296296296296294
0 0.6997395833333333 0.19953703703703704 0.033854166666666664 0.041666666666666664
0 0.7109375 0.20416666666666666 0.010416666666666666 0.030555555555555555
0 0.70703125 0.3236111111111111 0.011979166666666667 0.017592592592592594
0 0.7145833333333333 0.32314814814814813 0.005208333333333333 0.022222222222222223
0 0.7434895833333334 0.3060185185185185 0.027604166666666666 0.030555555555555555
0 0.74375 0.35555555555555557 0.009375 0.03333333333333333
0 0.7630208333333334 0.30925925925925923 0.015625 0.02962962962962963
0 0.7578125 0.2810185185185185 0.008333333333333333 0.01574074074074074
0 0.42213541666666665 0.4337962962962963 0.0109375 0.023148148148148147
0 0.48072916666666665 0.4083333333333333 0.0125 0.02962962962962963
0 0.5942708333333333 0.41712962962962963 0.03229166666666667 0.030555555555555555
0 0.5544270833333333 0.5046296296296297 0.0140625 0.044444444444444446
0 0.5739583333333333 0.5199074074074074 0.010416666666666666 0.03611111111111111
0 0.6005208333333333 0.48009259259259257 0.01875 0.025
0 0.56328125 0.5541666666666667 0.0140625 0.058333333333333334
0 0.584375 0.5962962962962963 0.019791666666666666 0.02962962962962963
0 0.5994791666666667 0.6328703703703704 0.03125 0.049074074074074076
0 0.5979166666666667 0.7490740740740741 0.016666666666666666 0.027777777777777776
0 0.38385416666666666 0.8828703703703704 0.03854166666666667 0.08981481481481482
0 0.5002604166666667 0.8032407407407407 0.016145833333333335 0.017592592592592594
0 0.5901041666666667 0.7171296296296297 0.005208333333333333 0.008333333333333333
0 0.7166666666666667 0.4185185185185185 0.013541666666666667 0.05
0 0.20833333333333334 0.32592592592592595 0.020833333333333332 0.05
1 0.5 0.5041273148148148 1.0 0.9915879629629629
0 0.17785520833333332 0.1404402777777778 0.015085416666666665 0.06051018518518519
0 0.09015859375 0.23789027777777777 0.015733854166666665 0.035039814814814815
0 0.10944114583333334 0.2094990740740741 0.014715625000000001 0.04122037037037037
0 0.09607317708333334 0.11567592592592593 0.005688020833333333 0.012833333333333332
0 0.005730208333333333 0.4059921296296296 0.0062520833333333335 0.013836111111111112
0 0.10545182291666667 0.7001912037037037 0.014028645833333332 0.03927129629629629
0 0.0457265625 0.7645430555555556 0.008119791666666666 0.017975
0 0.014878125 0.5542226851851852 0.01100625 0.025112037037037037
0 0.07467161458333332 0.620375462962963 0.006634895833333334 0.018528703703703703
0 0.08375729166666666 0.6025268518518518 0.008139583333333334 0.016164814814814812
0 0.25445546875 0.950275 0.014119270833333334 0.013512962962962963
0 0.25270572916666667 0.9277388888888889 0.0064531250000000005 0.02029259259259259
0 0.21815026041666666 0.8212643518518519 0.012342187499999999 0.025862037037037038
0 0.5025375 0.12081203703703704 0.019658333333333333 0.05643888888888889
0 0.5056520833333333 0.16042175925925928 0.0165125 0.02454722222222222
0 0.6247484375 0.15581805555555556 0.03283020833333333 0.050525
0 0.54070390625 0.1909986111111111 0.0064078125 0.013478703703703705
0 0.5547833333333333 0.1854587962962963 0.004358333333333334 0.02647314814814815
0 0.59888125 0.2685638888888889 0.011304166666666667 0.01860925925925926
0 0.58863125 0.24587870370370368 0.0178875 0.030646296296296296
0 0.633740625 0.2939736111111111 0.032064583333333334 0.04350277777777777
0 0.7130580729166667 0.23265462962962963 0.0334078125 0.043087037037037035
0 0.7249789062499999 0.23816805555555554 0.0093328125 0.031891666666666665
0 0.7147432291666667 0.3569513888888889 0.011778125 0.017606481481481483
0 0.7220466145833334 0.3565199074074074 0.0055515625 0.022299074074074072
0 0.7524729166666667 0.34396944444444444 0.027862500000000002 0.03053148148148148
0 0.7495778645833333 0.3945828703703704 0.009572395833333334 0.03361018518518519
0 0.7715955729166667 0.35022592592592594 0.015066145833333332 0.03008148148148148
0 0.7675109375000001 0.32221342592592594 0.007938541666666667 0.016649074074074077
0 0.4253518229166667 0.4219574074074074 0.010078645833333334 0.023544444444444444
0 0.48485052083333335 0.40493425925925924 0.013451041666666667 0.028387037037037037
0 0.59774296875 0.4318416666666667 0.0329859375 0.026646296296296296
0 0.5540372395833334 0.5129208333333334 0.0132828125 0.04621203703703704
0 0.5728526041666666 0.5316337962962963 0.011330208333333334 0.035489814814814814
0 0.6010059895833333 0.49578796296296296 0.018678645833333334 0.02676111111111111
0 0.5602453125 0.5636356481481481 0.016323958333333333 0.05690092592592593
0 0.57903828125 0.6097675925925926 0.019534895833333333 0.030646296296296296
0 0.5925830729166666 0.6475898148148148 0.033082812499999996 0.04703148148148148
0 0.5853635416666666 0.7632310185185185 0.017602083333333334 0.026462037037037037
0 0.36690989583333333 0.8626541666666667 0.037986458333333334 0.091975
0 0.48521640625 0.8025865740740741 0.016266145833333336 0.01813611111111111
0 0.57929296875 0.7303592592592593 0.0054609375 0.008866666666666667
0 0.720015625 0.45276342592592594 0.013989583333333333 0.0499712962962963
0 0.21771302083333335 0.2811462962962963 0.019801041666666668 0.05118148148148149
1 0.5 0.4789319444444444 1.0 0.9578638888888888
0 0.8360138020833333 0.8179217592592593 0.013694270833333333 0.061769444444444446
0 0.91918203125 0.7099967592592593 0.014405729166666666 0.03666018518518519
0 0.9006424479166667 0.7415421296296296 0.013784895833333333 0.04234351851851852
0 0.9182786458333333 0.833324074074074 0.005307291666666667 0.012944444444444444
0 0.99666875 0.5319435185185185 0.0058375 0.013887037037037036
0 0.88553515625 0.25153148148148147 0.014820312499999998 0.03824814814814815
0 0.9428861979166666 0.17976574074074073 0.0086890625 0.01693888888888889
0 0.9817291666666667 0.3852962962962963 0.011375 0.024296296296296295
0 0.9193111979166667 0.32778425925925925 0.006330729166666666 0.018531481481481482
0 0.9111291666666667 0.3458805555555555 0.008716666666666668 0.015835185185185185
0 0.72704140625 0.0208 0.014499479166666666 0.013822222222222224
0 0.7299109375 0.04351712962962963 0.006696875000000001 0.020367592592592593
0 0.7685296875 0.14481666666666665 0.012059375 0.02667037037037037
0 0.5122846354166667 0.8784384259259259 0.021444270833333334 0.055025
0 0.5078020833333333 0.8389435185185184 0.016645833333333335 0.02418333333333333
0 0.38891770833333333 0.8582162037037038 0.032002083333333334 0.05161759259259259
0 0.4715731770833333 0.8139444444444444 0.006688020833333333 0.013074074074074073
0 0.45832395833333334 0.8204328703703704 0.004147916666666667 0.02605092592592593
0 0.41019635416666667 0.7426074074074074 0.011017708333333332 0.018548148148148147
0 0.42210677083333337 0.764349537037037 0.018171875 0.030550925925925922
0 0.3748825520833333 0.7228777777777777 0.031015104166666665 0.04575555555555555
0 0.297621875 0.7940912037037038 0.033785416666666665 0.04188611111111111
0 0.286353125 0.7894949074074074 0.01020625 0.030841666666666663
0 0.29135546875 0.6699143518518519 0.011877604166666667 0.017606481481481483
0 0.28389010416666666 0.6703847222222222 0.005280208333333333 0.022250925925925924
0 0.25446145833333333 0.686563888888889 0.027672916666666665 0.030535185185185186
0 0.25521223958333333 0.6370750000000001 0.0093828125 0.03340925925925926
0 0.23536536458333332 0.682461574074074 0.015522395833333334 0.02973796296296296
0 0.24006718749999997 0.7107439814814815 0.008259375000000001 0.01593240740740741
0 0.5772611979166666 0.5690282407407408 0.010772395833333333 0.023241666666666667
0 0.518328125 0.5924773148148148 0.012697916666666666 0.029399074074074074
0 0.40476692708333334 0.5797106481481481 0.032450520833333336 0.029791666666666664
0 0.44549921875000004 0.4937092592592593 0.013915104166666666 0.04482592592592592
0 0.4261361979166667 0.4781893518518518 0.010605729166666666 0.03600833333333334
0 0.3994778645833333 0.5163875 0.018747395833333333 0.02536759259259259
0 0.4374703125 0.4438560185185185 0.014523958333333333 0.05808240740740741
0 0.41664687499999997 0.4010365740740741 0.019752083333333333 0.029850925925925923
0 0.40175546875 0.3641625 0.0316359375 0.04869537037037037
0 0.40478619791666665 0.24802500000000002 0.0168640625 0.027531481481481483
0 0.6197479166666666 0.12107685185185185 0.038454166666666664 0.09030185185185184
0 0.5028815104166667 0.19670925925925925 0.0161796875 0.01749259259259259
0 0.41200598958333334 0.2801486111111111 0.0052619791666666665 0.00844537037037037
0 0.282340625 0.5750125 0.013639583333333333 0.050025
0 0.7900070312499999 0.6834666666666667 0.020639062500000003 0.05026666666666666
1 0.49973958333333335 0.5231481481481481 0.9994791666666667 0.9518518518518518
0 0.1609375 0.19212962962962962 0.013541666666666667 0.062037037037037036
0 0.07890625 0.30277777777777776 0.0140625 0.037037037037037035
0 0.096875 0.2712962962962963 0.013541666666666667 0.04259259259259259
0 0.07864583333333333 0.17962962962962964 0.005208333333333333 0.012962962962962963
0 0.002864583333333333 0.4837962962962963 0.005729166666666666 0.013888888888888888
0 0.11692708333333333 0.7606481481481482 0.015104166666666667 0.03796296296296296
0 0.06015625 0.8342592592592593 0.008854166666666666 0.016666666666666666
0 0.019270833333333334 0.6296296296296297 0.011458333333333333 0.024074074074074074
0 0.08229166666666667 0.6851851851851852 0.00625 0.018518518518518517
0 0.09036458333333333 0.6671296296296296 0.008854166666666666 0.01574074074074074
0 0.27760416666666665 0.986574074074074 0.014583333333333334 0.013888888888888888
0 0.2747395833333333 0.9638888888888889 0.0067708333333333336 0.020370370370370372
0 0.23515625 0.8634259259259259 0.011979166666666667 0.026851851851851852
0 0.48385416666666664 0.12175925925925926 0.021875 0.05462962962962963
0 0.4890625 0.16111111111111112 0.016666666666666666 0.024074074074074074
0 0.6075520833333333 0.13796296296296295 0.03177083333333333 0.05185185185185185
0 0.5252604166666667 0.18518518518518517 0.0067708333333333336 0.012962962962962963
0 0.5385416666666667 0.1787037037037037 0.004166666666666667 0.025925925925925925
0 0.5872395833333334 0.25462962962962965 0.0109375 0.018518518518518517
0 0.5752604166666667 0.2337962962962963 0.018229166666666668 0.030555555555555555
0 0.6231770833333333 0.27314814814814814 0.030729166666666665 0.046296296296296294
0 0.6997395833333333 0.19953703703703704 0.033854166666666664 0.041666666666666664
0 0.7109375 0.20416666666666666 0.010416666666666666 0.030555555555555555
0 0.70703125 0.3236111111111111 0.011979166666666667 0.017592592592592594
0 0.7145833333333333 0.32314814814814813 0.005208333333333333 0.022222222222222223
0 0.7434895833333334 0.3060185185185185 0.027604166666666666 0.030555555555555555
0 0.74375 0.35555555555555557 0.009375 0.03333333333333333
0 0.7630208333333334 0.30925925925925923 0.015625 0.02962962962962963
0 0.7578125 0.2810185185185185 0.008333333333333333 0.01574074074074074
0 0.42213541666666665 0.4337962962962963 0.0109375 0.023148148148148147
0 0.48072916666666665 0.4083333333333333 0.0125 0.02962962962962963
0 0.5942708333333333 0.41712962962962963 0.03229166666666667 0.030555555555555555
0 0.5544270833333333 0.5046296296296297 0.0140625 0.044444444444444446
0 0.5739583333333333 0.5199074074074074 0.010416666666666666 0.03611111111111111
0 0.6005208333333333 0.48009259259259257 0.01875 0.025
0 0.56328125 0.5541666666666667 0.0140625 0.058333333333333334
0 0.584375 0.5962962962962963 0.019791666666666666 0.02962962962962963
0 0.5994791666666667 0.6328703703703704 0.03125 0.049074074074074076
0 0.5979166666666667 0.7490740740740741 0.016666666666666666 0.027777777777777776
0 0.38385416666666666 0.8828703703703704 0.03854166666666667 0.08981481481481482
0 0.5002604166666667 0.8032407407407407 0.016145833333333335 0.017592592592592594
0 0.5901041666666667 0.7171296296296297 0.005208333333333333 0.008333333333333333
0 0.7166666666666667 0.4185185185185185 0.013541666666666667 0.05
0 0.20833333333333334 0.32592592592592595 0.020833333333333332 0.05
1 0.5 0.5041273148148148 1.0 0.9915879629629629
0 0.17785520833333332 0.1404402777777778 0.015085416666666665 0.06051018518518519
0 0.09015859375 0.23789027777777777 0.015733854166666665 0.035039814814814815
0 0.10944114583333334 0.2094990740740741 0.014715625000000001 0.04122037037037037
0 0.09607317708333334 0.11567592592592593 0.005688020833333333 0.012833333333333332
0 0.005730208333333333 0.4059921296296296 0.0062520833333333335 0.013836111111111112
0 0.10545182291666667 0.7001912037037037 0.014028645833333332 0.03927129629629629
0 0.0457265625 0.7645430555555556 0.008119791666666666 0.017975
0 0.014878125 0.5542226851851852 0.01100625 0.025112037037037037
0 0.07467161458333332 0.620375462962963 0.006634895833333334 0.018528703703703703
0 0.08375729166666666 0.6025268518518518 0.008139583333333334 0.016164814814814812
0 0.25445546875 0.950275 0.014119270833333334 0.013512962962962963
0 0.25270572916666667 0.9277388888888889 0.0064531250000000005 0.02029259259259259
0 0.21815026041666666 0.8212643518518519 0.012342187499999999 0.025862037037037038
0 0.5025375 0.12081203703703704 0.019658333333333333 0.05643888888888889
0 0.5056520833333333 0.16042175925925928 0.0165125 0.02454722222222222
0 0.6247484375 0.15581805555555556 0.03283020833333333 0.050525
0 0.54070390625 0.1909986111111111 0.0064078125 0.013478703703703705
0 0.5547833333333333 0.1854587962962963 0.004358333333333334 0.02647314814814815
0 0.59888125 0.2685638888888889 0.011304166666666667 0.01860925925925926
0 0.58863125 0.24587870370370368 0.0178875 0.030646296296296296
0 0.633740625 0.2939736111111111 0.032064583333333334 0.04350277777777777
0 0.7130580729166667 0.23265462962962963 0.0334078125 0.043087037037037035
0 0.7249789062499999 0.23816805555555554 0.0093328125 0.031891666666666665
0 0.7147432291666667 0.3569513888888889 0.011778125 0.017606481481481483
0 0.7220466145833334 0.3565199074074074 0.0055515625 0.022299074074074072
0 0.7524729166666667 0.34396944444444444 0.027862500000000002 0.03053148148148148
0 0.7495778645833333 0.3945828703703704 0.009572395833333334 0.03361018518518519
0 0.7715955729166667 0.35022592592592594 0.015066145833333332 0.03008148148148148
0 0.7675109375000001 0.32221342592592594 0.007938541666666667 0.016649074074074077
0 0.4253518229166667 0.4219574074074074 0.010078645833333334 0.023544444444444444
0 0.48485052083333335 0.40493425925925924 0.013451041666666667 0.028387037037037037
0 0.59774296875 0.4318416666666667 0.0329859375 0.026646296296296296
0 0.5540372395833334 0.5129208333333334 0.0132828125 0.04621203703703704
0 0.5728526041666666 0.5316337962962963 0.011330208333333334 0.035489814814814814
0 0.6010059895833333 0.49578796296296296 0.018678645833333334 0.02676111111111111
0 0.5602453125 0.5636356481481481 0.016323958333333333 0.05690092592592593
0 0.57903828125 0.6097675925925926 0.019534895833333333 0.030646296296296296
0 0.5925830729166666 0.6475898148148148 0.033082812499999996 0.04703148148148148
0 0.5853635416666666 0.7632310185185185 0.017602083333333334 0.026462037037037037
0 0.36690989583333333 0.8626541666666667 0.037986458333333334 0.091975
0 0.48521640625 0.8025865740740741 0.016266145833333336 0.01813611111111111
0 0.57929296875 0.7303592592592593 0.0054609375 0.008866666666666667
0 0.720015625 0.45276342592592594 0.013989583333333333 0.0499712962962963
0 0.21771302083333335 0.2811462962962963 0.019801041666666668 0.05118148148148149
1 0.5 0.4789319444444444 1.0 0.9578638888888888
0 0.8360138020833333 0.8179217592592593 0.013694270833333333 0.061769444444444446
0 0.91918203125 0.7099967592592593 0.014405729166666666 0.03666018518518519
0 0.9006424479166667 0.7415421296296296 0.013784895833333333 0.04234351851851852
0 0.9182786458333333 0.833324074074074 0.005307291666666667 0.012944444444444444
0 0.99666875 0.5319435185185185 0.0058375 0.013887037037037036
0 0.88553515625 0.25153148148148147 0.014820312499999998 0.03824814814814815
0 0.9428861979166666 0.17976574074074073 0.0086890625 0.01693888888888889
0 0.9817291666666667 0.3852962962962963 0.011375 0.024296296296296295
0 0.9193111979166667 0.32778425925925925 0.006330729166666666 0.018531481481481482
0 0.9111291666666667 0.3458805555555555 0.008716666666666668 0.015835185185185185
0 0.72704140625 0.0208 0.014499479166666666 0.013822222222222224
0 0.7299109375 0.04351712962962963 0.006696875000000001 0.020367592592592593
0 0.7685296875 0.14481666666666665 0.012059375 0.02667037037037037
0 0.5122846354166667 0.8784384259259259 0.021444270833333334 0.055025
0 0.5078020833333333 0.8389435185185184 0.016645833333333335 0.02418333333333333
0 0.38891770833333333 0.8582162037037038 0.032002083333333334 0.05161759259259259
0 0.4715731770833333 0.8139444444444444 0.006688020833333333 0.013074074074074073
0 0.45832395833333334 0.8204328703703704 0.004147916666666667 0.02605092592592593
0 0.41019635416666667 0.7426074074074074 0.011017708333333332 0.018548148148148147
0 0.42210677083333337 0.764349537037037 0.018171875 0.030550925925925922
0 0.3748825520833333 0.7228777777777777 0.031015104166666665 0.04575555555555555
0 0.297621875 0.7940912037037038 0.033785416666666665 0.04188611111111111
0 0.286353125 0.7894949074074074 0.01020625 0.030841666666666663
0 0.29135546875 0.6699143518518519 0.011877604166666667 0.017606481481481483
0 0.28389010416666666 0.6703847222222222 0.005280208333333333 0.022250925925925924
0 0.25446145833333333 0.686563888888889 0.027672916666666665 0.030535185185185186
0 0.25521223958333333 0.6370750000000001 0.0093828125 0.03340925925925926
0 0.23536536458333332 0.682461574074074 0.015522395833333334 0.02973796296296296
0 0.24006718749999997 0.7107439814814815 0.008259375000000001 0.01593240740740741
0 0.5772611979166666 0.5690282407407408 0.010772395833333333 0.023241666666666667
0 0.518328125 0.5924773148148148 0.012697916666666666 0.029399074074074074
0 0.40476692708333334 0.5797106481481481 0.032450520833333336 0.029791666666666664
0 0.44549921875000004 0.4937092592592593 0.013915104166666666 0.04482592592592592
0 0.4261361979166667 0.4781893518518518 0.010605729166666666 0.03600833333333334
0 0.3994778645833333 0.5163875 0.018747395833333333 0.02536759259259259
0 0.4374703125 0.4438560185185185 0.014523958333333333 0.05808240740740741
0 0.41664687499999997 0.4010365740740741 0.019752083333333333 0.029850925925925923
0 0.40175546875 0.3641625 0.0316359375 0.04869537037037037
0 0.40478619791666665 0.24802500000000002 0.0168640625 0.027531481481481483
0 0.6197479166666666 0.12107685185185185 0.038454166666666664 0.09030185185185184
0 0.5028815104166667 0.19670925925925925 0.0161796875 0.01749259259259259
0 0.41200598958333334 0.2801486111111111 0.0052619791666666665 0.00844537037037037
0 0.282340625 0.5750125 0.013639583333333333 0.050025
0 0.7900070312499999 0.6834666666666667 0.020639062500000003 0.05026666666666666
1 0.49973958333333335 0.5231481481481481 0.9994791666666667 0.9518518518518518
0 0.1609375 0.19212962962962962 0.013541666666666667 0.062037037037037036
0 0.07890625 0.30277777777777776 0.0140625 0.037037037037037035
0 0.096875 0.2712962962962963 0.013541666666666667 0.04259259259259259
0 0.07864583333333333 0.17962962962962964 0.005208333333333333 0.012962962962962963
0 0.002864583333333333 0.4837962962962963 0.005729166666666666 0.013888888888888888
0 0.11692708333333333 0.7606481481481482 0.015104166666666667 0.03796296296296296
0 0.06015625 0.8342592592592593 0.008854166666666666 0.016666666666666666
0 0.019270833333333334 0.6296296296296297 0.011458333333333333 0.024074074074074074
0 0.08229166666666667 0.6851851851851852 0.00625 0.018518518518518517
0 0.09036458333333333 0.6671296296296296 0.008854166666666666 0.01574074074074074
0 0.27760416666666665 0.986574074074074 0.014583333333333334 0.013888888888888888
0 0.2747395833333333 0.9638888888888889 0.0067708333333333336 0.020370370370370372
0 0.23515625 0.8634259259259259 0.011979166666666667 0.026851851851851852
0 0.48385416666666664 0.12175925925925926 0.021875 0.05462962962962963
0 0.4890625 0.16111111111111112 0.016666666666666666 0.024074074074074074
0 0.6075520833333333 0.13796296296296295 0.03177083333333333 0.05185185185185185
0 0.5252604166666667 0.18518518518518517 0.0067708333333333336 0.012962962962962963
0 0.5385416666666667 0.1787037037037037 0.004166666666666667 0.025925925925925925
0 0.5872395833333334 0.25462962962962965 0.0109375 0.018518518518518517
0 0.5752604166666667 0.2337962962962963 0.018229166666666668 0.030555555555555555
0 0.6231770833333333 0.27314814814814814 0.030729166666666665 0.046296296296296294
0 0.6997395833333333 0.19953703703703704 0.033854166666666664 0.041666666666666664
0 0.7109375 0.20416666666666666 0.010416666666666666 0.030555555555555555
0 0.70703125 0.3236111111111111 0.011979166666666667 0.017592592592592594
0 0.7145833333333333 0.32314814814814813 0.005208333333333333 0.022222222222222223
0 0.7434895833333334 0.3060185185185185 0.027604166666666666 0.030555555555555555
0 0.74375 0.35555555555555557 0.009375 0.03333333333333333
0 0.7630208333333334 0.30925925925925923 0.015625 0.02962962962962963
0 0.7578125 0.2810185185185185 0.008333333333333333 0.01574074074074074
0 0.42213541666666665 0.4337962962962963 0.0109375 0.023148148148148147
0 0.48072916666666665 0.4083333333333333 0.0125 0.02962962962962963
0 0.5942708333333333 0.41712962962962963 0.03229166666666667 0.030555555555555555
0 0.5544270833333333 0.5046296296296297 0.0140625 0.044444444444444446
0 0.5739583333333333 0.5199074074074074 0.010416666666666666 0.03611111111111111
0 0.6005208333333333 0.48009259259259257 0.01875 0.025
0 0.56328125 0.5541666666666667 0.0140625 0.058333333333333334
0 0.584375 0.5962962962962963 0.019791666666666666 0.02962962962962963
0 0.5994791666666667 0.6328703703703704 0.03125 0.049074074074074076
0 0.5979166666666667 0.7490740740740741 0.016666666666666666 0.027777777777777776
0 0.38385416666666666 0.8828703703703704 0.03854166666666667 0.08981481481481482
0 0.5002604166666667 0.8032407407407407 0.016145833333333335 0.017592592592592594
0 0.5901041666666667 0.7171296296296297 0.005208333333333333 0.008333333333333333
0 0.7166666666666667 0.4185185185185185 0.013541666666666667 0.05
0 0.20833333333333334 0.32592592592592595 0.020833333333333332 0.05
