1 0.52109375 0.5972222222222222 0.9567708333333333 0.8037037037037037
0 0.43072916666666666 0.5412037037037037 0.010416666666666666 0.019444444444444445
0 0.85625 0.6518518518518519 0.017708333333333333 0.05
0 0.99609375 0.6101851851851852 0.0067708333333333336 0.024074074074074074
0 0.8526041666666667 0.6291666666666667 0.008333333333333333 0.012037037037037037
0 0.6791666666666667 0.7023148148148148 0.0125 0.026851851851851852
0 0.4234375 0.9518518518518518 0.008333333333333333 0.014814814814814815
0 0.5380208333333333 0.9925925925925926 0.013541666666666667 0.012962962962962963
0 0.05677083333333333 0.43148148148148147 0.007291666666666667 0.016666666666666666
0 0.07447916666666667 0.4222222222222222 0.00625 0.012962962962962963
0 0.35911458333333335 0.25416666666666665 0.027604166666666666 0.028703703703703703
0 0.33958333333333335 0.8652777777777778 0.019791666666666666 0.03796296296296296
1 0.5168859375 0.5888907407407407 0.9660635416666667 0.8222259259259259
0 0.42905598958333335 0.5299347222222223 0.0101953125 0.019128703703703703
0 0.8471830729166666 0.706025462962963 0.019366145833333334 0.05093981481481481
0 0.9888130208333333 0.6869912037037037 0.007834375 0.023982407407407407
0 0.8452513020833333 0.6834907407407407 0.0082109375 0.011425925925925926
0 0.6687489583333334 0.7294787037037037 0.012497916666666666 0.027475925925925924
0 0.4013098958333333 0.9378768518518519 0.007828125 0.014642592592592592
0 0.5133424479166666 0.9954222222222222 0.013143229166666666 0.009362962962962964
0 0.06178489583333333 0.36325416666666666 0.007944791666666666 0.017249074074074076
0 0.07997057291666666 0.35673935185185185 0.006816145833333333 0.013478703703703705
0 0.3717447916666667 0.23377777777777778 0.02890625 0.024962962962962965
0 0.3222888020833333 0.8393222222222222 0.0185359375 0.03975555555555556
1 0.52408359375 0.4215226851851852 0.9523338541666667 0.8430453703703704
0 0.43499010416666667 0.44222824074074074 0.010605208333333333 0.01964166666666667
0 0.8647963541666667 0.43713240740740744 0.01709270833333333 0.04833888888888889
0 0.9978536458333332 0.51415 0.004040625 0.022744444444444446
0 0.8588861979166666 0.45918888888888887 0.008397395833333333 0.012822222222222223
0 0.6927924479166666 0.3441967592592593 0.012668229166666666 0.025430555555555557
0 0.4597692708333333 0.03345462962962963 0.009121875 0.015057407407407408
0 0.5764966145833333 0.021531481481481478 0.013409895833333333 0.015285185185185185
0 0.05568541666666667 0.4587842592592593 0.007204166666666667 0.015716666666666667
0 0.07210755208333335 0.47247407407407405 0.0056734375000000005 0.013466666666666667
0 0.34137135416666664 0.7083675925925926 0.025451041666666667 0.035253703703703704
0 0.36984973958333334 0.09873194444444444 0.021991145833333333 0.03450092592592593
1 0.52109375 0.5972222222222222 0.9567708333333333 0.8037037037037037
0 0.43072916666666666 0.5412037037037037 0.010416666666666666 0.019444444444444445
0 0.85625 0.6518518518518519 0.017708333333333333 0.05
0 0.99609375 0.6101851851851852 0.0067708333333333336 0.024074074074074074
0 0.8526041666666667 0.6291666666666667 0.008333333333333333 0.012037037037037037
0 0.6791666666666667 0.7023148148148148 0.0125 0.026851851851851852
0 0.4234375 0.9518518518518518 0.008333333333333333 0.014814814814814815
0 0.5380208333333333 0.9925925925925926 0.013541666666666667 0.012962962962962963
0 0.05677083333333333 0.43148148148148147 0.007291666666666667 0.016666666666666666
0 0.07447916666666667 0.4222222222222222 0.00625 0.012962962962962963
0 0.35911458333333335 0.25416666666666665 0.027604166666666666 0.028703703703703703
0 0.33958333333333335 0.8652777777777778 0.019791666666666666 0.03796296296296296
1 0.5168859375 0.5888907407407407 0.9660635416666667 0.8222259259259259
0 0.42905598958333335 0.5299347222222223 0.0101953125 0.019128703703703703
0 0.8471830729166666 0.706025462962963 0.019366145833333334 0.05093981481481481
0 0.9888130208333333 0.6869912037037037 0.007834375 0.023982407407407407
0 0.8452513020833333 0.6834907407407407 0.0082109375 0.011425925925925926
0 0.6687489583333334 0.7294787037037037 0.012497916666666666 0.027475925925925924
0 0.4013098958333333 0.9378768518518519 0.007828125 0.014642592592592592
0 0.5133424479166666 0.9954222222222222 0.013143229166666666 0.009362962962962964
0 0.06178489583333333 0.36325416666666666 0.007944791666666666 0.017249074074074076
0 0.07997057291666666 0.35673935185185185 0.006816145833333333 0.013478703703703705
0 0.3717447916666667 0.23377777777777778 0.02890625 0.024962962962962965
0 0.3222888020833333 0.8393222222222222 0.0185359375 0.03975555555555556
1 0.52408359375 0.4215226851851852 0.9523338541666667 0.8430453703703704
0 0.43499010416666667 0.44222824074074074 0.010605208333333333 0.01964166666666667
0 0.8647963541666667 0.43713240740740744 0.01709270833333333 0.04833888888888889
0 0.9978536458333332 0.51415 0.004040625 0.022744444444444446
0 0.8588861979166666 0.45918888888888887 0.008397395833333333 0.012822222222222223
0 0.6927924479166666 0.3441967592592593 0.012668229166666666 0.025430555555555557
0 0.4597692708333333 0.03345462962962963 0.009121875 0.015057407407407408
0 0.5764966145833333 0.021531481481481478 0.013409895833333333 0.015285185185185185
0 0.05568541666666667 0.4587842592592593 0.007204166666666667 0.015716666666666667
0 0.07210755208333335 0.47247407407407405 0.0056734375000000005 0.013466666666666667
0 0.34137135416666664 0.7083675925925926 0.025451041666666667 0.035253703703703704
0 0.36984973958333334 0.09873194444444444 0.021991145833333333 0.03450092592592593
