1 0.5 0.5115393518518518 1.0 0.9767824074074074
0 0.9032239583333334 0.4113648148148148 0.02103125 0.03198888888888889
0 0.96734296875 0.4082365740740741 0.0096859375 0.02573240740740741
0 0.9973322916666666 0.6410138888888889 0.00508125 0.02462037037037037
0 0.75317109375 0.48881990740740744 0.0157171875 0.04430648148148148
0 0.6716606770833333 0.596975925925926 0.012071354166666666 0.018025925925925924
0 0.8226658854166666 0.44021805555555554 0.004706770833333334 0.013769444444444445
0 0.37631171875 0.5859347222222222 0.011998437499999999 0.027425
0 0.06199322916666667 0.9823675925925927 0.019819791666666666 0.035105555555555557
0 0.10711432291666667 0.37174444444444443 0.013186979166666666 0.021266666666666666
0 0.3063458333333333 0.5749101851851852 0.008525 0.023894444444444444
0 0.6532434895833333 0.45981064814814815 0.0085703125 0.019621296296296296
0 0.9000161458333333 0.35883657407407404 0.004198958333333333 0.006562037037037037
0 0.72894453125 0.23847175925925929 0.006847395833333334 0.015832407407407406
0 0.517740625 0.14944398148148147 0.008397916666666666 0.011850925925925926
0 0.207903125 0.4869416666666667 0.007472916666666667 0.02758703703703704
1 0.49973958333333335 0.5361111111111111 0.9994791666666667 0.9259259259259259
0 0.09348958333333333 0.49907407407407406 0.019270833333333334 0.03518518518518519
0 0.029947916666666668 0.5101851851851852 0.009895833333333333 0.025925925925925925
0 0.0140625 0.7458333333333333 0.010416666666666666 0.026851851851851852
0 0.00234375 0.625462962962963 0.0046875 0.025
0 0.2484375 0.5435185185185185 0.016666666666666666 0.04259259259259259
0 0.3359375 0.6333333333333333 0.011458333333333333 0.018518518518518517
0 0.17552083333333332 0.5101851851851852 0.004166666666666667 0.012962962962962963
0 0.6286458333333333 0.5583333333333333 0.011458333333333333 0.025925925925925925
0 0.9658854166666667 0.9004629629629629 0.022395833333333334 0.0712962962962963
0 0.8807291666666667 0.28703703703703703 0.013541666666666667 0.022222222222222223
0 0.696875 0.5324074074074074 0.008333333333333333 0.024074074074074074
0 0.3455729166666667 0.49398148148148147 0.0078125 0.019444444444444445
0 0.09322916666666667 0.4462962962962963 0.004166666666666667 0.007407407407407408
0 0.2546875 0.29074074074074074 0.007291666666666667 0.014814814814814815
0 0.4588541666666667 0.15648148148148147 0.008333333333333333 0.012962962962962963
0 0.7895833333333333 0.4236111111111111 0.00625 0.028703703703703703
1 0.5 0.4609824074074074 1.0 0.9219648148148148
0 0.093365625 0.4755064814814815 0.019022916666666667 0.036198148148148146
0 0.030529427083333335 0.4601773148148148 0.0100171875 0.025910185185185185
0 0.01944947916666667 0.22422175925925927 0.010773958333333333 0.026221296296296295
0 0.005137239583333333 0.34402222222222223 0.005066145833333333 0.025081481481481482
0 0.24959218749999998 0.44145972222222224 0.016892708333333332 0.042178703703703704
0 0.33843828125000003 0.3565888888888889 0.011251562500000001 0.01873333333333333
0 0.17616770833333334 0.4693111111111111 0.00441875 0.012696296296296296
0 0.6297567708333334 0.449749537037037 0.011596875 0.025425
0 0.9732093749999999 0.1293875 0.02141875 0.07173796296296296
0 0.8760739583333332 0.7362175925925926 0.013606249999999999 0.022435185185185186
0 0.6975205729166666 0.47962222222222217 0.0085828125 0.02405925925925926
0 0.3456888020833333 0.4960537037037038 0.008044270833333334 0.019885185185185183
0 0.09217708333333333 0.5288143518518519 0.004145833333333333 0.007628703703703704
0 0.2506276041666667 0.6942782407407407 0.007505208333333333 0.014482407407407407
0 0.4521354166666667 0.8408824074074074 0.008437499999999999 0.013246296296296296
0 0.7878372395833334 0.5941018518518518 0.0058828125 0.028944444444444446
1 0.5 0.5115393518518518 1.0 0.9767824074074074
0 0.9032239583333334 0.4113648148148148 0.02103125 0.03198888888888889
0 0.96734296875 0.4082365740740741 0.0096859375 0.02573240740740741
0 0.9973322916666666 0.6410138888888889 0.00508125 0.02462037037037037
0 0.75317109375 0.48881990740740744 0.0157171875 0.04430648148148148
0 0.6716606770833333 0.596975925925926 0.012071354166666666 0.018025925925925924
0 0.8226658854166666 0.44021805555555554 0.004706770833333334 0.013769444444444445
0 0.37631171875 0.5859347222222222 0.011998437499999999 0.027425
0 0.06199322916666667 0.9823675925925927 0.019819791666666666 0.035105555555555557
0 0.10711432291666667 0.37174444444444443 0.013186979166666666 0.021266666666666666
0 0.3063458333333333 0.5749101851851852 0.008525 0.023894444444444444
0 0.6532434895833333 0.45981064814814815 0.0085703125 0.019621296296296296
0 0.9000161458333333 0.35883657407407404 0.004198958333333333 0.006562037037037037
0 0.72894453125 0.23847175925925929 0.006847395833333334 0.015832407407407406
0 0.517740625 0.14944398148148147 0.008397916666666666 0.011850925925925926
0 0.207903125 0.4869416666666667 0.007472916666666667 0.02758703703703704
1 0.49973958333333335 0.5361111111111111 0.9994791666666667 0.9259259259259259
0 0.09348958333333333 0.49907407407407406 0.019270833333333334 0.03518518518518519
0 0.029947916666666668 0.5101851851851852 0.009895833333333333 0.025925925925925925
0 0.0140625 0.7458333333333333 0.010416666666666666 0.026851851851851852
0 0.00234375 0.625462962962963 0.0046875 0.025
0 0.2484375 0.5435185185185185 0.016666666666666666 0.04259259259259259
0 0.3359375 0.6333333333333333 0.011458333333333333 0.018518518518518517
0 0.17552083333333332 0.5101851851851852 0.004166666666666667 0.012962962962962963
0 0.6286458333333333 0.5583333333333333 0.011458333333333333 0.025925925925925925
0 0.9658854166666667 0.9004629629629629 0.022395833333333334 0.0712962962962963
0 0.8807291666666667 0.28703703703703703 0.013541666666666667 0.022222222222222223
0 0.696875 0.5324074074074074 0.008333333333333333 0.024074074074074074
0 0.3455729166666667 0.49398148148148147 0.0078125 0.019444444444444445
0 0.09322916666666667 0.4462962962962963 0.004166666666666667 0.007407407407407408
0 0.2546875 0.29074074074074074 0.007291666666666667 0.014814814814814815
0 0.4588541666666667 0.15648148148148147 0.008333333333333333 0.012962962962962963
0 0.7895833333333333 0.4236111111111111 0.00625 0.028703703703703703
1 0.5 0.4609824074074074 1.0 0.9219648148148148
0 0.093365625 0.4755064814814815 0.019022916666666667 0.036198148148148146
0 0.030529427083333335 0.4601773148148148 0.0100171875 0.025910185185185185
0 0.01944947916666667 0.22422175925925927 0.010773958333333333 0.026221296296296295
0 0.005137239583333333 0.34402222222222223 0.005066145833333333 0.025081481481481482
0 0.24959218749999998 0.44145972222222224 0.016892708333333332 0.042178703703703704
0 0.33843828125000003 0.3565888888888889 0.011251562500000001 0.01873333333333333
0 0.17616770833333334 0.4693111111111111 0.00441875 0.012696296296296296
0 0.6297567708333334 0.449749537037037 0.011596875 0.025425
0 0.9732093749999999 0.1293875 0.02141875 0.07173796296296296
0 0.8760739583333332 0.7362175925925926 0.013606249999999999 0.022435185185185186
0 0.6975205729166666 0.47962222222222217 0.0085828125 0.02405925925925926
0 0.3456888020833333 0.4960537037037038 0.008044270833333334 0.019885185185185183
0 0.09217708333333333 0.5288143518518519 0.004145833333333333 0.007628703703703704
0 0.2506276041666667 0.6942782407407407 0.007505208333333333 0.014482407407407407
0 0.4521354166666667 0.8408824074074074 0.008437499999999999 0.013246296296296296
0 0.7878372395833334 0.5941018518518518 0.0058828125 0.028944444444444446
