1 0.5131755208333334 0.5072388888888889 0.9732260416666667 0.9848481481481481
0 0.6506307291666666 0.28132407407407406 0.016886458333333333 0.05709259259259259
0 0.6229520833333333 0.9675805555555557 0.0354875 0.05738333333333333
0 0.5773171875 0.5532939814814815 0.026509375 0.05288425925925926
0 0.6156403645833334 0.6755944444444445 0.010447395833333335 0.02341111111111111
0 0.5887846354166667 0.7640662037037037 0.011944270833333333 0.026280555555555554
0 0.11857395833333334 0.4261240740740741 0.029856249999999997 0.04669259259259259
0 0.28306640624999996 0.6889050925925926 0.007799479166666666 0.025958333333333333
0 0.24612109375 0.6578967592592593 0.0109921875 0.023200925925925923
0 0.31460859375 0.9092041666666667 0.011508854166666667 0.01470462962962963
0 0.6459044270833334 0.38286666666666663 0.005350520833333333 0.013881481481481482
0 0.6364544270833333 0.4893564814814815 0.008325520833333332 0.013898148148148147
0 0.43661302083333337 0.3823300925925926 0.008642708333333334 0.018363888888888888
0 0.3079401041666667 0.16111944444444445 0.008588541666666666 0.012979629629629631
1 0.48831119791666666 0.5141638888888889 0.9766223958333333 0.9709203703703704
0 0.3783796875 0.23040601851851852 0.018217708333333336 0.05710833333333333
0 0.3241895833333333 0.9140166666666667 0.03067083333333333 0.06321851851851852
0 0.4180700520833333 0.5238495370370371 0.02364010416666667 0.05695833333333333
0 0.36695364583333334 0.6291032407407408 0.009948958333333334 0.021169444444444446
0 0.3816484375 0.7266064814814815 0.011213541666666667 0.025435185185185186
0 0.8823833333333333 0.5683324074074074 0.030391666666666664 0.045924074074074075
0 0.6901692708333333 0.7646847222222223 0.008463541666666666 0.025665740740740742
0 0.72943984375 0.748486574074074 0.0120046875 0.022899074074074075
0 0.6331861979166666 0.9697388888888889 0.012205729166666667 0.015403703703703702
0 0.37140260416666665 0.33109351851851854 0.005305208333333334 0.012187037037037038
0 0.36774973958333335 0.43928518518518517 0.007374479166666667 0.013755555555555556
0 0.5761963541666667 0.40843981481481484 0.0076010416666666665 0.01687962962962963
0 0.7272036458333333 0.23922731481481482 0.008573958333333333 0.013639814814814815
1 0.5138020833333333 0.5175925925925926 0.9713541666666666 0.9629629629629629
0 0.6346354166666667 0.25 0.016145833333333335 0.05740740740740741
0 0.6544270833333333 0.9388888888888889 0.0328125 0.06111111111111111
0 0.5796875 0.5361111111111111 0.023958333333333335 0.05555555555555555
0 0.6268229166666667 0.649074074074074 0.009895833333333333 0.022222222222222223
0 0.6067708333333334 0.7430555555555556 0.011458333333333333 0.025
0 0.11614583333333334 0.5097222222222222 0.030208333333333334 0.04537037037037037
0 0.29765625 0.7342592592592593 0.0078125 0.025925925925925925
0 0.259375 0.711574074074074 0.011458333333333333 0.023148148148148147
0 0.34401041666666665 0.9472222222222222 0.011979166666666667 0.014814814814814815
0 0.6364583333333333 0.35185185185185186 0.005208333333333333 0.012962962962962963
0 0.6346354166666667 0.4597222222222222 0.0078125 0.013888888888888888
0 0.42890625 0.39675925925925926 0.0078125 0.017592592592592594
0 0.2864583333333333 0.20462962962962963 0.008333333333333333 0.012962962962962963
1 0.5131755208333334 0.5072388888888889 0.9732260416666667 0.9848481481481481
0 0.6506307291666666 0.28132407407407406 0.016886458333333333 0.05709259259259259
0 0.6229520833333333 0.9675805555555557 0.0354875 0.05738333333333333
0 0.5773171875 0.5532939814814815 0.026509375 0.05288425925925926
0 0.6156403645833334 0.6755944444444445 0.010447395833333335 0.02341111111111111
0 0.5887846354166667 0.7640662037037037 0.011944270833333333 0.026280555555555554
0 0.11857395833333334 0.4261240740740741 0.029856249999999997 0.04669259259259259
0 0.28306640624999996 0.6889050925925926 0.007799479166666666 0.025958333333333333
0 0.24612109375 0.6578967592592593 0.0109921875 0.023200925925925923
0 0.31460859375 0.9092041666666667 0.011508854166666667 0.01470462962962963
0 0.6459044270833334 0.38286666666666663 0.005350520833333333 0.013881481481481482
0 0.6364544270833333 0.4893564814814815 0.008325520833333332 0.013898148148148147
0 0.43661302083333337 0.3823300925925926 0.008642708333333334 0.018363888888888888
0 0.3079401041666667 0.16111944444444445 0.008588541666666666 0.012979629629629631
1 0.48831119791666666 0.5141638888888889 0.9766223958333333 0.9709203703703704
0 0.3783796875 0.23040601851851852 0.018217708333333336 0.05710833333333333
0 0.3241895833333333 0.9140166666666667 0.03067083333333333 0.06321851851851852
0 0.4180700520833333 0.5238495370370371 0.02364010416666667 0.05695833333333333
0 0.36695364583333334 0.6291032407407408 0.009948958333333334 0.021169444444444446
0 0.3816484375 0.7266064814814815 0.011213541666666667 0.025435185185185186
0 0.8823833333333333 0.5683324074074074 0.030391666666666664 0.045924074074074075
0 0.6901692708333333 0.7646847222222223 0.008463541666666666 0.025665740740740742
0 0.72943984375 0.748486574074074 0.0120046875 0.022899074074074075
0 0.6331861979166666 0.9697388888888889 0.012205729166666667 0.015403703703703702
0 0.37140260416666665 0.33109351851851854 0.005305208333333334 0.012187037037037038
0 0.36774973958333335 0.43928518518518517 0.007374479166666667 0.013755555555555556
0 0.5761963541666667 0.40843981481481484 0.0076010416666666665 0.01687962962962963
0 0.7272036458333333 0.23922731481481482 0.008573958333333333 0.013639814814814815
1 0.5138020833333333 0.5175925925925926 0.9713541666666666 0.9629629629629629
0 0.6346354166666667 0.25 0.016145833333333335 0.05740740740740741
0 0.6544270833333333 0.9388888888888889 0.0328125 0.06111111111111111
0 0.5796875 0.5361111111111111 0.023958333333333335 0.05555555555555555
0 0.6268229166666667 0.649074074074074 0.009895833333333333 0.022222222222222223
0 0.6067708333333334 0.7430555555555556 0.011458333333333333 0.025
0 0.11614583333333334 0.5097222222222222 0.030208333333333334 0.04537037037037037
0 0.29765625 0.7342592592592593 0.0078125 0.025925925925925925
0 0.259375 0.711574074074074 0.011458333333333333 0.023148148148148147
0 0.34401041666666665 0.9472222222222222 0.011979166666666667 0.014814814814814815
0 0.6364583333333333 0.35185185185185186 0.005208333333333333 0.012962962962962963
0 0.6346354166666667 0.4597222222222222 0.0078125 0.013888888888888888
0 0.42890625 0.39675925925925926 0.0078125 0.017592592592592594
0 0.2864583333333333 0.20462962962962963 0.008333333333333333 0.012962962962962963
1 0.5131755208333334 0.5072388888888889 0.9732260416666667 0.9848481481481481
0 0.6506307291666666 0.28132407407407406 0.016886458333333333 0.05709259259259259
0 0.6229520833333333 0.9675805555555557 0.0354875 0.05738333333333333
0 0.5773171875 0.5532939814814815 0.026509375 0.05288425925925926
0 0.6156403645833334 0.6755944444444445 0.010447395833333335 0.02341111111111111
0 0.5887846354166667 0.7640662037037037 0.011944270833333333 0.026280555555555554
0 0.11857395833333334 0.4261240740740741 0.029856249999999997 0.04669259259259259
0 0.28306640624999996 0.6889050925925926 0.007799479166666666 0.025958333333333333
0 0.24612109375 0.6578967592592593 0.0109921875 0.023200925925925923
0 0.31460859375 0.9092041666666667 0.011508854166666667 0.01470462962962963
0 0.6459044270833334 0.38286666666666663 0.005350520833333333 0.013881481481481482
0 0.6364544270833333 0.4893564814814815 0.008325520833333332 0.013898148148148147
0 0.43661302083333337 0.3823300925925926 0.008642708333333334 0.018363888888888888
0 0.3079401041666667 0.16111944444444445 0.008588541666666666 0.012979629629629631
1 0.48831119791666666 0.5141638888888889 0.9766223958333333 0.9709203703703704
0 0.3783796875 0.23040601851851852 0.018217708333333336 0.05710833333333333
0 0.3241895833333333 0.9140166666666667 0.03067083333333333 0.06321851851851852
0 0.4180700520833333 0.5238495370370371 0.02364010416666667 0.05695833333333333
0 0.36695364583333334 0.6291032407407408 0.009948958333333334 0.021169444444444446
0 0.3816484375 0.7266064814814815 0.011213541666666667 0.025435185185185186
0 0.8823833333333333 0.5683324074074074 0.030391666666666664 0.045924074074074075
0 0.6901692708333333 0.7646847222222223 0.008463541666666666 0.025665740740740742
0 0.72943984375 0.748486574074074 0.0120046875 0.022899074074074075
0 0.6331861979166666 0.9697388888888889 0.012205729166666667 0.015403703703703702
0 0.37140260416666665 0.33109351851851854 0.005305208333333334 0.012187037037037038
0 0.36774973958333335 0.43928518518518517 0.007374479166666667 0.013755555555555556
0 0.5761963541666667 0.40843981481481484 0.0076010416666666665 0.01687962962962963
0 0.7272036458333333 0.23922731481481482 0.008573958333333333 0.013639814814814815
1 0.5138020833333333 0.5175925925925926 0.9713541666666666 0.9629629629629629
0 0.6346354166666667 0.25 0.016145833333333335 0.05740740740740741
0 0.6544270833333333 0.9388888888888889 0.0328125 0.06111111111111111
0 0.5796875 0.5361111111111111 0.023958333333333335 0.05555555555555555
0 0.6268229166666667 0.649074074074074 0.009895833333333333 0.022222222222222223
0 0.6067708333333334 0.7430555555555556 0.011458333333333333 0.025
0 0.11614583333333334 0.5097222222222222 0.030208333333333334 0.04537037037037037
0 0.29765625 0.7342592592592593 0.0078125 0.025925925925925925
0 0.259375 0.711574074074074 0.011458333333333333 0.023148148148148147
0 0.34401041666666665 0.9472222222222222 0.011979166666666667 0.014814814814814815
0 0.6364583333333333 0.35185185185185186 0.005208333333333333 0.012962962962962963
0 0.6346354166666667 0.4597222222222222 0.0078125 0.013888888888888888
0 0.42890625 0.39675925925925926 0.0078125 0.017592592592592594
0 0.2864583333333333 0.20462962962962963 0.008333333333333333 0.012962962962962963
