1 0.5 0.4952356481481482 1.0 0.9904712962962964
0 0.23405625 0.8760189814814815 0.02540416666666667 0.039075
0 0.17175364583333333 0.8615314814814814 0.017465625 0.04343333333333334
0 0.14503333333333332 0.8189708333333334 0.009858333333333334 0.026830555555555555
0 0.023245052083333332 0.8147143518518518 0.012115104166666666 0.031280555555555555
0 0.030791145833333332 0.7860615740740741 0.008457291666666667 0.02582685185185185
0 0.0367140625 0.6411648148148148 0.010928125 0.041588888888888884
0 0.07531354166666666 0.31609305555555556 0.013127083333333334 0.03959351851851852
0 0.41373411458333337 0.3217861111111111 0.038926562500000005 0.05283148148148148
0 0.4177356770833333 0.4358712962962963 0.022971354166666666 0.13470555555555555
0 0.4237734375 0.3785601851851852 0.023588541666666667 0.03860185185185185
0 0.5040895833333333 0.2241175925925926 0.0165125 0.04082777777777778
0 0.5127002604166667 0.15626574074074073 0.021233854166666667 0.04030925925925926
0 0.03076875 0.5500064814814815 0.016745833333333335 0.04816111111111111
0 0.06204609375 0.47681666666666667 0.012633854166666668 0.018448148148148148
0 0.060069270833333334 0.5137310185185185 0.014930208333333334 0.03116574074074074
0 0.4095484375 0.5893111111111111 0.009721875 0.021214814814814815
0 0.5522372395833333 0.6165296296296296 0.014891145833333334 0.029355555555555555
0 0.5333518229166666 0.6374083333333332 0.031286979166666666 0.03592777777777778
0 0.5744268229166667 0.6710842592592592 0.03947864583333334 0.1199462962962963
0 0.5242796875 0.7630064814814815 0.032934375 0.04082777777777778
0 0.50481171875 0.6921981481481481 0.011706770833333333 0.039951851851851856
0 0.3905901041666667 0.9316597222222223 0.030138541666666668 0.04294907407407407
0 0.30654010416666666 0.9241018518518518 0.009955208333333333 0.02783333333333333
0 0.27343958333333335 0.7923222222222222 0.012504166666666667 0.047607407407407404
0 0.8658416666666666 0.7767782407407406 0.016058333333333334 0.02948240740740741
0 0.61367578125 0.5559949074074074 0.020059895833333334 0.030508333333333332
0 0.6066328124999999 0.6138518518518519 0.014307291666666666 0.03140740740740741
0 0.8326588541666666 0.36336064814814817 0.017401041666666665 0.0341287037037037
0 0.8274106770833334 0.10486481481481481 0.024613020833333332 0.03750740740740741
0 0.6789989583333333 0.11715185185185185 0.024664583333333333 0.03985925925925926
0 0.48487604166666665 0.006443055555555555 0.010377083333333334 0.01103425925925926
0 0.7921916666666667 0.019533333333333333 0.011466666666666665 0.026103703703703705
0 0.7122268229166667 0.027314814814814816 0.0067453125000000004 0.021296296296296296
0 0.7163981770833333 0.06875509259259259 0.0161296875 0.02454722222222222
0 0.859975 0.06253379629629628 0.028283333333333334 0.07321574074074073
0 0.4643041666666667 0.3217486111111111 0.009858333333333334 0.026830555555555555
0 0.44900468750000005 0.25355092592592593 0.011551041666666668 0.01636111111111111
0 0.8765013020833333 0.17695833333333333 0.0082109375 0.01687962962962963
0 0.07089244791666666 0.12368796296296296 0.0115765625 0.03256111111111111
0 0.09809010416666666 0.20956759259259258 0.009721875 0.017283333333333335
0 0.13798203125 0.2215662037037037 0.0134640625 0.028317592592592592
0 0.11911796875 0.1554625 0.015319270833333334 0.027591666666666667
0 0.19531744791666666 0.0658912037037037 0.009384895833333332 0.01511574074074074
0 0.20712786458333332 0.41032175925925923 0.009047395833333333 0.02249537037037037
0 0.1412109375 0.3420856481481481 0.008463541666666666 0.023060185185185187
0 0.33461848958333335 0.05741944444444444 0.0088203125 0.01483888888888889
0 0.35714869791666665 0.06033935185185185 0.010130729166666666 0.013271296296296297
0 0.02440625 0.4683851851851852 0.009229166666666667 0.018251851851851852
0 0.171184375 0.7642606481481482 0.012160416666666667 0.017410185185185185
0 0.11684531249999999 0.897176388888889 0.008690625 0.023982407407407407
0 0.4955138020833333 0.9081907407407408 0.013944270833333333 0.020085185185185185
0 0.5363919270833333 0.9305699074074074 0.027992187499999998 0.0500287037037037
0 0.5057486979166667 0.6466944444444443 0.013580729166666666 0.02487037037037037
0 0.07631276041666667 0.6427027777777778 0.023458854166666664 0.03910925925925926
0 0.8032153645833334 0.7797578703703704 0.010597395833333334 0.029886111111111113
0 0.5007731770833334 0.7859199074074074 0.0161296875 0.02739537037037037
1 0.49973958333333335 0.5185185185185185 0.9994791666666667 0.9611111111111111
0 0.21640625 0.16712962962962963 0.025520833333333333 0.03796296296296296
0 0.15572916666666667 0.1912037037037037 0.016666666666666666 0.04351851851851852
0 0.13098958333333333 0.2375 0.009895833333333333 0.026851851851851852
0 0.009114583333333334 0.2601851851851852 0.011979166666666667 0.03148148148148148
0 0.018489583333333334 0.287962962962963 0.008854166666666666 0.025925925925925925
0 0.03177083333333333 0.4310185185185185 0.009375 0.041666666666666664
0 0.08541666666666667 0.7486111111111111 0.013541666666666667 0.03796296296296296
0 0.42265625 0.6907407407407408 0.03697916666666667 0.05740740740740741
0 0.42109375 0.5773148148148148 0.0203125 0.1361111111111111
0 0.43020833333333336 0.6324074074074074 0.025 0.03518518518518519
0 0.5177083333333333 0.774074074074074 0.016666666666666666 0.040740740740740744
0 0.5294270833333333 0.8412037037037037 0.0203125 0.03981481481481482
0 0.0296875 0.5217592592592593 0.015625 0.049074074074074076
0 0.06510416666666667 0.5907407407407408 0.0125 0.018518518518518517
0 0.0609375 0.5546296296296296 0.015625 0.03148148148148148
0 0.40546875 0.425462962962963 0.009895833333333333 0.021296296296296296
0 0.5463541666666667 0.37592592592592594 0.014583333333333334 0.02962962962962963
0 0.5263020833333333 0.3592592592592593 0.03177083333333333 0.037037037037037035
0 0.5653645833333333 0.3189814814814815 0.043229166666666666 0.11574074074074074
0 0.5111979166666667 0.2351851851851852 0.033854166666666664 0.040740740740740744
0 0.49505208333333334 0.30833333333333335 0.011979166666666667 0.03888888888888889
0 0.3697916666666667 0.0875 0.030208333333333334 0.04351851851851852
0 0.28671875 0.10740740740740741 0.008854166666666666 0.027777777777777776
0 0.259375 0.2439814814814815 0.0125 0.04722222222222222
0 0.8510416666666667 0.16712962962962963 0.016666666666666666 0.028703703703703703
0 0.6106770833333334 0.4263888888888889 0.019270833333333334 0.032407407407407406
0 0.6005208333333333 0.3699074074074074 0.013541666666666667 0.030555555555555555
0 0.8377604166666667 0.5837962962962963 0.016145833333333335 0.03425925925925926
0 0.84609375 0.8430555555555556 0.024479166666666666 0.03611111111111111
0 0.6971354166666667 0.8537037037037037 0.0234375 0.040740740740740744
0 0.509375 0.9939814814814815 0.010416666666666666 0.010185185185185186
0 0.8145833333333333 0.9328703703703703 0.010416666666666666 0.026851851851851852
0 0.7341145833333333 0.9375 0.0067708333333333336 0.021296296296296296
0 0.73671875 0.8953703703703704 0.016145833333333335 0.024074074074074074
0 0.8799479166666667 0.8796296296296297 0.025520833333333333 0.07592592592592592
0 0.47317708333333336 0.6828703703703703 0.009895833333333333 0.026851851851851852
0 0.4609375 0.7527777777777778 0.011458333333333333 0.016666666666666666
0 0.8911458333333333 0.763425925925926 0.008333333333333333 0.017592592592592594
0 0.09088541666666666 0.9416666666666667 0.0109375 0.03333333333333333
0 0.11380208333333333 0.8513888888888889 0.009895833333333333 0.017592592592592594
0 0.15286458333333333 0.8333333333333334 0.0140625 0.027777777777777776
0 0.13723958333333333 0.9018518518518519 0.015104166666666667 0.027777777777777776
0 0.21770833333333334 0.9800925925925926 0.009375 0.01574074074074074
0 0.21328125 0.6347222222222222 0.008854166666666666 0.023148148148148147
0 0.15026041666666667 0.7125 0.0078125 0.023148148148148147
0 0.35703125 0.9666666666666667 0.008854166666666666 0.014814814814814815
0 0.37942708333333336 0.9597222222222223 0.009895833333333333 0.013888888888888888
0 0.027864583333333335 0.6050925925925926 0.008854166666666666 0.017592592592592594
0 0.15963541666666667 0.287962962962963 0.011979166666666667 0.016666666666666666
0 0.09869791666666666 0.1638888888888889 0.0078125 0.024074074074074074
0 0.47552083333333334 0.09398148148148149 0.013541666666666667 0.021296296296296296
0 0.5153645833333333 0.06527777777777778 0.028645833333333332 0.04722222222222222
0 0.4984375 0.3527777777777778 0.013541666666666667 0.024074074074074074
0 0.07135416666666666 0.42268518518518516 0.023958333333333335 0.03796296296296296
0 0.7885416666666667 0.17453703703703705 0.011458333333333333 0.028703703703703703
0 0.4861979166666667 0.21435185185185185 0.016145833333333335 0.026851851851851852
1 0.5 0.5198824074074073 1.0 0.9601351851851851
0 0.8043638020833334 0.23138472222222223 0.025394270833333333 0.038695370370370366
0 0.8633843750000001 0.268762962962963 0.016352083333333333 0.04308148148148148
0 0.8843270833333333 0.31975092592592597 0.010320833333333333 0.02653888888888889
0 0.9921479166666667 0.3943476851851852 0.009295833333333333 0.02573240740740741
0 0.9692760416666667 0.5330537037037036 0.00834375 0.04203333333333333
0 0.8944565104166667 0.8362782407407408 0.014954687500000001 0.035519444444444444
0 0.5637669270833333 0.7056587962962962 0.03378385416666666 0.06316944444444444
0 0.5754341145833333 0.5940949074074073 0.020659895833333334 0.13633796296296297
0 0.55968125 0.6464606481481482 0.026654166666666666 0.02995833333333333
0 0.4633078125 0.7684231481481482 0.017240625 0.040549999999999996
0 0.4479239583333333 0.8314824074074074 0.01876458333333333 0.040742592592592594
0 0.9656846354166666 0.6224791666666667 0.015744270833333334 0.050513888888888886
0 0.9256013020833334 0.683425462962963 0.0126609375 0.01870277777777778
0 0.93215703125 0.6491824074074074 0.016397395833333335 0.03169814814814815
0 0.59875625 0.44668009259259256 0.0100125 0.021137962962962963
0 0.46219166666666667 0.3675949074074074 0.013966666666666665 0.029634259259259263
0 0.48372916666666665 0.35553240740740744 0.03204166666666667 0.04069444444444445
0 0.44853046874999997 0.30714675925925927 0.04810260416666667 0.11058981481481481
0 0.5075080729166667 0.23600740740740742 0.0348078125 0.04053333333333334
0 0.5178934895833334 0.31104583333333335 0.013911979166666666 0.036906481481481485
0 0.6572697916666667 0.12002731481481482 0.03016458333333333 0.04375833333333334
0 0.7389997395833333 0.1562652777777778 0.0082078125 0.02734537037037037
0 0.7574671875 0.2980402777777778 0.012851041666666667 0.046080555555555555
0 0.17427708333333333 0.09364074074074075 0.017304166666666666 0.028022222222222223
0 0.39489817708333336 0.40250925925925923 0.017921354166666667 0.03464814814814815
0 0.40941067708333334 0.34878611111111113 0.013613020833333333 0.029053703703703703
0 0.15917578125 0.5095944444444445 0.014184895833333332 0.0340037037037037
0 0.1332859375 0.766011574074074 0.025946874999999998 0.033875
0 0.27990546875 0.808963425925926 0.022310937500000003 0.04200092592592592
0 0.45673203125 0.9889439814814815 0.0103390625 0.011221296296296297
0 0.15805364583333334 0.860999537037037 0.008815624999999999 0.02755462962962963
0 0.23782135416666667 0.8827347222222223 0.006892708333333333 0.021025000000000002
0 0.23743333333333333 0.8406990740740741 0.016533333333333334 0.02399074074074074
0 0.09715130208333332 0.7940504629629629 0.0213859375 0.07884166666666667
0 0.5137651041666667 0.6873435185185185 0.009821875 0.02653888888888889
0 0.5217369791666667 0.7593662037037037 0.011182291666666667 0.01688055555555556
0 0.09378229166666667 0.676774537037037 0.008397916666666666 0.018363888888888888
0 0.8591729166666667 0.9325560185185184 0.0100125 0.01881574074074074
0 0.8214221354166666 0.9059263888888889 0.014719270833333332 0.02666759259259259
0 0.8326135416666667 0.9768046296296297 0.015227083333333334 0.027683333333333334
0 0.7747700520833334 0.6961421296296296 0.008915104166666667 0.023765740740740744
0 0.8330119791666667 0.786487962962963 0.007690625 0.022975925925925927
0 0.60985625 0.9936597222222221 0.009295833333333333 0.013245370370370371
0 0.5877234375 0.9822875 0.009821875 0.014575
0 0.9615776041666667 0.7060092592592593 0.009613541666666666 0.017574074074074075
0 0.8521403645833333 0.36423657407407406 0.011572395833333334 0.015510185185185186
0 0.9211151041666666 0.2536138888888889 0.008896875 0.023894444444444444
0 0.5522364583333333 0.10209953703703703 0.01280625 0.02271759259259259
0 0.5148377604166667 0.0648662037037037 0.0307171875 0.04269537037037037
0 0.5118651041666666 0.3540240740740741 0.013313541666666668 0.022862962962962963
0 0.9304046874999999 0.5163842592592593 0.024351041666666667 0.03832407407407407
0 0.2361674479166667 0.11519398148148148 0.012959895833333334 0.026684259259259258
0 0.5332619791666667 0.21935601851851852 0.01652395833333333 0.025749074074074074
1 0.5 0.4952356481481482 1.0 0.9904712962962964
0 0.23405625 0.8760189814814815 0.02540416666666667 0.039075
0 0.17175364583333333 0.8615314814814814 0.017465625 0.04343333333333334
0 0.14503333333333332 0.8189708333333334 0.009858333333333334 0.026830555555555555
0 0.023245052083333332 0.8147143518518518 0.012115104166666666 0.031280555555555555
0 0.030791145833333332 0.7860615740740741 0.008457291666666667 0.02582685185185185
0 0.0367140625 0.6411648148148148 0.010928125 0.041588888888888884
0 0.07531354166666666 0.31609305555555556 0.013127083333333334 0.03959351851851852
0 0.41373411458333337 0.3217861111111111 0.038926562500000005 0.05283148148148148
0 0.4177356770833333 0.4358712962962963 0.022971354166666666 0.13470555555555555
0 0.4237734375 0.3785601851851852 0.023588541666666667 0.03860185185185185
0 0.5040895833333333 0.2241175925925926 0.0165125 0.04082777777777778
0 0.5127002604166667 0.15626574074074073 0.021233854166666667 0.04030925925925926
0 0.03076875 0.5500064814814815 0.016745833333333335 0.04816111111111111
0 0.06204609375 0.47681666666666667 0.012633854166666668 0.018448148148148148
0 0.060069270833333334 0.5137310185185185 0.014930208333333334 0.03116574074074074
0 0.4095484375 0.5893111111111111 0.009721875 0.021214814814814815
0 0.5522372395833333 0.6165296296296296 0.014891145833333334 0.029355555555555555
0 0.5333518229166666 0.6374083333333332 0.031286979166666666 0.03592777777777778
0 0.5744268229166667 0.6710842592592592 0.03947864583333334 0.1199462962962963
0 0.5242796875 0.7630064814814815 0.032934375 0.04082777777777778
0 0.50481171875 0.6921981481481481 0.011706770833333333 0.039951851851851856
0 0.3905901041666667 0.9316597222222223 0.030138541666666668 0.04294907407407407
0 0.30654010416666666 0.9241018518518518 0.009955208333333333 0.02783333333333333
0 0.27343958333333335 0.7923222222222222 0.012504166666666667 0.047607407407407404
0 0.8658416666666666 0.7767782407407406 0.016058333333333334 0.02948240740740741
0 0.61367578125 0.5559949074074074 0.020059895833333334 0.030508333333333332
0 0.6066328124999999 0.6138518518518519 0.014307291666666666 0.03140740740740741
0 0.8326588541666666 0.36336064814814817 0.017401041666666665 0.0341287037037037
0 0.8274106770833334 0.10486481481481481 0.024613020833333332 0.03750740740740741
0 0.6789989583333333 0.11715185185185185 0.024664583333333333 0.03985925925925926
0 0.48487604166666665 0.006443055555555555 0.010377083333333334 0.01103425925925926
0 0.7921916666666667 0.019533333333333333 0.011466666666666665 0.026103703703703705
0 0.7122268229166667 0.027314814814814816 0.0067453125000000004 0.021296296296296296
0 0.7163981770833333 0.06875509259259259 0.0161296875 0.02454722222222222
0 0.859975 0.06253379629629628 0.028283333333333334 0.07321574074074073
0 0.4643041666666667 0.3217486111111111 0.009858333333333334 0.026830555555555555
0 0.44900468750000005 0.25355092592592593 0.011551041666666668 0.01636111111111111
0 0.8765013020833333 0.17695833333333333 0.0082109375 0.01687962962962963
0 0.07089244791666666 0.12368796296296296 0.0115765625 0.03256111111111111
0 0.09809010416666666 0.20956759259259258 0.009721875 0.017283333333333335
0 0.13798203125 0.2215662037037037 0.0134640625 0.028317592592592592
0 0.11911796875 0.1554625 0.015319270833333334 0.027591666666666667
0 0.19531744791666666 0.0658912037037037 0.009384895833333332 0.01511574074074074
0 0.20712786458333332 0.41032175925925923 0.009047395833333333 0.02249537037037037
0 0.1412109375 0.3420856481481481 0.008463541666666666 0.023060185185185187
0 0.33461848958333335 0.05741944444444444 0.0088203125 0.01483888888888889
0 0.35714869791666665 0.06033935185185185 0.010130729166666666 0.013271296296296297
0 0.02440625 0.4683851851851852 0.009229166666666667 0.018251851851851852
0 0.171184375 0.7642606481481482 0.012160416666666667 0.017410185185185185
0 0.11684531249999999 0.897176388888889 0.008690625 0.023982407407407407
0 0.4955138020833333 0.9081907407407408 0.013944270833333333 0.020085185185185185
0 0.5363919270833333 0.9305699074074074 0.027992187499999998 0.0500287037037037
0 0.5057486979166667 0.6466944444444443 0.013580729166666666 0.02487037037037037
0 0.07631276041666667 0.6427027777777778 0.023458854166666664 0.03910925925925926
0 0.8032153645833334 0.7797578703703704 0.010597395833333334 0.029886111111111113
0 0.5007731770833334 0.7859199074074074 0.0161296875 0.02739537037037037
1 0.49973958333333335 0.5185185185185185 0.9994791666666667 0.9611111111111111
0 0.21640625 0.16712962962962963 0.025520833333333333 0.03796296296296296
0 0.15572916666666667 0.1912037037037037 0.016666666666666666 0.04351851851851852
0 0.13098958333333333 0.2375 0.009895833333333333 0.026851851851851852
0 0.009114583333333334 0.2601851851851852 0.011979166666666667 0.03148148148148148
0 0.018489583333333334 0.287962962962963 0.008854166666666666 0.025925925925925925
0 0.03177083333333333 0.4310185185185185 0.009375 0.041666666666666664
0 0.08541666666666667 0.7486111111111111 0.013541666666666667 0.03796296296296296
0 0.42265625 0.6907407407407408 0.03697916666666667 0.05740740740740741
0 0.42109375 0.5773148148148148 0.0203125 0.1361111111111111
0 0.43020833333333336 0.6324074074074074 0.025 0.03518518518518519
0 0.5177083333333333 0.774074074074074 0.016666666666666666 0.040740740740740744
0 0.5294270833333333 0.8412037037037037 0.0203125 0.03981481481481482
0 0.0296875 0.5217592592592593 0.015625 0.049074074074074076
0 0.06510416666666667 0.5907407407407408 0.0125 0.018518518518518517
0 0.0609375 0.5546296296296296 0.015625 0.03148148148148148
0 0.40546875 0.425462962962963 0.009895833333333333 0.021296296296296296
0 0.5463541666666667 0.37592592592592594 0.014583333333333334 0.02962962962962963
0 0.5263020833333333 0.3592592592592593 0.03177083333333333 0.037037037037037035
0 0.5653645833333333 0.3189814814814815 0.043229166666666666 0.11574074074074074
0 0.5111979166666667 0.2351851851851852 0.033854166666666664 0.040740740740740744
0 0.49505208333333334 0.30833333333333335 0.011979166666666667 0.03888888888888889
0 0.3697916666666667 0.0875 0.030208333333333334 0.04351851851851852
0 0.28671875 0.10740740740740741 0.008854166666666666 0.027777777777777776
0 0.259375 0.2439814814814815 0.0125 0.04722222222222222
0 0.8510416666666667 0.16712962962962963 0.016666666666666666 0.028703703703703703
0 0.6106770833333334 0.4263888888888889 0.019270833333333334 0.032407407407407406
0 0.6005208333333333 0.3699074074074074 0.013541666666666667 0.030555555555555555
0 0.8377604166666667 0.5837962962962963 0.016145833333333335 0.03425925925925926
0 0.84609375 0.8430555555555556 0.024479166666666666 0.03611111111111111
0 0.6971354166666667 0.8537037037037037 0.0234375 0.040740740740740744
0 0.509375 0.9939814814814815 0.010416666666666666 0.010185185185185186
0 0.8145833333333333 0.9328703703703703 0.010416666666666666 0.026851851851851852
0 0.7341145833333333 0.9375 0.0067708333333333336 0.021296296296296296
0 0.73671875 0.8953703703703704 0.016145833333333335 0.024074074074074074
0 0.8799479166666667 0.8796296296296297 0.025520833333333333 0.07592592592592592
0 0.47317708333333336 0.6828703703703703 0.009895833333333333 0.026851851851851852
0 0.4609375 0.7527777777777778 0.011458333333333333 0.016666666666666666
0 0.8911458333333333 0.763425925925926 0.008333333333333333 0.017592592592592594
0 0.09088541666666666 0.9416666666666667 0.0109375 0.03333333333333333
0 0.11380208333333333 0.8513888888888889 0.009895833333333333 0.017592592592592594
0 0.15286458333333333 0.8333333333333334 0.0140625 0.027777777777777776
0 0.13723958333333333 0.9018518518518519 0.015104166666666667 0.027777777777777776
0 0.21770833333333334 0.9800925925925926 0.009375 0.01574074074074074
0 0.21328125 0.6347222222222222 0.008854166666666666 0.023148148148148147
0 0.15026041666666667 0.7125 0.0078125 0.023148148148148147
0 0.35703125 0.9666666666666667 0.008854166666666666 0.014814814814814815
0 0.37942708333333336 0.9597222222222223 0.009895833333333333 0.013888888888888888
0 0.027864583333333335 0.6050925925925926 0.008854166666666666 0.017592592592592594
0 0.15963541666666667 0.287962962962963 0.011979166666666667 0.016666666666666666
0 0.09869791666666666 0.1638888888888889 0.0078125 0.024074074074074074
0 0.47552083333333334 0.09398148148148149 0.013541666666666667 0.021296296296296296
0 0.5153645833333333 0.06527777777777778 0.028645833333333332 0.04722222222222222
0 0.4984375 0.3527777777777778 0.013541666666666667 0.024074074074074074
0 0.07135416666666666 0.42268518518518516 0.023958333333333335 0.03796296296296296
0 0.7885416666666667 0.17453703703703705 0.011458333333333333 0.028703703703703703
0 0.4861979166666667 0.21435185185185185 0.016145833333333335 0.026851851851851852
1 0.5 0.5198824074074073 1.0 0.9601351851851851
0 0.8043638020833334 0.23138472222222223 0.025394270833333333 0.038695370370370366
0 0.8633843750000001 0.268762962962963 0.016352083333333333 0.04308148148148148
0 0.8843270833333333 0.31975092592592597 0.010320833333333333 0.02653888888888889
0 0.9921479166666667 0.3943476851851852 0.009295833333333333 0.02573240740740741
0 0.9692760416666667 0.5330537037037036 0.00834375 0.04203333333333333
0 0.8944565104166667 0.8362782407407408 0.014954687500000001 0.035519444444444444
0 0.5637669270833333 0.7056587962962962 0.03378385416666666 0.06316944444444444
0 0.5754341145833333 0.5940949074074073 0.020659895833333334 0.13633796296296297
0 0.55968125 0.6464606481481482 0.026654166666666666 0.02995833333333333
0 0.4633078125 0.7684231481481482 0.017240625 0.040549999999999996
0 0.4479239583333333 0.8314824074074074 0.01876458333333333 0.040742592592592594
0 0.9656846354166666 0.6224791666666667 0.015744270833333334 0.050513888888888886
0 0.9256013020833334 0.683425462962963 0.0126609375 0.01870277777777778
0 0.93215703125 0.6491824074074074 0.016397395833333335 0.03169814814814815
0 0.59875625 0.44668009259259256 0.0100125 0.021137962962962963
0 0.46219166666666667 0.3675949074074074 0.013966666666666665 0.029634259259259263
0 0.48372916666666665 0.35553240740740744 0.03204166666666667 0.04069444444444445
0 0.44853046874999997 0.30714675925925927 0.04810260416666667 0.11058981481481481
0 0.5075080729166667 0.23600740740740742 0.0348078125 0.04053333333333334
0 0.5178934895833334 0.31104583333333335 0.013911979166666666 0.036906481481481485
0 0.6572697916666667 0.12002731481481482 0.03016458333333333 0.04375833333333334
0 0.7389997395833333 0.1562652777777778 0.0082078125 0.02734537037037037
0 0.7574671875 0.2980402777777778 0.012851041666666667 0.046080555555555555
0 0.17427708333333333 0.09364074074074075 0.017304166666666666 0.028022222222222223
0 0.39489817708333336 0.40250925925925923 0.017921354166666667 0.03464814814814815
0 0.40941067708333334 0.34878611111111113 0.013613020833333333 0.029053703703703703
0 0.15917578125 0.5095944444444445 0.014184895833333332 0.0340037037037037
0 0.1332859375 0.766011574074074 0.025946874999999998 0.033875
0 0.27990546875 0.808963425925926 0.022310937500000003 0.04200092592592592
0 0.45673203125 0.9889439814814815 0.0103390625 0.011221296296296297
0 0.15805364583333334 0.860999537037037 0.008815624999999999 0.02755462962962963
0 0.23782135416666667 0.8827347222222223 0.006892708333333333 0.021025000000000002
0 0.23743333333333333 0.8406990740740741 0.016533333333333334 0.02399074074074074
0 0.09715130208333332 0.7940504629629629 0.0213859375 0.07884166666666667
0 0.5137651041666667 0.6873435185185185 0.009821875 0.02653888888888889
0 0.5217369791666667 0.7593662037037037 0.011182291666666667 0.01688055555555556
0 0.09378229166666667 0.676774537037037 0.008397916666666666 0.018363888888888888
0 0.8591729166666667 0.9325560185185184 0.0100125 0.01881574074074074
0 0.8214221354166666 0.9059263888888889 0.014719270833333332 0.02666759259259259
0 0.8326135416666667 0.9768046296296297 0.015227083333333334 0.027683333333333334
0 0.7747700520833334 0.6961421296296296 0.008915104166666667 0.023765740740740744
0 0.8330119791666667 0.786487962962963 0.007690625 0.022975925925925927
0 0.60985625 0.9936597222222221 0.009295833333333333 0.013245370370370371
0 0.5877234375 0.9822875 0.009821875 0.014575
0 0.9615776041666667 0.7060092592592593 0.009613541666666666 0.017574074074074075
0 0.8521403645833333 0.36423657407407406 0.011572395833333334 0.015510185185185186
0 0.9211151041666666 0.2536138888888889 0.008896875 0.023894444444444444
0 0.5522364583333333 0.10209953703703703 0.01280625 0.02271759259259259
0 0.5148377604166667 0.0648662037037037 0.0307171875 0.04269537037037037
0 0.5118651041666666 0.3540240740740741 0.013313541666666668 0.022862962962962963
0 0.9304046874999999 0.5163842592592593 0.024351041666666667 0.03832407407407407
0 0.2361674479166667 0.11519398148148148 0.012959895833333334 0.026684259259259258
0 0.5332619791666667 0.21935601851851852 0.01652395833333333 0.025749074074074074
1 0.5 0.4952356481481482 1.0 0.9904712962962964
0 0.23405625 0.8760189814814815 0.02540416666666667 0.039075
0 0.17175364583333333 0.8615314814814814 0.017465625 0.04343333333333334
0 0.14503333333333332 0.8189708333333334 0.009858333333333334 0.026830555555555555
0 0.023245052083333332 0.8147143518518518 0.012115104166666666 0.031280555555555555
0 0.030791145833333332 0.7860615740740741 0.008457291666666667 0.02582685185185185
0 0.0367140625 0.6411648148148148 0.010928125 0.041588888888888884
0 0.07531354166666666 0.31609305555555556 0.013127083333333334 0.03959351851851852
0 0.41373411458333337 0.3217861111111111 0.038926562500000005 0.05283148148148148
0 0.4177356770833333 0.4358712962962963 0.022971354166666666 0.13470555555555555
0 0.4237734375 0.3785601851851852 0.023588541666666667 0.03860185185185185
0 0.5040895833333333 0.2241175925925926 0.0165125 0.04082777777777778
0 0.5127002604166667 0.15626574074074073 0.021233854166666667 0.04030925925925926
0 0.03076875 0.5500064814814815 0.016745833333333335 0.04816111111111111
0 0.06204609375 0.47681666666666667 0.012633854166666668 0.018448148148148148
0 0.060069270833333334 0.5137310185185185 0.014930208333333334 0.03116574074074074
0 0.4095484375 0.5893111111111111 0.009721875 0.021214814814814815
0 0.5522372395833333 0.6165296296296296 0.014891145833333334 0.029355555555555555
0 0.5333518229166666 0.6374083333333332 0.031286979166666666 0.03592777777777778
0 0.5744268229166667 0.6710842592592592 0.03947864583333334 0.1199462962962963
0 0.5242796875 0.7630064814814815 0.032934375 0.04082777777777778
0 0.50481171875 0.6921981481481481 0.011706770833333333 0.039951851851851856
0 0.3905901041666667 0.9316597222222223 0.030138541666666668 0.04294907407407407
0 0.30654010416666666 0.9241018518518518 0.009955208333333333 0.02783333333333333
0 0.27343958333333335 0.7923222222222222 0.012504166666666667 0.047607407407407404
0 0.8658416666666666 0.7767782407407406 0.016058333333333334 0.02948240740740741
0 0.61367578125 0.5559949074074074 0.020059895833333334 0.030508333333333332
0 0.6066328124999999 0.6138518518518519 0.014307291666666666 0.03140740740740741
0 0.8326588541666666 0.36336064814814817 0.017401041666666665 0.0341287037037037
0 0.8274106770833334 0.10486481481481481 0.024613020833333332 0.03750740740740741
0 0.6789989583333333 0.11715185185185185 0.024664583333333333 0.03985925925925926
0 0.48487604166666665 0.006443055555555555 0.010377083333333334 0.01103425925925926
0 0.7921916666666667 0.019533333333333333 0.011466666666666665 0.026103703703703705
0 0.7122268229166667 0.027314814814814816 0.0067453125000000004 0.021296296296296296
0 0.7163981770833333 0.06875509259259259 0.0161296875 0.02454722222222222
0 0.859975 0.06253379629629628 0.028283333333333334 0.07321574074074073
0 0.4643041666666667 0.3217486111111111 0.009858333333333334 0.026830555555555555
0 0.44900468750000005 0.25355092592592593 0.011551041666666668 0.01636111111111111
0 0.8765013020833333 0.17695833333333333 0.0082109375 0.01687962962962963
0 0.07089244791666666 0.12368796296296296 0.0115765625 0.03256111111111111
0 0.09809010416666666 0.20956759259259258 0.009721875 0.017283333333333335
0 0.13798203125 0.2215662037037037 0.0134640625 0.028317592592592592
0 0.11911796875 0.1554625 0.015319270833333334 0.027591666666666667
0 0.19531744791666666 0.0658912037037037 0.009384895833333332 0.01511574074074074
0 0.20712786458333332 0.41032175925925923 0.009047395833333333 0.02249537037037037
0 0.1412109375 0.3420856481481481 0.008463541666666666 0.023060185185185187
0 0.33461848958333335 0.05741944444444444 0.0088203125 0.01483888888888889
0 0.35714869791666665 0.06033935185185185 0.010130729166666666 0.013271296296296297
0 0.02440625 0.4683851851851852 0.009229166666666667 0.018251851851851852
0 0.171184375 0.7642606481481482 0.012160416666666667 0.017410185185185185
0 0.11684531249999999 0.897176388888889 0.008690625 0.023982407407407407
0 0.4955138020833333 0.9081907407407408 0.013944270833333333 0.020085185185185185
0 0.5363919270833333 0.9305699074074074 0.027992187499999998 0.0500287037037037
0 0.5057486979166667 0.6466944444444443 0.013580729166666666 0.02487037037037037
0 0.07631276041666667 0.6427027777777778 0.023458854166666664 0.03910925925925926
0 0.8032153645833334 0.7797578703703704 0.010597395833333334 0.029886111111111113
0 0.5007731770833334 0.7859199074074074 0.0161296875 0.02739537037037037
1 0.49973958333333335 0.5185185185185185 0.9994791666666667 0.9611111111111111
0 0.21640625 0.16712962962962963 0.025520833333333333 0.03796296296296296
0 0.15572916666666667 0.1912037037037037 0.016666666666666666 0.04351851851851852
0 0.13098958333333333 0.2375 0.009895833333333333 0.026851851851851852
0 0.009114583333333334 0.2601851851851852 0.011979166666666667 0.03148148148148148
0 0.018489583333333334 0.287962962962963 0.008854166666666666 0.025925925925925925
0 0.03177083333333333 0.4310185185185185 0.009375 0.041666666666666664
0 0.08541666666666667 0.7486111111111111 0.013541666666666667 0.03796296296296296
0 0.42265625 0.6907407407407408 0.03697916666666667 0.05740740740740741
0 0.42109375 0.5773148148148148 0.0203125 0.1361111111111111
0 0.43020833333333336 0.6324074074074074 0.025 0.03518518518518519
0 0.5177083333333333 0.774074074074074 0.016666666666666666 0.040740740740740744
0 0.5294270833333333 0.8412037037037037 0.0203125 0.03981481481481482
0 0.0296875 0.5217592592592593 0.015625 0.049074074074074076
0 0.06510416666666667 0.5907407407407408 0.0125 0.018518518518518517
0 0.0609375 0.5546296296296296 0.015625 0.03148148148148148
0 0.40546875 0.425462962962963 0.009895833333333333 0.021296296296296296
0 0.5463541666666667 0.37592592592592594 0.014583333333333334 0.02962962962962963
0 0.5263020833333333 0.3592592592592593 0.03177083333333333 0.037037037037037035
0 0.5653645833333333 0.3189814814814815 0.043229166666666666 0.11574074074074074
0 0.5111979166666667 0.2351851851851852 0.033854166666666664 0.040740740740740744
0 0.49505208333333334 0.30833333333333335 0.011979166666666667 0.03888888888888889
0 0.3697916666666667 0.0875 0.030208333333333334 0.04351851851851852
0 0.28671875 0.10740740740740741 0.008854166666666666 0.027777777777777776
0 0.259375 0.2439814814814815 0.0125 0.04722222222222222
0 0.8510416666666667 0.16712962962962963 0.016666666666666666 0.028703703703703703
0 0.6106770833333334 0.4263888888888889 0.019270833333333334 0.032407407407407406
0 0.6005208333333333 0.3699074074074074 0.013541666666666667 0.030555555555555555
0 0.8377604166666667 0.5837962962962963 0.016145833333333335 0.03425925925925926
0 0.84609375 0.8430555555555556 0.024479166666666666 0.03611111111111111
0 0.6971354166666667 0.8537037037037037 0.0234375 0.040740740740740744
0 0.509375 0.9939814814814815 0.010416666666666666 0.010185185185185186
0 0.8145833333333333 0.9328703703703703 0.010416666666666666 0.026851851851851852
0 0.7341145833333333 0.9375 0.0067708333333333336 0.021296296296296296
0 0.73671875 0.8953703703703704 0.016145833333333335 0.024074074074074074
0 0.8799479166666667 0.8796296296296297 0.025520833333333333 0.07592592592592592
0 0.47317708333333336 0.6828703703703703 0.009895833333333333 0.026851851851851852
0 0.4609375 0.7527777777777778 0.011458333333333333 0.016666666666666666
0 0.8911458333333333 0.763425925925926 0.008333333333333333 0.017592592592592594
0 0.09088541666666666 0.9416666666666667 0.0109375 0.03333333333333333
0 0.11380208333333333 0.8513888888888889 0.009895833333333333 0.017592592592592594
0 0.15286458333333333 0.8333333333333334 0.0140625 0.027777777777777776
0 0.13723958333333333 0.9018518518518519 0.015104166666666667 0.027777777777777776
0 0.21770833333333334 0.9800925925925926 0.009375 0.01574074074074074
0 0.21328125 0.6347222222222222 0.008854166666666666 0.023148148148148147
0 0.15026041666666667 0.7125 0.0078125 0.023148148148148147
0 0.35703125 0.9666666666666667 0.008854166666666666 0.014814814814814815
0 0.37942708333333336 0.9597222222222223 0.009895833333333333 0.013888888888888888
0 0.027864583333333335 0.6050925925925926 0.008854166666666666 0.017592592592592594
0 0.15963541666666667 0.287962962962963 0.011979166666666667 0.016666666666666666
0 0.09869791666666666 0.1638888888888889 0.0078125 0.024074074074074074
0 0.47552083333333334 0.09398148148148149 0.013541666666666667 0.021296296296296296
0 0.5153645833333333 0.06527777777777778 0.028645833333333332 0.04722222222222222
0 0.4984375 0.3527777777777778 0.013541666666666667 0.024074074074074074
0 0.07135416666666666 0.42268518518518516 0.023958333333333335 0.03796296296296296
0 0.7885416666666667 0.17453703703703705 0.011458333333333333 0.028703703703703703
0 0.4861979166666667 0.21435185185185185 0.016145833333333335 0.026851851851851852
1 0.5 0.5198824074074073 1.0 0.9601351851851851
0 0.8043638020833334 0.23138472222222223 0.025394270833333333 0.038695370370370366
0 0.8633843750000001 0.268762962962963 0.016352083333333333 0.04308148148148148
0 0.8843270833333333 0.31975092592592597 0.010320833333333333 0.02653888888888889
0 0.9921479166666667 0.3943476851851852 0.009295833333333333 0.02573240740740741
0 0.9692760416666667 0.5330537037037036 0.00834375 0.04203333333333333
0 0.8944565104166667 0.8362782407407408 0.014954687500000001 0.035519444444444444
0 0.5637669270833333 0.7056587962962962 0.03378385416666666 0.06316944444444444
0 0.5754341145833333 0.5940949074074073 0.020659895833333334 0.13633796296296297
0 0.55968125 0.6464606481481482 0.026654166666666666 0.02995833333333333
0 0.4633078125 0.7684231481481482 0.017240625 0.040549999999999996
0 0.4479239583333333 0.8314824074074074 0.01876458333333333 0.040742592592592594
0 0.9656846354166666 0.6224791666666667 0.015744270833333334 0.050513888888888886
0 0.9256013020833334 0.683425462962963 0.0126609375 0.01870277777777778
0 0.93215703125 0.6491824074074074 0.016397395833333335 0.03169814814814815
0 0.59875625 0.44668009259259256 0.0100125 0.021137962962962963
0 0.46219166666666667 0.3675949074074074 0.013966666666666665 0.029634259259259263
0 0.48372916666666665 0.35553240740740744 0.03204166666666667 0.04069444444444445
0 0.44853046874999997 0.30714675925925927 0.04810260416666667 0.11058981481481481
0 0.5075080729166667 0.23600740740740742 0.0348078125 0.04053333333333334
0 0.5178934895833334 0.31104583333333335 0.013911979166666666 0.036906481481481485
0 0.6572697916666667 0.12002731481481482 0.03016458333333333 0.04375833333333334
0 0.7389997395833333 0.1562652777777778 0.0082078125 0.02734537037037037
0 0.7574671875 0.2980402777777778 0.012851041666666667 0.046080555555555555
0 0.17427708333333333 0.09364074074074075 0.017304166666666666 0.028022222222222223
0 0.39489817708333336 0.40250925925925923 0.017921354166666667 0.03464814814814815
0 0.40941067708333334 0.34878611111111113 0.013613020833333333 0.029053703703703703
0 0.15917578125 0.5095944444444445 0.014184895833333332 0.0340037037037037
0 0.1332859375 0.766011574074074 0.025946874999999998 0.033875
0 0.27990546875 0.808963425925926 0.022310937500000003 0.04200092592592592
0 0.45673203125 0.9889439814814815 0.0103390625 0.011221296296296297
0 0.15805364583333334 0.860999537037037 0.008815624999999999 0.02755462962962963
0 0.23782135416666667 0.8827347222222223 0.006892708333333333 0.021025000000000002
0 0.23743333333333333 0.8406990740740741 0.016533333333333334 0.02399074074074074
0 0.09715130208333332 0.7940504629629629 0.0213859375 0.07884166666666667
0 0.5137651041666667 0.6873435185185185 0.009821875 0.02653888888888889
0 0.5217369791666667 0.7593662037037037 0.011182291666666667 0.01688055555555556
0 0.09378229166666667 0.676774537037037 0.008397916666666666 0.018363888888888888
0 0.8591729166666667 0.9325560185185184 0.0100125 0.01881574074074074
0 0.8214221354166666 0.9059263888888889 0.014719270833333332 0.02666759259259259
0 0.8326135416666667 0.9768046296296297 0.015227083333333334 0.027683333333333334
0 0.7747700520833334 0.6961421296296296 0.008915104166666667 0.023765740740740744
0 0.8330119791666667 0.786487962962963 0.007690625 0.022975925925925927
0 0.60985625 0.9936597222222221 0.009295833333333333 0.013245370370370371
0 0.5877234375 0.9822875 0.009821875 0.014575
0 0.9615776041666667 0.7060092592592593 0.009613541666666666 0.017574074074074075
0 0.8521403645833333 0.36423657407407406 0.011572395833333334 0.015510185185185186
0 0.9211151041666666 0.2536138888888889 0.008896875 0.023894444444444444
0 0.5522364583333333 0.10209953703703703 0.01280625 0.02271759259259259
0 0.5148377604166667 0.0648662037037037 0.0307171875 0.04269537037037037
0 0.5118651041666666 0.3540240740740741 0.013313541666666668 0.022862962962962963
0 0.9304046874999999 0.5163842592592593 0.024351041666666667 0.03832407407407407
0 0.2361674479166667 0.11519398148148148 0.012959895833333334 0.026684259259259258
0 0.5332619791666667 0.21935601851851852 0.01652395833333333 0.025749074074074074
