1 0.52578125 0.5800925925925926 0.9473958333333333 0.8379629629629629
0 0.253125 0.4689814814814815 0.013541666666666667 0.023148148148148147
0 0.39609375 0.8828703703703704 0.0109375 0.008333333333333333
0 0.36666666666666664 0.44814814814814813 0.011458333333333333 0.018518518518518517
0 0.34036458333333336 0.3486111111111111 0.018229166666666668 0.025
0 0.3072916666666667 0.3958333333333333 0.007291666666666667 0.026851851851851852
0 0.3216145833333333 0.33194444444444443 0.015104166666666667 0.03425925925925926
0 0.3484375 0.21898148148148147 0.010416666666666666 0.01574074074074074
0 0.46979166666666666 0.29768518518518516 0.00625 0.010185185185185186
0 0.50703125 0.5231481481481481 0.011979166666666667 0.005555555555555556
0 0.7791666666666667 0.29768518518518516 0.0125 0.025
0 0.5541666666666667 0.37962962962962965 0.011458333333333333 0.022222222222222223
0 0.7953125 0.37962962962962965 0.03125 0.044444444444444446
0 0.9153645833333334 0.5731481481481482 0.030729166666666665 0.06666666666666667
1 0.47843151041666665 0.5617847222222222 0.9568630208333333 0.8772731481481482
0 0.7436856770833333 0.42310555555555557 0.013413020833333334 0.02398888888888889
0 0.6256424479166667 0.8614481481481482 0.010659895833333332 0.009933333333333334
0 0.6297377604166667 0.42314583333333333 0.011558854166666667 0.01851388888888889
0 0.6497947916666666 0.31996574074074075 0.019381250000000003 0.023264814814814815
0 0.68548125 0.36057453703703707 0.006379166666666667 0.02670462962962963
0 0.6677841145833334 0.29930462962962967 0.016818229166666664 0.03194259259259259
0 0.6343192708333334 0.1930125 0.010305208333333335 0.01565462962962963
0 0.5184296875 0.2930277777777778 0.006651041666666666 0.010129629629629629
0 0.49444401041666663 0.5237856481481481 0.0118046875 0.006830555555555555
0 0.2100013020833333 0.35121712962962964 0.011669270833333334 0.026508333333333335
0 0.4391981770833333 0.3897476851851852 0.010688020833333334 0.023939814814814817
0 0.19864765625 0.43604444444444446 0.03271197916666667 0.04245925925925926
0 0.09202994791666666 0.6490851851851851 0.0319765625 0.0666888888888889
1 0.4732794270833333 0.41798842592592594 0.9465588541666666 0.8359768518518519
0 0.7469104166666667 0.5236740740740741 0.0136125 0.023274074074074072
0 0.6002778645833333 0.11421388888888889 0.010972395833333334 0.008057407407407407
0 0.6338395833333333 0.547212962962963 0.011429166666666666 0.0185
0 0.6610919270833333 0.6469430555555555 0.0180171875 0.02536759259259259
0 0.6938356770833334 0.5976833333333333 0.007463020833333334 0.026848148148148145
0 0.6798559895833333 0.662675 0.0149203125 0.034609259259259256
0 0.6541703125 0.7763875 0.010423958333333334 0.015737962962962964
0 0.5322549479166666 0.7014606481481481 0.0061765625 0.010328703703703703
0 0.492990625 0.4767949074074074 0.012022916666666666 0.005441666666666667
0 0.22297942708333332 0.7105652777777778 0.012625520833333332 0.02483425925925926
0 0.4469513020833333 0.6221722222222222 0.0116109375 0.02212222222222222
0 0.20611119791666666 0.6298606481481481 0.030972395833333333 0.044906481481481485
0 0.08401692708333333 0.4399550925925926 0.030533854166666666 0.06694722222222221
1 0.52578125 0.5800925925925926 0.9473958333333333 0.8379629629629629
0 0.253125 0.4689814814814815 0.013541666666666667 0.023148148148148147
0 0.39609375 0.8828703703703704 0.0109375 0.008333333333333333
0 0.36666666666666664 0.44814814814814813 0.011458333333333333 0.018518518518518517
0 0.34036458333333336 0.3486111111111111 0.018229166666666668 0.025
0 0.3072916666666667 0.3958333333333333 0.007291666666666667 0.026851851851851852
0 0.3216145833333333 0.33194444444444443 0.015104166666666667 0.03425925925925926
0 0.3484375 0.21898148148148147 0.010416666666666666 0.01574074074074074
0 0.46979166666666666 0.29768518518518516 0.00625 0.010185185185185186
0 0.50703125 0.5231481481481481 0.011979166666666667 0.005555555555555556
0 0.7791666666666667 0.29768518518518516 0.0125 0.025
0 0.5541666666666667 0.37962962962962965 0.011458333333333333 0.022222222222222223
0 0.7953125 0.37962962962962965 0.03125 0.044444444444444446
0 0.9153645833333334 0.5731481481481482 0.030729166666666665 0.06666666666666667
1 0.47843151041666665 0.5617847222222222 0.9568630208333333 0.8772731481481482
0 0.7436856770833333 0.42310555555555557 0.013413020833333334 0.02398888888888889
0 0.6256424479166667 0.8614481481481482 0.010659895833333332 0.009933333333333334
0 0.6297377604166667 0.42314583333333333 0.011558854166666667 0.01851388888888889
0 0.6497947916666666 0.31996574074074075 0.019381250000000003 0.023264814814814815
0 0.68548125 0.36057453703703707 0.006379166666666667 0.02670462962962963
0 0.6677841145833334 0.29930462962962967 0.016818229166666664 0.03194259259259259
0 0.6343192708333334 0.1930125 0.010305208333333335 0.01565462962962963
0 0.5184296875 0.2930277777777778 0.006651041666666666 0.010129629629629629
0 0.49444401041666663 0.5237856481481481 0.0118046875 0.006830555555555555
0 0.2100013020833333 0.35121712962962964 0.011669270833333334 0.026508333333333335
0 0.4391981770833333 0.3897476851851852 0.010688020833333334 0.023939814814814817
0 0.19864765625 0.43604444444444446 0.03271197916666667 0.04245925925925926
0 0.09202994791666666 0.6490851851851851 0.0319765625 0.0666888888888889
1 0.4732794270833333 0.41798842592592594 0.9465588541666666 0.8359768518518519
0 0.7469104166666667 0.5236740740740741 0.0136125 0.023274074074074072
0 0.6002778645833333 0.11421388888888889 0.010972395833333334 0.008057407407407407
0 0.6338395833333333 0.547212962962963 0.011429166666666666 0.0185
0 0.6610919270833333 0.6469430555555555 0.0180171875 0.02536759259259259
0 0.6938356770833334 0.5976833333333333 0.007463020833333334 0.026848148148148145
0 0.6798559895833333 0.662675 0.0149203125 0.034609259259259256
0 0.6541703125 0.7763875 0.010423958333333334 0.015737962962962964
0 0.5322549479166666 0.7014606481481481 0.0061765625 0.010328703703703703
0 0.492990625 0.4767949074074074 0.012022916666666666 0.005441666666666667
0 0.22297942708333332 0.7105652777777778 0.012625520833333332 0.02483425925925926
0 0.4469513020833333 0.6221722222222222 0.0116109375 0.02212222222222222
0 0.20611119791666666 0.6298606481481481 0.030972395833333333 0.044906481481481485
0 0.08401692708333333 0.4399550925925926 0.030533854166666666 0.06694722222222221
