1 0.4747395833333333 0.41944444444444445 0.9484375 0.837037037037037
0 0.64765625 0.37453703703703706 0.019270833333333334 0.03796296296296296
0 0.5489583333333333 0.37777777777777777 0.015625 0.027777777777777776
0 0.4479166666666667 0.6212962962962963 0.017708333333333333 0.03518518518518519
0 0.3268229166666667 0.6861111111111111 0.009895833333333333 0.02962962962962963
0 0.6299479166666667 0.19398148148148148 0.011979166666666667 0.012037037037037037
0 0.5346354166666667 0.5958333333333333 0.0109375 0.017592592592592594
0 0.5067708333333333 0.038425925925925926 0.011458333333333333 0.023148148148148147
0 0.6067708333333334 0.6282407407407408 0.014583333333333334 0.026851851851851852
0 0.61328125 0.663425925925926 0.0067708333333333336 0.021296296296296296
0 0.18932291666666667 0.6217592592592592 0.0067708333333333336 0.012037037037037037
0 0.062239583333333334 0.2828703703703704 0.013020833333333334 0.03425925925925926
0 0.05546875 0.3277777777777778 0.005729166666666666 0.011111111111111112
0 0.03854166666666667 0.3300925925925926 0.010416666666666666 0.017592592592592594
0 0.021614583333333333 0.32314814814814813 0.008854166666666666 0.025925925925925925
0 0.029947916666666668 0.0125 0.008854166666666666 0.023148148148148147
0 0.11953125 0.09814814814814815 0.011979166666666667 0.03518518518518519
1 0.5252604166666667 0.5805555555555556 0.9484375 0.837037037037037
0 0.35234375 0.625462962962963 0.019270833333333334 0.03796296296296296
0 0.4510416666666667 0.6222222222222222 0.015625 0.027777777777777776
0 0.5520833333333334 0.3787037037037037 0.017708333333333333 0.03518518518518519
0 0.6731770833333334 0.3138888888888889 0.009895833333333333 0.02962962962962963
0 0.37005208333333334 0.8060185185185185 0.011979166666666667 0.012037037037037037
0 0.46536458333333336 0.4041666666666667 0.0109375 0.017592592592592594
0 0.49322916666666666 0.961574074074074 0.011458333333333333 0.023148148148148147
0 0.3932291666666667 0.37175925925925923 0.014583333333333334 0.026851851851851852
0 0.38671875 0.3365740740740741 0.0067708333333333336 0.021296296296296296
0 0.8106770833333333 0.37824074074074077 0.0067708333333333336 0.012037037037037037
0 0.9377604166666667 0.7171296296296297 0.013020833333333334 0.03425925925925926
0 0.94453125 0.6722222222222223 0.005729166666666666 0.011111111111111112
0 0.9614583333333333 0.6699074074074074 0.010416666666666666 0.017592592592592594
0 0.9783854166666667 0.6768518518518518 0.008854166666666666 0.025925925925925925
0 0.9700520833333334 0.9875 0.008854166666666666 0.023148148148148147
0 0.88046875 0.9018518518518519 0.011979166666666667 0.03518518518518519
1 0.5178575520833334 0.5490143518518519 0.9638401041666668 0.9017324074074073
0 0.34286536458333333 0.582975925925926 0.0190640625 0.038174074074074076
0 0.44096822916666667 0.6066 0.015269791666666668 0.028014814814814815
0 0.5617888020833333 0.3953143518518519 0.017327604166666667 0.036925
0 0.68715546875 0.3645601851851852 0.0118109375 0.02912037037037037
0 0.3448153645833333 0.7665981481481482 0.011505729166666668 0.010974074074074074
0 0.47436380208333334 0.3966125 0.012269270833333333 0.015447222222222222
0 0.45252083333333337 0.9540013888888889 0.011291666666666667 0.022817592592592594
0 0.4061690104166667 0.3442351851851852 0.015463020833333334 0.025507407407407406
0 0.4023921875 0.30723240740740737 0.007909375 0.02002037037037037
0 0.8176098958333333 0.466000462962963 0.007094791666666667 0.013482407407407406
0 0.9122497395833334 0.8365731481481482 0.014082812500000002 0.03610925925925926
0 0.9239479166666666 0.79345 0.006229166666666667 0.010974074074074074
0 0.9406919270833334 0.7960717592592593 0.0115921875 0.016217592592592592
0 0.9573458333333333 0.8080856481481481 0.009483333333333333 0.023578703703703702
0 0.8424242187500001 0.9928259259259259 0.010890104166666666 0.01342962962962963
1 0.4747395833333333 0.41944444444444445 0.9484375 0.837037037037037
0 0.64765625 0.37453703703703706 0.019270833333333334 0.03796296296296296
0 0.5489583333333333 0.37777777777777777 0.015625 0.027777777777777776
0 0.4479166666666667 0.6212962962962963 0.017708333333333333 0.03518518518518519
0 0.3268229166666667 0.6861111111111111 0.009895833333333333 0.02962962962962963
0 0.6299479166666667 0.19398148148148148 0.011979166666666667 0.012037037037037037
0 0.5346354166666667 0.5958333333333333 0.0109375 0.017592592592592594
0 0.5067708333333333 0.038425925925925926 0.011458333333333333 0.023148148148148147
0 0.6067708333333334 0.6282407407407408 0.014583333333333334 0.026851851851851852
0 0.61328125 0.663425925925926 0.0067708333333333336 0.021296296296296296
0 0.18932291666666667 0.6217592592592592 0.0067708333333333336 0.012037037037037037
0 0.062239583333333334 0.2828703703703704 0.013020833333333334 0.03425925925925926
0 0.05546875 0.3277777777777778 0.005729166666666666 0.011111111111111112
0 0.03854166666666667 0.3300925925925926 0.010416666666666666 0.017592592592592594
0 0.021614583333333333 0.32314814814814813 0.008854166666666666 0.025925925925925925
0 0.029947916666666668 0.0125 0.008854166666666666 0.023148148148148147
0 0.11953125 0.09814814814814815 0.011979166666666667 0.03518518518518519
1 0.5252604166666667 0.5805555555555556 0.9484375 0.837037037037037
0 0.35234375 0.625462962962963 0.019270833333333334 0.03796296296296296
0 0.4510416666666667 0.6222222222222222 0.015625 0.027777777777777776
0 0.5520833333333334 0.3787037037037037 0.017708333333333333 0.03518518518518519
0 0.6731770833333334 0.3138888888888889 0.009895833333333333 0.02962962962962963
0 0.37005208333333334 0.8060185185185185 0.011979166666666667 0.012037037037037037
0 0.46536458333333336 0.4041666666666667 0.0109375 0.017592592592592594
0 0.49322916666666666 0.961574074074074 0.011458333333333333 0.023148148148148147
0 0.3932291666666667 0.37175925925925923 0.014583333333333334 0.026851851851851852
0 0.38671875 0.3365740740740741 0.0067708333333333336 0.021296296296296296
0 0.8106770833333333 0.37824074074074077 0.0067708333333333336 0.012037037037037037
0 0.9377604166666667 0.7171296296296297 0.013020833333333334 0.03425925925925926
0 0.94453125 0.6722222222222223 0.005729166666666666 0.011111111111111112
0 0.9614583333333333 0.6699074074074074 0.010416666666666666 0.017592592592592594
0 0.9783854166666667 0.6768518518518518 0.008854166666666666 0.025925925925925925
0 0.9700520833333334 0.9875 0.008854166666666666 0.023148148148148147
0 0.88046875 0.9018518518518519 0.011979166666666667 0.03518518518518519
1 0.5178575520833334 0.5490143518518519 0.9638401041666668 0.9017324074074073
0 0.34286536458333333 0.582975925925926 0.0190640625 0.038174074074074076
0 0.44096822916666667 0.6066 0.015269791666666668 0.028014814814814815
0 0.5617888020833333 0.3953143518518519 0.017327604166666667 0.036925
0 0.68715546875 0.3645601851851852 0.0118109375 0.02912037037037037
0 0.3448153645833333 0.7665981481481482 0.011505729166666668 0.010974074074074074
0 0.47436380208333334 0.3966125 0.012269270833333333 0.015447222222222222
0 0.45252083333333337 0.9540013888888889 0.011291666666666667 0.022817592592592594
0 0.4061690104166667 0.3442351851851852 0.015463020833333334 0.025507407407407406
0 0.4023921875 0.30723240740740737 0.007909375 0.02002037037037037
0 0.8176098958333333 0.466000462962963 0.007094791666666667 0.013482407407407406
0 0.9122497395833334 0.8365731481481482 0.014082812500000002 0.03610925925925926
0 0.9239479166666666 0.79345 0.006229166666666667 0.010974074074074074
0 0.9406919270833334 0.7960717592592593 0.0115921875 0.016217592592592592
0 0.9573458333333333 0.8080856481481481 0.009483333333333333 0.023578703703703702
0 0.8424242187500001 0.9928259259259259 0.010890104166666666 0.01342962962962963
1 0.4747395833333333 0.41944444444444445 0.9484375 0.837037037037037
0 0.64765625 0.37453703703703706 0.019270833333333334 0.03796296296296296
0 0.5489583333333333 0.37777777777777777 0.015625 0.027777777777777776
0 0.4479166666666667 0.6212962962962963 0.017708333333333333 0.03518518518518519
0 0.3268229166666667 0.6861111111111111 0.009895833333333333 0.02962962962962963
0 0.6299479166666667 0.19398148148148148 0.011979166666666667 0.012037037037037037
0 0.5346354166666667 0.5958333333333333 0.0109375 0.017592592592592594
0 0.5067708333333333 0.038425925925925926 0.011458333333333333 0.023148148148148147
0 0.6067708333333334 0.6282407407407408 0.014583333333333334 0.026851851851851852
0 0.61328125 0.663425925925926 0.0067708333333333336 0.021296296296296296
0 0.18932291666666667 0.6217592592592592 0.0067708333333333336 0.012037037037037037
0 0.062239583333333334 0.2828703703703704 0.013020833333333334 0.03425925925925926
0 0.05546875 0.3277777777777778 0.005729166666666666 0.011111111111111112
0 0.03854166666666667 0.3300925925925926 0.010416666666666666 0.017592592592592594
0 0.021614583333333333 0.32314814814814813 0.008854166666666666 0.025925925925925925
0 0.029947916666666668 0.0125 0.008854166666666666 0.023148148148148147
0 0.11953125 0.09814814814814815 0.011979166666666667 0.03518518518518519
1 0.5252604166666667 0.5805555555555556 0.9484375 0.837037037037037
0 0.35234375 0.625462962962963 0.019270833333333334 0.03796296296296296
0 0.4510416666666667 0.6222222222222222 0.015625 0.027777777777777776
0 0.5520833333333334 0.3787037037037037 0.017708333333333333 0.03518518518518519
0 0.6731770833333334 0.3138888888888889 0.009895833333333333 0.02962962962962963
0 0.37005208333333334 0.8060185185185185 0.011979166666666667 0.012037037037037037
0 0.46536458333333336 0.4041666666666667 0.0109375 0.017592592592592594
0 0.49322916666666666 0.961574074074074 0.011458333333333333 0.023148148148148147
0 0.3932291666666667 0.37175925925925923 0.014583333333333334 0.026851851851851852
0 0.38671875 0.3365740740740741 0.0067708333333333336 0.021296296296296296
0 0.8106770833333333 0.37824074074074077 0.0067708333333333336 0.012037037037037037
0 0.9377604166666667 0.7171296296296297 0.013020833333333334 0.03425925925925926
0 0.94453125 0.6722222222222223 0.005729166666666666 0.011111111111111112
0 0.9614583333333333 0.6699074074074074 0.010416666666666666 0.017592592592592594
0 0.9783854166666667 0.6768518518518518 0.008854166666666666 0.025925925925925925
0 0.9700520833333334 0.9875 0.008854166666666666 0.023148148148148147
0 0.88046875 0.9018518518518519 0.011979166666666667 0.03518518518518519
1 0.5178575520833334 0.5490143518518519 0.9638401041666668 0.9017324074074073
0 0.34286536458333333 0.582975925925926 0.0190640625 0.038174074074074076
0 0.44096822916666667 0.6066 0.015269791666666668 0.028014814814814815
0 0.5617888020833333 0.3953143518518519 0.017327604166666667 0.036925
0 0.68715546875 0.3645601851851852 0.0118109375 0.02912037037037037
0 0.3448153645833333 0.7665981481481482 0.011505729166666668 0.010974074074074074
0 0.47436380208333334 0.3966125 0.012269270833333333 0.015447222222222222
0 0.45252083333333337 0.9540013888888889 0.011291666666666667 0.022817592592592594
0 0.4061690104166667 0.3442351851851852 0.015463020833333334 0.025507407407407406
0 0.4023921875 0.30723240740740737 0.007909375 0.02002037037037037
0 0.8176098958333333 0.466000462962963 0.007094791666666667 0.013482407407407406
0 0.9122497395833334 0.8365731481481482 0.014082812500000002 0.03610925925925926
0 0.9239479166666666 0.79345 0.006229166666666667 0.010974074074074074
0 0.9406919270833334 0.7960717592592593 0.0115921875 0.016217592592592592
0 0.9573458333333333 0.8080856481481481 0.009483333333333333 0.023578703703703702
0 0.8424242187500001 0.9928259259259259 0.010890104166666666 0.01342962962962963
