1 0.49973958333333335 0.5157407407407407 0.9994791666666667 0.9666666666666667
1 0.49973958333333335 0.5157407407407407 0.9994791666666667 0.9666666666666667
0 0.08515625 0.812962962962963 0.016145833333333335 0.040740740740740744
0 0.5536458333333333 0.375 0.013541666666666667 0.020370370370370372
0 0.8166666666666667 0.37037037037037035 0.017708333333333333 0.027777777777777776
0 0.8359375 0.16203703703703703 0.011458333333333333 0.02962962962962963
1 0.49973958333333335 0.5157407407407407 0.9994791666666667 0.9666666666666667
1 0.49973958333333335 0.5157407407407407 0.9994791666666667 0.9666666666666667
0 0.08515625 0.812962962962963 0.016145833333333335 0.040740740740740744
0 0.5536458333333333 0.375 0.013541666666666667 0.020370370370370372
0 0.8166666666666667 0.37037037037037035 0.017708333333333333 0.027777777777777776
0 0.8359375 0.16203703703703703 0.011458333333333333 0.02962962962962963
1 0.5 0.4896726851851852 1.0 0.9793453703703704
1 0.5 0.4901106481481481 1.0 0.9802212962962962
0 0.9237986979166667 0.22637037037037036 0.015305729166666667 0.04162962962962963
0 0.4426309895833333 0.6203324074074074 0.013386979166666667 0.020294444444444445
0 0.18001901041666668 0.6001023148148148 0.017329687500000003 0.027982407407407407
0 0.154390625 0.8066550925925926 0.01190625 0.029976851851851852
1 0.49973958333333335 0.5157407407407407 0.9994791666666667 0.9666666666666667
1 0.49973958333333335 0.5157407407407407 0.9994791666666667 0.9666666666666667
0 0.08515625 0.812962962962963 0.016145833333333335 0.040740740740740744
0 0.5536458333333333 0.375 0.013541666666666667 0.020370370370370372
0 0.8166666666666667 0.37037037037037035 0.017708333333333333 0.027777777777777776
0 0.8359375 0.16203703703703703 0.011458333333333333 0.02962962962962963
1 0.49973958333333335 0.5157407407407407 0.9994791666666667 0.9666666666666667
1 0.49973958333333335 0.5157407407407407 0.9994791666666667 0.9666666666666667
0 0.08515625 0.812962962962963 0.016145833333333335 0.040740740740740744
0 0.5536458333333333 0.375 0.013541666666666667 0.020370370370370372
0 0.8166666666666667 0.37037037037037035 0.017708333333333333 0.027777777777777776
0 0.8359375 0.16203703703703703 0.011458333333333333 0.02962962962962963
1 0.5 0.4896726851851852 1.0 0.9793453703703704
1 0.5 0.4901106481481481 1.0 0.9802212962962962
0 0.9237986979166667 0.22637037037037036 0.015305729166666667 0.04162962962962963
0 0.4426309895833333 0.6203324074074074 0.013386979166666667 0.020294444444444445
0 0.18001901041666668 0.6001023148148148 0.017329687500000003 0.027982407407407407
0 0.154390625 0.8066550925925926 0.01190625 0.029976851851851852
1 0.49973958333333335 0.5157407407407407 0.9994791666666667 0.9666666666666667
1 0.49973958333333335 0.5157407407407407 0.9994791666666667 0.9666666666666667
0 0.08515625 0.812962962962963 0.016145833333333335 0.040740740740740744
0 0.5536458333333333 0.375 0.013541666666666667 0.020370370370370372
0 0.8166666666666667 0.37037037037037035 0.017708333333333333 0.027777777777777776
0 0.8359375 0.16203703703703703 0.011458333333333333 0.02962962962962963
1 0.49973958333333335 0.5157407407407407 0.9994791666666667 0.9666666666666667
1 0.49973958333333335 0.5157407407407407 0.9994791666666667 0.9666666666666667
0 0.08515625 0.812962962962963 0.016145833333333335 0.040740740740740744
0 0.5536458333333333 0.375 0.013541666666666667 0.020370370370370372
0 0.8166666666666667 0.37037037037037035 0.017708333333333333 0.027777777777777776
0 0.8359375 0.16203703703703703 0.011458333333333333 0.02962962962962963
1 0.5 0.4896726851851852 1.0 0.9793453703703704
1 0.5 0.4901106481481481 1.0 0.9802212962962962
0 0.9237986979166667 0.22637037037037036 0.015305729166666667 0.04162962962962963
0 0.4426309895833333 0.6203324074074074 0.013386979166666667 0.020294444444444445
0 0.18001901041666668 0.6001023148148148 0.017329687500000003 0.027982407407407407
0 0.154390625 0.8066550925925926 0.01190625 0.029976851851851852
