1 0.5 0.47843564814814815 1.0 0.9568712962962963
0 0.6763437499999999 0.9183523148148148 0.0401875 0.057075
0 0.2497671875 0.5500435185185185 0.018284375000000002 0.03156851851851852
0 0.5745346354166667 0.5087912037037037 0.0126109375 0.03239722222222222
0 0.45765911458333336 0.067975 0.010109895833333334 0.052616666666666666
0 0.64355390625 0.34500185185185184 0.019399479166666667 0.019633333333333332
0 0.4635606770833334 0.23837037037037037 0.011496354166666667 0.024888888888888887
0 0.20853177083333332 0.05022175925925926 0.02956354166666667 0.05970277777777778
0 0.87245859375 0.12317546296296294 0.015750520833333333 0.03153611111111111
0 0.830090625 0.37317222222222224 0.009139583333333333 0.046344444444444445
0 0.9692000000000001 0.28246805555555554 0.00715 0.016787962962962963
0 0.95417890625 0.2915259259259259 0.0083578125 0.018237037037037038
0 0.80916015625 0.46676712962962963 0.009986979166666667 0.018719444444444445
0 0.9419208333333333 0.9025574074074073 0.006758333333333334 0.014374074074074074
0 0.6620143229166667 0.7173439814814815 0.007361979166666667 0.018021296296296296
0 0.3253364583333333 0.7862643518518518 0.010047916666666667 0.018824999999999998
0 0.025380989583333333 0.3996444444444444 0.010136979166666667 0.05669629629629629
0 0.0725125 0.2177314814814815 0.01065 0.024351851851851854
0 0.19873359375 0.09947962962962963 0.015175520833333334 0.02858888888888889
0 0.347075 0.1142587962962963 0.009775 0.015554629629629628
0 0.5585567708333333 0.09072083333333333 0.008780208333333334 0.01662685185185185
1 0.49973958333333335 0.538425925925926 0.9994791666666667 0.9231481481481482
0 0.28454869791666665 0.1412037037037037 0.039930729166666665 0.062037037037037036
0 0.7411458333333333 0.3744046296296296 0.01875 0.03029074074074074
0 0.42630208333333336 0.5143518518518518 0.013020833333333334 0.032407407407407406
0 0.5841145833333333 0.9120370370370371 0.0140625 0.05185185185185185
0 0.37421875 0.6972222222222222 0.018229166666666668 0.022222222222222223
0 0.5609375 0.7462962962962963 0.0125 0.025925925925925925
0 0.83125 0.8541666666666666 0.023958333333333335 0.06388888888888888
0 0.17057291666666666 0.9851851851851852 0.0171875 0.027777777777777776
0 0.18723958333333332 0.7263888888888889 0.0078125 0.04722222222222222
0 0.058854166666666666 0.8587962962962963 0.00625 0.01574074074074074
0 0.07317708333333334 0.8462962962962963 0.008854166666666666 0.018518518518518517
0 0.19895833333333332 0.6268518518518519 0.010416666666666666 0.018518518518518517
0 0.025520833333333333 0.24074074074074073 0.007291666666666667 0.012962962962962963
0 0.31927083333333334 0.3365740740740741 0.008333333333333333 0.017592592592592594
0 0.6440104166666667 0.16342592592592592 0.0109375 0.017592592592592594
0 0.9763020833333333 0.45185185185185184 0.009895833333333333 0.05740740740740741
0 0.94921875 0.6458333333333334 0.009895833333333333 0.025
0 0.8364583333333333 0.8023148148148148 0.014583333333333334 0.028703703703703703
0 0.68828125 0.8333333333333334 0.009895833333333333 0.014814814814814815
0 0.4828125 0.9208333333333333 0.009375 0.017592592592592594
1 0.5 0.46135601851851854 1.0 0.9227120370370371
0 0.28817552083333337 0.8650708333333332 0.03989270833333333 0.06162314814814814
0 0.7421770833333333 0.6179486111111111 0.01872916666666667 0.030341666666666666
0 0.42621015624999997 0.4884476851851852 0.012836979166666667 0.032450925925925925
0 0.5802494791666667 0.08524583333333334 0.013623958333333333 0.05197314814814815
0 0.3722067708333333 0.3063666666666666 0.018371875 0.02199259259259259
0 0.5588122395833334 0.2518175925925926 0.012416145833333333 0.025857407407407405
0 0.82790234375 0.13548148148148148 0.024554687500000002 0.06355555555555556
0 0.165825 0.02520787037037037 0.017066666666666667 0.02819351851851852
0 0.18516484375 0.2828587962962963 0.0078296875 0.047199074074074074
0 0.055257812499999996 0.1551560185185185 0.006348958333333333 0.015867592592592593
0 0.07003333333333334 0.1666652777777778 0.008816666666666667 0.018515740740740742
0 0.19790234375000001 0.3824300925925926 0.010388020833333334 0.018563888888888887
0 0.028074479166666666 0.7741537037037037 0.007190625 0.013122222222222223
0 0.3207872395833334 0.6689962962962963 0.008241145833333333 0.017622222222222223
0 0.6470981770833333 0.8320157407407407 0.010863020833333332 0.017735185185185184
0 0.9766859375 0.533337037037037 0.009621875 0.057414814814814814
0 0.9477010416666667 0.34024351851851853 0.009985416666666667 0.02493148148148148
0 0.8333731770833332 0.18751388888888887 0.014663020833333333 0.028731481481481483
0 0.68515546875 0.16115833333333332 0.009894270833333333 0.01490925925925926
0 0.4786223958333334 0.0800425925925926 0.009328125 0.01749259259259259
1 0.5 0.47843564814814815 1.0 0.9568712962962963
0 0.6763437499999999 0.9183523148148148 0.0401875 0.057075
0 0.2497671875 0.5500435185185185 0.018284375000000002 0.03156851851851852
0 0.5745346354166667 0.5087912037037037 0.0126109375 0.03239722222222222
0 0.45765911458333336 0.067975 0.010109895833333334 0.052616666666666666
0 0.64355390625 0.34500185185185184 0.019399479166666667 0.019633333333333332
0 0.4635606770833334 0.23837037037037037 0.011496354166666667 0.024888888888888887
0 0.20853177083333332 0.05022175925925926 0.02956354166666667 0.05970277777777778
0 0.87245859375 0.12317546296296294 0.015750520833333333 0.03153611111111111
0 0.830090625 0.37317222222222224 0.009139583333333333 0.046344444444444445
0 0.9692000000000001 0.28246805555555554 0.00715 0.016787962962962963
0 0.95417890625 0.2915259259259259 0.0083578125 0.018237037037037038
0 0.80916015625 0.46676712962962963 0.009986979166666667 0.018719444444444445
0 0.9419208333333333 0.9025574074074073 0.006758333333333334 0.014374074074074074
0 0.6620143229166667 0.7173439814814815 0.007361979166666667 0.018021296296296296
0 0.3253364583333333 0.7862643518518518 0.010047916666666667 0.018824999999999998
0 0.025380989583333333 0.3996444444444444 0.010136979166666667 0.05669629629629629
0 0.0725125 0.2177314814814815 0.01065 0.024351851851851854
0 0.19873359375 0.09947962962962963 0.015175520833333334 0.02858888888888889
0 0.347075 0.1142587962962963 0.009775 0.015554629629629628
0 0.5585567708333333 0.09072083333333333 0.008780208333333334 0.01662685185185185
1 0.49973958333333335 0.538425925925926 0.9994791666666667 0.9231481481481482
0 0.28454869791666665 0.1412037037037037 0.039930729166666665 0.062037037037037036
0 0.7411458333333333 0.3744046296296296 0.01875 0.03029074074074074
0 0.42630208333333336 0.5143518518518518 0.013020833333333334 0.032407407407407406
0 0.5841145833333333 0.9120370370370371 0.0140625 0.05185185185185185
0 0.37421875 0.6972222222222222 0.018229166666666668 0.022222222222222223
0 0.5609375 0.7462962962962963 0.0125 0.025925925925925925
0 0.83125 0.8541666666666666 0.023958333333333335 0.06388888888888888
0 0.17057291666666666 0.9851851851851852 0.0171875 0.027777777777777776
0 0.18723958333333332 0.7263888888888889 0.0078125 0.04722222222222222
0 0.058854166666666666 0.8587962962962963 0.00625 0.01574074074074074
0 0.07317708333333334 0.8462962962962963 0.008854166666666666 0.018518518518518517
0 0.19895833333333332 0.6268518518518519 0.010416666666666666 0.018518518518518517
0 0.025520833333333333 0.24074074074074073 0.007291666666666667 0.012962962962962963
0 0.31927083333333334 0.3365740740740741 0.008333333333333333 0.017592592592592594
0 0.6440104166666667 0.16342592592592592 0.0109375 0.017592592592592594
0 0.9763020833333333 0.45185185185185184 0.009895833333333333 0.05740740740740741
0 0.94921875 0.6458333333333334 0.009895833333333333 0.025
0 0.8364583333333333 0.8023148148148148 0.014583333333333334 0.028703703703703703
0 0.68828125 0.8333333333333334 0.009895833333333333 0.014814814814814815
0 0.4828125 0.9208333333333333 0.009375 0.017592592592592594
1 0.5 0.46135601851851854 1.0 0.9227120370370371
0 0.28817552083333337 0.8650708333333332 0.03989270833333333 0.06162314814814814
0 0.7421770833333333 0.6179486111111111 0.01872916666666667 0.030341666666666666
0 0.42621015624999997 0.4884476851851852 0.012836979166666667 0.032450925925925925
0 0.5802494791666667 0.08524583333333334 0.013623958333333333 0.05197314814814815
0 0.3722067708333333 0.3063666666666666 0.018371875 0.02199259259259259
0 0.5588122395833334 0.2518175925925926 0.012416145833333333 0.025857407407407405
0 0.82790234375 0.13548148148148148 0.024554687500000002 0.06355555555555556
0 0.165825 0.02520787037037037 0.017066666666666667 0.02819351851851852
0 0.18516484375 0.2828587962962963 0.0078296875 0.047199074074074074
0 0.055257812499999996 0.1551560185185185 0.006348958333333333 0.015867592592592593
0 0.07003333333333334 0.1666652777777778 0.008816666666666667 0.018515740740740742
0 0.19790234375000001 0.3824300925925926 0.010388020833333334 0.018563888888888887
0 0.028074479166666666 0.7741537037037037 0.007190625 0.013122222222222223
0 0.3207872395833334 0.6689962962962963 0.008241145833333333 0.017622222222222223
0 0.6470981770833333 0.8320157407407407 0.010863020833333332 0.017735185185185184
0 0.9766859375 0.533337037037037 0.009621875 0.057414814814814814
0 0.9477010416666667 0.34024351851851853 0.009985416666666667 0.02493148148148148
0 0.8333731770833332 0.18751388888888887 0.014663020833333333 0.028731481481481483
0 0.68515546875 0.16115833333333332 0.009894270833333333 0.01490925925925926
0 0.4786223958333334 0.0800425925925926 0.009328125 0.01749259259259259
1 0.5 0.47843564814814815 1.0 0.9568712962962963
0 0.6763437499999999 0.9183523148148148 0.0401875 0.057075
0 0.2497671875 0.5500435185185185 0.018284375000000002 0.03156851851851852
0 0.5745346354166667 0.5087912037037037 0.0126109375 0.03239722222222222
0 0.45765911458333336 0.067975 0.010109895833333334 0.052616666666666666
0 0.64355390625 0.34500185185185184 0.019399479166666667 0.019633333333333332
0 0.4635606770833334 0.23837037037037037 0.011496354166666667 0.024888888888888887
0 0.20853177083333332 0.05022175925925926 0.02956354166666667 0.05970277777777778
0 0.87245859375 0.12317546296296294 0.015750520833333333 0.03153611111111111
0 0.830090625 0.37317222222222224 0.009139583333333333 0.046344444444444445
0 0.9692000000000001 0.28246805555555554 0.00715 0.016787962962962963
0 0.95417890625 0.2915259259259259 0.0083578125 0.018237037037037038
0 0.80916015625 0.46676712962962963 0.009986979166666667 0.018719444444444445
0 0.9419208333333333 0.9025574074074073 0.006758333333333334 0.014374074074074074
0 0.6620143229166667 0.7173439814814815 0.007361979166666667 0.018021296296296296
0 0.3253364583333333 0.7862643518518518 0.010047916666666667 0.018824999999999998
0 0.025380989583333333 0.3996444444444444 0.010136979166666667 0.05669629629629629
0 0.0725125 0.2177314814814815 0.01065 0.024351851851851854
0 0.19873359375 0.09947962962962963 0.015175520833333334 0.02858888888888889
0 0.347075 0.1142587962962963 0.009775 0.015554629629629628
0 0.5585567708333333 0.09072083333333333 0.008780208333333334 0.01662685185185185
1 0.49973958333333335 0.538425925925926 0.9994791666666667 0.9231481481481482
0 0.28454869791666665 0.1412037037037037 0.039930729166666665 0.062037037037037036
0 0.7411458333333333 0.3744046296296296 0.01875 0.03029074074074074
0 0.42630208333333336 0.5143518518518518 0.013020833333333334 0.032407407407407406
0 0.5841145833333333 0.9120370370370371 0.0140625 0.05185185185185185
0 0.37421875 0.6972222222222222 0.018229166666666668 0.022222222222222223
0 0.5609375 0.7462962962962963 0.0125 0.025925925925925925
0 0.83125 0.8541666666666666 0.023958333333333335 0.06388888888888888
0 0.17057291666666666 0.9851851851851852 0.0171875 0.027777777777777776
0 0.18723958333333332 0.7263888888888889 0.0078125 0.04722222222222222
0 0.058854166666666666 0.8587962962962963 0.00625 0.01574074074074074
0 0.07317708333333334 0.8462962962962963 0.008854166666666666 0.018518518518518517
0 0.19895833333333332 0.6268518518518519 0.010416666666666666 0.018518518518518517
0 0.025520833333333333 0.24074074074074073 0.007291666666666667 0.012962962962962963
0 0.31927083333333334 0.3365740740740741 0.008333333333333333 0.017592592592592594
0 0.6440104166666667 0.16342592592592592 0.0109375 0.017592592592592594
0 0.9763020833333333 0.45185185185185184 0.009895833333333333 0.05740740740740741
0 0.94921875 0.6458333333333334 0.009895833333333333 0.025
0 0.8364583333333333 0.8023148148148148 0.014583333333333334 0.028703703703703703
0 0.68828125 0.8333333333333334 0.009895833333333333 0.014814814814814815
0 0.4828125 0.9208333333333333 0.009375 0.017592592592592594
1 0.5 0.46135601851851854 1.0 0.9227120370370371
0 0.28817552083333337 0.8650708333333332 0.03989270833333333 0.06162314814814814
0 0.7421770833333333 0.6179486111111111 0.01872916666666667 0.030341666666666666
0 0.42621015624999997 0.4884476851851852 0.012836979166666667 0.032450925925925925
0 0.5802494791666667 0.08524583333333334 0.013623958333333333 0.05197314814814815
0 0.3722067708333333 0.3063666666666666 0.018371875 0.02199259259259259
0 0.5588122395833334 0.2518175925925926 0.012416145833333333 0.025857407407407405
0 0.82790234375 0.13548148148148148 0.024554687500000002 0.06355555555555556
0 0.165825 0.02520787037037037 0.017066666666666667 0.02819351851851852
0 0.18516484375 0.2828587962962963 0.0078296875 0.047199074074074074
0 0.055257812499999996 0.1551560185185185 0.006348958333333333 0.015867592592592593
0 0.07003333333333334 0.1666652777777778 0.008816666666666667 0.018515740740740742
0 0.19790234375000001 0.3824300925925926 0.010388020833333334 0.018563888888888887
0 0.028074479166666666 0.7741537037037037 0.007190625 0.013122222222222223
0 0.3207872395833334 0.6689962962962963 0.008241145833333333 0.017622222222222223
0 0.6470981770833333 0.8320157407407407 0.010863020833333332 0.017735185185185184
0 0.9766859375 0.533337037037037 0.009621875 0.057414814814814814
0 0.9477010416666667 0.34024351851851853 0.009985416666666667 0.02493148148148148
0 0.8333731770833332 0.18751388888888887 0.014663020833333333 0.028731481481481483
0 0.68515546875 0.16115833333333332 0.009894270833333333 0.01490925925925926
0 0.4786223958333334 0.0800425925925926 0.009328125 0.01749259259259259
