1 0.5 0.4752861111111111 1.0 0.9505722222222222
1 0.47311484375 0.8505680555555556 0.02539635416666667 0.027062037037037037
0 0.7648135416666667 0.6372587962962963 0.009835416666666668 0.015258333333333332
0 0.7643177083333333 0.3937541666666667 0.017177083333333332 0.02269351851851852
0 0.4205513020833333 0.1953773148148148 0.010894270833333334 0.02964351851851852
1 0.5 0.4593375 1.0 0.918675
1 0.48471276041666667 0.8515175925925926 0.025675520833333333 0.02896111111111111
0 0.22499583333333334 0.5364685185185185 0.010408333333333334 0.013677777777777778
0 0.2535411458333333 0.297699537037037 0.01749895833333333 0.019473148148148146
0 0.61201171875 0.23302777777777778 0.0115234375 0.02901851851851852
1 0.5002604166666667 0.5314814814814814 0.9994791666666667 0.937037037037037
1 0.5200520833333333 0.1486111111111111 0.025520833333333333 0.026851851851851852
0 0.23255208333333333 0.37962962962962965 0.009895833333333333 0.014814814814814815
0 0.23776041666666667 0.6231481481481481 0.0171875 0.022222222222222223
0 0.58515625 0.799074074074074 0.0109375 0.02962962962962963
1 0.5 0.4752861111111111 1.0 0.9505722222222222
1 0.47311484375 0.8505680555555556 0.02539635416666667 0.027062037037037037
0 0.7648135416666667 0.6372587962962963 0.009835416666666668 0.015258333333333332
0 0.7643177083333333 0.3937541666666667 0.017177083333333332 0.02269351851851852
0 0.4205513020833333 0.1953773148148148 0.010894270833333334 0.02964351851851852
1 0.5 0.4593375 1.0 0.918675
1 0.48471276041666667 0.8515175925925926 0.025675520833333333 0.02896111111111111
0 0.22499583333333334 0.5364685185185185 0.010408333333333334 0.013677777777777778
0 0.2535411458333333 0.297699537037037 0.01749895833333333 0.019473148148148146
0 0.61201171875 0.23302777777777778 0.0115234375 0.02901851851851852
1 0.5002604166666667 0.5314814814814814 0.9994791666666667 0.937037037037037
1 0.5200520833333333 0.1486111111111111 0.025520833333333333 0.026851851851851852
0 0.23255208333333333 0.37962962962962965 0.009895833333333333 0.014814814814814815
0 0.23776041666666667 0.6231481481481481 0.0171875 0.022222222222222223
0 0.58515625 0.799074074074074 0.0109375 0.02962962962962963
