0 0.49973958333333335 0.5467592592592593 0.9994791666666667 0.9046296296296297
0 0.49973958333333335 0.5476851851851852 0.9994791666666667 0.9027777777777778
0 0.49973958333333335 0.5462962962962963 0.9994791666666667 0.9055555555555556
0 0.49973958333333335 0.5476851851851852 0.9994791666666667 0.9027777777777778
0 0.49973958333333335 0.5467592592592593 0.9994791666666667 0.9046296296296297
0 0.08229166666666667 0.6958333333333333 0.007291666666666667 0.032407407407407406
0 0.13984375 0.6194444444444445 0.013020833333333334 0.037037037037037035
0 0.13307291666666668 0.7953703703703704 0.008854166666666666 0.027777777777777776
0 0.47421875 0.18009259259259258 0.016145833333333335 0.06574074074074074
0 0.3346354166666667 0.662962962962963 0.019270833333333334 0.04814814814814815
0 0.8645494791666667 0.46296296296296297 0.004098958333333334 0.009259259259259259
0 0.8613932291666667 0.46458333333333335 0.001953125 0.006944444444444444
0 0.9294270833333333 0.4134259259259259 0.011979166666666667 0.028703703703703703
0 0.9223958333333333 0.3902777777777778 0.008333333333333333 0.025
0 0.92265625 0.8967592592592593 0.018229166666666668 0.04537037037037037
0 0.9723958333333333 0.6333333333333333 0.008333333333333333 0.024074074074074074
0 0.6890625 0.7013888888888888 0.020833333333333332 0.025
0 0.7296875 0.8916666666666667 0.009375 0.016666666666666666
0 0.6955729166666667 0.3611111111111111 0.0046875 0.007407407407407408
0 0.77109375 0.30500046296296296 0.0078125 0.013704629629629629
0 0.7651989583333333 0.324537037037037 0.009564583333333333 0.021296296296296296
0 0.7846354166666667 0.6555555555555556 0.0046875 0.012962962962962963
0 0.8669270833333333 0.6087962962962963 0.0046875 0.012037037037037037
0 0.32864583333333336 0.5787037037037037 0.00625 0.016666666666666666
0 0.17161458333333332 0.12129629629629629 0.0046875 0.014814814814814815
0 0.7174479166666666 0.6152777777777778 0.005729166666666666 0.008333333333333333
0 0.006510416666666667 0.3138888888888889 0.013020833333333334 0.044444444444444446
0 0.12265625 0.39814814814814814 0.0046875 0.012962962962962963
0 0.5 0.4494986111111111 1.0 0.8989972222222222
0 0.5 0.4483773148148148 1.0 0.8967546296296296
0 0.5 0.45007083333333336 1.0 0.9001416666666667
0 0.5 0.4483773148148148 1.0 0.8967546296296296
0 0.5 0.44883657407407407 1.0 0.8976731481481481
0 0.9014458333333334 0.21470555555555557 0.009141666666666666 0.031262962962962965
0 0.8502752604166666 0.3026962962962963 0.013050520833333332 0.03687407407407407
0 0.843928125 0.12761805555555555 0.00973125 0.027458333333333335
0 0.5480619791666667 0.8120541666666666 0.014873958333333333 0.06670092592592593
0 0.6527984375 0.30299305555555556 0.021221875 0.04857870370370371
0 0.14069166666666666 0.6158754629629629 0.0043 0.009528703703703704
0 0.14415078125 0.6138430555555556 0.0018432291666666668 0.007315740740740741
0 0.07992187499999999 0.6785851851851852 0.01296875 0.02939259259259259
0 0.0881296875 0.7003699074074073 0.0075093749999999996 0.02481388888888889
0 0.05324947916666667 0.19680787037037037 0.017957291666666667 0.04546759259259259
0 0.02187578125 0.47056296296296296 0.008334895833333333 0.02445925925925926
0 0.29877239583333337 0.34090787037037035 0.021503125 0.022556481481481483
0 0.24515052083333336 0.16091296296296295 0.009051041666666667 0.01812222222222222
0 0.3153153645833333 0.6799967592592592 0.0045890625 0.008141666666666667
0 0.24467395833333333 0.7526425925925926 0.00705625 0.014544444444444445
0 0.24887447916666666 0.731824537037037 0.008165625000000001 0.022908333333333333
0 0.20691848958333334 0.4073027777777778 0.004461979166666667 0.012753703703703703
0 0.12826354166666668 0.4717708333333333 0.00444375 0.012060185185185186
0 0.6647505208333333 0.3851148148148148 0.006584375 0.016525925925925927
0 0.85238515625 0.8049694444444444 0.0047703125 0.015494444444444446
0 0.27624895833333335 0.4327828703703704 0.005622916666666667 0.008158333333333333
0 0.8812979166666667 0.5193962962962962 0.0042625 0.012866666666666667
0 0.5 0.5417236111111111 1.0 0.9167805555555556
0 0.5 0.5416175925925926 1.0 0.9165685185185185
0 0.5 0.5406412037037036 1.0 0.9183194444444445
0 0.5 0.5416175925925926 1.0 0.9165685185185185
0 0.5 0.5411824074074074 1.0 0.91755
0 0.9211338541666667 0.6700268518518518 0.006851041666666667 0.0326462962962963
0 0.86244453125 0.5973240740740741 0.013430729166666665 0.03724074074074074
0 0.8722963541666666 0.7723592592592593 0.009176041666666666 0.028051851851851852
0 0.5194145833333333 0.1782689814814815 0.016954166666666666 0.06579722222222223
0 0.6682838541666667 0.65265 0.018859375 0.04789259259259259
0 0.13482734375 0.48605972222222216 0.0040296875 0.00915648148148148
0 0.13802317708333334 0.4867430555555556 0.0020880208333333337 0.006819444444444445
0 0.06937317708333333 0.4401398148148148 0.011663020833333334 0.02842777777777778
0 0.07562734374999999 0.4161962962962963 0.008546354166666666 0.024985185185185187
0 0.08541432291666666 0.9226712962962963 0.0187453125 0.045342592592592594
0 0.030799218750000003 0.662875 0.008473437499999998 0.023898148148148148
0 0.3151158854166667 0.7128157407407407 0.020856770833333333 0.02563148148148148
0 0.27815859374999996 0.9054537037037037 0.009442187500000001 0.016462962962962964
0 0.30183046875 0.37303287037037036 0.0047026041666666666 0.007176851851851852
0 0.22535807291666668 0.3224537037037037 0.0080078125 0.013425925925925926
0 0.23153177083333334 0.3411162037037037 0.009938541666666667 0.021121296296296298
0 0.21859713541666667 0.6731601851851852 0.004902604166666667 0.012987037037037037
0 0.1352546875 0.6311277777777778 0.004884375 0.012255555555555556
0 0.6729601562499999 0.5685296296296296 0.006336979166666667 0.01668888888888889
0 0.8205716145833333 0.10080833333333333 0.004684895833333333 0.01457962962962963
0 0.2851635416666667 0.6282541666666667 0.005743750000000001 0.008360185185185186
0 0.9899489583333333 0.2833199074074074 0.01323125 0.04441759259259259
0 0.87532265625 0.3749958333333333 0.004811979166666667 0.01295462962962963
0 0.49973958333333335 0.5467592592592593 0.9994791666666667 0.9046296296296297
0 0.49973958333333335 0.5476851851851852 0.9994791666666667 0.9027777777777778
0 0.49973958333333335 0.5462962962962963 0.9994791666666667 0.9055555555555556
0 0.49973958333333335 0.5476851851851852 0.9994791666666667 0.9027777777777778
0 0.49973958333333335 0.5467592592592593 0.9994791666666667 0.9046296296296297
0 0.08229166666666667 0.6958333333333333 0.007291666666666667 0.032407407407407406
0 0.13984375 0.6194444444444445 0.013020833333333334 0.037037037037037035
0 0.13307291666666668 0.7953703703703704 0.008854166666666666 0.027777777777777776
0 0.47421875 0.18009259259259258 0.016145833333333335 0.06574074074074074
0 0.3346354166666667 0.662962962962963 0.019270833333333334 0.04814814814814815
0 0.8645494791666667 0.46296296296296297 0.004098958333333334 0.009259259259259259
0 0.8613932291666667 0.46458333333333335 0.001953125 0.006944444444444444
0 0.9294270833333333 0.4134259259259259 0.011979166666666667 0.028703703703703703
0 0.9223958333333333 0.3902777777777778 0.008333333333333333 0.025
0 0.92265625 0.8967592592592593 0.018229166666666668 0.04537037037037037
0 0.9723958333333333 0.6333333333333333 0.008333333333333333 0.024074074074074074
0 0.6890625 0.7013888888888888 0.020833333333333332 0.025
0 0.7296875 0.8916666666666667 0.009375 0.016666666666666666
0 0.6955729166666667 0.3611111111111111 0.0046875 0.007407407407407408
0 0.77109375 0.30500046296296296 0.0078125 0.013704629629629629
0 0.7651989583333333 0.324537037037037 0.009564583333333333 0.021296296296296296
0 0.7846354166666667 0.6555555555555556 0.0046875 0.012962962962962963
0 0.8669270833333333 0.6087962962962963 0.0046875 0.012037037037037037
0 0.32864583333333336 0.5787037037037037 0.00625 0.016666666666666666
0 0.17161458333333332 0.12129629629629629 0.0046875 0.014814814814814815
0 0.7174479166666666 0.6152777777777778 0.005729166666666666 0.008333333333333333
0 0.006510416666666667 0.3138888888888889 0.013020833333333334 0.044444444444444446
0 0.12265625 0.39814814814814814 0.0046875 0.012962962962962963
0 0.5 0.4494986111111111 1.0 0.8989972222222222
0 0.5 0.4483773148148148 1.0 0.8967546296296296
0 0.5 0.45007083333333336 1.0 0.9001416666666667
0 0.5 0.4483773148148148 1.0 0.8967546296296296
0 0.5 0.44883657407407407 1.0 0.8976731481481481
0 0.9014458333333334 0.21470555555555557 0.009141666666666666 0.031262962962962965
0 0.8502752604166666 0.3026962962962963 0.013050520833333332 0.03687407407407407
0 0.843928125 0.12761805555555555 0.00973125 0.027458333333333335
0 0.5480619791666667 0.8120541666666666 0.014873958333333333 0.06670092592592593
0 0.6527984375 0.30299305555555556 0.021221875 0.04857870370370371
0 0.14069166666666666 0.6158754629629629 0.0043 0.009528703703703704
0 0.14415078125 0.6138430555555556 0.0018432291666666668 0.007315740740740741
0 0.07992187499999999 0.6785851851851852 0.01296875 0.02939259259259259
0 0.0881296875 0.7003699074074073 0.0075093749999999996 0.02481388888888889
0 0.05324947916666667 0.19680787037037037 0.017957291666666667 0.04546759259259259
0 0.02187578125 0.47056296296296296 0.008334895833333333 0.02445925925925926
0 0.29877239583333337 0.34090787037037035 0.021503125 0.022556481481481483
0 0.24515052083333336 0.16091296296296295 0.009051041666666667 0.01812222222222222
0 0.3153153645833333 0.6799967592592592 0.0045890625 0.008141666666666667
0 0.24467395833333333 0.7526425925925926 0.00705625 0.014544444444444445
0 0.24887447916666666 0.731824537037037 0.008165625000000001 0.022908333333333333
0 0.20691848958333334 0.4073027777777778 0.004461979166666667 0.012753703703703703
0 0.12826354166666668 0.4717708333333333 0.00444375 0.012060185185185186
0 0.6647505208333333 0.3851148148148148 0.006584375 0.016525925925925927
0 0.85238515625 0.8049694444444444 0.0047703125 0.015494444444444446
0 0.27624895833333335 0.4327828703703704 0.005622916666666667 0.008158333333333333
0 0.8812979166666667 0.5193962962962962 0.0042625 0.012866666666666667
0 0.5 0.5417236111111111 1.0 0.9167805555555556
0 0.5 0.5416175925925926 1.0 0.9165685185185185
0 0.5 0.5406412037037036 1.0 0.9183194444444445
0 0.5 0.5416175925925926 1.0 0.9165685185185185
0 0.5 0.5411824074074074 1.0 0.91755
0 0.9211338541666667 0.6700268518518518 0.006851041666666667 0.0326462962962963
0 0.86244453125 0.5973240740740741 0.013430729166666665 0.03724074074074074
0 0.8722963541666666 0.7723592592592593 0.009176041666666666 0.028051851851851852
0 0.5194145833333333 0.1782689814814815 0.016954166666666666 0.06579722222222223
0 0.6682838541666667 0.65265 0.018859375 0.04789259259259259
0 0.13482734375 0.48605972222222216 0.0040296875 0.00915648148148148
0 0.13802317708333334 0.4867430555555556 0.0020880208333333337 0.006819444444444445
0 0.06937317708333333 0.4401398148148148 0.011663020833333334 0.02842777777777778
0 0.07562734374999999 0.4161962962962963 0.008546354166666666 0.024985185185185187
0 0.08541432291666666 0.9226712962962963 0.0187453125 0.045342592592592594
0 0.030799218750000003 0.662875 0.008473437499999998 0.023898148148148148
0 0.3151158854166667 0.7128157407407407 0.020856770833333333 0.02563148148148148
0 0.27815859374999996 0.9054537037037037 0.009442187500000001 0.016462962962962964
0 0.30183046875 0.37303287037037036 0.0047026041666666666 0.007176851851851852
0 0.22535807291666668 0.3224537037037037 0.0080078125 0.013425925925925926
0 0.23153177083333334 0.3411162037037037 0.009938541666666667 0.021121296296296298
0 0.21859713541666667 0.6731601851851852 0.004902604166666667 0.012987037037037037
0 0.1352546875 0.6311277777777778 0.004884375 0.012255555555555556
0 0.6729601562499999 0.5685296296296296 0.006336979166666667 0.01668888888888889
0 0.8205716145833333 0.10080833333333333 0.004684895833333333 0.01457962962962963
0 0.2851635416666667 0.6282541666666667 0.005743750000000001 0.008360185185185186
0 0.9899489583333333 0.2833199074074074 0.01323125 0.04441759259259259
0 0.87532265625 0.3749958333333333 0.004811979166666667 0.01295462962962963
