1 0.4895083333333333 0.4882078703703704 0.9790166666666666 0.9764157407407408
0 0.39501848958333335 0.5177111111111111 0.027536979166666666 0.05394074074074074
0 0.32452421875 0.5028611111111111 0.028215104166666668 0.057574074074074076
0 0.27529296875 0.04532592592592592 0.027669270833333332 0.033244444444444445
0 0.46447786458333334 0.5976291666666667 0.013330729166666666 0.047110185185185185
0 0.5141700520833333 0.8238296296296296 0.010631770833333333 0.01802962962962963
0 0.6529781250000001 0.9133856481481482 0.013247916666666667 0.03232685185185185
0 0.6566760416666667 0.839723611111111 0.009185416666666666 0.033150925925925924
0 0.3493932291666667 0.2992236111111111 0.011286458333333334 0.01696574074074074
1 0.508309375 0.4954023148148148 0.9832854166666666 0.9908046296296296
0 0.5983161458333334 0.5657185185185185 0.031007291666666666 0.04995555555555555
0 0.6699940104166667 0.5828393518518519 0.029571354166666668 0.052715740740740744
0 0.7824484374999999 0.1656162037037037 0.025313541666666665 0.03678796296296297
0 0.5193424479166667 0.6113939814814815 0.017851562499999998 0.04871388888888888
0 0.43983645833333335 0.8060935185185185 0.009881250000000001 0.019594444444444442
0 0.2922606770833333 0.8288949074074075 0.012646354166666667 0.031863888888888886
0 0.3004057291666667 0.7572023148148148 0.008103125 0.03292314814814815
0 0.6744901041666667 0.3759722222222222 0.011480208333333334 0.020462962962962964
1 0.5109375 0.5212962962962963 0.9770833333333333 0.9555555555555556
0 0.603125 0.4625 0.029166666666666667 0.05277777777777778
0 0.675 0.4648148148148148 0.028125 0.05555555555555555
0 0.7502604166666667 0.9101851851851852 0.0265625 0.03333333333333333
0 0.5294270833333333 0.3962962962962963 0.015104166666666667 0.04814814814814815
0 0.4671875 0.18055555555555555 0.010416666666666666 0.018518518518518517
0 0.32395833333333335 0.11712962962962963 0.0125 0.032407407407407406
0 0.32421875 0.19074074074074074 0.0078125 0.03333333333333333
0 0.6614583333333334 0.6712962962962963 0.011458333333333333 0.018518518518518517
1 0.4895083333333333 0.4882078703703704 0.9790166666666666 0.9764157407407408
0 0.39501848958333335 0.5177111111111111 0.027536979166666666 0.05394074074074074
0 0.32452421875 0.5028611111111111 0.028215104166666668 0.057574074074074076
0 0.27529296875 0.04532592592592592 0.027669270833333332 0.033244444444444445
0 0.46447786458333334 0.5976291666666667 0.013330729166666666 0.047110185185185185
0 0.5141700520833333 0.8238296296296296 0.010631770833333333 0.01802962962962963
0 0.6529781250000001 0.9133856481481482 0.013247916666666667 0.03232685185185185
0 0.6566760416666667 0.839723611111111 0.009185416666666666 0.033150925925925924
0 0.3493932291666667 0.2992236111111111 0.011286458333333334 0.01696574074074074
1 0.508309375 0.4954023148148148 0.9832854166666666 0.9908046296296296
0 0.5983161458333334 0.5657185185185185 0.031007291666666666 0.04995555555555555
0 0.6699940104166667 0.5828393518518519 0.029571354166666668 0.052715740740740744
0 0.7824484374999999 0.1656162037037037 0.025313541666666665 0.03678796296296297
0 0.5193424479166667 0.6113939814814815 0.017851562499999998 0.04871388888888888
0 0.43983645833333335 0.8060935185185185 0.009881250000000001 0.019594444444444442
0 0.2922606770833333 0.8288949074074075 0.012646354166666667 0.031863888888888886
0 0.3004057291666667 0.7572023148148148 0.008103125 0.03292314814814815
0 0.6744901041666667 0.3759722222222222 0.011480208333333334 0.020462962962962964
1 0.5109375 0.5212962962962963 0.9770833333333333 0.9555555555555556
0 0.603125 0.4625 0.029166666666666667 0.05277777777777778
0 0.675 0.4648148148148148 0.028125 0.05555555555555555
0 0.7502604166666667 0.9101851851851852 0.0265625 0.03333333333333333
0 0.5294270833333333 0.3962962962962963 0.015104166666666667 0.04814814814814815
0 0.4671875 0.18055555555555555 0.010416666666666666 0.018518518518518517
0 0.32395833333333335 0.11712962962962963 0.0125 0.032407407407407406
0 0.32421875 0.19074074074074074 0.0078125 0.03333333333333333
0 0.6614583333333334 0.6712962962962963 0.011458333333333333 0.018518518518518517
1 0.4895083333333333 0.4882078703703704 0.9790166666666666 0.9764157407407408
0 0.39501848958333335 0.5177111111111111 0.027536979166666666 0.05394074074074074
0 0.32452421875 0.5028611111111111 0.028215104166666668 0.057574074074074076
0 0.27529296875 0.04532592592592592 0.027669270833333332 0.033244444444444445
0 0.46447786458333334 0.5976291666666667 0.013330729166666666 0.047110185185185185
0 0.5141700520833333 0.8238296296296296 0.010631770833333333 0.01802962962962963
0 0.6529781250000001 0.9133856481481482 0.013247916666666667 0.03232685185185185
0 0.6566760416666667 0.839723611111111 0.009185416666666666 0.033150925925925924
0 0.3493932291666667 0.2992236111111111 0.011286458333333334 0.01696574074074074
1 0.508309375 0.4954023148148148 0.9832854166666666 0.9908046296296296
0 0.5983161458333334 0.5657185185185185 0.031007291666666666 0.04995555555555555
0 0.6699940104166667 0.5828393518518519 0.029571354166666668 0.052715740740740744
0 0.7824484374999999 0.1656162037037037 0.025313541666666665 0.03678796296296297
0 0.5193424479166667 0.6113939814814815 0.017851562499999998 0.04871388888888888
0 0.43983645833333335 0.8060935185185185 0.009881250000000001 0.019594444444444442
0 0.2922606770833333 0.8288949074074075 0.012646354166666667 0.031863888888888886
0 0.3004057291666667 0.7572023148148148 0.008103125 0.03292314814814815
0 0.6744901041666667 0.3759722222222222 0.011480208333333334 0.020462962962962964
1 0.5109375 0.5212962962962963 0.9770833333333333 0.9555555555555556
0 0.603125 0.4625 0.029166666666666667 0.05277777777777778
0 0.675 0.4648148148148148 0.028125 0.05555555555555555
0 0.7502604166666667 0.9101851851851852 0.0265625 0.03333333333333333
0 0.5294270833333333 0.3962962962962963 0.015104166666666667 0.04814814814814815
0 0.4671875 0.18055555555555555 0.010416666666666666 0.018518518518518517
0 0.32395833333333335 0.11712962962962963 0.0125 0.032407407407407406
0 0.32421875 0.19074074074074074 0.0078125 0.03333333333333333
0 0.6614583333333334 0.6712962962962963 0.011458333333333333 0.018518518518518517
