1 0.5222593750000001 0.4162125 0.9559770833333334 0.832425
0 0.4419721354166667 0.5351050925925926 0.009985937499999998 0.020210185185185185
0 0.44901822916666667 0.6307277777777778 0.013661458333333333 0.031825925925925924
0 0.3047791666666667 0.7046712962962962 0.027266666666666665 0.048231481481481486
0 0.35481588541666664 0.7291615740740741 0.014840104166666666 0.03980462962962963
0 0.7177643229166667 0.7495671296296297 0.0178203125 0.02691203703703704
0 0.5169044270833333 0.3930652777777778 0.012975520833333334 0.021315740740740743
0 0.67146015625 0.03318981481481481 0.026253645833333332 0.029342592592592594
0 0.4225669270833333 0.7802462962962964 0.010758854166666667 0.023455555555555556
1 0.51905546875 0.42008148148148144 0.9620692708333334 0.8401629629629629
0 0.44070911458333334 0.5283194444444445 0.009543229166666667 0.019601851851851853
0 0.44455546875 0.6244083333333333 0.013069270833333334 0.03215
0 0.2966833333333333 0.6801342592592592 0.0267 0.04730555555555556
0 0.3460111979166667 0.7111685185185185 0.013897395833333333 0.040855555555555555
0 0.7073843750000001 0.7764018518518518 0.01789375 0.026877777777777778
0 0.5215614583333333 0.3958101851851852 0.012914583333333333 0.021249999999999998
0 0.6894273437499999 0.05577546296296296 0.0257296875 0.030069444444444447
0 0.4114875 0.7702162037037037 0.010475 0.023765740740740744
1 0.5213541666666667 0.5805555555555556 0.95625 0.837037037037037
0 0.4431640625 0.459375 0.010286458333333333 0.02060185185185185
0 0.45286458333333335 0.3648148148148148 0.0140625 0.03148148148148148
0 0.3111979166666667 0.2773148148148148 0.027604166666666666 0.049074074074074076
0 0.3614583333333333 0.2574074074074074 0.015625 0.03888888888888889
0 0.725 0.2708333333333333 0.017708333333333333 0.026851851851851852
0 0.5138020833333333 0.6078703703703704 0.013020833333333334 0.021296296296296296
0 0.6575520833333334 0.9819444444444444 0.0265625 0.028703703703703703
0 0.4309895833333333 0.2125 0.0109375 0.023148148148148147
1 0.5222593750000001 0.4162125 0.9559770833333334 0.832425
0 0.4419721354166667 0.5351050925925926 0.009985937499999998 0.020210185185185185
0 0.44901822916666667 0.6307277777777778 0.013661458333333333 0.031825925925925924
0 0.3047791666666667 0.7046712962962962 0.027266666666666665 0.048231481481481486
0 0.35481588541666664 0.7291615740740741 0.014840104166666666 0.03980462962962963
0 0.7177643229166667 0.7495671296296297 0.0178203125 0.02691203703703704
0 0.5169044270833333 0.3930652777777778 0.012975520833333334 0.021315740740740743
0 0.67146015625 0.03318981481481481 0.026253645833333332 0.029342592592592594
0 0.4225669270833333 0.7802462962962964 0.010758854166666667 0.023455555555555556
1 0.51905546875 0.42008148148148144 0.9620692708333334 0.8401629629629629
0 0.44070911458333334 0.5283194444444445 0.009543229166666667 0.019601851851851853
0 0.44455546875 0.6244083333333333 0.013069270833333334 0.03215
0 0.2966833333333333 0.6801342592592592 0.0267 0.04730555555555556
0 0.3460111979166667 0.7111685185185185 0.013897395833333333 0.040855555555555555
0 0.7073843750000001 0.7764018518518518 0.01789375 0.026877777777777778
0 0.5215614583333333 0.3958101851851852 0.012914583333333333 0.021249999999999998
0 0.6894273437499999 0.05577546296296296 0.0257296875 0.030069444444444447
0 0.4114875 0.7702162037037037 0.010475 0.023765740740740744
1 0.5213541666666667 0.5805555555555556 0.95625 0.837037037037037
0 0.4431640625 0.459375 0.010286458333333333 0.02060185185185185
0 0.45286458333333335 0.3648148148148148 0.0140625 0.03148148148148148
0 0.3111979166666667 0.2773148148148148 0.027604166666666666 0.049074074074074076
0 0.3614583333333333 0.2574074074074074 0.015625 0.03888888888888889
0 0.725 0.2708333333333333 0.017708333333333333 0.026851851851851852
0 0.5138020833333333 0.6078703703703704 0.013020833333333334 0.021296296296296296
0 0.6575520833333334 0.9819444444444444 0.0265625 0.028703703703703703
0 0.4309895833333333 0.2125 0.0109375 0.023148148148148147
