1 0.49973958333333335 0.5287037037037037 0.9994791666666667 0.9407407407407408
0 0.20833333333333334 0.24953703703703703 0.04791666666666667 0.09907407407407408
0 0.01328125 0.4736111111111111 0.015104166666666667 0.032407407407407406
0 0.11276041666666667 0.8245370370370371 0.0078125 0.012037037037037037
0 0.6640625 0.5226851851851851 0.010416666666666666 0.021296296296296296
0 0.6786458333333333 0.5680555555555555 0.007291666666666667 0.025
0 0.8486979166666667 0.8125 0.0078125 0.017592592592592594
0 0.6700520833333333 0.4027777777777778 0.0067708333333333336 0.027777777777777776
0 0.6578125 0.27361111111111114 0.007291666666666667 0.010185185185185186
0 0.8020833333333334 0.5231481481481481 0.013541666666666667 0.018518518518518517
0 0.8544270833333333 0.3074074074074074 0.005729166666666666 0.05925925925925926
0 0.8708333333333333 0.3162037037037037 0.0125 0.03611111111111111
0 0.03854166666666667 0.8305555555555556 0.004166666666666667 0.012962962962962963
1 0.5 0.4733365740740741 1.0 0.9466731481481482
0 0.21066744791666667 0.7598518518518519 0.04841822916666667 0.09933333333333333
0 0.013864583333333331 0.5410879629629629 0.015229166666666665 0.03217592592592593
0 0.10959401041666667 0.18741805555555555 0.0077296875 0.011873148148148148
0 0.6639572916666666 0.47191944444444445 0.01020625 0.021616666666666666
0 0.6780018229166667 0.4265 0.0070453124999999995 0.025222222222222222
0 0.845590625 0.17637962962962964 0.007847916666666666 0.017574074074074075
0 0.6710067708333334 0.5917453703703704 0.006596875 0.027935185185185188
0 0.6598770833333333 0.7217101851851851 0.0072541666666666674 0.010087037037037037
0 0.8020369791666667 0.4677287037037037 0.013448958333333334 0.01879074074074074
0 0.8561619791666666 0.6814768518518518 0.006073958333333334 0.059250000000000004
0 0.8727385416666666 0.671950462962963 0.01214375 0.036493518518518515
0 0.035475520833333336 0.18339675925925927 0.004284375000000001 0.013089814814814815
1 0.5 0.5346111111111111 1.0 0.9303333333333333
0 0.8032822916666666 0.29588472222222223 0.04718958333333333 0.09732500000000001
0 0.9863721354166667 0.5491143518518519 0.0144109375 0.03341388888888889
0 0.8697205729166666 0.8832509259259259 0.008191145833333333 0.012798148148148147
0 0.3353979166666667 0.4973217592592592 0.011420833333333333 0.020569444444444446
0 0.31882812499999996 0.5398671296296297 0.008489583333333333 0.024178703703703702
0 0.13713385416666668 0.7572740740740741 0.0076010416666666665 0.018251851851851852
0 0.33505364583333336 0.37639537037037035 0.007607291666666667 0.026864814814814814
0 0.35372265625000004 0.24975972222222223 0.0074453125 0.010630555555555556
0 0.19811796875 0.4762921296296296 0.013944270833333333 0.017399074074074074
0 0.15667447916666666 0.2535907407407407 0.006057291666666667 0.059033333333333333
0 0.139403125 0.2596111111111111 0.014222916666666667 0.03403703703703703
0 0.9435390625 0.9009013888888888 0.004786458333333333 0.012913888888888888
1 0.49973958333333335 0.5287037037037037 0.9994791666666667 0.9407407407407408
0 0.20833333333333334 0.24953703703703703 0.04791666666666667 0.09907407407407408
0 0.01328125 0.4736111111111111 0.015104166666666667 0.032407407407407406
0 0.11276041666666667 0.8245370370370371 0.0078125 0.012037037037037037
0 0.6640625 0.5226851851851851 0.010416666666666666 0.021296296296296296
0 0.6786458333333333 0.5680555555555555 0.007291666666666667 0.025
0 0.8486979166666667 0.8125 0.0078125 0.017592592592592594
0 0.6700520833333333 0.4027777777777778 0.0067708333333333336 0.027777777777777776
0 0.6578125 0.27361111111111114 0.007291666666666667 0.010185185185185186
0 0.8020833333333334 0.5231481481481481 0.013541666666666667 0.018518518518518517
0 0.8544270833333333 0.3074074074074074 0.005729166666666666 0.05925925925925926
0 0.8708333333333333 0.3162037037037037 0.0125 0.03611111111111111
0 0.03854166666666667 0.8305555555555556 0.004166666666666667 0.012962962962962963
1 0.5 0.4733365740740741 1.0 0.9466731481481482
0 0.21066744791666667 0.7598518518518519 0.04841822916666667 0.09933333333333333
0 0.013864583333333331 0.5410879629629629 0.015229166666666665 0.03217592592592593
0 0.10959401041666667 0.18741805555555555 0.0077296875 0.011873148148148148
0 0.6639572916666666 0.47191944444444445 0.01020625 0.021616666666666666
0 0.6780018229166667 0.4265 0.0070453124999999995 0.025222222222222222
0 0.845590625 0.17637962962962964 0.007847916666666666 0.017574074074074075
0 0.6710067708333334 0.5917453703703704 0.006596875 0.027935185185185188
0 0.6598770833333333 0.7217101851851851 0.0072541666666666674 0.010087037037037037
0 0.8020369791666667 0.4677287037037037 0.013448958333333334 0.01879074074074074
0 0.8561619791666666 0.6814768518518518 0.006073958333333334 0.059250000000000004
0 0.8727385416666666 0.671950462962963 0.01214375 0.036493518518518515
0 0.035475520833333336 0.18339675925925927 0.004284375000000001 0.013089814814814815
1 0.5 0.5346111111111111 1.0 0.9303333333333333
0 0.8032822916666666 0.29588472222222223 0.04718958333333333 0.09732500000000001
0 0.9863721354166667 0.5491143518518519 0.0144109375 0.03341388888888889
0 0.8697205729166666 0.8832509259259259 0.008191145833333333 0.012798148148148147
0 0.3353979166666667 0.4973217592592592 0.011420833333333333 0.020569444444444446
0 0.31882812499999996 0.5398671296296297 0.008489583333333333 0.024178703703703702
0 0.13713385416666668 0.7572740740740741 0.0076010416666666665 0.018251851851851852
0 0.33505364583333336 0.37639537037037035 0.007607291666666667 0.026864814814814814
0 0.35372265625000004 0.24975972222222223 0.0074453125 0.010630555555555556
0 0.19811796875 0.4762921296296296 0.013944270833333333 0.017399074074074074
0 0.15667447916666666 0.2535907407407407 0.006057291666666667 0.059033333333333333
0 0.139403125 0.2596111111111111 0.014222916666666667 0.03403703703703703
0 0.9435390625 0.9009013888888888 0.004786458333333333 0.012913888888888888
