1 0.5 0.46507421875 1.0 0.9301484375
0 0.7449990234375 0.74330078125 0.016365234375 0.023059895833333333
0 0.787795166015625 0.3332287326388889 0.02090283203125 0.03104079861111111
0 0.7316669921875 0.4003784722222222 0.012162109375 0.0281875
0 0.56663720703125 0.48980251736111113 0.0229228515625 0.029952256944444446
0 0.9188671875 0.7920737847222222 0.013515625 0.030328125
0 0.931871337890625 0.6908506944444445 0.02292236328125 0.0396875
0 0.957280517578125 0.6326545138888888 0.01026416015625 0.015309027777777777
0 0.92081494140625 0.5974761284722222 0.0076455078125 0.01266059027777778
0 0.7688330078125 0.10813281250000001 0.016181640625 0.007932291666666667
0 0.611563720703125 0.07343272569444444 0.01707275390625 0.030546006944444443
0 0.468023193359375 0.06110112847222222 0.02881982421875 0.031924479166666665
0 0.393233154296875 0.35529296875 0.01400537109375 0.019613715277777777
0 0.458652587890625 0.28980381944444444 0.01398486328125 0.02405208333333333
0 0.39013671875 0.19465277777777779 0.013671875 0.026458333333333334
0 0.26921728515625 0.23067578125 0.0101142578125 0.02558767361111111
0 0.09715625 0.06738715277777778 0.0058359375 0.02713541666666667
0 0.38713671875 0.48128211805555554 0.023296875 0.03200868055555556
0 0.085909423828125 0.6877039930555555 0.01752197265625 0.04381076388888889
0 0.190689208984375 0.6383328993055556 0.02395654296875 0.019721354166666667
0 0.58221240234375 0.7672152777777778 0.0101279296875 0.015333333333333334
1 0.5 0.4654787326388889 1.0 0.9309574652777778
0 0.24626708984375 0.7125013020833334 0.0159716796875 0.02222482638888889
0 0.219244873046875 0.2984691840277778 0.02149755859375 0.029230034722222225
0 0.2731669921875 0.37203862847222224 0.012154296875 0.028799479166666666
0 0.434369384765625 0.4824618055555556 0.02303564453125 0.029159722222222222
0 0.07066796875 0.7392152777777778 0.01340625 0.03051388888888889
0 0.061516357421875 0.6363697916666666 0.02147021484375 0.04183680555555555
0 0.038690185546875 0.5751731770833334 0.00999755859375 0.014929687500000002
0 0.076490478515625 0.5453585069444444 0.00747314453125 0.012592013888888889
0 0.24731591796875 0.07498654513888889 0.0161162109375 0.009348090277777778
0 0.40548681640625 0.06036935763888889 0.0160517578125 0.03219704861111111
0 0.548905517578125 0.06627126736111111 0.02847509765625 0.03358420138888889
0 0.61250048828125 0.36875390625000004 0.0140634765625 0.018757812500000002
0 0.549660888671875 0.29530555555555554 0.01338427734375 0.02463888888888889
0 0.621706298828125 0.20874479166666665 0.01392041015625 0.026864583333333334
0 0.740694580078125 0.2602434895833333 0.00970947265625 0.025695312499999998
0 0.919090576171875 0.11792751736111111 0.00517333984375 0.02752170138888889
0 0.613537109375 0.49424088541666666 0.02297265625 0.033620659722222224
0 0.905724609375 0.7383454861111111 0.01848046875 0.04266319444444445
0 0.803314453125 0.6768111979166667 0.02459765625 0.01681684027777778
0 0.407425048828125 0.7559288194444445 0.01016259765625 0.015329861111111112
1 0.4998046875 0.5274305555555556 0.999609375 0.9437500000000001
0 0.240234375 0.3111111111111111 0.015625 0.021527777777777778
0 0.22529296875 0.7274305555555556 0.021875 0.027777777777777776
0 0.27705078125 0.6491319444444444 0.012109375 0.029166666666666667
0 0.43486328125 0.5229166666666667 0.023046875 0.028472222222222218
0 0.0642578125 0.30086805555555557 0.01328125 0.030555555555555558
0 0.0580078125 0.4046875 0.0203125 0.04375
0 0.037109375 0.4677083333333333 0.009765625 0.015277777777777779
0 0.0759765625 0.49409722222222224 0.007421875 0.0125
0 0.2599609375 0.9479166666666666 0.016015625 0.010416666666666666
0 0.41875 0.9480902777777778 0.015234375 0.03333333333333333
0 0.5619140625 0.9288194444444444 0.028125 0.034722222222222224
0 0.61640625 0.6210069444444444 0.0140625 0.018055555555555557
0 0.55576171875 0.7 0.012890625 0.025
0 0.630078125 0.7791666666666667 0.0140625 0.027083333333333334
0 0.7478515625 0.7177083333333333 0.009375 0.025694444444444447
0 0.9294921875 0.8420138888888888 0.00546875 0.027777777777777776
0 0.6138671875 0.4947916666666667 0.02265625 0.034722222222222224
0 0.8982421875 0.22395833333333334 0.019140625 0.041666666666666664
0 0.79765625 0.2954861111111111 0.025 0.014583333333333334
0 0.40009765625 0.25243055555555555 0.01015625 0.015277777777777779
1 0.5 0.46507421875 1.0 0.9301484375
0 0.7449990234375 0.74330078125 0.016365234375 0.023059895833333333
0 0.787795166015625 0.3332287326388889 0.02090283203125 0.03104079861111111
0 0.7316669921875 0.4003784722222222 0.012162109375 0.0281875
0 0.56663720703125 0.48980251736111113 0.0229228515625 0.029952256944444446
0 0.9188671875 0.7920737847222222 0.013515625 0.030328125
0 0.931871337890625 0.6908506944444445 0.02292236328125 0.0396875
0 0.957280517578125 0.6326545138888888 0.01026416015625 0.015309027777777777
0 0.92081494140625 0.5974761284722222 0.0076455078125 0.01266059027777778
0 0.7688330078125 0.10813281250000001 0.016181640625 0.007932291666666667
0 0.611563720703125 0.07343272569444444 0.01707275390625 0.030546006944444443
0 0.468023193359375 0.06110112847222222 0.02881982421875 0.031924479166666665
0 0.393233154296875 0.35529296875 0.01400537109375 0.019613715277777777
0 0.458652587890625 0.28980381944444444 0.01398486328125 0.02405208333333333
0 0.39013671875 0.19465277777777779 0.013671875 0.026458333333333334
0 0.26921728515625 0.23067578125 0.0101142578125 0.02558767361111111
0 0.09715625 0.06738715277777778 0.0058359375 0.02713541666666667
0 0.38713671875 0.48128211805555554 0.023296875 0.03200868055555556
0 0.085909423828125 0.6877039930555555 0.01752197265625 0.04381076388888889
0 0.190689208984375 0.6383328993055556 0.02395654296875 0.019721354166666667
0 0.58221240234375 0.7672152777777778 0.0101279296875 0.015333333333333334
1 0.5 0.4654787326388889 1.0 0.9309574652777778
0 0.24626708984375 0.7125013020833334 0.0159716796875 0.02222482638888889
0 0.219244873046875 0.2984691840277778 0.02149755859375 0.029230034722222225
0 0.2731669921875 0.37203862847222224 0.012154296875 0.028799479166666666
0 0.434369384765625 0.4824618055555556 0.02303564453125 0.029159722222222222
0 0.07066796875 0.7392152777777778 0.01340625 0.03051388888888889
0 0.061516357421875 0.6363697916666666 0.02147021484375 0.04183680555555555
0 0.038690185546875 0.5751731770833334 0.00999755859375 0.014929687500000002
0 0.076490478515625 0.5453585069444444 0.00747314453125 0.012592013888888889
0 0.24731591796875 0.07498654513888889 0.0161162109375 0.009348090277777778
0 0.40548681640625 0.06036935763888889 0.0160517578125 0.03219704861111111
0 0.548905517578125 0.06627126736111111 0.02847509765625 0.03358420138888889
0 0.61250048828125 0.36875390625000004 0.0140634765625 0.018757812500000002
0 0.549660888671875 0.29530555555555554 0.01338427734375 0.02463888888888889
0 0.621706298828125 0.20874479166666665 0.01392041015625 0.026864583333333334
0 0.740694580078125 0.2602434895833333 0.00970947265625 0.025695312499999998
0 0.919090576171875 0.11792751736111111 0.00517333984375 0.02752170138888889
0 0.613537109375 0.49424088541666666 0.02297265625 0.033620659722222224
0 0.905724609375 0.7383454861111111 0.01848046875 0.04266319444444445
0 0.803314453125 0.6768111979166667 0.02459765625 0.01681684027777778
0 0.407425048828125 0.7559288194444445 0.01016259765625 0.015329861111111112
1 0.4998046875 0.5274305555555556 0.999609375 0.9437500000000001
0 0.240234375 0.3111111111111111 0.015625 0.021527777777777778
0 0.22529296875 0.7274305555555556 0.021875 0.027777777777777776
0 0.27705078125 0.6491319444444444 0.012109375 0.029166666666666667
0 0.43486328125 0.5229166666666667 0.023046875 0.028472222222222218
0 0.0642578125 0.30086805555555557 0.01328125 0.030555555555555558
0 0.0580078125 0.4046875 0.0203125 0.04375
0 0.037109375 0.4677083333333333 0.009765625 0.015277777777777779
0 0.0759765625 0.49409722222222224 0.007421875 0.0125
0 0.2599609375 0.9479166666666666 0.016015625 0.010416666666666666
0 0.41875 0.9480902777777778 0.015234375 0.03333333333333333
0 0.5619140625 0.9288194444444444 0.028125 0.034722222222222224
0 0.61640625 0.6210069444444444 0.0140625 0.018055555555555557
0 0.55576171875 0.7 0.012890625 0.025
0 0.630078125 0.7791666666666667 0.0140625 0.027083333333333334
0 0.7478515625 0.7177083333333333 0.009375 0.025694444444444447
0 0.9294921875 0.8420138888888888 0.00546875 0.027777777777777776
0 0.6138671875 0.4947916666666667 0.02265625 0.034722222222222224
0 0.8982421875 0.22395833333333334 0.019140625 0.041666666666666664
0 0.79765625 0.2954861111111111 0.025 0.014583333333333334
0 0.40009765625 0.25243055555555555 0.01015625 0.015277777777777779
1 0.5 0.46507421875 1.0 0.9301484375
0 0.7449990234375 0.74330078125 0.016365234375 0.023059895833333333
0 0.787795166015625 0.3332287326388889 0.02090283203125 0.03104079861111111
0 0.7316669921875 0.4003784722222222 0.012162109375 0.0281875
0 0.56663720703125 0.48980251736111113 0.0229228515625 0.029952256944444446
0 0.9188671875 0.7920737847222222 0.013515625 0.030328125
0 0.931871337890625 0.6908506944444445 0.02292236328125 0.0396875
0 0.957280517578125 0.6326545138888888 0.01026416015625 0.015309027777777777
0 0.92081494140625 0.5974761284722222 0.0076455078125 0.01266059027777778
0 0.7688330078125 0.10813281250000001 0.016181640625 0.007932291666666667
0 0.611563720703125 0.07343272569444444 0.01707275390625 0.030546006944444443
0 0.468023193359375 0.06110112847222222 0.02881982421875 0.031924479166666665
0 0.393233154296875 0.35529296875 0.01400537109375 0.019613715277777777
0 0.458652587890625 0.28980381944444444 0.01398486328125 0.02405208333333333
0 0.39013671875 0.19465277777777779 0.013671875 0.026458333333333334
0 0.26921728515625 0.23067578125 0.0101142578125 0.02558767361111111
0 0.09715625 0.06738715277777778 0.0058359375 0.02713541666666667
0 0.38713671875 0.48128211805555554 0.023296875 0.03200868055555556
0 0.085909423828125 0.6877039930555555 0.01752197265625 0.04381076388888889
0 0.190689208984375 0.6383328993055556 0.02395654296875 0.019721354166666667
0 0.58221240234375 0.7672152777777778 0.0101279296875 0.015333333333333334
1 0.5 0.4654787326388889 1.0 0.9309574652777778
0 0.24626708984375 0.7125013020833334 0.0159716796875 0.02222482638888889
0 0.219244873046875 0.2984691840277778 0.02149755859375 0.029230034722222225
0 0.2731669921875 0.37203862847222224 0.012154296875 0.028799479166666666
0 0.434369384765625 0.4824618055555556 0.02303564453125 0.029159722222222222
0 0.07066796875 0.7392152777777778 0.01340625 0.03051388888888889
0 0.061516357421875 0.6363697916666666 0.02147021484375 0.04183680555555555
0 0.038690185546875 0.5751731770833334 0.00999755859375 0.014929687500000002
0 0.076490478515625 0.5453585069444444 0.00747314453125 0.012592013888888889
0 0.24731591796875 0.07498654513888889 0.0161162109375 0.009348090277777778
0 0.40548681640625 0.06036935763888889 0.0160517578125 0.03219704861111111
0 0.548905517578125 0.06627126736111111 0.02847509765625 0.03358420138888889
0 0.61250048828125 0.36875390625000004 0.0140634765625 0.018757812500000002
0 0.549660888671875 0.29530555555555554 0.01338427734375 0.02463888888888889
0 0.621706298828125 0.20874479166666665 0.01392041015625 0.026864583333333334
0 0.740694580078125 0.2602434895833333 0.00970947265625 0.025695312499999998
0 0.919090576171875 0.11792751736111111 0.00517333984375 0.02752170138888889
0 0.613537109375 0.49424088541666666 0.02297265625 0.033620659722222224
0 0.905724609375 0.7383454861111111 0.01848046875 0.04266319444444445
0 0.803314453125 0.6768111979166667 0.02459765625 0.01681684027777778
0 0.407425048828125 0.7559288194444445 0.01016259765625 0.015329861111111112
1 0.4998046875 0.5274305555555556 0.999609375 0.9437500000000001
0 0.240234375 0.3111111111111111 0.015625 0.021527777777777778
0 0.22529296875 0.7274305555555556 0.021875 0.027777777777777776
0 0.27705078125 0.6491319444444444 0.012109375 0.029166666666666667
0 0.43486328125 0.5229166666666667 0.023046875 0.028472222222222218
0 0.0642578125 0.30086805555555557 0.01328125 0.030555555555555558
0 0.0580078125 0.4046875 0.0203125 0.04375
0 0.037109375 0.4677083333333333 0.009765625 0.015277777777777779
0 0.0759765625 0.49409722222222224 0.007421875 0.0125
0 0.2599609375 0.9479166666666666 0.016015625 0.010416666666666666
0 0.41875 0.9480902777777778 0.015234375 0.03333333333333333
0 0.5619140625 0.9288194444444444 0.028125 0.034722222222222224
0 0.61640625 0.6210069444444444 0.0140625 0.018055555555555557
0 0.55576171875 0.7 0.012890625 0.025
0 0.630078125 0.7791666666666667 0.0140625 0.027083333333333334
0 0.7478515625 0.7177083333333333 0.009375 0.025694444444444447
0 0.9294921875 0.8420138888888888 0.00546875 0.027777777777777776
0 0.6138671875 0.4947916666666667 0.02265625 0.034722222222222224
0 0.8982421875 0.22395833333333334 0.019140625 0.041666666666666664
0 0.79765625 0.2954861111111111 0.025 0.014583333333333334
0 0.40009765625 0.25243055555555555 0.01015625 0.015277777777777779
