1 0.49973958333333335 0.5375 0.9994791666666667 0.9231481481481482
0 0.59453125 0.5648148148148148 0.025520833333333333 0.05
0 0.19348958333333333 0.9495370370370371 0.015104166666666667 0.03425925925925926
0 0.3424479166666667 0.6731481481481482 0.025520833333333333 0.014814814814814815
0 0.31796875 0.5912037037037037 0.013020833333333334 0.030555555555555555
0 0.4080729166666667 0.6509259259259259 0.0078125 0.011111111111111112
0 0.19635416666666666 0.37824074074074077 0.007291666666666667 0.028703703703703703
0 0.09817708333333333 0.7828703703703703 0.05364583333333333 0.06759259259259259
0 0.30963541666666666 0.9787037037037037 0.0067708333333333336 0.025925925925925925
1 0.5 0.47353472222222226 1.0 0.9470694444444445
0 0.5984411458333334 0.45244074074074075 0.023965625 0.05117777777777777
0 0.21984062499999998 0.006235185185185185 0.012597916666666665 0.01247037037037037
0 0.35391796875000003 0.2973689814814815 0.025544270833333334 0.016960185185185186
0 0.32480911458333334 0.37606342592592595 0.014201562499999999 0.029904629629629628
0 0.4176716145833333 0.3327157407407408 0.008259895833333333 0.011727777777777778
0 0.19142526041666666 0.5650541666666667 0.007850520833333334 0.02825648148148148
0 0.117103125 0.14191944444444443 0.055039583333333336 0.06717222222222223
1 0.5 0.5380518518518519 1.0 0.9242518518518519
0 0.40610572916666665 0.5674675925925926 0.025753124999999998 0.049749999999999996
0 0.8106078125 0.9403722222222222 0.014965625000000001 0.03444814814814815
0 0.6591263020833333 0.6687597222222222 0.025544270833333334 0.015297222222222222
0 0.6829674479166666 0.5857509259259259 0.012809895833333333 0.03076111111111111
0 0.593484375 0.6480907407407407 0.007802083333333334 0.010996296296296296
0 0.8025809895833333 0.3690037037037037 0.0072453125 0.028748148148148148
0 0.9043276041666667 0.7700152777777778 0.053446875 0.06780833333333333
0 0.6951151041666667 0.9731462962962963 0.006896875 0.02592222222222222
1 0.49973958333333335 0.5375 0.9994791666666667 0.9231481481481482
0 0.59453125 0.5648148148148148 0.025520833333333333 0.05
0 0.19348958333333333 0.9495370370370371 0.015104166666666667 0.03425925925925926
0 0.3424479166666667 0.6731481481481482 0.025520833333333333 0.014814814814814815
0 0.31796875 0.5912037037037037 0.013020833333333334 0.030555555555555555
0 0.4080729166666667 0.6509259259259259 0.0078125 0.011111111111111112
0 0.19635416666666666 0.37824074074074077 0.007291666666666667 0.028703703703703703
0 0.09817708333333333 0.7828703703703703 0.05364583333333333 0.06759259259259259
0 0.30963541666666666 0.9787037037037037 0.0067708333333333336 0.025925925925925925
1 0.5 0.47353472222222226 1.0 0.9470694444444445
0 0.5984411458333334 0.45244074074074075 0.023965625 0.05117777777777777
0 0.21984062499999998 0.006235185185185185 0.012597916666666665 0.01247037037037037
0 0.35391796875000003 0.2973689814814815 0.025544270833333334 0.016960185185185186
0 0.32480911458333334 0.37606342592592595 0.014201562499999999 0.029904629629629628
0 0.4176716145833333 0.3327157407407408 0.008259895833333333 0.011727777777777778
0 0.19142526041666666 0.5650541666666667 0.007850520833333334 0.02825648148148148
0 0.117103125 0.14191944444444443 0.055039583333333336 0.06717222222222223
1 0.5 0.5380518518518519 1.0 0.9242518518518519
0 0.40610572916666665 0.5674675925925926 0.025753124999999998 0.049749999999999996
0 0.8106078125 0.9403722222222222 0.014965625000000001 0.03444814814814815
0 0.6591263020833333 0.6687597222222222 0.025544270833333334 0.015297222222222222
0 0.6829674479166666 0.5857509259259259 0.012809895833333333 0.03076111111111111
0 0.593484375 0.6480907407407407 0.007802083333333334 0.010996296296296296
0 0.8025809895833333 0.3690037037037037 0.0072453125 0.028748148148148148
0 0.9043276041666667 0.7700152777777778 0.053446875 0.06780833333333333
0 0.6951151041666667 0.9731462962962963 0.006896875 0.02592222222222222
