1 0.5205729166666667 0.5981481481481481 0.9588541666666667 0.8037037037037037
0 0.4278645833333333 0.825462962962963 0.03177083333333333 0.026851851851851852
0 0.60234375 0.5546296296296296 0.018229166666666668 0.02962962962962963
0 0.5630208333333333 0.687962962962963 0.008333333333333333 0.012962962962962963
0 0.5950520833333334 0.6587962962962963 0.009895833333333333 0.008333333333333333
0 0.9161458333333333 0.41805555555555557 0.015625 0.0824074074074074
0 0.8252604166666667 0.3972222222222222 0.0067708333333333336 0.011111111111111112
0 0.89609375 0.5342592592592592 0.0046875 0.018518518518518517
0 0.97265625 0.6703703703703704 0.0109375 0.014814814814814815
0 0.9802083333333333 0.9189814814814815 0.004166666666666667 0.025
0 0.5731770833333333 0.7685185185185185 0.0109375 0.025925925925925925
1 0.5233171875 0.5834879629629629 0.952884375 0.8336425925925925
0 0.4506627604166667 0.838325925925926 0.03153385416666667 0.02665185185185185
0 0.6048481770833334 0.5314041666666667 0.0180296875 0.03132685185185185
0 0.5757755208333334 0.6735745370370371 0.008842708333333334 0.011963888888888888
0 0.6051330729166666 0.6376384259259259 0.010266145833333332 0.008610185185185184
0 0.9073625 0.3290518518518518 0.019933333333333334 0.08032592592592593
0 0.8154346354166666 0.32722870370370366 0.0069109375 0.010012962962962963
0 0.8953286458333333 0.44807916666666664 0.004198958333333333 0.018380555555555556
0 0.981234375 0.5661601851851852 0.011427083333333334 0.013801851851851852
0 0.5910854166666667 0.7504907407407407 0.012379166666666667 0.025055555555555553
1 0.5234901041666666 0.4093949074074074 0.9532302083333334 0.8187898148148148
0 0.44395 0.16522685185185185 0.03165 0.02675
0 0.6043697916666667 0.46174074074074073 0.018114583333333333 0.03088888888888889
0 0.5720635416666667 0.322800462962963 0.008710416666666667 0.012267592592592594
0 0.6024838541666667 0.3561236111111111 0.010176041666666667 0.008543518518518518
0 0.9107783854166667 0.6460777777777778 0.018431770833333336 0.08104444444444445
0 0.819065625 0.6533194444444445 0.00688125 0.010342592592592592
0 0.8963690104166666 0.5277425925925926 0.004196354166666667 0.018448148148148148
0 0.9796104166666667 0.40427870370370367 0.011304166666666667 0.014112962962962964
0 0.99866640625 0.1568125 0.002541145833333333 0.02473611111111111
0 0.5862010416666668 0.24415324074074074 0.011985416666666667 0.02534351851851852
1 0.5205729166666667 0.5981481481481481 0.9588541666666667 0.8037037037037037
0 0.4278645833333333 0.825462962962963 0.03177083333333333 0.026851851851851852
0 0.60234375 0.5546296296296296 0.018229166666666668 0.02962962962962963
0 0.5630208333333333 0.687962962962963 0.008333333333333333 0.012962962962962963
0 0.5950520833333334 0.6587962962962963 0.009895833333333333 0.008333333333333333
0 0.9161458333333333 0.41805555555555557 0.015625 0.0824074074074074
0 0.8252604166666667 0.3972222222222222 0.0067708333333333336 0.011111111111111112
0 0.89609375 0.5342592592592592 0.0046875 0.018518518518518517
0 0.97265625 0.6703703703703704 0.0109375 0.014814814814814815
0 0.9802083333333333 0.9189814814814815 0.004166666666666667 0.025
0 0.5731770833333333 0.7685185185185185 0.0109375 0.025925925925925925
1 0.5233171875 0.5834879629629629 0.952884375 0.8336425925925925
0 0.4506627604166667 0.838325925925926 0.03153385416666667 0.02665185185185185
0 0.6048481770833334 0.5314041666666667 0.0180296875 0.03132685185185185
0 0.5757755208333334 0.6735745370370371 0.008842708333333334 0.011963888888888888
0 0.6051330729166666 0.6376384259259259 0.010266145833333332 0.008610185185185184
0 0.9073625 0.3290518518518518 0.019933333333333334 0.08032592592592593
0 0.8154346354166666 0.32722870370370366 0.0069109375 0.010012962962962963
0 0.8953286458333333 0.44807916666666664 0.004198958333333333 0.018380555555555556
0 0.981234375 0.5661601851851852 0.011427083333333334 0.013801851851851852
0 0.5910854166666667 0.7504907407407407 0.012379166666666667 0.025055555555555553
1 0.5234901041666666 0.4093949074074074 0.9532302083333334 0.8187898148148148
0 0.44395 0.16522685185185185 0.03165 0.02675
0 0.6043697916666667 0.46174074074074073 0.018114583333333333 0.03088888888888889
0 0.5720635416666667 0.322800462962963 0.008710416666666667 0.012267592592592594
0 0.6024838541666667 0.3561236111111111 0.010176041666666667 0.008543518518518518
0 0.9107783854166667 0.6460777777777778 0.018431770833333336 0.08104444444444445
0 0.819065625 0.6533194444444445 0.00688125 0.010342592592592592
0 0.8963690104166666 0.5277425925925926 0.004196354166666667 0.018448148148148148
0 0.9796104166666667 0.40427870370370367 0.011304166666666667 0.014112962962962964
0 0.99866640625 0.1568125 0.002541145833333333 0.02473611111111111
0 0.5862010416666668 0.24415324074074074 0.011985416666666667 0.02534351851851852
1 0.5205729166666667 0.5981481481481481 0.9588541666666667 0.8037037037037037
0 0.4278645833333333 0.825462962962963 0.03177083333333333 0.026851851851851852
0 0.60234375 0.5546296296296296 0.018229166666666668 0.02962962962962963
0 0.5630208333333333 0.687962962962963 0.008333333333333333 0.012962962962962963
0 0.5950520833333334 0.6587962962962963 0.009895833333333333 0.008333333333333333
0 0.9161458333333333 0.41805555555555557 0.015625 0.0824074074074074
0 0.8252604166666667 0.3972222222222222 0.0067708333333333336 0.011111111111111112
0 0.89609375 0.5342592592592592 0.0046875 0.018518518518518517
0 0.97265625 0.6703703703703704 0.0109375 0.014814814814814815
0 0.9802083333333333 0.9189814814814815 0.004166666666666667 0.025
0 0.5731770833333333 0.7685185185185185 0.0109375 0.025925925925925925
1 0.5233171875 0.5834879629629629 0.952884375 0.8336425925925925
0 0.4506627604166667 0.838325925925926 0.03153385416666667 0.02665185185185185
0 0.6048481770833334 0.5314041666666667 0.0180296875 0.03132685185185185
0 0.5757755208333334 0.6735745370370371 0.008842708333333334 0.011963888888888888
0 0.6051330729166666 0.6376384259259259 0.010266145833333332 0.008610185185185184
0 0.9073625 0.3290518518518518 0.019933333333333334 0.08032592592592593
0 0.8154346354166666 0.32722870370370366 0.0069109375 0.010012962962962963
0 0.8953286458333333 0.44807916666666664 0.004198958333333333 0.018380555555555556
0 0.981234375 0.5661601851851852 0.011427083333333334 0.013801851851851852
0 0.5910854166666667 0.7504907407407407 0.012379166666666667 0.025055555555555553
1 0.5234901041666666 0.4093949074074074 0.9532302083333334 0.8187898148148148
0 0.44395 0.16522685185185185 0.03165 0.02675
0 0.6043697916666667 0.46174074074074073 0.018114583333333333 0.03088888888888889
0 0.5720635416666667 0.322800462962963 0.008710416666666667 0.012267592592592594
0 0.6024838541666667 0.3561236111111111 0.010176041666666667 0.008543518518518518
0 0.9107783854166667 0.6460777777777778 0.018431770833333336 0.08104444444444445
0 0.819065625 0.6533194444444445 0.00688125 0.010342592592592592
0 0.8963690104166666 0.5277425925925926 0.004196354166666667 0.018448148148148148
0 0.9796104166666667 0.40427870370370367 0.011304166666666667 0.014112962962962964
0 0.99866640625 0.1568125 0.002541145833333333 0.02473611111111111
0 0.5862010416666668 0.24415324074074074 0.011985416666666667 0.02534351851851852
