1 0.5 0.45005694444444444 1.0 0.9001138888888889
0 0.43127838541666663 0.5834944444444444 0.020890104166666666 0.03365555555555556
0 0.5529276041666668 0.24336574074074072 0.026688541666666666 0.049694444444444444
0 0.5527984375 0.14923148148148146 0.005596875 0.011425925925925926
0 0.8247895833333333 0.3407282407407407 0.013120833333333333 0.05182685185185185
0 0.7961408854166667 0.4179925925925926 0.01624010416666667 0.03598518518518518
0 0.7855843749999999 0.4666328703703704 0.007627083333333334 0.0388212962962963
0 0.8402578125000001 0.15760509259259262 0.020098958333333337 0.02076574074074074
0 0.8364945312500001 0.21322916666666666 0.021947395833333334 0.03016203703703704
0 0.2854927083333333 0.11777129629629629 0.009527083333333334 0.03369074074074074
0 0.11793411458333333 0.06327824074074075 0.012951562500000001 0.013593518518518517
0 0.14001458333333333 0.09051574074074074 0.019612499999999998 0.04214259259259259
0 0.28883749999999997 0.5612407407407407 0.01205 0.016925925925925928
0 0.22155156250000002 0.2690722222222222 0.010811458333333333 0.025181481481481482
0 0.25644817708333334 0.2463787037037037 0.0087296875 0.020535185185185188
0 0.5235864583333333 0.7117162037037037 0.00550625 0.010469444444444444
0 0.10324322916666667 0.13458333333333333 0.009611458333333333 0.030277777777777782
0 0.19150364583333335 0.4055712962962963 0.0069656250000000005 0.04632777777777778
1 0.49973958333333335 0.5504629629629629 0.9994791666666667 0.8972222222222223
0 0.4354166666666667 0.4060185185185185 0.020833333333333332 0.032407407407407406
0 0.5403645833333334 0.763425925925926 0.0265625 0.049074074074074076
0 0.53515625 0.8578703703703704 0.005729166666666666 0.012037037037037037
0 0.8158854166666667 0.7092592592592593 0.015104166666666667 0.05
0 0.790625 0.6273148148148148 0.016666666666666666 0.03425925925925926
0 0.7830729166666667 0.5777777777777777 0.0078125 0.03888888888888889
0 0.8221354166666667 0.8935185185185185 0.0203125 0.022222222222222223
0 0.8216145833333334 0.8388888888888889 0.022395833333333334 0.02962962962962963
0 0.26796875 0.8481481481481481 0.009895833333333333 0.03333333333333333
0 0.09791666666666667 0.8763888888888889 0.0125 0.013888888888888888
0 0.12161458333333333 0.8513888888888889 0.018229166666666668 0.04351851851851852
0 0.29270833333333335 0.4064814814814815 0.011458333333333333 0.016666666666666666
0 0.21119791666666668 0.687037037037037 0.009895833333333333 0.025925925925925925
0 0.24505208333333334 0.7148148148148148 0.008854166666666666 0.020370370370370372
0 0.2838541666666667 0.9921296296296296 0.008333333333333333 0.013888888888888888
0 0.5338541666666666 0.29305555555555557 0.005208333333333333 0.010185185185185186
0 0.08671875 0.8023148148148148 0.009895833333333333 0.030555555555555555
0 0.18828125 0.5467592592592593 0.008854166666666666 0.04537037037037037
1 0.5 0.4481777777777778 1.0 0.8963555555555556
0 0.5672140625 0.5878898148148148 0.020886458333333333 0.033187037037037036
0 0.4518729166666667 0.2404865740740741 0.0266625 0.04949166666666667
0 0.45438229166666666 0.14565555555555554 0.005639583333333333 0.011681481481481482
0 0.17821328125 0.3209416666666667 0.013718229166666667 0.051142592592592594
0 0.20612942708333334 0.4000708333333333 0.016425520833333332 0.03532685185185185
0 0.21520833333333333 0.44907175925925924 0.007500000000000001 0.03888425925925926
0 0.16687239583333333 0.13660972222222223 0.020203125 0.021367592592592594
0 0.1688859375 0.1918402777777778 0.022146875 0.029976851851851852
0 0.7213885416666667 0.13067824074074075 0.00944375 0.0335787037037037
0 0.8902455729166667 0.08741759259259259 0.012782812499999999 0.013724074074074073
0 0.8678716145833333 0.11395879629629631 0.0190765625 0.04273240740740741
0 0.7095580729166666 0.5741597222222222 0.011824479166666667 0.01683796296296296
0 0.7828315104166667 0.285899537037037 0.0104546875 0.025502777777777777
0 0.74814375 0.2620958333333333 0.0087875 0.02048796296296296
0 0.4724877604166667 0.709812037037037 0.0053921875 0.010364814814814816
0 0.9038177083333333 0.15965277777777778 0.00971875 0.030416666666666668
0 0.8100578125 0.4239194444444444 0.007615625 0.045987037037037035
1 0.5 0.45005694444444444 1.0 0.9001138888888889
0 0.43127838541666663 0.5834944444444444 0.020890104166666666 0.03365555555555556
0 0.5529276041666668 0.24336574074074072 0.026688541666666666 0.049694444444444444
0 0.5527984375 0.14923148148148146 0.005596875 0.011425925925925926
0 0.8247895833333333 0.3407282407407407 0.013120833333333333 0.05182685185185185
0 0.7961408854166667 0.4179925925925926 0.01624010416666667 0.03598518518518518
0 0.7855843749999999 0.4666328703703704 0.007627083333333334 0.0388212962962963
0 0.8402578125000001 0.15760509259259262 0.020098958333333337 0.02076574074074074
0 0.8364945312500001 0.21322916666666666 0.021947395833333334 0.03016203703703704
0 0.2854927083333333 0.11777129629629629 0.009527083333333334 0.03369074074074074
0 0.11793411458333333 0.06327824074074075 0.012951562500000001 0.013593518518518517
0 0.14001458333333333 0.09051574074074074 0.019612499999999998 0.04214259259259259
0 0.28883749999999997 0.5612407407407407 0.01205 0.016925925925925928
0 0.22155156250000002 0.2690722222222222 0.010811458333333333 0.025181481481481482
0 0.25644817708333334 0.2463787037037037 0.0087296875 0.020535185185185188
0 0.5235864583333333 0.7117162037037037 0.00550625 0.010469444444444444
0 0.10324322916666667 0.13458333333333333 0.009611458333333333 0.030277777777777782
0 0.19150364583333335 0.4055712962962963 0.0069656250000000005 0.04632777777777778
1 0.49973958333333335 0.5504629629629629 0.9994791666666667 0.8972222222222223
0 0.4354166666666667 0.4060185185185185 0.020833333333333332 0.032407407407407406
0 0.5403645833333334 0.763425925925926 0.0265625 0.049074074074074076
0 0.53515625 0.8578703703703704 0.005729166666666666 0.012037037037037037
0 0.8158854166666667 0.7092592592592593 0.015104166666666667 0.05
0 0.790625 0.6273148148148148 0.016666666666666666 0.03425925925925926
0 0.7830729166666667 0.5777777777777777 0.0078125 0.03888888888888889
0 0.8221354166666667 0.8935185185185185 0.0203125 0.022222222222222223
0 0.8216145833333334 0.8388888888888889 0.022395833333333334 0.02962962962962963
0 0.26796875 0.8481481481481481 0.009895833333333333 0.03333333333333333
0 0.09791666666666667 0.8763888888888889 0.0125 0.013888888888888888
0 0.12161458333333333 0.8513888888888889 0.018229166666666668 0.04351851851851852
0 0.29270833333333335 0.4064814814814815 0.011458333333333333 0.016666666666666666
0 0.21119791666666668 0.687037037037037 0.009895833333333333 0.025925925925925925
0 0.24505208333333334 0.7148148148148148 0.008854166666666666 0.020370370370370372
0 0.2838541666666667 0.9921296296296296 0.008333333333333333 0.013888888888888888
0 0.5338541666666666 0.29305555555555557 0.005208333333333333 0.010185185185185186
0 0.08671875 0.8023148148148148 0.009895833333333333 0.030555555555555555
0 0.18828125 0.5467592592592593 0.008854166666666666 0.04537037037037037
1 0.5 0.4481777777777778 1.0 0.8963555555555556
0 0.5672140625 0.5878898148148148 0.020886458333333333 0.033187037037037036
0 0.4518729166666667 0.2404865740740741 0.0266625 0.04949166666666667
0 0.45438229166666666 0.14565555555555554 0.005639583333333333 0.011681481481481482
0 0.17821328125 0.3209416666666667 0.013718229166666667 0.051142592592592594
0 0.20612942708333334 0.4000708333333333 0.016425520833333332 0.03532685185185185
0 0.21520833333333333 0.44907175925925924 0.007500000000000001 0.03888425925925926
0 0.16687239583333333 0.13660972222222223 0.020203125 0.021367592592592594
0 0.1688859375 0.1918402777777778 0.022146875 0.029976851851851852
0 0.7213885416666667 0.13067824074074075 0.00944375 0.0335787037037037
0 0.8902455729166667 0.08741759259259259 0.012782812499999999 0.013724074074074073
0 0.8678716145833333 0.11395879629629631 0.0190765625 0.04273240740740741
0 0.7095580729166666 0.5741597222222222 0.011824479166666667 0.01683796296296296
0 0.7828315104166667 0.285899537037037 0.0104546875 0.025502777777777777
0 0.74814375 0.2620958333333333 0.0087875 0.02048796296296296
0 0.4724877604166667 0.709812037037037 0.0053921875 0.010364814814814816
0 0.9038177083333333 0.15965277777777778 0.00971875 0.030416666666666668
0 0.8100578125 0.4239194444444444 0.007615625 0.045987037037037035
1 0.5 0.45005694444444444 1.0 0.9001138888888889
0 0.43127838541666663 0.5834944444444444 0.020890104166666666 0.03365555555555556
0 0.5529276041666668 0.24336574074074072 0.026688541666666666 0.049694444444444444
0 0.5527984375 0.14923148148148146 0.005596875 0.011425925925925926
0 0.8247895833333333 0.3407282407407407 0.013120833333333333 0.05182685185185185
0 0.7961408854166667 0.4179925925925926 0.01624010416666667 0.03598518518518518
0 0.7855843749999999 0.4666328703703704 0.007627083333333334 0.0388212962962963
0 0.8402578125000001 0.15760509259259262 0.020098958333333337 0.02076574074074074
0 0.8364945312500001 0.21322916666666666 0.021947395833333334 0.03016203703703704
0 0.2854927083333333 0.11777129629629629 0.009527083333333334 0.03369074074074074
0 0.11793411458333333 0.06327824074074075 0.012951562500000001 0.013593518518518517
0 0.14001458333333333 0.09051574074074074 0.019612499999999998 0.04214259259259259
0 0.28883749999999997 0.5612407407407407 0.01205 0.016925925925925928
0 0.22155156250000002 0.2690722222222222 0.010811458333333333 0.025181481481481482
0 0.25644817708333334 0.2463787037037037 0.0087296875 0.020535185185185188
0 0.5235864583333333 0.7117162037037037 0.00550625 0.010469444444444444
0 0.10324322916666667 0.13458333333333333 0.009611458333333333 0.030277777777777782
0 0.19150364583333335 0.4055712962962963 0.0069656250000000005 0.04632777777777778
1 0.49973958333333335 0.5504629629629629 0.9994791666666667 0.8972222222222223
0 0.4354166666666667 0.4060185185185185 0.020833333333333332 0.032407407407407406
0 0.5403645833333334 0.763425925925926 0.0265625 0.049074074074074076
0 0.53515625 0.8578703703703704 0.005729166666666666 0.012037037037037037
0 0.8158854166666667 0.7092592592592593 0.015104166666666667 0.05
0 0.790625 0.6273148148148148 0.016666666666666666 0.03425925925925926
0 0.7830729166666667 0.5777777777777777 0.0078125 0.03888888888888889
0 0.8221354166666667 0.8935185185185185 0.0203125 0.022222222222222223
0 0.8216145833333334 0.8388888888888889 0.022395833333333334 0.02962962962962963
0 0.26796875 0.8481481481481481 0.009895833333333333 0.03333333333333333
0 0.09791666666666667 0.8763888888888889 0.0125 0.013888888888888888
0 0.12161458333333333 0.8513888888888889 0.018229166666666668 0.04351851851851852
0 0.29270833333333335 0.4064814814814815 0.011458333333333333 0.016666666666666666
0 0.21119791666666668 0.687037037037037 0.009895833333333333 0.025925925925925925
0 0.24505208333333334 0.7148148148148148 0.008854166666666666 0.020370370370370372
0 0.2838541666666667 0.9921296296296296 0.008333333333333333 0.013888888888888888
0 0.5338541666666666 0.29305555555555557 0.005208333333333333 0.010185185185185186
0 0.08671875 0.8023148148148148 0.009895833333333333 0.030555555555555555
0 0.18828125 0.5467592592592593 0.008854166666666666 0.04537037037037037
1 0.5 0.4481777777777778 1.0 0.8963555555555556
0 0.5672140625 0.5878898148148148 0.020886458333333333 0.033187037037037036
0 0.4518729166666667 0.2404865740740741 0.0266625 0.04949166666666667
0 0.45438229166666666 0.14565555555555554 0.005639583333333333 0.011681481481481482
0 0.17821328125 0.3209416666666667 0.013718229166666667 0.051142592592592594
0 0.20612942708333334 0.4000708333333333 0.016425520833333332 0.03532685185185185
0 0.21520833333333333 0.44907175925925924 0.007500000000000001 0.03888425925925926
0 0.16687239583333333 0.13660972222222223 0.020203125 0.021367592592592594
0 0.1688859375 0.1918402777777778 0.022146875 0.029976851851851852
0 0.7213885416666667 0.13067824074074075 0.00944375 0.0335787037037037
0 0.8902455729166667 0.08741759259259259 0.012782812499999999 0.013724074074074073
0 0.8678716145833333 0.11395879629629631 0.0190765625 0.04273240740740741
0 0.7095580729166666 0.5741597222222222 0.011824479166666667 0.01683796296296296
0 0.7828315104166667 0.285899537037037 0.0104546875 0.025502777777777777
0 0.74814375 0.2620958333333333 0.0087875 0.02048796296296296
0 0.4724877604166667 0.709812037037037 0.0053921875 0.010364814814814816
0 0.9038177083333333 0.15965277777777778 0.00971875 0.030416666666666668
0 0.8100578125 0.4239194444444444 0.007615625 0.045987037037037035
