1 0.4957393229166666 0.5355800925925926 0.9914786458333332 0.9285675925925926
0 0.29993984375 0.18999444444444447 0.04779635416666667 0.09480370370370371
0 0.02225 0.26795555555555556 0.012208333333333333 0.03961481481481481
0 0.14254635416666667 0.3366263888888889 0.017384375 0.02695648148148148
0 0.3487252604166667 0.35664953703703706 0.021408854166666665 0.04107685185185185
0 0.36945390625 0.20288333333333333 0.03161614583333334 0.055766666666666666
0 0.046828645833333335 0.5876768518518519 0.006157291666666666 0.025353703703703705
0 0.4179265625 0.6557259259259259 0.020228125 0.03737777777777778
0 0.40894166666666665 0.8144699074074074 0.011633333333333332 0.04005092592592593
0 0.31754505208333333 0.7438194444444445 0.01738177083333333 0.020972222222222222
0 0.4696442708333333 0.9251773148148148 0.014288541666666666 0.024428703703703702
0 0.4405630208333333 0.9047055555555555 0.012376041666666667 0.02792962962962963
0 0.08354739583333333 0.8825425925925926 0.0077197916666666665 0.015085185185185186
0 0.057424739583333335 0.8417800925925926 0.006516145833333333 0.011337962962962963
0 0.05852161458333334 0.8811759259259259 0.005584895833333334 0.017907407407407407
0 0.07170572916666668 0.7575666666666667 0.007994791666666666 0.015133333333333334
0 0.17945963541666668 0.7507453703703704 0.012044270833333334 0.012601851851851852
0 0.17665520833333334 0.725286574074074 0.024143750000000002 0.009832407407407408
0 0.22273203125000002 0.6956800925925927 0.009005729166666667 0.008026851851851853
0 0.05296927083333333 0.34297083333333334 0.008021875 0.01742314814814815
0 0.08856458333333334 0.44065925925925925 0.006295833333333333 0.0128
0 0.49891276041666666 0.2664541666666667 0.0082421875 0.023649074074074076
0 0.49447161458333333 0.19941805555555556 0.005609895833333334 0.032169444444444445
0 0.3416591145833333 0.2566175925925926 0.009359895833333333 0.01693888888888889
0 0.5185950520833333 0.45819629629629627 0.006981770833333333 0.020096296296296296
0 0.642671875 0.45024768518518515 0.01346875 0.028273148148148148
0 0.6615872395833333 0.4558833333333333 0.0127578125 0.01732222222222222
0 0.46157604166666666 0.7778851851851851 0.0075270833333333335 0.020585185185185186
0 0.45648489583333335 0.7514421296296296 0.017136458333333333 0.028810185185185185
0 0.4731940104166667 0.7366041666666667 0.015138020833333333 0.02691203703703704
0 0.67492421875 0.7236981481481481 0.009223437499999999 0.017766666666666667
0 0.6866562500000001 0.8072212962962962 0.009770833333333334 0.023701851851851852
0 0.6570783854166666 0.8638518518518519 0.011031770833333334 0.018444444444444447
0 0.6403046875 0.860636111111111 0.0076927083333333335 0.017568518518518518
0 0.6755169270833333 0.919725925925926 0.004158854166666667 0.01722962962962963
0 0.6509369791666667 0.9216425925925926 0.010207291666666667 0.02847037037037037
0 0.656875 0.9791787037037036 0.007500000000000001 0.017616666666666666
0 0.7437859375 0.7190444444444444 0.007363541666666667 0.014014814814814813
0 0.7676468750000001 0.9379462962962962 0.008210416666666666 0.02404074074074074
0 0.7228122395833334 0.5021791666666667 0.011249479166666666 0.021025000000000002
0 0.7492330729166666 0.42321157407407406 0.020341145833333334 0.04642314814814815
0 0.7598794270833333 0.24266018518518517 0.004133854166666667 0.007542592592592593
0 0.72806328125 0.12837546296296296 0.010293229166666668 0.016010185185185186
0 0.5892013020833333 0.5782111111111111 0.0179859375 0.04345925925925926
0 0.5667864583333333 0.6706337962962963 0.0044062500000000004 0.00793425925925926
0 0.4696239583333333 0.8500708333333333 0.02258125 0.04088240740740741
0 0.35681145833333333 0.5185694444444444 0.01883125 0.03158333333333333
0 0.6724552083333334 0.29754444444444444 0.03136875 0.0636074074074074
1 0.5035458333333334 0.5221694444444445 0.9925083333333333 0.95545
0 0.7178515625 0.22839351851851852 0.048203125 0.09567592592592593
0 0.9889846354166667 0.35791574074074073 0.012344270833333334 0.039905555555555555
0 0.8652419270833334 0.40417592592592594 0.017983854166666667 0.02501851851851852
0 0.6585364583333334 0.3849601851851852 0.02228125 0.04214259259259259
0 0.6471700520833333 0.2282273148148148 0.0307984375 0.05460277777777778
0 0.9455807291666667 0.6708162037037037 0.006786458333333333 0.024965740740740743
0 0.5726713541666667 0.6701481481481482 0.019301041666666668 0.03844444444444445
0 0.5726859375 0.8303319444444445 0.013080208333333334 0.04029351851851852
0 0.66680625 0.776275462962963 0.016945833333333334 0.021069444444444443
0 0.5055 0.9294194444444445 0.014125 0.023653703703703705
0 0.5349398437499999 0.9137763888888889 0.0136296875 0.025700925925925926
0 0.8914416666666667 0.9583717592592593 0.007883333333333332 0.014891666666666666
0 0.9201700520833334 0.9220935185185185 0.007006770833333333 0.010853703703703704
0 0.91699140625 0.9613925925925927 0.0058578125 0.01722962962962963
0 0.9110953125000001 0.8361495370370371 0.008648958333333335 0.014891666666666666
0 0.8038570312500001 0.8089819444444445 0.011880729166666666 0.012408333333333334
0 0.8082078125 0.7842708333333334 0.023707291666666668 0.012986111111111111
0 0.76423515625 0.7454138888888889 0.008678645833333333 0.007494444444444444
0 0.9537901041666667 0.42644953703703703 0.008621875 0.01771388888888889
0 0.9126046875 0.5167305555555555 0.006459375 0.013090740740740741
0 0.5146166666666666 0.26813657407407404 0.009441666666666666 0.023310185185185187
0 0.5237502604166667 0.20238935185185186 0.0047921875000000004 0.032556481481481485
0 0.6720338541666667 0.2879 0.008651041666666666 0.018392592592592592
0 0.4836145833333333 0.45583564814814814 0.007854166666666667 0.019078703703703705
0 0.36095546875 0.42378842592592597 0.013577604166666667 0.02720648148148148
0 0.34161536458333336 0.4265013888888889 0.0134390625 0.01596574074074074
0 0.5217473958333333 0.7831981481481481 0.007036458333333333 0.0201
0 0.52786640625 0.7577782407407407 0.01719114583333333 0.028519444444444444
0 0.5122020833333333 0.7402111111111112 0.015029166666666668 0.02671851851851852
0 0.313234375 0.6901657407407408 0.008760416666666666 0.01922037037037037
0 0.2966640625 0.771449537037037 0.008953125000000001 0.024380555555555555
0 0.3225942708333333 0.8333449074074074 0.010813541666666667 0.018541666666666665
0 0.33937213541666666 0.8319324074074074 0.0079109375 0.017568518518518518
0 0.3003533854166667 0.8848796296296296 0.0038317708333333333 0.017907407407407407
0 0.32509192708333334 0.8916203703703705 0.0085171875 0.029537037037037035
0 0.3155109375 0.9476490740740741 0.007063541666666667 0.01752037037037037
0 0.24474583333333333 0.6726027777777778 0.0072 0.013724074074074073
0 0.20801302083333334 0.8853384259259259 0.0076927083333333335 0.024380555555555555
0 0.2782143229166667 0.4598287037037037 0.0105953125 0.02150925925925926
0 0.25705651041666666 0.3779430555555555 0.021404687500000002 0.044775
0 0.25626067708333333 0.1952925925925926 0.0041880208333333335 0.007251851851851851
0 0.29535989583333333 0.08826990740740741 0.010511458333333333 0.015428703703703703
0 0.4076486979166667 0.5615444444444444 0.018422395833333334 0.04345925925925926
0 0.4235028645833333 0.6571324074074074 0.004297395833333333 0.00870925925925926
0 0.5095127604166667 0.8535754629629629 0.02110885416666667 0.04233611111111111
0 0.64092734375 0.54435 0.018313020833333336 0.031292592592592594
0 0.3405236979166667 0.2662569444444444 0.030005729166666665 0.06399537037037037
1 0.5044270833333333 0.5152180555555556 0.9911458333333333 0.9026583333333333
0 0.709375 0.20879629629629629 0.04791666666666667 0.09537037037037037
0 0.9841145833333333 0.3125 0.011979166666666667 0.03981481481481482
0 0.8619791666666666 0.37037037037037035 0.017708333333333333 0.025925925925925925
0 0.6552083333333333 0.37083333333333335 0.021875 0.041666666666666664
0 0.6390625 0.2152777777777778 0.03125 0.05462962962962963
0 0.95 0.6291666666666667 0.00625 0.025
0 0.5776041666666667 0.663425925925926 0.019791666666666666 0.03796296296296296
0 0.58203125 0.8226851851851852 0.011979166666666667 0.03981481481481482
0 0.6747395833333333 0.7601851851851852 0.0171875 0.020370370370370372
0 0.51796875 0.9277777777777778 0.0140625 0.024074074074074074
0 0.5471354166666667 0.9097222222222222 0.013020833333333334 0.026851851851851852
0 0.9044270833333333 0.9212962962962963 0.0078125 0.014814814814814815
0 0.93203125 0.8824074074074074 0.0067708333333333336 0.011111111111111112
0 0.9299479166666667 0.9217592592592593 0.005729166666666666 0.017592592592592594
0 0.9203125 0.7972222222222223 0.008333333333333333 0.014814814814814815
0 0.8127604166666667 0.7800925925925926 0.011979166666666667 0.012037037037037037
0 0.8161458333333333 0.7555555555555555 0.023958333333333335 0.011111111111111112
0 0.77109375 0.7212962962962963 0.008854166666666666 0.007407407407407408
0 0.9510416666666667 0.38472222222222224 0.008333333333333333 0.017592592592592594
0 0.9125 0.4787037037037037 0.00625 0.012962962962962963
0 0.5080729166666667 0.2671296296296296 0.008854166666666666 0.023148148148148147
0 0.5145833333333333 0.20046296296296295 0.005208333333333333 0.032407407407407406
0 0.6653645833333334 0.27175925925925926 0.008854166666666666 0.017592592592592594
0 0.4822916666666667 0.45694444444444443 0.007291666666666667 0.019444444444444445
0 0.35885416666666664 0.43703703703703706 0.013541666666666667 0.027777777777777776
0 0.33984375 0.44074074074074077 0.013020833333333334 0.016666666666666666
0 0.5302083333333333 0.7805555555555556 0.007291666666666667 0.020370370370370372
0 0.5356770833333333 0.7550925925925925 0.0171875 0.028703703703703703
0 0.51953125 0.7384259259259259 0.015104166666666667 0.026851851851851852
0 0.3190104166666667 0.7074074074074074 0.008854166666666666 0.018518518518518517
0 0.3046875 0.7898148148148149 0.009375 0.024074074074074074
0 0.33255208333333336 0.8490740740740741 0.0109375 0.018518518518518517
0 0.34921875 0.8467592592592592 0.0078125 0.017592592592592594
0 0.31223958333333335 0.9032407407407408 0.0036458333333333334 0.017592592592592594
0 0.33697916666666666 0.9069444444444444 0.009375 0.028703703703703703
0 0.32916666666666666 0.9643518518518519 0.007291666666666667 0.017592592592592594
0 0.25 0.6958333333333333 0.007291666666666667 0.013888888888888888
0 0.22005208333333334 0.9120370370370371 0.0078125 0.024074074074074074
0 0.27734375 0.4810185185185185 0.0109375 0.021296296296296296
0 0.25364583333333335 0.40046296296296297 0.020833333333333332 0.04537037037037037
0 0.24791666666666667 0.21851851851851853 0.004166666666666667 0.007407407407407408
0 0.2833333333333333 0.10787037037037037 0.010416666666666666 0.01574074074074074
0 0.40911458333333334 0.5699074074074074 0.018229166666666668 0.04351851851851852
0 0.428125 0.6643518518518519 0.004166666666666667 0.008333333333333333
0 0.5197916666666667 0.8523148148148149 0.021875 0.041666666666666664
0 0.6424479166666667 0.5314814814814814 0.018229166666666668 0.03148148148148148
0 0.33359375 0.28194444444444444 0.030729166666666665 0.06388888888888888
1 0.4957393229166666 0.5355800925925926 0.9914786458333332 0.9285675925925926
0 0.29993984375 0.18999444444444447 0.04779635416666667 0.09480370370370371
0 0.02225 0.26795555555555556 0.012208333333333333 0.03961481481481481
0 0.14254635416666667 0.3366263888888889 0.017384375 0.02695648148148148
0 0.3487252604166667 0.35664953703703706 0.021408854166666665 0.04107685185185185
0 0.36945390625 0.20288333333333333 0.03161614583333334 0.055766666666666666
0 0.046828645833333335 0.5876768518518519 0.006157291666666666 0.025353703703703705
0 0.4179265625 0.6557259259259259 0.020228125 0.03737777777777778
0 0.40894166666666665 0.8144699074074074 0.011633333333333332 0.04005092592592593
0 0.31754505208333333 0.7438194444444445 0.01738177083333333 0.020972222222222222
0 0.4696442708333333 0.9251773148148148 0.014288541666666666 0.024428703703703702
0 0.4405630208333333 0.9047055555555555 0.012376041666666667 0.02792962962962963
0 0.08354739583333333 0.8825425925925926 0.0077197916666666665 0.015085185185185186
0 0.057424739583333335 0.8417800925925926 0.006516145833333333 0.011337962962962963
0 0.05852161458333334 0.8811759259259259 0.005584895833333334 0.017907407407407407
0 0.07170572916666668 0.7575666666666667 0.007994791666666666 0.015133333333333334
0 0.17945963541666668 0.7507453703703704 0.012044270833333334 0.012601851851851852
0 0.17665520833333334 0.725286574074074 0.024143750000000002 0.009832407407407408
0 0.22273203125000002 0.6956800925925927 0.009005729166666667 0.008026851851851853
0 0.05296927083333333 0.34297083333333334 0.008021875 0.01742314814814815
0 0.08856458333333334 0.44065925925925925 0.006295833333333333 0.0128
0 0.49891276041666666 0.2664541666666667 0.0082421875 0.023649074074074076
0 0.49447161458333333 0.19941805555555556 0.005609895833333334 0.032169444444444445
0 0.3416591145833333 0.2566175925925926 0.009359895833333333 0.01693888888888889
0 0.5185950520833333 0.45819629629629627 0.006981770833333333 0.020096296296296296
0 0.642671875 0.45024768518518515 0.01346875 0.028273148148148148
0 0.6615872395833333 0.4558833333333333 0.0127578125 0.01732222222222222
0 0.46157604166666666 0.7778851851851851 0.0075270833333333335 0.020585185185185186
0 0.45648489583333335 0.7514421296296296 0.017136458333333333 0.028810185185185185
0 0.4731940104166667 0.7366041666666667 0.015138020833333333 0.02691203703703704
0 0.67492421875 0.7236981481481481 0.009223437499999999 0.017766666666666667
0 0.6866562500000001 0.8072212962962962 0.009770833333333334 0.023701851851851852
0 0.6570783854166666 0.8638518518518519 0.011031770833333334 0.018444444444444447
0 0.6403046875 0.860636111111111 0.0076927083333333335 0.017568518518518518
0 0.6755169270833333 0.919725925925926 0.004158854166666667 0.01722962962962963
0 0.6509369791666667 0.9216425925925926 0.010207291666666667 0.02847037037037037
0 0.656875 0.9791787037037036 0.007500000000000001 0.017616666666666666
0 0.7437859375 0.7190444444444444 0.007363541666666667 0.014014814814814813
0 0.7676468750000001 0.9379462962962962 0.008210416666666666 0.02404074074074074
0 0.7228122395833334 0.5021791666666667 0.011249479166666666 0.021025000000000002
0 0.7492330729166666 0.42321157407407406 0.020341145833333334 0.04642314814814815
0 0.7598794270833333 0.24266018518518517 0.004133854166666667 0.007542592592592593
0 0.72806328125 0.12837546296296296 0.010293229166666668 0.016010185185185186
0 0.5892013020833333 0.5782111111111111 0.0179859375 0.04345925925925926
0 0.5667864583333333 0.6706337962962963 0.0044062500000000004 0.00793425925925926
0 0.4696239583333333 0.8500708333333333 0.02258125 0.04088240740740741
0 0.35681145833333333 0.5185694444444444 0.01883125 0.03158333333333333
0 0.6724552083333334 0.29754444444444444 0.03136875 0.0636074074074074
1 0.5035458333333334 0.5221694444444445 0.9925083333333333 0.95545
0 0.7178515625 0.22839351851851852 0.048203125 0.09567592592592593
0 0.9889846354166667 0.35791574074074073 0.012344270833333334 0.039905555555555555
0 0.8652419270833334 0.40417592592592594 0.017983854166666667 0.02501851851851852
0 0.6585364583333334 0.3849601851851852 0.02228125 0.04214259259259259
0 0.6471700520833333 0.2282273148148148 0.0307984375 0.05460277777777778
0 0.9455807291666667 0.6708162037037037 0.006786458333333333 0.024965740740740743
0 0.5726713541666667 0.6701481481481482 0.019301041666666668 0.03844444444444445
0 0.5726859375 0.8303319444444445 0.013080208333333334 0.04029351851851852
0 0.66680625 0.776275462962963 0.016945833333333334 0.021069444444444443
0 0.5055 0.9294194444444445 0.014125 0.023653703703703705
0 0.5349398437499999 0.9137763888888889 0.0136296875 0.025700925925925926
0 0.8914416666666667 0.9583717592592593 0.007883333333333332 0.014891666666666666
0 0.9201700520833334 0.9220935185185185 0.007006770833333333 0.010853703703703704
0 0.91699140625 0.9613925925925927 0.0058578125 0.01722962962962963
0 0.9110953125000001 0.8361495370370371 0.008648958333333335 0.014891666666666666
0 0.8038570312500001 0.8089819444444445 0.011880729166666666 0.012408333333333334
0 0.8082078125 0.7842708333333334 0.023707291666666668 0.012986111111111111
0 0.76423515625 0.7454138888888889 0.008678645833333333 0.007494444444444444
0 0.9537901041666667 0.42644953703703703 0.008621875 0.01771388888888889
0 0.9126046875 0.5167305555555555 0.006459375 0.013090740740740741
0 0.5146166666666666 0.26813657407407404 0.009441666666666666 0.023310185185185187
0 0.5237502604166667 0.20238935185185186 0.0047921875000000004 0.032556481481481485
0 0.6720338541666667 0.2879 0.008651041666666666 0.018392592592592592
0 0.4836145833333333 0.45583564814814814 0.007854166666666667 0.019078703703703705
0 0.36095546875 0.42378842592592597 0.013577604166666667 0.02720648148148148
0 0.34161536458333336 0.4265013888888889 0.0134390625 0.01596574074074074
0 0.5217473958333333 0.7831981481481481 0.007036458333333333 0.0201
0 0.52786640625 0.7577782407407407 0.01719114583333333 0.028519444444444444
0 0.5122020833333333 0.7402111111111112 0.015029166666666668 0.02671851851851852
0 0.313234375 0.6901657407407408 0.008760416666666666 0.01922037037037037
0 0.2966640625 0.771449537037037 0.008953125000000001 0.024380555555555555
0 0.3225942708333333 0.8333449074074074 0.010813541666666667 0.018541666666666665
0 0.33937213541666666 0.8319324074074074 0.0079109375 0.017568518518518518
0 0.3003533854166667 0.8848796296296296 0.0038317708333333333 0.017907407407407407
0 0.32509192708333334 0.8916203703703705 0.0085171875 0.029537037037037035
0 0.3155109375 0.9476490740740741 0.007063541666666667 0.01752037037037037
0 0.24474583333333333 0.6726027777777778 0.0072 0.013724074074074073
0 0.20801302083333334 0.8853384259259259 0.0076927083333333335 0.024380555555555555
0 0.2782143229166667 0.4598287037037037 0.0105953125 0.02150925925925926
0 0.25705651041666666 0.3779430555555555 0.021404687500000002 0.044775
0 0.25626067708333333 0.1952925925925926 0.0041880208333333335 0.007251851851851851
0 0.29535989583333333 0.08826990740740741 0.010511458333333333 0.015428703703703703
0 0.4076486979166667 0.5615444444444444 0.018422395833333334 0.04345925925925926
0 0.4235028645833333 0.6571324074074074 0.004297395833333333 0.00870925925925926
0 0.5095127604166667 0.8535754629629629 0.02110885416666667 0.04233611111111111
0 0.64092734375 0.54435 0.018313020833333336 0.031292592592592594
0 0.3405236979166667 0.2662569444444444 0.030005729166666665 0.06399537037037037
1 0.5044270833333333 0.5152180555555556 0.9911458333333333 0.9026583333333333
0 0.709375 0.20879629629629629 0.04791666666666667 0.09537037037037037
0 0.9841145833333333 0.3125 0.011979166666666667 0.03981481481481482
0 0.8619791666666666 0.37037037037037035 0.017708333333333333 0.025925925925925925
0 0.6552083333333333 0.37083333333333335 0.021875 0.041666666666666664
0 0.6390625 0.2152777777777778 0.03125 0.05462962962962963
0 0.95 0.6291666666666667 0.00625 0.025
0 0.5776041666666667 0.663425925925926 0.019791666666666666 0.03796296296296296
0 0.58203125 0.8226851851851852 0.011979166666666667 0.03981481481481482
0 0.6747395833333333 0.7601851851851852 0.0171875 0.020370370370370372
0 0.51796875 0.9277777777777778 0.0140625 0.024074074074074074
0 0.5471354166666667 0.9097222222222222 0.013020833333333334 0.026851851851851852
0 0.9044270833333333 0.9212962962962963 0.0078125 0.014814814814814815
0 0.93203125 0.8824074074074074 0.0067708333333333336 0.011111111111111112
0 0.9299479166666667 0.9217592592592593 0.005729166666666666 0.017592592592592594
0 0.9203125 0.7972222222222223 0.008333333333333333 0.014814814814814815
0 0.8127604166666667 0.7800925925925926 0.011979166666666667 0.012037037037037037
0 0.8161458333333333 0.7555555555555555 0.023958333333333335 0.011111111111111112
0 0.77109375 0.7212962962962963 0.008854166666666666 0.007407407407407408
0 0.9510416666666667 0.38472222222222224 0.008333333333333333 0.017592592592592594
0 0.9125 0.4787037037037037 0.00625 0.012962962962962963
0 0.5080729166666667 0.2671296296296296 0.008854166666666666 0.023148148148148147
0 0.5145833333333333 0.20046296296296295 0.005208333333333333 0.032407407407407406
0 0.6653645833333334 0.27175925925925926 0.008854166666666666 0.017592592592592594
0 0.4822916666666667 0.45694444444444443 0.007291666666666667 0.019444444444444445
0 0.35885416666666664 0.43703703703703706 0.013541666666666667 0.027777777777777776
0 0.33984375 0.44074074074074077 0.013020833333333334 0.016666666666666666
0 0.5302083333333333 0.7805555555555556 0.007291666666666667 0.020370370370370372
0 0.5356770833333333 0.7550925925925925 0.0171875 0.028703703703703703
0 0.51953125 0.7384259259259259 0.015104166666666667 0.026851851851851852
0 0.3190104166666667 0.7074074074074074 0.008854166666666666 0.018518518518518517
0 0.3046875 0.7898148148148149 0.009375 0.024074074074074074
0 0.33255208333333336 0.8490740740740741 0.0109375 0.018518518518518517
0 0.34921875 0.8467592592592592 0.0078125 0.017592592592592594
0 0.31223958333333335 0.9032407407407408 0.0036458333333333334 0.017592592592592594
0 0.33697916666666666 0.9069444444444444 0.009375 0.028703703703703703
0 0.32916666666666666 0.9643518518518519 0.007291666666666667 0.017592592592592594
0 0.25 0.6958333333333333 0.007291666666666667 0.013888888888888888
0 0.22005208333333334 0.9120370370370371 0.0078125 0.024074074074074074
0 0.27734375 0.4810185185185185 0.0109375 0.021296296296296296
0 0.25364583333333335 0.40046296296296297 0.020833333333333332 0.04537037037037037
0 0.24791666666666667 0.21851851851851853 0.004166666666666667 0.007407407407407408
0 0.2833333333333333 0.10787037037037037 0.010416666666666666 0.01574074074074074
0 0.40911458333333334 0.5699074074074074 0.018229166666666668 0.04351851851851852
0 0.428125 0.6643518518518519 0.004166666666666667 0.008333333333333333
0 0.5197916666666667 0.8523148148148149 0.021875 0.041666666666666664
0 0.6424479166666667 0.5314814814814814 0.018229166666666668 0.03148148148148148
0 0.33359375 0.28194444444444444 0.030729166666666665 0.06388888888888888
