1 0.49973958333333335 0.5365740740740741 0.9994791666666667 0.925
0 0.2984375 0.16064814814814815 0.01875 0.041666666666666664
0 0.3260416666666667 0.2569444444444444 0.016666666666666666 0.026851851851851852
0 0.24583333333333332 0.1884259259259259 0.019791666666666666 0.017592592592592594
0 0.13723958333333333 0.5935185185185186 0.021354166666666667 0.03333333333333333
0 0.14765625 0.55 0.009895833333333333 0.06481481481481481
0 0.21588541666666666 0.32222222222222224 0.0067708333333333336 0.03333333333333333
0 0.05546875 0.34814814814814815 0.013020833333333334 0.018518518518518517
0 0.10104166666666667 0.3527777777777778 0.009375 0.027777777777777776
0 0.10755208333333334 0.3263888888888889 0.0067708333333333336 0.013888888888888888
0 0.03307291666666667 0.24027777777777778 0.0078125 0.017592592592592594
0 0.05520833333333333 0.1986111111111111 0.005208333333333333 0.012037037037037037
0 0.031510416666666666 0.30972222222222223 0.009895833333333333 0.028703703703703703
0 0.0234375 0.6472222222222223 0.011458333333333333 0.046296296296296294
0 0.062239583333333334 0.6310185185185185 0.013020833333333334 0.030555555555555555
0 0.08203125 0.6828703703703703 0.0067708333333333336 0.03796296296296296
0 0.021875 0.763425925925926 0.00625 0.023148148148148147
0 0.02734375 0.5435185185185185 0.0067708333333333336 0.022222222222222223
0 0.475 0.28888888888888886 0.013541666666666667 0.027777777777777776
0 0.5200520833333333 0.21944444444444444 0.022395833333333334 0.040740740740740744
0 0.540625 0.38333333333333336 0.019791666666666666 0.05
0 0.5338541666666666 0.49722222222222223 0.009375 0.022222222222222223
0 0.6783854166666666 0.45092592592592595 0.019270833333333334 0.053703703703703705
0 0.5908854166666667 0.1736111111111111 0.009895833333333333 0.023148148148148147
0 0.6346354166666667 0.15416666666666667 0.0078125 0.012037037037037037
0 0.4981770833333333 0.7907407407407407 0.0067708333333333336 0.012962962962962963
0 0.53984375 0.774537037037037 0.015104166666666667 0.023148148148148147
0 0.4864583333333333 0.7125 0.00625 0.012037037037037037
0 0.5177083333333333 0.7083333333333334 0.011458333333333333 0.025925925925925925
0 0.6557291666666667 0.7217592592592592 0.009375 0.019444444444444445
0 0.6416666666666667 0.8634259259259259 0.025 0.03425925925925926
0 0.646875 0.8296296296296296 0.009375 0.016666666666666666
0 0.6588541666666666 0.9652777777777778 0.009375 0.021296296296296296
0 0.5223958333333333 0.44351851851851853 0.010416666666666666 0.024074074074074074
0 0.7127604166666667 0.9152777777777777 0.011979166666666667 0.026851851851851852
1 0.5 0.4638393518518519 1.0 0.9276787037037038
0 0.7240567708333334 0.7928439814814814 0.01998854166666667 0.04124351851851852
0 0.6893307291666667 0.7034791666666668 0.016161458333333333 0.027328703703703706
0 0.7735989583333333 0.7539337962962963 0.019072916666666665 0.020830555555555557
0 0.8531341145833333 0.3271226851851852 0.021893229166666663 0.033875
0 0.8467328125000001 0.3744199074074074 0.012215625 0.06365462962962963
0 0.7941942708333334 0.6146342592592592 0.008180208333333333 0.03297222222222222
0 0.9514393229166667 0.553200462962963 0.0132953125 0.01936388888888889
0 0.9063924479166666 0.5595175925925926 0.010701562500000001 0.026442592592592594
0 0.9014989583333333 0.587674074074074 0.007164583333333334 0.014237037037037036
0 0.98124609375 0.6562916666666666 0.008325520833333332 0.01813888888888889
0 0.962321875 0.7032523148148149 0.004852083333333334 0.012060185185185186
0 0.9783888020833333 0.5865236111111112 0.0088609375 0.028602777777777776
0 0.9626526041666666 0.2510023148148148 0.012805208333333333 0.04459722222222222
0 0.9255927083333333 0.27487453703703707 0.013685416666666667 0.031230555555555557
0 0.9018520833333333 0.22843796296296295 0.0068291666666666665 0.03835740740740741
0 0.95667109375 0.13469259259259259 0.0070921875 0.023088888888888888
0 0.96702890625 0.3539824074074074 0.006974479166666667 0.020927777777777778
0 0.5391893229166667 0.704300462962963 0.014836979166666665 0.027119444444444446
0 0.49855104166666664 0.7811935185185185 0.022102083333333335 0.04201666666666667
0 0.46741796875 0.6248930555555555 0.021294270833333333 0.04793425925925926
0 0.46632838541666666 0.5105768518518519 0.009740104166666668 0.021153703703703702
0 0.32548723958333337 0.5871523148148148 0.0186828125 0.05578611111111111
0 0.4319263020833333 0.8438953703703704 0.0096859375 0.022975925925925927
0 0.39022708333333334 0.8725675925925926 0.008579166666666667 0.011801851851851852
0 0.4816755208333333 0.21136805555555555 0.007101041666666667 0.011625
0 0.4414768229166667 0.23556203703703704 0.0152453125 0.022975925925925927
0 0.4991572916666666 0.28605462962962963 0.0066479166666666666 0.01285
0 0.46802786458333334 0.2975435185185185 0.011055729166666667 0.024716666666666665
0 0.33066249999999997 0.31323240740740743 0.009241666666666667 0.01905740740740741
0 0.3343453125 0.16975648148148148 0.024940625 0.035809259259259256
0 0.3318627604166667 0.20473657407407408 0.009558854166666667 0.01688055555555556
0 0.3104135416666667 0.07283148148148148 0.00936875 0.021588888888888887
0 0.48131953125 0.5610777777777778 0.0095140625 0.024007407407407408
0 0.2599986979166667 0.13377592592592594 0.012705729166666667 0.024959259259259257
1 0.5 0.5124157407407407 1.0 0.9748314814814815
0 0.6758895833333334 0.1198486111111111 0.017404166666666665 0.04154907407407407
0 0.6558575520833333 0.22132083333333333 0.016923437500000003 0.025975
0 0.7307057291666667 0.1353800925925926 0.02078645833333333 0.015204629629629629
0 0.8668791666666666 0.5135143518518519 0.021258333333333334 0.032584259259259264
0 0.85232109375 0.47324490740740743 0.0108921875 0.06500833333333333
0 0.7698736979166667 0.2619694444444445 0.008497395833333334 0.03319814814814815
0 0.93099140625 0.25366805555555555 0.014066145833333333 0.020299074074074074
0 0.8857252604166667 0.26712731481481483 0.007908854166666666 0.028699074074074075
0 0.8776442708333333 0.24277824074074073 0.0063302083333333335 0.01333425925925926
0 0.9462549479166668 0.14153287037037038 0.008134895833333333 0.018250925925925924
0 0.9209726562499999 0.10499120370370371 0.005486979166666667 0.01183425925925926
0 0.9521221354166667 0.20955879629629628 0.011535937500000001 0.02837685185185185
0 0.9826296874999999 0.5430972222222222 0.012134375 0.04730555555555556
0 0.9436671874999999 0.5350828703703704 0.012334375 0.029425
0 0.9282697916666667 0.590723611111111 0.0075812499999999994 0.03700277777777778
0 0.9927075520833333 0.6577277777777778 0.0062484375 0.022862962962962963
0 0.9720971354166666 0.4402962962962963 0.0077359375 0.023185185185185184
0 0.5101888020833333 0.2850018518518519 0.012044270833333334 0.029262962962962963
0 0.4616986979166667 0.22522685185185184 0.022355729166666668 0.04119444444444444
0 0.45170520833333333 0.3932527777777778 0.01799375 0.05132037037037037
0 0.4667268229166667 0.5049981481481481 0.0094953125 0.02295925925925926
0 0.32027942708333335 0.49013750000000006 0.019725520833333333 0.05249722222222222
0 0.3878822916666667 0.19574722222222224 0.010139583333333334 0.022975925925925927
0 0.34276796875 0.1855236111111111 0.008452604166666666 0.013639814814814815
0 0.5217479166666666 0.7885351851851853 0.0070375 0.014107407407407409
0 0.47924375 0.7801675925925926 0.014737499999999999 0.023298148148148148
0 0.5279067708333334 0.7083 0.005813541666666667 0.011044444444444445
0 0.49699088541666664 0.7105962962962963 0.011690104166666666 0.02674814814814815
0 0.3609213541666667 0.7535634259259258 0.010384375 0.020089814814814814
0 0.38473906249999995 0.8910990740740741 0.024686458333333335 0.03219814814814815
0 0.3771434895833333 0.8590277777777777 0.0094953125 0.016203703703703703
0 0.3741682291666667 0.9932259259259258 0.009794791666666667 0.01422962962962963
0 0.47381119791666665 0.44892777777777776 0.011164062499999999 0.023781481481481483
0 0.31763854166666666 0.9586166666666667 0.011318749999999999 0.028344444444444443
1 0.49973958333333335 0.5365740740740741 0.9994791666666667 0.925
0 0.2984375 0.16064814814814815 0.01875 0.041666666666666664
0 0.3260416666666667 0.2569444444444444 0.016666666666666666 0.026851851851851852
0 0.24583333333333332 0.1884259259259259 0.019791666666666666 0.017592592592592594
0 0.13723958333333333 0.5935185185185186 0.021354166666666667 0.03333333333333333
0 0.14765625 0.55 0.009895833333333333 0.06481481481481481
0 0.21588541666666666 0.32222222222222224 0.0067708333333333336 0.03333333333333333
0 0.05546875 0.34814814814814815 0.013020833333333334 0.018518518518518517
0 0.10104166666666667 0.3527777777777778 0.009375 0.027777777777777776
0 0.10755208333333334 0.3263888888888889 0.0067708333333333336 0.013888888888888888
0 0.03307291666666667 0.24027777777777778 0.0078125 0.017592592592592594
0 0.05520833333333333 0.1986111111111111 0.005208333333333333 0.012037037037037037
0 0.031510416666666666 0.30972222222222223 0.009895833333333333 0.028703703703703703
0 0.0234375 0.6472222222222223 0.011458333333333333 0.046296296296296294
0 0.062239583333333334 0.6310185185185185 0.013020833333333334 0.030555555555555555
0 0.08203125 0.6828703703703703 0.0067708333333333336 0.03796296296296296
0 0.021875 0.763425925925926 0.00625 0.023148148148148147
0 0.02734375 0.5435185185185185 0.0067708333333333336 0.022222222222222223
0 0.475 0.28888888888888886 0.013541666666666667 0.027777777777777776
0 0.5200520833333333 0.21944444444444444 0.022395833333333334 0.040740740740740744
0 0.540625 0.38333333333333336 0.019791666666666666 0.05
0 0.5338541666666666 0.49722222222222223 0.009375 0.022222222222222223
0 0.6783854166666666 0.45092592592592595 0.019270833333333334 0.053703703703703705
0 0.5908854166666667 0.1736111111111111 0.009895833333333333 0.023148148148148147
0 0.6346354166666667 0.15416666666666667 0.0078125 0.012037037037037037
0 0.4981770833333333 0.7907407407407407 0.0067708333333333336 0.012962962962962963
0 0.53984375 0.774537037037037 0.015104166666666667 0.023148148148148147
0 0.4864583333333333 0.7125 0.00625 0.012037037037037037
0 0.5177083333333333 0.7083333333333334 0.011458333333333333 0.025925925925925925
0 0.6557291666666667 0.7217592592592592 0.009375 0.019444444444444445
0 0.6416666666666667 0.8634259259259259 0.025 0.03425925925925926
0 0.646875 0.8296296296296296 0.009375 0.016666666666666666
0 0.6588541666666666 0.9652777777777778 0.009375 0.021296296296296296
0 0.5223958333333333 0.44351851851851853 0.010416666666666666 0.024074074074074074
0 0.7127604166666667 0.9152777777777777 0.011979166666666667 0.026851851851851852
1 0.5 0.4638393518518519 1.0 0.9276787037037038
0 0.7240567708333334 0.7928439814814814 0.01998854166666667 0.04124351851851852
0 0.6893307291666667 0.7034791666666668 0.016161458333333333 0.027328703703703706
0 0.7735989583333333 0.7539337962962963 0.019072916666666665 0.020830555555555557
0 0.8531341145833333 0.3271226851851852 0.021893229166666663 0.033875
0 0.8467328125000001 0.3744199074074074 0.012215625 0.06365462962962963
0 0.7941942708333334 0.6146342592592592 0.008180208333333333 0.03297222222222222
0 0.9514393229166667 0.553200462962963 0.0132953125 0.01936388888888889
0 0.9063924479166666 0.5595175925925926 0.010701562500000001 0.026442592592592594
0 0.9014989583333333 0.587674074074074 0.007164583333333334 0.014237037037037036
0 0.98124609375 0.6562916666666666 0.008325520833333332 0.01813888888888889
0 0.962321875 0.7032523148148149 0.004852083333333334 0.012060185185185186
0 0.9783888020833333 0.5865236111111112 0.0088609375 0.028602777777777776
0 0.9626526041666666 0.2510023148148148 0.012805208333333333 0.04459722222222222
0 0.9255927083333333 0.27487453703703707 0.013685416666666667 0.031230555555555557
0 0.9018520833333333 0.22843796296296295 0.0068291666666666665 0.03835740740740741
0 0.95667109375 0.13469259259259259 0.0070921875 0.023088888888888888
0 0.96702890625 0.3539824074074074 0.006974479166666667 0.020927777777777778
0 0.5391893229166667 0.704300462962963 0.014836979166666665 0.027119444444444446
0 0.49855104166666664 0.7811935185185185 0.022102083333333335 0.04201666666666667
0 0.46741796875 0.6248930555555555 0.021294270833333333 0.04793425925925926
0 0.46632838541666666 0.5105768518518519 0.009740104166666668 0.021153703703703702
0 0.32548723958333337 0.5871523148148148 0.0186828125 0.05578611111111111
0 0.4319263020833333 0.8438953703703704 0.0096859375 0.022975925925925927
0 0.39022708333333334 0.8725675925925926 0.008579166666666667 0.011801851851851852
0 0.4816755208333333 0.21136805555555555 0.007101041666666667 0.011625
0 0.4414768229166667 0.23556203703703704 0.0152453125 0.022975925925925927
0 0.4991572916666666 0.28605462962962963 0.0066479166666666666 0.01285
0 0.46802786458333334 0.2975435185185185 0.011055729166666667 0.024716666666666665
0 0.33066249999999997 0.31323240740740743 0.009241666666666667 0.01905740740740741
0 0.3343453125 0.16975648148148148 0.024940625 0.035809259259259256
0 0.3318627604166667 0.20473657407407408 0.009558854166666667 0.01688055555555556
0 0.3104135416666667 0.07283148148148148 0.00936875 0.021588888888888887
0 0.48131953125 0.5610777777777778 0.0095140625 0.024007407407407408
0 0.2599986979166667 0.13377592592592594 0.012705729166666667 0.024959259259259257
1 0.5 0.5124157407407407 1.0 0.9748314814814815
0 0.6758895833333334 0.1198486111111111 0.017404166666666665 0.04154907407407407
0 0.6558575520833333 0.22132083333333333 0.016923437500000003 0.025975
0 0.7307057291666667 0.1353800925925926 0.02078645833333333 0.015204629629629629
0 0.8668791666666666 0.5135143518518519 0.021258333333333334 0.032584259259259264
0 0.85232109375 0.47324490740740743 0.0108921875 0.06500833333333333
0 0.7698736979166667 0.2619694444444445 0.008497395833333334 0.03319814814814815
0 0.93099140625 0.25366805555555555 0.014066145833333333 0.020299074074074074
0 0.8857252604166667 0.26712731481481483 0.007908854166666666 0.028699074074074075
0 0.8776442708333333 0.24277824074074073 0.0063302083333333335 0.01333425925925926
0 0.9462549479166668 0.14153287037037038 0.008134895833333333 0.018250925925925924
0 0.9209726562499999 0.10499120370370371 0.005486979166666667 0.01183425925925926
0 0.9521221354166667 0.20955879629629628 0.011535937500000001 0.02837685185185185
0 0.9826296874999999 0.5430972222222222 0.012134375 0.04730555555555556
0 0.9436671874999999 0.5350828703703704 0.012334375 0.029425
0 0.9282697916666667 0.590723611111111 0.0075812499999999994 0.03700277777777778
0 0.9927075520833333 0.6577277777777778 0.0062484375 0.022862962962962963
0 0.9720971354166666 0.4402962962962963 0.0077359375 0.023185185185185184
0 0.5101888020833333 0.2850018518518519 0.012044270833333334 0.029262962962962963
0 0.4616986979166667 0.22522685185185184 0.022355729166666668 0.04119444444444444
0 0.45170520833333333 0.3932527777777778 0.01799375 0.05132037037037037
0 0.4667268229166667 0.5049981481481481 0.0094953125 0.02295925925925926
0 0.32027942708333335 0.49013750000000006 0.019725520833333333 0.05249722222222222
0 0.3878822916666667 0.19574722222222224 0.010139583333333334 0.022975925925925927
0 0.34276796875 0.1855236111111111 0.008452604166666666 0.013639814814814815
0 0.5217479166666666 0.7885351851851853 0.0070375 0.014107407407407409
0 0.47924375 0.7801675925925926 0.014737499999999999 0.023298148148148148
0 0.5279067708333334 0.7083 0.005813541666666667 0.011044444444444445
0 0.49699088541666664 0.7105962962962963 0.011690104166666666 0.02674814814814815
0 0.3609213541666667 0.7535634259259258 0.010384375 0.020089814814814814
0 0.38473906249999995 0.8910990740740741 0.024686458333333335 0.03219814814814815
0 0.3771434895833333 0.8590277777777777 0.0094953125 0.016203703703703703
0 0.3741682291666667 0.9932259259259258 0.009794791666666667 0.01422962962962963
0 0.47381119791666665 0.44892777777777776 0.011164062499999999 0.023781481481481483
0 0.31763854166666666 0.9586166666666667 0.011318749999999999 0.028344444444444443
1 0.49973958333333335 0.5365740740740741 0.9994791666666667 0.925
0 0.2984375 0.16064814814814815 0.01875 0.041666666666666664
0 0.3260416666666667 0.2569444444444444 0.016666666666666666 0.026851851851851852
0 0.24583333333333332 0.1884259259259259 0.019791666666666666 0.017592592592592594
0 0.13723958333333333 0.5935185185185186 0.021354166666666667 0.03333333333333333
0 0.14765625 0.55 0.009895833333333333 0.06481481481481481
0 0.21588541666666666 0.32222222222222224 0.0067708333333333336 0.03333333333333333
0 0.05546875 0.34814814814814815 0.013020833333333334 0.018518518518518517
0 0.10104166666666667 0.3527777777777778 0.009375 0.027777777777777776
0 0.10755208333333334 0.3263888888888889 0.0067708333333333336 0.013888888888888888
0 0.03307291666666667 0.24027777777777778 0.0078125 0.017592592592592594
0 0.05520833333333333 0.1986111111111111 0.005208333333333333 0.012037037037037037
0 0.031510416666666666 0.30972222222222223 0.009895833333333333 0.028703703703703703
0 0.0234375 0.6472222222222223 0.011458333333333333 0.046296296296296294
0 0.062239583333333334 0.6310185185185185 0.013020833333333334 0.030555555555555555
0 0.08203125 0.6828703703703703 0.0067708333333333336 0.03796296296296296
0 0.021875 0.763425925925926 0.00625 0.023148148148148147
0 0.02734375 0.5435185185185185 0.0067708333333333336 0.022222222222222223
0 0.475 0.28888888888888886 0.013541666666666667 0.027777777777777776
0 0.5200520833333333 0.21944444444444444 0.022395833333333334 0.040740740740740744
0 0.540625 0.38333333333333336 0.019791666666666666 0.05
0 0.5338541666666666 0.49722222222222223 0.009375 0.022222222222222223
0 0.6783854166666666 0.45092592592592595 0.019270833333333334 0.053703703703703705
0 0.5908854166666667 0.1736111111111111 0.009895833333333333 0.023148148148148147
0 0.6346354166666667 0.15416666666666667 0.0078125 0.012037037037037037
0 0.4981770833333333 0.7907407407407407 0.0067708333333333336 0.012962962962962963
0 0.53984375 0.774537037037037 0.015104166666666667 0.023148148148148147
0 0.4864583333333333 0.7125 0.00625 0.012037037037037037
0 0.5177083333333333 0.7083333333333334 0.011458333333333333 0.025925925925925925
0 0.6557291666666667 0.7217592592592592 0.009375 0.019444444444444445
0 0.6416666666666667 0.8634259259259259 0.025 0.03425925925925926
0 0.646875 0.8296296296296296 0.009375 0.016666666666666666
0 0.6588541666666666 0.9652777777777778 0.009375 0.021296296296296296
0 0.5223958333333333 0.44351851851851853 0.010416666666666666 0.024074074074074074
0 0.7127604166666667 0.9152777777777777 0.011979166666666667 0.026851851851851852
1 0.5 0.4638393518518519 1.0 0.9276787037037038
0 0.7240567708333334 0.7928439814814814 0.01998854166666667 0.04124351851851852
0 0.6893307291666667 0.7034791666666668 0.016161458333333333 0.027328703703703706
0 0.7735989583333333 0.7539337962962963 0.019072916666666665 0.020830555555555557
0 0.8531341145833333 0.3271226851851852 0.021893229166666663 0.033875
0 0.8467328125000001 0.3744199074074074 0.012215625 0.06365462962962963
0 0.7941942708333334 0.6146342592592592 0.008180208333333333 0.03297222222222222
0 0.9514393229166667 0.553200462962963 0.0132953125 0.01936388888888889
0 0.9063924479166666 0.5595175925925926 0.010701562500000001 0.026442592592592594
0 0.9014989583333333 0.587674074074074 0.007164583333333334 0.014237037037037036
0 0.98124609375 0.6562916666666666 0.008325520833333332 0.01813888888888889
0 0.962321875 0.7032523148148149 0.004852083333333334 0.012060185185185186
0 0.9783888020833333 0.5865236111111112 0.0088609375 0.028602777777777776
0 0.9626526041666666 0.2510023148148148 0.012805208333333333 0.04459722222222222
0 0.9255927083333333 0.27487453703703707 0.013685416666666667 0.031230555555555557
0 0.9018520833333333 0.22843796296296295 0.0068291666666666665 0.03835740740740741
0 0.95667109375 0.13469259259259259 0.0070921875 0.023088888888888888
0 0.96702890625 0.3539824074074074 0.006974479166666667 0.020927777777777778
0 0.5391893229166667 0.704300462962963 0.014836979166666665 0.027119444444444446
0 0.49855104166666664 0.7811935185185185 0.022102083333333335 0.04201666666666667
0 0.46741796875 0.6248930555555555 0.021294270833333333 0.04793425925925926
0 0.46632838541666666 0.5105768518518519 0.009740104166666668 0.021153703703703702
0 0.32548723958333337 0.5871523148148148 0.0186828125 0.05578611111111111
0 0.4319263020833333 0.8438953703703704 0.0096859375 0.022975925925925927
0 0.39022708333333334 0.8725675925925926 0.008579166666666667 0.011801851851851852
0 0.4816755208333333 0.21136805555555555 0.007101041666666667 0.011625
0 0.4414768229166667 0.23556203703703704 0.0152453125 0.022975925925925927
0 0.4991572916666666 0.28605462962962963 0.0066479166666666666 0.01285
0 0.46802786458333334 0.2975435185185185 0.011055729166666667 0.024716666666666665
0 0.33066249999999997 0.31323240740740743 0.009241666666666667 0.01905740740740741
0 0.3343453125 0.16975648148148148 0.024940625 0.035809259259259256
0 0.3318627604166667 0.20473657407407408 0.009558854166666667 0.01688055555555556
0 0.3104135416666667 0.07283148148148148 0.00936875 0.021588888888888887
0 0.48131953125 0.5610777777777778 0.0095140625 0.024007407407407408
0 0.2599986979166667 0.13377592592592594 0.012705729166666667 0.024959259259259257
1 0.5 0.5124157407407407 1.0 0.9748314814814815
0 0.6758895833333334 0.1198486111111111 0.017404166666666665 0.04154907407407407
0 0.6558575520833333 0.22132083333333333 0.016923437500000003 0.025975
0 0.7307057291666667 0.1353800925925926 0.02078645833333333 0.015204629629629629
0 0.8668791666666666 0.5135143518518519 0.021258333333333334 0.032584259259259264
0 0.85232109375 0.47324490740740743 0.0108921875 0.06500833333333333
0 0.7698736979166667 0.2619694444444445 0.008497395833333334 0.03319814814814815
0 0.93099140625 0.25366805555555555 0.014066145833333333 0.020299074074074074
0 0.8857252604166667 0.26712731481481483 0.007908854166666666 0.028699074074074075
0 0.8776442708333333 0.24277824074074073 0.0063302083333333335 0.01333425925925926
0 0.9462549479166668 0.14153287037037038 0.008134895833333333 0.018250925925925924
0 0.9209726562499999 0.10499120370370371 0.005486979166666667 0.01183425925925926
0 0.9521221354166667 0.20955879629629628 0.011535937500000001 0.02837685185185185
0 0.9826296874999999 0.5430972222222222 0.012134375 0.04730555555555556
0 0.9436671874999999 0.5350828703703704 0.012334375 0.029425
0 0.9282697916666667 0.590723611111111 0.0075812499999999994 0.03700277777777778
0 0.9927075520833333 0.6577277777777778 0.0062484375 0.022862962962962963
0 0.9720971354166666 0.4402962962962963 0.0077359375 0.023185185185185184
0 0.5101888020833333 0.2850018518518519 0.012044270833333334 0.029262962962962963
0 0.4616986979166667 0.22522685185185184 0.022355729166666668 0.04119444444444444
0 0.45170520833333333 0.3932527777777778 0.01799375 0.05132037037037037
0 0.4667268229166667 0.5049981481481481 0.0094953125 0.02295925925925926
0 0.32027942708333335 0.49013750000000006 0.019725520833333333 0.05249722222222222
0 0.3878822916666667 0.19574722222222224 0.010139583333333334 0.022975925925925927
0 0.34276796875 0.1855236111111111 0.008452604166666666 0.013639814814814815
0 0.5217479166666666 0.7885351851851853 0.0070375 0.014107407407407409
0 0.47924375 0.7801675925925926 0.014737499999999999 0.023298148148148148
0 0.5279067708333334 0.7083 0.005813541666666667 0.011044444444444445
0 0.49699088541666664 0.7105962962962963 0.011690104166666666 0.02674814814814815
0 0.3609213541666667 0.7535634259259258 0.010384375 0.020089814814814814
0 0.38473906249999995 0.8910990740740741 0.024686458333333335 0.03219814814814815
0 0.3771434895833333 0.8590277777777777 0.0094953125 0.016203703703703703
0 0.3741682291666667 0.9932259259259258 0.009794791666666667 0.01422962962962963
0 0.47381119791666665 0.44892777777777776 0.011164062499999999 0.023781481481481483
0 0.31763854166666666 0.9586166666666667 0.011318749999999999 0.028344444444444443
