1 0.5 0.5015351851851853 1.0 0.9975148148148149
0 0.7447817708333333 0.15155000000000002 0.02706354166666667 0.056803703703703703
0 0.13473880208333336 0.6258717592592593 0.016352604166666666 0.03878055555555556
0 0.7571799479166667 0.737162037037037 0.016443229166666667 0.022472222222222223
0 0.3416325520833333 0.29014398148148146 0.012431770833333333 0.017325
1 0.5 0.48915648148148144 1.0 0.9783129629629629
0 0.24841015624999999 0.8332546296296296 0.027028645833333333 0.057249999999999995
0 0.8675505208333333 0.39630046296296295 0.016351041666666667 0.03889722222222222
0 0.24731484374999999 0.24716342592592594 0.0165046875 0.02210462962962963
0 0.65373828125 0.7188958333333334 0.012684895833333333 0.017421296296296296
1 0.49973958333333335 0.5333333333333333 0.9994791666666667 0.9314814814814815
0 0.7752604166666667 0.23287037037037037 0.0265625 0.058333333333333334
0 0.12786458333333334 0.5120370370370371 0.016145833333333335 0.03888888888888889
0 0.7302083333333333 0.8134259259259259 0.016666666666666666 0.021296296296296296
0 0.3645833333333333 0.2449074074074074 0.013541666666666667 0.017592592592592594
1 0.5 0.5015351851851853 1.0 0.9975148148148149
0 0.7447817708333333 0.15155000000000002 0.02706354166666667 0.056803703703703703
0 0.13473880208333336 0.6258717592592593 0.016352604166666666 0.03878055555555556
0 0.7571799479166667 0.737162037037037 0.016443229166666667 0.022472222222222223
0 0.3416325520833333 0.29014398148148146 0.012431770833333333 0.017325
1 0.5 0.48915648148148144 1.0 0.9783129629629629
0 0.24841015624999999 0.8332546296296296 0.027028645833333333 0.057249999999999995
0 0.8675505208333333 0.39630046296296295 0.016351041666666667 0.03889722222222222
0 0.24731484374999999 0.24716342592592594 0.0165046875 0.02210462962962963
0 0.65373828125 0.7188958333333334 0.012684895833333333 0.017421296296296296
1 0.49973958333333335 0.5333333333333333 0.9994791666666667 0.9314814814814815
0 0.7752604166666667 0.23287037037037037 0.0265625 0.058333333333333334
0 0.12786458333333334 0.5120370370370371 0.016145833333333335 0.03888888888888889
0 0.7302083333333333 0.8134259259259259 0.016666666666666666 0.021296296296296296
0 0.3645833333333333 0.2449074074074074 0.013541666666666667 0.017592592592592594
