1 0.5 0.4615087962962963 1.0 0.9230175925925926
0 0.14115208333333334 0.34397592592592596 0.012512500000000001 0.028692592592592592
0 0.18412942708333332 0.6009208333333333 0.019300520833333334 0.04628611111111111
0 0.18471901041666666 0.501924074074074 0.014229687500000001 0.03532962962962963
0 0.20109817708333333 0.0037412037037037036 0.01573802083333333 0.007482407407407407
0 0.48898697916666667 0.6500791666666667 0.012348958333333333 0.024232407407407407
0 0.34192578124999995 0.8361018518518518 0.02030989583333333 0.029611111111111112
0 0.3808606770833334 0.8857013888888889 0.022138020833333334 0.04177314814814815
0 0.30099166666666666 0.8223300925925926 0.008233333333333334 0.022437962962962965
0 0.5074106770833333 0.5916925925925927 0.0064880208333333335 0.02597777777777778
0 0.71414375 0.6701912037037038 0.010579166666666667 0.029271296296296295
0 0.7392372395833333 0.2513884259259259 0.0211828125 0.026850925925925924
0 0.7715122395833334 0.32383101851851853 0.0169828125 0.03469907407407408
0 0.8204169270833332 0.2601439814814815 0.016875520833333334 0.023991666666666668
0 0.7777557291666667 0.34882314814814813 0.009678125000000001 0.019868518518518518
0 0.8624122395833334 0.6521527777777778 0.007116145833333334 0.03208333333333333
0 0.8952614583333334 0.6198972222222222 0.013439583333333333 0.030535185185185186
0 0.4851997395833333 0.7306986111111111 0.008941145833333334 0.01880462962962963
0 0.34611562500000004 0.031162500000000003 0.016189583333333334 0.045658333333333335
0 0.6701093749999999 0.18567824074074074 0.00896875 0.015800925925925927
0 0.75860703125 0.7346254629629629 0.009922395833333332 0.017399074074074074
1 0.5 0.49014027777777774 1.0 0.9802805555555555
0 0.13080911458333333 0.5042037037037037 0.012659895833333332 0.030629629629629628
0 0.208328125 0.7340819444444444 0.017697916666666664 0.04779351851851851
0 0.1944046875 0.6391208333333334 0.014851041666666667 0.03379722222222222
0 0.14188046875000002 0.14343333333333333 0.016052604166666668 0.012792592592592593
0 0.5092872395833333 0.6498185185185185 0.0112828125 0.02371111111111111
0 0.3917557291666667 0.8948967592592593 0.019969791666666667 0.028682407407407406
0 0.4364421875 0.925438425925926 0.02392604166666667 0.03606203703703704
0 0.35042135416666664 0.8985 0.010217708333333332 0.021074074074074075
0 0.51933984375 0.5853166666666667 0.0074296875000000005 0.026188888888888887
0 0.7310947916666667 0.573037037037037 0.01323125 0.025703703703703704
0 0.6983177083333333 0.1566925925925926 0.022677083333333334 0.031903703703703705
0 0.7401046875 0.21209212962962964 0.015626041666666667 0.031591666666666664
0 0.778446875 0.13055092592592593 0.017310416666666665 0.025916666666666664
0 0.7484145833333333 0.2337824074074074 0.010370833333333333 0.017564814814814814
0 0.8718799479166666 0.49291435185185184 0.010426562499999998 0.03027314814814815
0 0.8988291666666667 0.44586157407407406 0.012241666666666668 0.03246388888888889
0 0.5170744791666667 0.7306587962962963 0.008107291666666667 0.018725
0 0.2867908854166667 0.11050694444444444 0.011081770833333334 0.05064351851851852
0 0.6222372395833333 0.12173055555555555 0.0090578125 0.017535185185185185
0 0.7832877604166666 0.616311574074074 0.009283854166666666 0.017808333333333332
1 0.49973958333333335 0.5370370370370371 0.9994791666666667 0.924074074074074
0 0.13411458333333334 0.5879629629629629 0.011979166666666667 0.02962962962962963
0 0.1921875 0.34120370370370373 0.01875 0.04722222222222222
0 0.18697916666666667 0.4393518518518518 0.013541666666666667 0.03425925925925926
0 0.1734375 0.9412037037037037 0.015625 0.012037037037037037
0 0.49765625 0.3490740740740741 0.011979166666666667 0.024074074074074074
0 0.36223958333333334 0.13564814814814816 0.0203125 0.028703703703703703
0 0.4041666666666667 0.09444444444444444 0.022916666666666665 0.03888888888888889
0 0.32057291666666665 0.14212962962962963 0.008854166666666666 0.021296296296296296
0 0.5127604166666667 0.4101851851851852 0.0067708333333333336 0.025925925925925925
0 0.7229166666666667 0.37037037037037035 0.011458333333333333 0.027777777777777776
0 0.7234375 0.7912037037037037 0.021875 0.028703703703703703
0 0.7596354166666667 0.725925925925926 0.016145833333333335 0.03333333333333333
0 0.8044270833333333 0.7976851851851852 0.0171875 0.025
0 0.7669270833333334 0.7018518518518518 0.009895833333333333 0.018518518518518517
0 0.8692708333333333 0.41574074074074074 0.008333333333333333 0.03148148148148148
0 0.8997395833333334 0.4546296296296296 0.013020833333333334 0.03148148148148148
0 0.49895833333333334 0.2675925925925926 0.008333333333333333 0.018518518518518517
0 0.31927083333333334 0.937962962962963 0.013541666666666667 0.04814814814814815
0 0.65078125 0.8444444444444444 0.008854166666666666 0.016666666666666666
0 0.7708333333333334 0.31527777777777777 0.009375 0.017592592592592594
1 0.5 0.4615087962962963 1.0 0.9230175925925926
0 0.14115208333333334 0.34397592592592596 0.012512500000000001 0.028692592592592592
0 0.18412942708333332 0.6009208333333333 0.019300520833333334 0.04628611111111111
0 0.18471901041666666 0.501924074074074 0.014229687500000001 0.03532962962962963
0 0.20109817708333333 0.0037412037037037036 0.01573802083333333 0.007482407407407407
0 0.48898697916666667 0.6500791666666667 0.012348958333333333 0.024232407407407407
0 0.34192578124999995 0.8361018518518518 0.02030989583333333 0.029611111111111112
0 0.3808606770833334 0.8857013888888889 0.022138020833333334 0.04177314814814815
0 0.30099166666666666 0.8223300925925926 0.008233333333333334 0.022437962962962965
0 0.5074106770833333 0.5916925925925927 0.0064880208333333335 0.02597777777777778
0 0.71414375 0.6701912037037038 0.010579166666666667 0.029271296296296295
0 0.7392372395833333 0.2513884259259259 0.0211828125 0.026850925925925924
0 0.7715122395833334 0.32383101851851853 0.0169828125 0.03469907407407408
0 0.8204169270833332 0.2601439814814815 0.016875520833333334 0.023991666666666668
0 0.7777557291666667 0.34882314814814813 0.009678125000000001 0.019868518518518518
0 0.8624122395833334 0.6521527777777778 0.007116145833333334 0.03208333333333333
0 0.8952614583333334 0.6198972222222222 0.013439583333333333 0.030535185185185186
0 0.4851997395833333 0.7306986111111111 0.008941145833333334 0.01880462962962963
0 0.34611562500000004 0.031162500000000003 0.016189583333333334 0.045658333333333335
0 0.6701093749999999 0.18567824074074074 0.00896875 0.015800925925925927
0 0.75860703125 0.7346254629629629 0.009922395833333332 0.017399074074074074
1 0.5 0.49014027777777774 1.0 0.9802805555555555
0 0.13080911458333333 0.5042037037037037 0.012659895833333332 0.030629629629629628
0 0.208328125 0.7340819444444444 0.017697916666666664 0.04779351851851851
0 0.1944046875 0.6391208333333334 0.014851041666666667 0.03379722222222222
0 0.14188046875000002 0.14343333333333333 0.016052604166666668 0.012792592592592593
0 0.5092872395833333 0.6498185185185185 0.0112828125 0.02371111111111111
0 0.3917557291666667 0.8948967592592593 0.019969791666666667 0.028682407407407406
0 0.4364421875 0.925438425925926 0.02392604166666667 0.03606203703703704
0 0.35042135416666664 0.8985 0.010217708333333332 0.021074074074074075
0 0.51933984375 0.5853166666666667 0.0074296875000000005 0.026188888888888887
0 0.7310947916666667 0.573037037037037 0.01323125 0.025703703703703704
0 0.6983177083333333 0.1566925925925926 0.022677083333333334 0.031903703703703705
0 0.7401046875 0.21209212962962964 0.015626041666666667 0.031591666666666664
0 0.778446875 0.13055092592592593 0.017310416666666665 0.025916666666666664
0 0.7484145833333333 0.2337824074074074 0.010370833333333333 0.017564814814814814
0 0.8718799479166666 0.49291435185185184 0.010426562499999998 0.03027314814814815
0 0.8988291666666667 0.44586157407407406 0.012241666666666668 0.03246388888888889
0 0.5170744791666667 0.7306587962962963 0.008107291666666667 0.018725
0 0.2867908854166667 0.11050694444444444 0.011081770833333334 0.05064351851851852
0 0.6222372395833333 0.12173055555555555 0.0090578125 0.017535185185185185
0 0.7832877604166666 0.616311574074074 0.009283854166666666 0.017808333333333332
1 0.49973958333333335 0.5370370370370371 0.9994791666666667 0.924074074074074
0 0.13411458333333334 0.5879629629629629 0.011979166666666667 0.02962962962962963
0 0.1921875 0.34120370370370373 0.01875 0.04722222222222222
0 0.18697916666666667 0.4393518518518518 0.013541666666666667 0.03425925925925926
0 0.1734375 0.9412037037037037 0.015625 0.012037037037037037
0 0.49765625 0.3490740740740741 0.011979166666666667 0.024074074074074074
0 0.36223958333333334 0.13564814814814816 0.0203125 0.028703703703703703
0 0.4041666666666667 0.09444444444444444 0.022916666666666665 0.03888888888888889
0 0.32057291666666665 0.14212962962962963 0.008854166666666666 0.021296296296296296
0 0.5127604166666667 0.4101851851851852 0.0067708333333333336 0.025925925925925925
0 0.7229166666666667 0.37037037037037035 0.011458333333333333 0.027777777777777776
0 0.7234375 0.7912037037037037 0.021875 0.028703703703703703
0 0.7596354166666667 0.725925925925926 0.016145833333333335 0.03333333333333333
0 0.8044270833333333 0.7976851851851852 0.0171875 0.025
0 0.7669270833333334 0.7018518518518518 0.009895833333333333 0.018518518518518517
0 0.8692708333333333 0.41574074074074074 0.008333333333333333 0.03148148148148148
0 0.8997395833333334 0.4546296296296296 0.013020833333333334 0.03148148148148148
0 0.49895833333333334 0.2675925925925926 0.008333333333333333 0.018518518518518517
0 0.31927083333333334 0.937962962962963 0.013541666666666667 0.04814814814814815
0 0.65078125 0.8444444444444444 0.008854166666666666 0.016666666666666666
0 0.7708333333333334 0.31527777777777777 0.009375 0.017592592592592594
1 0.5 0.4615087962962963 1.0 0.9230175925925926
0 0.14115208333333334 0.34397592592592596 0.012512500000000001 0.028692592592592592
0 0.18412942708333332 0.6009208333333333 0.019300520833333334 0.04628611111111111
0 0.18471901041666666 0.501924074074074 0.014229687500000001 0.03532962962962963
0 0.20109817708333333 0.0037412037037037036 0.01573802083333333 0.007482407407407407
0 0.48898697916666667 0.6500791666666667 0.012348958333333333 0.024232407407407407
0 0.34192578124999995 0.8361018518518518 0.02030989583333333 0.029611111111111112
0 0.3808606770833334 0.8857013888888889 0.022138020833333334 0.04177314814814815
0 0.30099166666666666 0.8223300925925926 0.008233333333333334 0.022437962962962965
0 0.5074106770833333 0.5916925925925927 0.0064880208333333335 0.02597777777777778
0 0.71414375 0.6701912037037038 0.010579166666666667 0.029271296296296295
0 0.7392372395833333 0.2513884259259259 0.0211828125 0.026850925925925924
0 0.7715122395833334 0.32383101851851853 0.0169828125 0.03469907407407408
0 0.8204169270833332 0.2601439814814815 0.016875520833333334 0.023991666666666668
0 0.7777557291666667 0.34882314814814813 0.009678125000000001 0.019868518518518518
0 0.8624122395833334 0.6521527777777778 0.007116145833333334 0.03208333333333333
0 0.8952614583333334 0.6198972222222222 0.013439583333333333 0.030535185185185186
0 0.4851997395833333 0.7306986111111111 0.008941145833333334 0.01880462962962963
0 0.34611562500000004 0.031162500000000003 0.016189583333333334 0.045658333333333335
0 0.6701093749999999 0.18567824074074074 0.00896875 0.015800925925925927
0 0.75860703125 0.7346254629629629 0.009922395833333332 0.017399074074074074
1 0.5 0.49014027777777774 1.0 0.9802805555555555
0 0.13080911458333333 0.5042037037037037 0.012659895833333332 0.030629629629629628
0 0.208328125 0.7340819444444444 0.017697916666666664 0.04779351851851851
0 0.1944046875 0.6391208333333334 0.014851041666666667 0.03379722222222222
0 0.14188046875000002 0.14343333333333333 0.016052604166666668 0.012792592592592593
0 0.5092872395833333 0.6498185185185185 0.0112828125 0.02371111111111111
0 0.3917557291666667 0.8948967592592593 0.019969791666666667 0.028682407407407406
0 0.4364421875 0.925438425925926 0.02392604166666667 0.03606203703703704
0 0.35042135416666664 0.8985 0.010217708333333332 0.021074074074074075
0 0.51933984375 0.5853166666666667 0.0074296875000000005 0.026188888888888887
0 0.7310947916666667 0.573037037037037 0.01323125 0.025703703703703704
0 0.6983177083333333 0.1566925925925926 0.022677083333333334 0.031903703703703705
0 0.7401046875 0.21209212962962964 0.015626041666666667 0.031591666666666664
0 0.778446875 0.13055092592592593 0.017310416666666665 0.025916666666666664
0 0.7484145833333333 0.2337824074074074 0.010370833333333333 0.017564814814814814
0 0.8718799479166666 0.49291435185185184 0.010426562499999998 0.03027314814814815
0 0.8988291666666667 0.44586157407407406 0.012241666666666668 0.03246388888888889
0 0.5170744791666667 0.7306587962962963 0.008107291666666667 0.018725
0 0.2867908854166667 0.11050694444444444 0.011081770833333334 0.05064351851851852
0 0.6222372395833333 0.12173055555555555 0.0090578125 0.017535185185185185
0 0.7832877604166666 0.616311574074074 0.009283854166666666 0.017808333333333332
1 0.49973958333333335 0.5370370370370371 0.9994791666666667 0.924074074074074
0 0.13411458333333334 0.5879629629629629 0.011979166666666667 0.02962962962962963
0 0.1921875 0.34120370370370373 0.01875 0.04722222222222222
0 0.18697916666666667 0.4393518518518518 0.013541666666666667 0.03425925925925926
0 0.1734375 0.9412037037037037 0.015625 0.012037037037037037
0 0.49765625 0.3490740740740741 0.011979166666666667 0.024074074074074074
0 0.36223958333333334 0.13564814814814816 0.0203125 0.028703703703703703
0 0.4041666666666667 0.09444444444444444 0.022916666666666665 0.03888888888888889
0 0.32057291666666665 0.14212962962962963 0.008854166666666666 0.021296296296296296
0 0.5127604166666667 0.4101851851851852 0.0067708333333333336 0.025925925925925925
0 0.7229166666666667 0.37037037037037035 0.011458333333333333 0.027777777777777776
0 0.7234375 0.7912037037037037 0.021875 0.028703703703703703
0 0.7596354166666667 0.725925925925926 0.016145833333333335 0.03333333333333333
0 0.8044270833333333 0.7976851851851852 0.0171875 0.025
0 0.7669270833333334 0.7018518518518518 0.009895833333333333 0.018518518518518517
0 0.8692708333333333 0.41574074074074074 0.008333333333333333 0.03148148148148148
0 0.8997395833333334 0.4546296296296296 0.013020833333333334 0.03148148148148148
0 0.49895833333333334 0.2675925925925926 0.008333333333333333 0.018518518518518517
0 0.31927083333333334 0.937962962962963 0.013541666666666667 0.04814814814814815
0 0.65078125 0.8444444444444444 0.008854166666666666 0.016666666666666666
0 0.7708333333333334 0.31527777777777777 0.009375 0.017592592592592594
