1 0.5 0.5 1.0 1.0
0 0.18876380208333332 0.11768564814814815 0.015027604166666668 0.04833425925925926
0 0.3079674479166667 0.3246111111111111 0.022184895833333333 0.045518518518518514
0 0.2605734375 0.1832527777777778 0.014896875 0.03132037037037037
0 0.6203580729166667 0.5083875 0.017799479166666667 0.035293518518518516
0 0.38712994791666666 0.5176671296296297 0.010718229166666668 0.018667592592592593
0 0.09030182291666668 0.763838425925926 0.0066453125 0.01471388888888889
0 0.03514375 0.7455537037037037 0.005704166666666666 0.017033333333333334
0 0.6617049479166667 0.9150865740740741 0.017159895833333334 0.032025000000000005
0 0.7528526041666667 0.9618476851851852 0.009871875 0.01443611111111111
0 0.8407408854166667 0.6118888888888889 0.0200234375 0.031185185185185184
0 0.8069072916666666 0.6891680555555556 0.007564583333333333 0.009817592592592593
0 0.95298359375 0.6263375 0.007008854166666667 0.01563796296296296
0 0.9874872395833333 0.525686574074074 0.010391145833333334 0.029150925925925927
0 0.96981796875 0.5994833333333334 0.0083859375 0.017485185185185187
0 0.9423125 0.7415712962962964 0.016916666666666667 0.00906851851851852
0 0.9135757812499999 0.2860449074074074 0.0063182291666666664 0.02764537037037037
0 0.6058411458333333 0.01054675925925926 0.017932291666666666 0.02109351851851852
1 0.49973958333333335 0.49953703703703706 0.9994791666666667 0.9990740740740741
0 0.2046875 0.08009259259259259 0.016666666666666666 0.04722222222222222
0 0.315625 0.300462962962963 0.021875 0.04537037037037037
0 0.2734375 0.15416666666666667 0.015625 0.030555555555555555
0 0.61953125 0.5231481481481481 0.0171875 0.03518518518518519
0 0.38645833333333335 0.5037037037037037 0.010416666666666666 0.018518518518518517
0 0.08098958333333334 0.712037037037037 0.0067708333333333336 0.014814814814814815
0 0.026822916666666665 0.6875 0.005729166666666666 0.017592592592592594
0 0.12161458333333333 0.9666666666666667 0.0140625 0.03148148148148148
0 0.6450520833333333 0.9342592592592592 0.016145833333333335 0.03333333333333333
0 0.73359375 0.9921296296296296 0.009895833333333333 0.013888888888888888
0 0.8356770833333333 0.6537037037037037 0.019270833333333334 0.03333333333333333
0 0.7989583333333333 0.7268518518518519 0.007291666666666667 0.009259259259259259
0 0.9471354166666667 0.6819444444444445 0.0067708333333333336 0.01574074074074074
0 0.9854166666666667 0.5856481481481481 0.010416666666666666 0.028703703703703703
0 0.9645833333333333 0.6578703703703703 0.008333333333333333 0.017592592592592594
0 0.9947916666666666 0.7972222222222223 0.009375 0.027777777777777776
0 0.9317708333333333 0.7949074074074074 0.016666666666666666 0.008333333333333333
0 0.92109375 0.33796296296296297 0.0067708333333333336 0.027777777777777776
0 0.6252604166666667 0.018055555555555554 0.019270833333333334 0.03611111111111111
1 0.5 0.5 1.0 1.0
0 0.20084036458333332 0.9107981481481482 0.0162640625 0.04752222222222222
0 0.3135854166666666 0.6940101851851851 0.0219625 0.045427777777777775
0 0.270225 0.8385287037037037 0.01545 0.03076111111111111
0 0.6196117187500001 0.4805773148148148 0.017348437499999998 0.0352287037037037
0 0.3864984375 0.49261527777777775 0.010496875 0.018563888888888887
0 0.08305885416666667 0.27499074074074076 0.006742708333333333 0.014796296296296297
0 0.028901302083333334 0.29761898148148147 0.005719270833333333 0.017460185185185186
0 0.12642838541666668 0.02209074074074074 0.014315104166666667 0.03121851851851852
0 0.6493492187500001 0.07021435185185186 0.016406770833333334 0.03302129629629629
0 0.73828046875 0.015349537037037038 0.009894270833333333 0.014032407407407407
0 0.8368171875 0.3571462962962963 0.019467708333333333 0.03281111111111111
0 0.8010773437500001 0.2824796296296296 0.007363020833333333 0.009403703703703704
0 0.9487291666666666 0.33193518518518517 0.006833333333333333 0.015722222222222224
0 0.98593671875 0.42922916666666666 0.010415104166666666 0.028828703703703704
0 0.9661541666666668 0.3569351851851852 0.00835 0.017574074074074075
0 0.99671015625 0.21606481481481482 0.0069619791666666675 0.024722222222222222
0 0.93441015625 0.2180550925925926 0.016736979166666666 0.008332407407407408
0 0.9194763020833334 0.6749898148148148 0.0066609375 0.027757407407407408
0 0.6203903645833333 0.983663425925926 0.018905729166666666 0.032141666666666666
1 0.5 0.5 1.0 1.0
0 0.18876380208333332 0.11768564814814815 0.015027604166666668 0.04833425925925926
0 0.3079674479166667 0.3246111111111111 0.022184895833333333 0.045518518518518514
0 0.2605734375 0.1832527777777778 0.014896875 0.03132037037037037
0 0.6203580729166667 0.5083875 0.017799479166666667 0.035293518518518516
0 0.38712994791666666 0.5176671296296297 0.010718229166666668 0.018667592592592593
0 0.09030182291666668 0.763838425925926 0.0066453125 0.01471388888888889
0 0.03514375 0.7455537037037037 0.005704166666666666 0.017033333333333334
0 0.6617049479166667 0.9150865740740741 0.017159895833333334 0.032025000000000005
0 0.7528526041666667 0.9618476851851852 0.009871875 0.01443611111111111
0 0.8407408854166667 0.6118888888888889 0.0200234375 0.031185185185185184
0 0.8069072916666666 0.6891680555555556 0.007564583333333333 0.009817592592592593
0 0.95298359375 0.6263375 0.007008854166666667 0.01563796296296296
0 0.9874872395833333 0.525686574074074 0.010391145833333334 0.029150925925925927
0 0.96981796875 0.5994833333333334 0.0083859375 0.017485185185185187
0 0.9423125 0.7415712962962964 0.016916666666666667 0.00906851851851852
0 0.9135757812499999 0.2860449074074074 0.0063182291666666664 0.02764537037037037
0 0.6058411458333333 0.01054675925925926 0.017932291666666666 0.02109351851851852
1 0.49973958333333335 0.49953703703703706 0.9994791666666667 0.9990740740740741
0 0.2046875 0.08009259259259259 0.016666666666666666 0.04722222222222222
0 0.315625 0.300462962962963 0.021875 0.04537037037037037
0 0.2734375 0.15416666666666667 0.015625 0.030555555555555555
0 0.61953125 0.5231481481481481 0.0171875 0.03518518518518519
0 0.38645833333333335 0.5037037037037037 0.010416666666666666 0.018518518518518517
0 0.08098958333333334 0.712037037037037 0.0067708333333333336 0.014814814814814815
0 0.026822916666666665 0.6875 0.005729166666666666 0.017592592592592594
0 0.12161458333333333 0.9666666666666667 0.0140625 0.03148148148148148
0 0.6450520833333333 0.9342592592592592 0.016145833333333335 0.03333333333333333
0 0.73359375 0.9921296296296296 0.009895833333333333 0.013888888888888888
0 0.8356770833333333 0.6537037037037037 0.019270833333333334 0.03333333333333333
0 0.7989583333333333 0.7268518518518519 0.007291666666666667 0.009259259259259259
0 0.9471354166666667 0.6819444444444445 0.0067708333333333336 0.01574074074074074
0 0.9854166666666667 0.5856481481481481 0.010416666666666666 0.028703703703703703
0 0.9645833333333333 0.6578703703703703 0.008333333333333333 0.017592592592592594
0 0.9947916666666666 0.7972222222222223 0.009375 0.027777777777777776
0 0.9317708333333333 0.7949074074074074 0.016666666666666666 0.008333333333333333
0 0.92109375 0.33796296296296297 0.0067708333333333336 0.027777777777777776
0 0.6252604166666667 0.018055555555555554 0.019270833333333334 0.03611111111111111
1 0.5 0.5 1.0 1.0
0 0.20084036458333332 0.9107981481481482 0.0162640625 0.04752222222222222
0 0.3135854166666666 0.6940101851851851 0.0219625 0.045427777777777775
0 0.270225 0.8385287037037037 0.01545 0.03076111111111111
0 0.6196117187500001 0.4805773148148148 0.017348437499999998 0.0352287037037037
0 0.3864984375 0.49261527777777775 0.010496875 0.018563888888888887
0 0.08305885416666667 0.27499074074074076 0.006742708333333333 0.014796296296296297
0 0.028901302083333334 0.29761898148148147 0.005719270833333333 0.017460185185185186
0 0.12642838541666668 0.02209074074074074 0.014315104166666667 0.03121851851851852
0 0.6493492187500001 0.07021435185185186 0.016406770833333334 0.03302129629629629
0 0.73828046875 0.015349537037037038 0.009894270833333333 0.014032407407407407
0 0.8368171875 0.3571462962962963 0.019467708333333333 0.03281111111111111
0 0.8010773437500001 0.2824796296296296 0.007363020833333333 0.009403703703703704
0 0.9487291666666666 0.33193518518518517 0.006833333333333333 0.015722222222222224
0 0.98593671875 0.42922916666666666 0.010415104166666666 0.028828703703703704
0 0.9661541666666668 0.3569351851851852 0.00835 0.017574074074074075
0 0.99671015625 0.21606481481481482 0.0069619791666666675 0.024722222222222222
0 0.93441015625 0.2180550925925926 0.016736979166666666 0.008332407407407408
0 0.9194763020833334 0.6749898148148148 0.0066609375 0.027757407407407408
0 0.6203903645833333 0.983663425925926 0.018905729166666666 0.032141666666666666
