1 0.5183440104166667 0.4065712962962963 0.9637713541666667 0.8131425925925926
0 0.5817111979166667 0.3932217592592593 0.014464062500000001 0.030887962962962964
0 0.21986510416666669 0.12783333333333333 0.018896874999999997 0.02603703703703704
0 0.6260523437500001 0.16314444444444445 0.01668802083333333 0.04480740740740741
0 0.4728 0.4495199074074074 0.016433333333333335 0.013854629629629628
0 0.39522682291666666 0.25496435185185184 0.006078645833333333 0.01733611111111111
0 0.37826692708333337 0.24409814814814812 0.028408854166666667 0.05301111111111111
0 0.5861744791666667 0.5463194444444445 0.008807291666666666 0.025972222222222223
0 0.72783359375 0.16189675925925925 0.0150421875 0.02749722222222222
0 0.6370859375 0.6612870370370371 0.006463541666666667 0.015166666666666665
0 0.8503669270833334 0.6369828703703704 0.021567187499999998 0.06285462962962962
0 0.9466739583333333 0.631937037037037 0.01105625 0.03239259259259259
0 0.9059018229166667 0.44553703703703706 0.007636979166666667 0.022555555555555554
0 0.8886838541666666 0.32497731481481484 0.011742708333333332 0.036991666666666666
0 0.8869627604166667 0.2730856481481482 0.013508854166666667 0.016541666666666666
0 0.8645984375 0.38059768518518516 0.011488541666666666 0.0371212962962963
0 0.7767940104166667 0.1187263888888889 0.008796354166666666 0.015230555555555556
0 0.6811127604166667 0.07252499999999999 0.008058854166666667 0.017272222222222224
0 0.8795315104166667 0.1741763888888889 0.0038546875 0.02242685185185185
0 0.8785627604166667 0.08145648148148148 0.004000520833333333 0.02032037037037037
0 0.8212895833333334 0.7302046296296296 0.008204166666666667 0.014112962962962964
1 0.4871598958333333 0.5896592592592592 0.9743197916666666 0.8200592592592593
0 0.42860703125000005 0.6280407407407408 0.0134640625 0.03200740740740741
0 0.8092822916666667 0.7907722222222222 0.01960625 0.02598888888888889
0 0.40620963541666666 0.8684129629629629 0.017627604166666665 0.04608518518518518
0 0.5317963541666667 0.541725 0.015676041666666665 0.014931481481481483
0 0.6251372395833333 0.7126486111111111 0.006524479166666666 0.016037962962962966
0 0.6423716145833333 0.7189199074074074 0.026409895833333332 0.05635833333333333
0 0.4104 0.47778981481481486 0.010383333333333333 0.024098148148148146
0 0.30468177083333337 0.896587037037037 0.016655208333333334 0.026507407407407407
0 0.35054270833333334 0.3775476851851852 0.007335416666666666 0.01435462962962963
0 0.14214713541666668 0.4620592592592593 0.0228359375 0.06115555555555556
0 0.04754453125 0.4940407407407407 0.010714062500000001 0.03252592592592592
0 0.10392578125 0.6666648148148149 0.006809895833333333 0.022218518518518516
0 0.13168020833333333 0.7806268518518519 0.013360416666666668 0.035327777777777784
0 0.13772395833333334 0.8305675925925926 0.013989583333333333 0.01483888888888889
0 0.15081588541666668 0.7191930555555556 0.014131770833333333 0.034682407407407405
0 0.26016197916666667 0.9535949074074074 0.008865624999999999 0.014597222222222223
0 0.3584763020833333 0.9731569444444443 0.008619270833333333 0.016684259259259256
0 0.15326614583333334 0.9277356481481482 0.004448958333333333 0.022137962962962963
0 0.16255234375 0.36174953703703705 0.008438020833333334 0.014239814814814815
1 0.5166666666666667 0.5972222222222222 0.965625 0.8037037037037037
0 0.57734375 0.6166666666666667 0.0140625 0.03148148148148148
0 0.20598958333333334 0.837037037037037 0.019270833333333334 0.025925925925925925
0 0.6119791666666666 0.8523148148148149 0.016666666666666666 0.04537037037037037
0 0.4705729166666667 0.5467592592592593 0.016145833333333335 0.013888888888888888
0 0.38567708333333334 0.7314814814814815 0.005729166666666666 0.016666666666666666
0 0.3684895833333333 0.7402777777777778 0.027604166666666666 0.05462962962962963
0 0.5880208333333333 0.46435185185185185 0.009375 0.025
0 0.7140625 0.8652777777777778 0.015625 0.026851851851851852
0 0.64296875 0.35555555555555557 0.0067708333333333336 0.014814814814814815
0 0.8546875 0.40694444444444444 0.021875 0.062037037037037036
0 0.95078125 0.4236111111111111 0.0109375 0.032407407407407406
0 0.9026041666666667 0.6046296296296296 0.007291666666666667 0.022222222222222223
0 0.8807291666666667 0.7226851851851852 0.0125 0.03611111111111111
0 0.8770833333333333 0.7736111111111111 0.013541666666666667 0.01574074074074074
0 0.8588541666666667 0.6643518518518519 0.0125 0.03611111111111111
0 0.7611979166666667 0.9148148148148149 0.008854166666666666 0.014814814814814815
0 0.6640625 0.9490740740740741 0.008333333333333333 0.016666666666666666
0 0.86640625 0.8722222222222222 0.0036458333333333334 0.022222222222222223
0 0.8611979166666667 0.9648148148148148 0.0036458333333333334 0.020370370370370372
0 0.8296875 0.3106481481481482 0.008333333333333333 0.013888888888888888
1 0.5183440104166667 0.4065712962962963 0.9637713541666667 0.8131425925925926
0 0.5817111979166667 0.3932217592592593 0.014464062500000001 0.030887962962962964
0 0.21986510416666669 0.12783333333333333 0.018896874999999997 0.02603703703703704
0 0.6260523437500001 0.16314444444444445 0.01668802083333333 0.04480740740740741
0 0.4728 0.4495199074074074 0.016433333333333335 0.013854629629629628
0 0.39522682291666666 0.25496435185185184 0.006078645833333333 0.01733611111111111
0 0.37826692708333337 0.24409814814814812 0.028408854166666667 0.05301111111111111
0 0.5861744791666667 0.5463194444444445 0.008807291666666666 0.025972222222222223
0 0.72783359375 0.16189675925925925 0.0150421875 0.02749722222222222
0 0.6370859375 0.6612870370370371 0.006463541666666667 0.015166666666666665
0 0.8503669270833334 0.6369828703703704 0.021567187499999998 0.06285462962962962
0 0.9466739583333333 0.631937037037037 0.01105625 0.03239259259259259
0 0.9059018229166667 0.44553703703703706 0.007636979166666667 0.022555555555555554
0 0.8886838541666666 0.32497731481481484 0.011742708333333332 0.036991666666666666
0 0.8869627604166667 0.2730856481481482 0.013508854166666667 0.016541666666666666
0 0.8645984375 0.38059768518518516 0.011488541666666666 0.0371212962962963
0 0.7767940104166667 0.1187263888888889 0.008796354166666666 0.015230555555555556
0 0.6811127604166667 0.07252499999999999 0.008058854166666667 0.017272222222222224
0 0.8795315104166667 0.1741763888888889 0.0038546875 0.02242685185185185
0 0.8785627604166667 0.08145648148148148 0.004000520833333333 0.02032037037037037
0 0.8212895833333334 0.7302046296296296 0.008204166666666667 0.014112962962962964
1 0.4871598958333333 0.5896592592592592 0.9743197916666666 0.8200592592592593
0 0.42860703125000005 0.6280407407407408 0.0134640625 0.03200740740740741
0 0.8092822916666667 0.7907722222222222 0.01960625 0.02598888888888889
0 0.40620963541666666 0.8684129629629629 0.017627604166666665 0.04608518518518518
0 0.5317963541666667 0.541725 0.015676041666666665 0.014931481481481483
0 0.6251372395833333 0.7126486111111111 0.006524479166666666 0.016037962962962966
0 0.6423716145833333 0.7189199074074074 0.026409895833333332 0.05635833333333333
0 0.4104 0.47778981481481486 0.010383333333333333 0.024098148148148146
0 0.30468177083333337 0.896587037037037 0.016655208333333334 0.026507407407407407
0 0.35054270833333334 0.3775476851851852 0.007335416666666666 0.01435462962962963
0 0.14214713541666668 0.4620592592592593 0.0228359375 0.06115555555555556
0 0.04754453125 0.4940407407407407 0.010714062500000001 0.03252592592592592
0 0.10392578125 0.6666648148148149 0.006809895833333333 0.022218518518518516
0 0.13168020833333333 0.7806268518518519 0.013360416666666668 0.035327777777777784
0 0.13772395833333334 0.8305675925925926 0.013989583333333333 0.01483888888888889
0 0.15081588541666668 0.7191930555555556 0.014131770833333333 0.034682407407407405
0 0.26016197916666667 0.9535949074074074 0.008865624999999999 0.014597222222222223
0 0.3584763020833333 0.9731569444444443 0.008619270833333333 0.016684259259259256
0 0.15326614583333334 0.9277356481481482 0.004448958333333333 0.022137962962962963
0 0.16255234375 0.36174953703703705 0.008438020833333334 0.014239814814814815
1 0.5166666666666667 0.5972222222222222 0.965625 0.8037037037037037
0 0.57734375 0.6166666666666667 0.0140625 0.03148148148148148
0 0.20598958333333334 0.837037037037037 0.019270833333333334 0.025925925925925925
0 0.6119791666666666 0.8523148148148149 0.016666666666666666 0.04537037037037037
0 0.4705729166666667 0.5467592592592593 0.016145833333333335 0.013888888888888888
0 0.38567708333333334 0.7314814814814815 0.005729166666666666 0.016666666666666666
0 0.3684895833333333 0.7402777777777778 0.027604166666666666 0.05462962962962963
0 0.5880208333333333 0.46435185185185185 0.009375 0.025
0 0.7140625 0.8652777777777778 0.015625 0.026851851851851852
0 0.64296875 0.35555555555555557 0.0067708333333333336 0.014814814814814815
0 0.8546875 0.40694444444444444 0.021875 0.062037037037037036
0 0.95078125 0.4236111111111111 0.0109375 0.032407407407407406
0 0.9026041666666667 0.6046296296296296 0.007291666666666667 0.022222222222222223
0 0.8807291666666667 0.7226851851851852 0.0125 0.03611111111111111
0 0.8770833333333333 0.7736111111111111 0.013541666666666667 0.01574074074074074
0 0.8588541666666667 0.6643518518518519 0.0125 0.03611111111111111
0 0.7611979166666667 0.9148148148148149 0.008854166666666666 0.014814814814814815
0 0.6640625 0.9490740740740741 0.008333333333333333 0.016666666666666666
0 0.86640625 0.8722222222222222 0.0036458333333333334 0.022222222222222223
0 0.8611979166666667 0.9648148148148148 0.0036458333333333334 0.020370370370370372
0 0.8296875 0.3106481481481482 0.008333333333333333 0.013888888888888888
1 0.5183440104166667 0.4065712962962963 0.9637713541666667 0.8131425925925926
0 0.5817111979166667 0.3932217592592593 0.014464062500000001 0.030887962962962964
0 0.21986510416666669 0.12783333333333333 0.018896874999999997 0.02603703703703704
0 0.6260523437500001 0.16314444444444445 0.01668802083333333 0.04480740740740741
0 0.4728 0.4495199074074074 0.016433333333333335 0.013854629629629628
0 0.39522682291666666 0.25496435185185184 0.006078645833333333 0.01733611111111111
0 0.37826692708333337 0.24409814814814812 0.028408854166666667 0.05301111111111111
0 0.5861744791666667 0.5463194444444445 0.008807291666666666 0.025972222222222223
0 0.72783359375 0.16189675925925925 0.0150421875 0.02749722222222222
0 0.6370859375 0.6612870370370371 0.006463541666666667 0.015166666666666665
0 0.8503669270833334 0.6369828703703704 0.021567187499999998 0.06285462962962962
0 0.9466739583333333 0.631937037037037 0.01105625 0.03239259259259259
0 0.9059018229166667 0.44553703703703706 0.007636979166666667 0.022555555555555554
0 0.8886838541666666 0.32497731481481484 0.011742708333333332 0.036991666666666666
0 0.8869627604166667 0.2730856481481482 0.013508854166666667 0.016541666666666666
0 0.8645984375 0.38059768518518516 0.011488541666666666 0.0371212962962963
0 0.7767940104166667 0.1187263888888889 0.008796354166666666 0.015230555555555556
0 0.6811127604166667 0.07252499999999999 0.008058854166666667 0.017272222222222224
0 0.8795315104166667 0.1741763888888889 0.0038546875 0.02242685185185185
0 0.8785627604166667 0.08145648148148148 0.004000520833333333 0.02032037037037037
0 0.8212895833333334 0.7302046296296296 0.008204166666666667 0.014112962962962964
1 0.4871598958333333 0.5896592592592592 0.9743197916666666 0.8200592592592593
0 0.42860703125000005 0.6280407407407408 0.0134640625 0.03200740740740741
0 0.8092822916666667 0.7907722222222222 0.01960625 0.02598888888888889
0 0.40620963541666666 0.8684129629629629 0.017627604166666665 0.04608518518518518
0 0.5317963541666667 0.541725 0.015676041666666665 0.014931481481481483
0 0.6251372395833333 0.7126486111111111 0.006524479166666666 0.016037962962962966
0 0.6423716145833333 0.7189199074074074 0.026409895833333332 0.05635833333333333
0 0.4104 0.47778981481481486 0.010383333333333333 0.024098148148148146
0 0.30468177083333337 0.896587037037037 0.016655208333333334 0.026507407407407407
0 0.35054270833333334 0.3775476851851852 0.007335416666666666 0.01435462962962963
0 0.14214713541666668 0.4620592592592593 0.0228359375 0.06115555555555556
0 0.04754453125 0.4940407407407407 0.010714062500000001 0.03252592592592592
0 0.10392578125 0.6666648148148149 0.006809895833333333 0.022218518518518516
0 0.13168020833333333 0.7806268518518519 0.013360416666666668 0.035327777777777784
0 0.13772395833333334 0.8305675925925926 0.013989583333333333 0.01483888888888889
0 0.15081588541666668 0.7191930555555556 0.014131770833333333 0.034682407407407405
0 0.26016197916666667 0.9535949074074074 0.008865624999999999 0.014597222222222223
0 0.3584763020833333 0.9731569444444443 0.008619270833333333 0.016684259259259256
0 0.15326614583333334 0.9277356481481482 0.004448958333333333 0.022137962962962963
0 0.16255234375 0.36174953703703705 0.008438020833333334 0.014239814814814815
1 0.5166666666666667 0.5972222222222222 0.965625 0.8037037037037037
0 0.57734375 0.6166666666666667 0.0140625 0.03148148148148148
0 0.20598958333333334 0.837037037037037 0.019270833333333334 0.025925925925925925
0 0.6119791666666666 0.8523148148148149 0.016666666666666666 0.04537037037037037
0 0.4705729166666667 0.5467592592592593 0.016145833333333335 0.013888888888888888
0 0.38567708333333334 0.7314814814814815 0.005729166666666666 0.016666666666666666
0 0.3684895833333333 0.7402777777777778 0.027604166666666666 0.05462962962962963
0 0.5880208333333333 0.46435185185185185 0.009375 0.025
0 0.7140625 0.8652777777777778 0.015625 0.026851851851851852
0 0.64296875 0.35555555555555557 0.0067708333333333336 0.014814814814814815
0 0.8546875 0.40694444444444444 0.021875 0.062037037037037036
0 0.95078125 0.4236111111111111 0.0109375 0.032407407407407406
0 0.9026041666666667 0.6046296296296296 0.007291666666666667 0.022222222222222223
0 0.8807291666666667 0.7226851851851852 0.0125 0.03611111111111111
0 0.8770833333333333 0.7736111111111111 0.013541666666666667 0.01574074074074074
0 0.8588541666666667 0.6643518518518519 0.0125 0.03611111111111111
0 0.7611979166666667 0.9148148148148149 0.008854166666666666 0.014814814814814815
0 0.6640625 0.9490740740740741 0.008333333333333333 0.016666666666666666
0 0.86640625 0.8722222222222222 0.0036458333333333334 0.022222222222222223
0 0.8611979166666667 0.9648148148148148 0.0036458333333333334 0.020370370370370372
0 0.8296875 0.3106481481481482 0.008333333333333333 0.013888888888888888
