1 0.4768208333333333 0.4065064814814815 0.9536416666666666 0.813012962962963
0 0.55658828125 0.5876564814814814 0.015259895833333334 0.03086851851851852
0 0.5229166666666667 0.48576898148148145 0.034375 0.03635277777777778
0 0.5145848958333333 0.4007675925925926 0.013544791666666667 0.023757407407407408
0 0.5779252604166667 0.5283462962962964 0.0100171875 0.019655555555555558
0 0.33374765624999997 0.3289490740740741 0.008120312499999999 0.01900925925925926
0 0.51345078125 0.7350092592592592 0.0206515625 0.027425925925925927
0 0.15793229166666667 0.2766768518518518 0.014822916666666667 0.02927962962962963
0 0.2682177083333333 0.5123337962962964 0.009352083333333334 0.030223148148148145
0 0.2637325520833333 0.8022611111111111 0.007673437500000001 0.017485185185185187
0 0.5351945312499999 0.3320824074074074 0.008930729166666667 0.019720370370370367
0 0.6006028645833333 0.09762916666666666 0.007455729166666666 0.01933240740740741
0 0.43163828125 0.5144824074074074 0.0757765625 0.11044629629629629
1 0.5234197916666666 0.4136324074074074 0.9530895833333334 0.8272648148148148
0 0.44137890625 0.5831490740740741 0.015049479166666666 0.03111296296296296
0 0.4769216145833333 0.48371296296296296 0.0340515625 0.03779629629629629
0 0.4870640625 0.39974027777777776 0.013711458333333334 0.02355462962962963
0 0.42117552083333337 0.523751388888889 0.010059375 0.019725
0 0.6692341145833333 0.33900833333333336 0.008259895833333333 0.018757407407407407
0 0.4823971354166667 0.7344328703703704 0.021044270833333333 0.02627314814814815
0 0.8460125000000001 0.2980902777777778 0.014941666666666666 0.029513888888888888
0 0.73122421875 0.5270375 0.0093234375 0.030000925925925927
0 0.7299669270833333 0.8161069444444444 0.007850520833333334 0.017399074074074074
0 0.46814817708333334 0.3302814814814815 0.009213020833333333 0.019822222222222224
0 0.40688697916666666 0.09110185185185185 0.007523958333333333 0.019240740740740742
0 0.5679611979166667 0.5190759259259259 0.07654739583333334 0.10852222222222221
1 0.52109375 0.5972222222222222 0.9567708333333333 0.8037037037037037
0 0.446875 0.40555555555555556 0.015625 0.03148148148148148
0 0.47682291666666665 0.5111111111111111 0.034895833333333334 0.03333333333333333
0 0.48125 0.5972222222222222 0.013541666666666667 0.024074074074074074
0 0.4231770833333333 0.4615740740740741 0.009895833333333333 0.019444444444444445
0 0.6591145833333333 0.6912037037037037 0.0078125 0.019444444444444445
0 0.49583333333333335 0.2638888888888889 0.019791666666666666 0.02962962962962963
0 0.832265625 0.7652777777777777 0.014531249999999999 0.028703703703703703
0 0.73203125 0.5162037037037037 0.009895833333333333 0.030555555555555555
0 0.7473958333333334 0.22824074074074074 0.007291666666666667 0.017592592592592594
0 0.45859375 0.663425925925926 0.008854166666666666 0.019444444444444445
0 0.38385416666666666 0.8893518518518518 0.007291666666666667 0.019444444444444445
0 0.5682291666666667 0.4949074074074074 0.07395833333333333 0.11388888888888889
1 0.4768208333333333 0.4065064814814815 0.9536416666666666 0.813012962962963
0 0.55658828125 0.5876564814814814 0.015259895833333334 0.03086851851851852
0 0.5229166666666667 0.48576898148148145 0.034375 0.03635277777777778
0 0.5145848958333333 0.4007675925925926 0.013544791666666667 0.023757407407407408
0 0.5779252604166667 0.5283462962962964 0.0100171875 0.019655555555555558
0 0.33374765624999997 0.3289490740740741 0.008120312499999999 0.01900925925925926
0 0.51345078125 0.7350092592592592 0.0206515625 0.027425925925925927
0 0.15793229166666667 0.2766768518518518 0.014822916666666667 0.02927962962962963
0 0.2682177083333333 0.5123337962962964 0.009352083333333334 0.030223148148148145
0 0.2637325520833333 0.8022611111111111 0.007673437500000001 0.017485185185185187
0 0.5351945312499999 0.3320824074074074 0.008930729166666667 0.019720370370370367
0 0.6006028645833333 0.09762916666666666 0.007455729166666666 0.01933240740740741
0 0.43163828125 0.5144824074074074 0.0757765625 0.11044629629629629
1 0.5234197916666666 0.4136324074074074 0.9530895833333334 0.8272648148148148
0 0.44137890625 0.5831490740740741 0.015049479166666666 0.03111296296296296
0 0.4769216145833333 0.48371296296296296 0.0340515625 0.03779629629629629
0 0.4870640625 0.39974027777777776 0.013711458333333334 0.02355462962962963
0 0.42117552083333337 0.523751388888889 0.010059375 0.019725
0 0.6692341145833333 0.33900833333333336 0.008259895833333333 0.018757407407407407
0 0.4823971354166667 0.7344328703703704 0.021044270833333333 0.02627314814814815
0 0.8460125000000001 0.2980902777777778 0.014941666666666666 0.029513888888888888
0 0.73122421875 0.5270375 0.0093234375 0.030000925925925927
0 0.7299669270833333 0.8161069444444444 0.007850520833333334 0.017399074074074074
0 0.46814817708333334 0.3302814814814815 0.009213020833333333 0.019822222222222224
0 0.40688697916666666 0.09110185185185185 0.007523958333333333 0.019240740740740742
0 0.5679611979166667 0.5190759259259259 0.07654739583333334 0.10852222222222221
1 0.52109375 0.5972222222222222 0.9567708333333333 0.8037037037037037
0 0.446875 0.40555555555555556 0.015625 0.03148148148148148
0 0.47682291666666665 0.5111111111111111 0.034895833333333334 0.03333333333333333
0 0.48125 0.5972222222222222 0.013541666666666667 0.024074074074074074
0 0.4231770833333333 0.4615740740740741 0.009895833333333333 0.019444444444444445
0 0.6591145833333333 0.6912037037037037 0.0078125 0.019444444444444445
0 0.49583333333333335 0.2638888888888889 0.019791666666666666 0.02962962962962963
0 0.832265625 0.7652777777777777 0.014531249999999999 0.028703703703703703
0 0.73203125 0.5162037037037037 0.009895833333333333 0.030555555555555555
0 0.7473958333333334 0.22824074074074074 0.007291666666666667 0.017592592592592594
0 0.45859375 0.663425925925926 0.008854166666666666 0.019444444444444445
0 0.38385416666666666 0.8893518518518518 0.007291666666666667 0.019444444444444445
0 0.5682291666666667 0.4949074074074074 0.07395833333333333 0.11388888888888889
