1 0.95654296875 0.3064236111111111 0.041015625 0.027777777777777776
1 0.4998046875 0.5939236111111111 0.999609375 0.8111111111111111
0 0.38671875 0.7309027777777778 0.029296875 0.03819444444444445
0 0.446875 0.9279513888888888 0.016796875 0.041666666666666664
0 0.64794921875 0.6536458333333334 0.00390625 0.006944444444444444
0 0.68564453125 0.8885416666666667 0.008984375 0.02361111111111111
0 0.7455078125 0.7984374999999999 0.0046875 0.015277777777777779
0 0.997265625 0.9984375000000001 0.004296875 0.0020833333333333333
0 0.9962890625 0.9519097222222221 0.00625 0.02361111111111111
0 0.7060546875 0.9286458333333333 0.00390625 0.004861111111111111
0 0.81611328125 0.9909722222222221 0.00625 0.016666666666666666
0 0.0849609375 0.7871527777777777 0.009765625 0.025694444444444447
0 0.03662109375 0.6692708333333334 0.00390625 0.017361111111111112
0 0.93916015625 0.40850694444444446 0.00625 0.00625
1 0.968872314453125 0.5526445312499999 0.03930712890625 0.03410850694444444
1 0.5 0.4520737847222222 1.0 0.9041475694444444
0 0.365513671875 0.30809852430555557 0.02790234375 0.034599826388888894
0 0.405373046875 0.0950373263888889 0.01387109375 0.04597743055555556
0 0.6307841796875 0.3038268229166667 0.003755859375 0.006959201388888888
0 0.64502197265625 0.06149088541666667 0.0107470703125 0.02228732638888889
0 0.71247265625 0.13028038194444444 0.0050234375 0.015769097222222223
0 0.661272705078125 0.014039930555555555 0.00418603515625 0.005510416666666667
0 0.063655029296875 0.34580034722222225 0.00816943359375 0.02667013888888889
0 0.02739306640625 0.4764908854166667 0.0040048828125 0.017217881944444444
0 0.94155419921875 0.45396006944444445 0.0061552734375 0.0068784722222222225
1 0.032568603515625 0.5806961805555555 0.03974658203125 0.03292013888888889
1 0.5 0.43886458333333334 1.0 0.8777291666666667
0 0.630336181640625 0.29982118055555557 0.02825048828125 0.03540625
0 0.58658935546875 0.08945225694444445 0.0139990234375 0.045223958333333335
0 0.365618896484375 0.3116462673611111 0.00369873046875 0.006973090277777778
0 0.34651806640625 0.07033203125000001 0.0104189453125 0.022608506944444447
0 0.280316162109375 0.1432712673611111 0.00496826171875 0.01570920138888889
0 0.329218505859375 0.024398437499999998 0.00414013671875 0.005394097222222223
0 0.9333759765625 0.3187552083333334 0.008353515625 0.026399305555555554
0 0.972203369140625 0.4470125868055555 0.00397705078125 0.0172890625
0 0.058270263671875 0.4816831597222222 0.00618896484375 0.006769097222222222
1 0.95654296875 0.3064236111111111 0.041015625 0.027777777777777776
1 0.4998046875 0.5939236111111111 0.999609375 0.8111111111111111
0 0.38671875 0.7309027777777778 0.029296875 0.03819444444444445
0 0.446875 0.9279513888888888 0.016796875 0.041666666666666664
0 0.64794921875 0.6536458333333334 0.00390625 0.006944444444444444
0 0.68564453125 0.8885416666666667 0.008984375 0.02361111111111111
0 0.7455078125 0.7984374999999999 0.0046875 0.015277777777777779
0 0.997265625 0.9984375000000001 0.004296875 0.0020833333333333333
0 0.9962890625 0.9519097222222221 0.00625 0.02361111111111111
0 0.7060546875 0.9286458333333333 0.00390625 0.004861111111111111
0 0.81611328125 0.9909722222222221 0.00625 0.016666666666666666
0 0.0849609375 0.7871527777777777 0.009765625 0.025694444444444447
0 0.03662109375 0.6692708333333334 0.00390625 0.017361111111111112
0 0.93916015625 0.40850694444444446 0.00625 0.00625
1 0.968872314453125 0.5526445312499999 0.03930712890625 0.03410850694444444
1 0.5 0.4520737847222222 1.0 0.9041475694444444
0 0.365513671875 0.30809852430555557 0.02790234375 0.034599826388888894
0 0.405373046875 0.0950373263888889 0.01387109375 0.04597743055555556
0 0.6307841796875 0.3038268229166667 0.003755859375 0.006959201388888888
0 0.64502197265625 0.06149088541666667 0.0107470703125 0.02228732638888889
0 0.71247265625 0.13028038194444444 0.0050234375 0.015769097222222223
0 0.661272705078125 0.014039930555555555 0.00418603515625 0.005510416666666667
0 0.063655029296875 0.34580034722222225 0.00816943359375 0.02667013888888889
0 0.02739306640625 0.4764908854166667 0.0040048828125 0.017217881944444444
0 0.94155419921875 0.45396006944444445 0.0061552734375 0.0068784722222222225
1 0.032568603515625 0.5806961805555555 0.03974658203125 0.03292013888888889
1 0.5 0.43886458333333334 1.0 0.8777291666666667
0 0.630336181640625 0.29982118055555557 0.02825048828125 0.03540625
0 0.58658935546875 0.08945225694444445 0.0139990234375 0.045223958333333335
0 0.365618896484375 0.3116462673611111 0.00369873046875 0.006973090277777778
0 0.34651806640625 0.07033203125000001 0.0104189453125 0.022608506944444447
0 0.280316162109375 0.1432712673611111 0.00496826171875 0.01570920138888889
0 0.329218505859375 0.024398437499999998 0.00414013671875 0.005394097222222223
0 0.9333759765625 0.3187552083333334 0.008353515625 0.026399305555555554
0 0.972203369140625 0.4470125868055555 0.00397705078125 0.0172890625
0 0.058270263671875 0.4816831597222222 0.00618896484375 0.006769097222222222
