1 0.5113359375 0.4817888888888889 0.9768385416666666 0.9635777777777778
0 0.7646 0.6379402777777778 0.015658333333333333 0.033287962962962964
0 0.7844916666666666 0.6335662037037036 0.027316666666666666 0.052317592592592596
0 0.7125919270833333 0.58265 0.022058854166666666 0.04122592592592593
0 0.36902942708333336 0.8192662037037037 0.0088921875 0.04779166666666667
0 0.5506583333333332 0.7824583333333333 0.03360833333333334 0.07602777777777778
0 0.5909005208333333 0.6306310185185185 0.016176041666666665 0.03163240740740741
0 0.6837390625 0.8578342592592593 0.007061458333333334 0.01752037037037037
0 0.36802864583333333 0.552811111111111 0.012098958333333333 0.02228888888888889
0 0.19012682291666666 0.44944398148148146 0.008378645833333333 0.02666574074074074
0 0.2394265625 0.5460185185185186 0.008019791666666666 0.01611111111111111
0 0.21863671875000001 0.8326393518518519 0.0060234375 0.015278703703703704
0 0.34037291666666664 0.9320319444444445 0.007829166666666667 0.01406388888888889
0 0.7349783854166667 0.29703287037037035 0.018915104166666665 0.025547222222222225
0 0.3756109375 0.6935518518518518 0.029346874999999998 0.016733333333333333
0 0.2721526041666667 0.20449768518518519 0.013055208333333334 0.01825462962962963
0 0.19086171875 0.5049625 0.012973437499999999 0.015480555555555556
0 0.3509546875 0.4323949074074074 0.009201041666666666 0.0536787037037037
0 0.7344502604166667 0.16100416666666667 0.009525520833333334 0.014600925925925925
0 0.9227932291666666 0.6733708333333334 0.020586458333333335 0.0263712962962963
0 0.9545424479166668 0.527124074074074 0.009084895833333334 0.030174074074074075
0 0.8681263020833333 0.3889412037037037 0.009169270833333333 0.02973425925925926
0 0.9810408854166667 0.5903652777777778 0.0047901041666666665 0.01406388888888889
0 0.9249127604166667 0.08300092592592594 0.006075520833333333 0.021557407407407407
1 0.4923783854166667 0.4801657407407407 0.9847567708333334 0.9603314814814814
0 0.2453971354166667 0.6860884259259259 0.015794270833333332 0.033287962962962964
0 0.22551770833333334 0.6858060185185185 0.026035416666666665 0.05309351851851852
0 0.29316328125 0.6213101851851852 0.019659895833333333 0.044472222222222225
0 0.6491890625 0.7928259259259259 0.006711458333333333 0.04861481481481481
0 0.46596484375 0.7905819444444444 0.029846354166666665 0.08116388888888888
0 0.4174114583333333 0.6471037037037036 0.01503125 0.031244444444444443
0 0.3381265625 0.8902898148148148 0.006461458333333334 0.017616666666666666
0 0.6345591145833333 0.5286398148148148 0.0118265625 0.022094444444444444
0 0.8046526041666666 0.39218703703703706 0.009305208333333334 0.025114814814814812
0 0.7621252604166667 0.49655138888888883 0.007583854166666667 0.01717685185185185
0 0.7990630208333334 0.7793773148148148 0.006459375 0.014310185185185184
0 0.6840955729166667 0.899624537037037 0.0077744791666666665 0.01406388888888889
0 0.2545791666666667 0.3413805555555555 0.018533333333333336 0.025353703703703705
0 0.6352859375000001 0.6684652777777778 0.029946874999999998 0.012856481481481481
0 0.7090802083333333 0.16399398148148148 0.011910416666666666 0.020580555555555557
0 0.80755859375 0.4468662037037037 0.0119921875 0.017806481481481482
0 0.6438234375 0.4054944444444445 0.010563541666666667 0.05358148148148149
0 0.2469231770833333 0.20656805555555557 0.009471354166666666 0.014987962962962963
0 0.089678125 0.7506689814814814 0.021022916666666665 0.023560185185185184
0 0.049200781250000006 0.6108935185185185 0.0077765625 0.031046296296296298
0 0.12717421874999998 0.45748379629629626 0.008515104166666667 0.029782407407407407
0 0.026765104166666668 0.6790601851851852 0.004571875 0.013675925925925925
0 0.052915104166666664 0.16419166666666665 0.005830208333333334 0.020975925925925926
1 0.5096354166666667 0.5208333333333334 0.9796875 0.9564814814814815
0 0.7598958333333333 0.33796296296296297 0.015625 0.03333333333333333
0 0.7799479166666666 0.3402777777777778 0.0265625 0.05277777777777778
0 0.7098958333333333 0.39814814814814814 0.020833333333333332 0.04259259259259259
0 0.35963541666666665 0.1935185185185185 0.0078125 0.04814814814814815
0 0.5424479166666667 0.21342592592592594 0.03177083333333333 0.0787037037037037
0 0.5869791666666667 0.3611111111111111 0.015625 0.03148148148148148
0 0.6731770833333334 0.12546296296296297 0.0067708333333333336 0.017592592592592594
0 0.36640625 0.45925925925925926 0.011979166666666667 0.022222222222222223
0 0.19244791666666666 0.5796296296296296 0.008854166666666666 0.025925925925925925
0 0.23828125 0.4787037037037037 0.0078125 0.016666666666666666
0 0.209375 0.1935185185185185 0.00625 0.014814814814814815
0 0.32786458333333335 0.0837962962962963 0.0078125 0.013888888888888888
0 0.740625 0.6810185185185185 0.01875 0.025
0 0.37005208333333334 0.31851851851851853 0.0296875 0.014814814814814815
0 0.28125 0.8162037037037037 0.0125 0.019444444444444445
0 0.19114583333333332 0.524074074074074 0.0125 0.016666666666666666
0 0.3533854166666667 0.5814814814814815 0.009895833333333333 0.053703703703703705
0 0.7442708333333333 0.8166666666666667 0.009375 0.014814814814814815
0 0.9171875 0.2875 0.020833333333333332 0.025
0 0.953125 0.4310185185185185 0.008333333333333333 0.030555555555555555
0 0.87109375 0.5768518518518518 0.008854166666666666 0.02962962962962963
0 0.9778645833333334 0.36527777777777776 0.0046875 0.013888888888888888
0 0.93671875 0.8773148148148148 0.005729166666666666 0.021296296296296296
1 0.5113359375 0.4817888888888889 0.9768385416666666 0.9635777777777778
0 0.7646 0.6379402777777778 0.015658333333333333 0.033287962962962964
0 0.7844916666666666 0.6335662037037036 0.027316666666666666 0.052317592592592596
0 0.7125919270833333 0.58265 0.022058854166666666 0.04122592592592593
0 0.36902942708333336 0.8192662037037037 0.0088921875 0.04779166666666667
0 0.5506583333333332 0.7824583333333333 0.03360833333333334 0.07602777777777778
0 0.5909005208333333 0.6306310185185185 0.016176041666666665 0.03163240740740741
0 0.6837390625 0.8578342592592593 0.007061458333333334 0.01752037037037037
0 0.36802864583333333 0.552811111111111 0.012098958333333333 0.02228888888888889
0 0.19012682291666666 0.44944398148148146 0.008378645833333333 0.02666574074074074
0 0.2394265625 0.5460185185185186 0.008019791666666666 0.01611111111111111
0 0.21863671875000001 0.8326393518518519 0.0060234375 0.015278703703703704
0 0.34037291666666664 0.9320319444444445 0.007829166666666667 0.01406388888888889
0 0.7349783854166667 0.29703287037037035 0.018915104166666665 0.025547222222222225
0 0.3756109375 0.6935518518518518 0.029346874999999998 0.016733333333333333
0 0.2721526041666667 0.20449768518518519 0.013055208333333334 0.01825462962962963
0 0.19086171875 0.5049625 0.012973437499999999 0.015480555555555556
0 0.3509546875 0.4323949074074074 0.009201041666666666 0.0536787037037037
0 0.7344502604166667 0.16100416666666667 0.009525520833333334 0.014600925925925925
0 0.9227932291666666 0.6733708333333334 0.020586458333333335 0.0263712962962963
0 0.9545424479166668 0.527124074074074 0.009084895833333334 0.030174074074074075
0 0.8681263020833333 0.3889412037037037 0.009169270833333333 0.02973425925925926
0 0.9810408854166667 0.5903652777777778 0.0047901041666666665 0.01406388888888889
0 0.9249127604166667 0.08300092592592594 0.006075520833333333 0.021557407407407407
1 0.4923783854166667 0.4801657407407407 0.9847567708333334 0.9603314814814814
0 0.2453971354166667 0.6860884259259259 0.015794270833333332 0.033287962962962964
0 0.22551770833333334 0.6858060185185185 0.026035416666666665 0.05309351851851852
0 0.29316328125 0.6213101851851852 0.019659895833333333 0.044472222222222225
0 0.6491890625 0.7928259259259259 0.006711458333333333 0.04861481481481481
0 0.46596484375 0.7905819444444444 0.029846354166666665 0.08116388888888888
0 0.4174114583333333 0.6471037037037036 0.01503125 0.031244444444444443
0 0.3381265625 0.8902898148148148 0.006461458333333334 0.017616666666666666
0 0.6345591145833333 0.5286398148148148 0.0118265625 0.022094444444444444
0 0.8046526041666666 0.39218703703703706 0.009305208333333334 0.025114814814814812
0 0.7621252604166667 0.49655138888888883 0.007583854166666667 0.01717685185185185
0 0.7990630208333334 0.7793773148148148 0.006459375 0.014310185185185184
0 0.6840955729166667 0.899624537037037 0.0077744791666666665 0.01406388888888889
0 0.2545791666666667 0.3413805555555555 0.018533333333333336 0.025353703703703705
0 0.6352859375000001 0.6684652777777778 0.029946874999999998 0.012856481481481481
0 0.7090802083333333 0.16399398148148148 0.011910416666666666 0.020580555555555557
0 0.80755859375 0.4468662037037037 0.0119921875 0.017806481481481482
0 0.6438234375 0.4054944444444445 0.010563541666666667 0.05358148148148149
0 0.2469231770833333 0.20656805555555557 0.009471354166666666 0.014987962962962963
0 0.089678125 0.7506689814814814 0.021022916666666665 0.023560185185185184
0 0.049200781250000006 0.6108935185185185 0.0077765625 0.031046296296296298
0 0.12717421874999998 0.45748379629629626 0.008515104166666667 0.029782407407407407
0 0.026765104166666668 0.6790601851851852 0.004571875 0.013675925925925925
0 0.052915104166666664 0.16419166666666665 0.005830208333333334 0.020975925925925926
1 0.5096354166666667 0.5208333333333334 0.9796875 0.9564814814814815
0 0.7598958333333333 0.33796296296296297 0.015625 0.03333333333333333
0 0.7799479166666666 0.3402777777777778 0.0265625 0.05277777777777778
0 0.7098958333333333 0.39814814814814814 0.020833333333333332 0.04259259259259259
0 0.35963541666666665 0.1935185185185185 0.0078125 0.04814814814814815
0 0.5424479166666667 0.21342592592592594 0.03177083333333333 0.0787037037037037
0 0.5869791666666667 0.3611111111111111 0.015625 0.03148148148148148
0 0.6731770833333334 0.12546296296296297 0.0067708333333333336 0.017592592592592594
0 0.36640625 0.45925925925925926 0.011979166666666667 0.022222222222222223
0 0.19244791666666666 0.5796296296296296 0.008854166666666666 0.025925925925925925
0 0.23828125 0.4787037037037037 0.0078125 0.016666666666666666
0 0.209375 0.1935185185185185 0.00625 0.014814814814814815
0 0.32786458333333335 0.0837962962962963 0.0078125 0.013888888888888888
0 0.740625 0.6810185185185185 0.01875 0.025
0 0.37005208333333334 0.31851851851851853 0.0296875 0.014814814814814815
0 0.28125 0.8162037037037037 0.0125 0.019444444444444445
0 0.19114583333333332 0.524074074074074 0.0125 0.016666666666666666
0 0.3533854166666667 0.5814814814814815 0.009895833333333333 0.053703703703703705
0 0.7442708333333333 0.8166666666666667 0.009375 0.014814814814814815
0 0.9171875 0.2875 0.020833333333333332 0.025
0 0.953125 0.4310185185185185 0.008333333333333333 0.030555555555555555
0 0.87109375 0.5768518518518518 0.008854166666666666 0.02962962962962963
0 0.9778645833333334 0.36527777777777776 0.0046875 0.013888888888888888
0 0.93671875 0.8773148148148148 0.005729166666666666 0.021296296296296296
